chr	start	end	num_snp	k	local_rho	var
1	10583	1892606	94	20	0.0000615031	0.0000000032
1	1892607	3582735	404	40	-0.0000902537	0.0000000152
1	3582736	4380810	250	40	0.0000446249	0.0000000088
1	4380811	5913892	828	40	0.0000527697	0.0000000232
1	5913893	7247334	380	40	-0.0000289940	0.0000000159
1	7247335	9365198	655	40	-0.0000567034	0.0000000246
1	9365199	10806983	319	40	0.0000117379	0.0000000103
1	10806984	11777840	234	40	-0.0000086320	0.0000000098
1	11777841	12779465	220	40	-0.0000099847	0.0000000097
1	12779466	14891510	582	40	-0.0000237261	0.0000000213
1	14891511	16897729	621	40	0.0000971140	0.0000000210
1	16897730	18662898	611	40	-0.0000219579	0.0000000225
1	18662899	20469148	661	40	-0.0000854635	0.0000000226
1	20469149	21736587	411	40	0.0001006000	0.0000000139
1	21736588	23086882	469	40	0.0001667170	0.0000000208
1	23086883	23920589	198	26	0.0000335973	0.0000000075
1	23920590	25516844	484	40	-0.0000855738	0.0000000167
1	25516845	27401866	364	40	0.0000293042	0.0000000124
1	27401867	30161880	511	40	-0.0001718513	0.0000000177
1	30161881	32438684	872	40	-0.0001049898	0.0000000229
1	32438685	34799757	628	40	-0.0000661944	0.0000000202
1	34799758	37549182	524	40	0.0000087573	0.0000000185
1	37549183	38731846	339	40	-0.0000851682	0.0000000127
1	38731847	40200566	416	40	0.0000292257	0.0000000148
1	40200567	41975326	514	40	0.0000128468	0.0000000163
1	41975327	43758456	501	40	-0.0000080713	0.0000000148
1	43758457	44969182	336	34	0.0000629132	0.0000000106
1	44969183	46899500	419	37	0.0000148473	0.0000000106
1	46899501	48002575	271	32	-0.0000753218	0.0000000075
1	48002576	48978187	321	40	0.0000142202	0.0000000128
1	48978188	49894176	235	28	0.0000198495	0.0000000094
1	49894177	51713725	244	24	0.0001578771	0.0000000069
1	51713726	54226261	517	40	0.0000814084	0.0000000179
1	54226262	56413116	770	40	0.0000350984	0.0000000215
1	56413117	57021727	240	29	-0.0000282786	0.0000000079
1	57021728	58865398	806	40	0.0000477055	0.0000000223
1	58865399	59890408	356	40	0.0000152740	0.0000000114
1	59890409	61922364	633	40	0.0000805240	0.0000000236
1	61922365	63455088	462	40	-0.0001252257	0.0000000158
1	63455089	65041703	613	40	0.0000997001	0.0000000177
1	65041704	66939403	613	40	-0.0001104851	0.0000000195
1	66939404	68477894	641	40	-0.0001003354	0.0000000191
1	68477895	69687615	366	40	-0.0000285744	0.0000000143
1	69687616	71372469	488	40	-0.0000060264	0.0000000158
1	71372470	71684404	79	10	-0.0000297576	0.0000000019
1	71684405	74326906	511	40	0.0000434091	0.0000000133
1	74326907	76728134	682	40	0.0000065236	0.0000000192
1	76728135	79661197	894	40	-0.0001017702	0.0000000219
1	79661198	81354190	448	40	0.0000630620	0.0000000154
1	81354191	83991747	925	40	-0.0000941104	0.0000000227
1	83991748	84844494	298	35	0.0000455839	0.0000000100
1	84844495	86454750	609	40	0.0000275908	0.0000000193
1	86454751	88128630	532	40	-0.0000431355	0.0000000165
1	88128631	90066302	496	40	-0.0001399810	0.0000000155
1	90066303	91886316	535	40	-0.0001283676	0.0000000178
1	91886317	93536458	462	40	0.0000628813	0.0000000140
1	93536459	94506190	236	26	-0.0000625095	0.0000000068
1	94506191	96150892	613	40	0.0000045115	0.0000000194
1	96150893	97885248	570	40	-0.0000062422	0.0000000166
1	97885249	99800603	610	40	0.0000141228	0.0000000196
1	99800604	100826404	314	36	0.0000320433	0.0000000100
1	100826405	102041015	416	40	0.0001387014	0.0000000153
1	102041016	102898744	267	36	0.0000160938	0.0000000086
1	102898745	103914210	186	21	0.0000059180	0.0000000054
1	103914211	106087841	440	40	0.0000455175	0.0000000129
1	106087842	108409664	701	40	-0.0000065001	0.0000000221
1	108409665	110303930	462	40	0.0000371329	0.0000000156
1	110303931	111741736	529	40	0.0000153251	0.0000000204
1	111741737	113273305	657	40	0.0001099246	0.0000000215
1	113273306	114873844	485	40	0.0000813838	0.0000000157
1	114873845	115880592	320	36	-0.0000025474	0.0000000104
1	115880593	118839066	782	40	0.0000990833	0.0000000216
1	118839067	144977493	486	40	0.0001381693	0.0000000196
1	144977494	148361252	402	40	-0.0000445431	0.0000000141
1	148361253	151538880	296	30	0.0001091213	0.0000000089
1	151538881	153180828	429	40	-0.0000541897	0.0000000132
1	153180829	154770402	409	40	0.0000764211	0.0000000148
1	154770403	156336132	271	37	-0.0001453570	0.0000000120
1	156336133	158027411	560	40	-0.0001684710	0.0000000197
1	158027412	159913047	627	40	-0.0000040508	0.0000000214
1	159913048	162346720	725	40	-0.0000280733	0.0000000219
1	162346721	165191701	1138	40	-0.0000802300	0.0000000227
1	165191702	166460516	507	40	-0.0000425139	0.0000000183
1	166460517	169086323	1040	40	0.0000193026	0.0000000225
1	169086324	170557775	472	40	0.0000838386	0.0000000137
1	170557776	173097906	794	40	0.0000690386	0.0000000216
1	173097907	175089767	385	31	-0.0001031230	0.0000000082
1	175089768	177433380	729	40	-0.0000927449	0.0000000223
1	177433381	178944308	430	40	-0.0000389599	0.0000000150
1	178944309	178954469	2	1	-0.0000062329	0.0000000001
1	178954470	181144120	675	40	0.0000539659	0.0000000206
1	181144121	182755355	570	40	0.0000026230	0.0000000184
1	182755356	184595512	589	40	0.0001015936	0.0000000187
1	184595513	186810022	486	40	-0.0001398085	0.0000000152
1	186810023	188759944	593	40	-0.0000579618	0.0000000192
1	188759945	189904129	210	17	-0.0000224369	0.0000000054
1	189904130	191868929	523	40	0.0000159254	0.0000000138
1	191868930	194107441	546	40	0.0000041866	0.0000000169
1	194107442	196176200	554	40	0.0000307215	0.0000000169
1	196176201	197311513	167	15	-0.0000620695	0.0000000066
1	197311514	199239883	483	40	0.0000633918	0.0000000165
1	199239884	200137648	291	35	0.0000566926	0.0000000098
1	200137649	201589974	634	40	0.0001822207	0.0000000219
1	201589975	203334733	558	40	0.0000635466	0.0000000205
1	203334734	204681067	436	40	0.0000443925	0.0000000169
1	204681068	206073264	513	40	0.0000024720	0.0000000165
1	206073265	208410363	566	40	-0.0000683107	0.0000000206
1	208410364	210787749	869	40	-0.0000109597	0.0000000234
1	210787750	212842329	652	40	-0.0000158285	0.0000000223
1	212842330	214578265	568	40	0.0001613163	0.0000000205
1	214578266	216243633	562	40	0.0001036237	0.0000000189
1	216243634	218705512	1043	40	0.0000043021	0.0000000215
1	218705513	219590570	265	32	0.0000208980	0.0000000078
1	219590571	221858230	630	40	-0.0000608624	0.0000000206
1	221858231	222230219	165	21	-0.0000066746	0.0000000065
1	222230220	224938519	424	40	-0.0000344498	0.0000000149
1	224938520	226810859	472	40	0.0000011525	0.0000000173
1	226810860	229156247	636	40	-0.0001231062	0.0000000209
1	229156248	230685254	471	40	0.0000303193	0.0000000172
1	230685255	232090251	544	40	0.0000847663	0.0000000195
1	232090252	233429283	575	40	-0.0000749435	0.0000000200
1	233429284	234599433	505	40	0.0000488821	0.0000000176
1	234599434	235819435	357	40	0.0000307393	0.0000000141
1	235819436	237555627	697	40	0.0000645509	0.0000000227
1	237555628	238567806	405	40	0.0000150585	0.0000000168
1	238567807	239925313	472	40	-0.0000046223	0.0000000182
1	239925314	240564090	320	40	-0.0001041253	0.0000000120
1	240564091	241582219	494	40	-0.0000246148	0.0000000187
1	241582220	242071601	207	39	-0.0001027765	0.0000000093
1	242071602	244109498	601	40	-0.0000273885	0.0000000215
1	244109499	245506745	492	40	-0.0000665836	0.0000000183
1	245506746	247344517	673	40	0.0000380492	0.0000000214
1	247344518	249239465	352	40	-0.0000219352	0.0000000133
2	10133	1781021	600	40	-0.0001056642	0.0000000208
2	1781022	3973778	938	40	-0.0000518953	0.0000000225
2	3973779	5708336	623	40	-0.0001466244	0.0000000228
2	5708337	6836253	558	40	-0.0000288166	0.0000000193
2	6836254	8422146	645	40	0.0000358072	0.0000000223
2	8422147	10298468	649	40	0.0000778718	0.0000000225
2	10298469	12419149	940	40	0.0000269280	0.0000000214
2	12419150	14335307	578	40	0.0000280988	0.0000000183
2	14335308	16329734	733	40	0.0000929850	0.0000000220
2	16329735	18647422	832	40	0.0000661302	0.0000000209
2	18647423	19692403	378	40	0.0000303877	0.0000000129
2	19692404	21050489	613	40	0.0000061165	0.0000000218
2	21050490	23341382	569	40	-0.0000245346	0.0000000212
2	23341383	24686917	415	40	-0.0000617820	0.0000000144
2	24686918	26894984	514	40	-0.0000107462	0.0000000188
2	26894985	28598776	311	29	-0.0000219069	0.0000000115
2	28598777	29217558	232	31	0.0001049227	0.0000000084
2	29217559	30463710	614	40	-0.0000143428	0.0000000223
2	30463711	31550449	495	40	0.0000063520	0.0000000204
2	31550450	33363776	476	40	0.0001110546	0.0000000195
2	33363777	35345027	784	40	0.0000677796	0.0000000206
2	35345028	36122005	283	30	-0.0000056257	0.0000000099
2	36122006	38132711	898	40	0.0000696429	0.0000000219
2	38132712	39031336	315	38	-0.0000184225	0.0000000159
2	39031337	40281482	290	31	0.0000620881	0.0000000118
2	40281483	43309589	1234	40	0.0000930803	0.0000000221
2	43309590	44313802	312	40	-0.0000216466	0.0000000127
2	44313803	46482633	1019	40	0.0000933708	0.0000000220
2	46482634	47318771	391	40	0.0000013070	0.0000000158
2	47318772	48213000	284	40	-0.0000394671	0.0000000120
2	48213001	50022256	692	40	-0.0001325160	0.0000000233
2	50022257	50818927	330	34	0.0000099613	0.0000000133
2	50818928	52491132	632	40	0.0000228115	0.0000000226
2	52491133	53508451	454	40	0.0000510965	0.0000000170
2	53508452	54685225	411	40	0.0000096753	0.0000000160
2	54685226	56203344	583	40	0.0000059265	0.0000000215
2	56203345	57429099	420	40	0.0000451117	0.0000000160
2	57429100	58297314	268	28	0.0000216570	0.0000000107
2	58297315	60291999	721	40	0.0000708605	0.0000000242
2	60292000	62429043	560	40	0.0000050133	0.0000000229
2	62429044	64625912	555	40	-0.0000582604	0.0000000199
2	64625913	65933443	444	40	0.0000231052	0.0000000165
2	65933444	67226165	541	40	-0.0000798340	0.0000000173
2	67226166	68010175	411	40	-0.0000405540	0.0000000145
2	68010176	69139563	454	40	0.0000999197	0.0000000148
2	69139564	70755197	500	40	-0.0000809926	0.0000000170
2	70755198	73174847	760	40	0.0000214125	0.0000000208
2	73174848	75630085	681	40	0.0000170008	0.0000000217
2	75630086	76913660	502	40	0.0000100978	0.0000000177
2	76913661	78079263	385	40	0.0000144793	0.0000000140
2	78079264	80050402	811	40	-0.0000222934	0.0000000208
2	80050403	81620840	570	40	-0.0000208348	0.0000000215
2	81620841	85140679	861	40	-0.0000741677	0.0000000196
2	85140680	88038506	585	40	0.0000835038	0.0000000181
2	88038507	89154525	230	29	-0.0000606867	0.0000000097
2	89154526	95326451	0	0	0.0000000000	0.0000000000
2	95326452	98995200	413	40	-0.0000885789	0.0000000151
2	98995201	101822328	872	40	0.0000375351	0.0000000229
2	101822329	102688764	248	30	-0.0000410978	0.0000000076
2	102688765	103588214	384	34	0.0000209023	0.0000000102
2	103588215	105125033	297	40	0.0000432038	0.0000000092
2	105125034	106210057	405	40	0.0000029088	0.0000000138
2	106210058	107408266	433	40	-0.0000251896	0.0000000132
2	107408267	108429176	346	40	0.0000567944	0.0000000117
2	108429177	110572431	504	40	-0.0000284639	0.0000000175
2	110572432	113921855	763	40	0.0001156098	0.0000000217
2	113921856	116772469	747	40	-0.0000541432	0.0000000222
2	116772470	118367465	390	37	-0.0000203286	0.0000000122
2	118367466	121303782	945	40	0.0000983363	0.0000000218
2	121303783	123302905	560	40	-0.0000302040	0.0000000194
2	123302906	124732249	421	40	0.0000254789	0.0000000120
2	124732250	125840920	374	40	-0.0001178913	0.0000000121
2	125840921	127373763	404	37	-0.0000857886	0.0000000110
2	127373764	128034346	250	39	-0.0000240028	0.0000000098
2	128034347	129474440	411	40	-0.0001103592	0.0000000139
2	129474441	130067169	216	26	0.0000589441	0.0000000074
2	130067170	130658084	198	26	-0.0000435567	0.0000000065
2	130658085	133042783	207	34	-0.0000306725	0.0000000080
2	133042784	135158577	896	40	-0.0000323183	0.0000000224
2	135158578	137042793	417	39	0.0000761921	0.0000000133
2	137042794	138698116	578	40	0.0000251985	0.0000000187
2	138698117	140100270	427	40	0.0000529000	0.0000000121
2	140100271	141805350	555	40	-0.0000977638	0.0000000186
2	141805351	142518601	295	33	0.0000737970	0.0000000123
2	142518602	144519483	637	40	0.0001646518	0.0000000231
2	144519484	146445569	426	40	0.0000639385	0.0000000155
2	146445570	147277161	146	15	-0.0000456849	0.0000000048
2	147277162	150210291	650	40	0.0000716051	0.0000000195
2	150210292	151731461	461	40	-0.0000415977	0.0000000143
2	151731462	152486781	276	29	0.0000056722	0.0000000091
2	152486782	154005055	461	40	-0.0000595881	0.0000000158
2	154005056	155391134	478	40	-0.0000366117	0.0000000178
2	155391135	157560634	546	40	0.0000243061	0.0000000186
2	157560635	158533217	161	25	0.0000135906	0.0000000078
2	158533218	159577081	317	38	0.0000628820	0.0000000124
2	159577082	161769732	680	40	-0.0000463816	0.0000000203
2	161769733	163503550	379	36	-0.0000758847	0.0000000113
2	163503551	164466637	191	23	0.0000659205	0.0000000075
2	164466638	165178839	165	20	0.0001920852	0.0000000083
2	165178840	167160269	582	40	-0.0001764738	0.0000000206
2	167160270	167355969	69	9	0.0000291446	0.0000000025
2	167355970	169968235	775	40	-0.0000153912	0.0000000219
2	169968236	171226244	467	40	0.0000501133	0.0000000155
2	171226245	173138904	558	40	0.0000454044	0.0000000206
2	173138905	175588928	803	40	0.0000381490	0.0000000227
2	175588929	177363635	508	40	0.0001916777	0.0000000176
2	177363636	178553182	446	40	0.0000582721	0.0000000131
2	178553183	181312738	928	40	0.0000729998	0.0000000237
2	181312739	182266030	294	32	-0.0000420518	0.0000000089
2	182266031	184357607	593	40	0.0001113700	0.0000000188
2	184357608	185280172	226	25	-0.0000070885	0.0000000075
2	185280173	189882064	934	40	-0.0002257165	0.0000000236
2	189882065	191973356	470	40	0.0000265393	0.0000000160
2	191973357	195861163	701	40	0.0000544062	0.0000000218
2	195861164	196447455	150	20	-0.0000163102	0.0000000048
2	196447456	198078109	420	40	0.0000652817	0.0000000133
2	198078110	199311124	295	25	-0.0000339795	0.0000000068
2	199311125	201576283	614	40	0.0000358864	0.0000000187
2	201576284	202818636	287	36	-0.0001176736	0.0000000115
2	202818637	205799240	663	40	-0.0000520062	0.0000000216
2	205799241	206735703	396	40	-0.0000562641	0.0000000174
2	206735704	208645398	625	40	-0.0001081661	0.0000000221
2	208645399	209941528	315	39	-0.0000382499	0.0000000106
2	209941529	212379517	710	40	0.0000673896	0.0000000222
2	212379518	214014281	617	40	-0.0001071736	0.0000000240
2	214014282	215573794	430	40	0.0000765264	0.0000000174
2	215573795	217715660	776	40	-0.0000468948	0.0000000220
2	217715661	218395479	271	36	-0.0000486583	0.0000000111
2	218395480	220454550	562	40	0.0000018628	0.0000000176
2	220454551	222521175	834	40	0.0000474173	0.0000000216
2	222521176	224859418	751	40	0.0000545900	0.0000000214
2	224859419	225840003	318	35	-0.0000296211	0.0000000098
2	225840004	228119841	692	40	0.0000195600	0.0000000197
2	228119842	229370786	430	40	0.0001170931	0.0000000144
2	229370787	231843388	894	40	0.0000462654	0.0000000214
2	231843389	233550002	451	40	0.0000260058	0.0000000147
2	233550003	235150986	752	40	-0.0000829359	0.0000000218
2	235150987	236043549	406	40	0.0000900830	0.0000000161
2	236043550	237449031	456	40	-0.0000219140	0.0000000167
2	237449032	238760980	506	40	-0.0000025322	0.0000000184
2	238760981	239952642	404	40	0.0000919081	0.0000000136
2	239952643	241560083	634	40	-0.0000323108	0.0000000214
2	241560084	242149920	194	29	-0.0000360881	0.0000000095
2	242149921	243188919	125	17	-0.0000281073	0.0000000042
3	60157	1441778	609	40	-0.0000396957	0.0000000224
3	1441779	2992119	871	40	-0.0000791895	0.0000000235
3	2992120	4431646	736	40	-0.0000434091	0.0000000223
3	4431647	6083182	750	40	0.0000765200	0.0000000205
3	6083183	7083386	421	40	-0.0000134303	0.0000000167
3	7083387	8648560	845	40	-0.0000797255	0.0000000220
3	8648561	9543182	465	40	-0.0000628604	0.0000000162
3	9543183	11019664	565	40	-0.0000924983	0.0000000220
3	11019665	13070798	679	40	0.0000043268	0.0000000216
3	13070799	14816899	773	40	0.0000249422	0.0000000210
3	14816900	16282441	471	40	-0.0000261089	0.0000000174
3	16282442	17891117	482	40	0.0001236536	0.0000000173
3	17891118	19125143	339	40	0.0000074067	0.0000000157
3	19125144	20091347	192	24	0.0000242559	0.0000000081
3	20091348	21643706	619	40	0.0000043262	0.0000000213
3	21643707	22204243	376	40	-0.0000433518	0.0000000154
3	22204244	23804864	520	40	0.0001050005	0.0000000200
3	23804865	25461557	725	40	0.0000066771	0.0000000233
3	25461558	26877768	451	40	0.0000144320	0.0000000158
3	26877769	27840909	258	31	-0.0000151139	0.0000000092
3	27840910	29142259	437	40	-0.0000730598	0.0000000156
3	29142260	30717954	660	40	-0.0000672329	0.0000000221
3	30717955	32351714	634	40	-0.0001404982	0.0000000221
3	32351715	33255591	268	40	0.0001117409	0.0000000114
3	33255592	35283457	569	40	-0.0000748522	0.0000000189
3	35283458	36486841	396	40	-0.0000468779	0.0000000154
3	36486842	38356115	560	40	0.0001029269	0.0000000181
3	38356116	40221297	575	40	-0.0000480954	0.0000000166
3	40221298	41064527	147	16	0.0000697358	0.0000000051
3	41064528	42540001	432	40	-0.0000044564	0.0000000157
3	42540002	45165152	679	40	0.0000550406	0.0000000212
3	45165153	46657499	491	40	-0.0000330123	0.0000000166
3	46657500	47727211	161	16	0.0000611764	0.0000000074
3	47727212	49316971	229	13	-0.0001226494	0.0000000080
3	49316972	51832014	406	23	-0.0002204385	0.0000000145
3	51832015	54081389	512	40	-0.0001517638	0.0000000205
3	54081390	55348859	637	40	0.0000554588	0.0000000221
3	55348860	56433906	367	40	-0.0000270304	0.0000000134
3	56433907	58157518	518	40	-0.0000773119	0.0000000157
3	58157519	60272905	947	40	0.0000170154	0.0000000234
3	60272906	62355665	963	40	-0.0000595843	0.0000000214
3	62355666	63669285	648	40	0.0000544172	0.0000000226
3	63669286	65273537	721	40	0.0000777608	0.0000000215
3	65273538	66270446	337	40	0.0000981603	0.0000000142
3	66270447	68286913	621	40	-0.0000286570	0.0000000220
3	68286914	69276761	356	40	0.0000376857	0.0000000148
3	69276762	70449027	382	40	-0.0000215359	0.0000000150
3	70449028	72529328	768	40	0.0000360797	0.0000000221
3	72529329	74321816	706	40	-0.0000314694	0.0000000226
3	74321817	75704948	265	31	0.0001066380	0.0000000106
3	75704949	77508834	480	40	0.0000310841	0.0000000160
3	77508835	79024540	389	40	-0.0001468765	0.0000000145
3	79024541	81427309	481	40	0.0000594190	0.0000000126
3	81427310	82643885	289	27	0.0001065833	0.0000000083
3	82643886	84367478	305	31	0.0001001289	0.0000000117
3	84367479	85582230	248	22	-0.0000261104	0.0000000107
3	85582231	87409731	420	39	0.0000427179	0.0000000129
3	87409732	88298372	170	18	-0.0000181680	0.0000000048
3	88298373	94255315	443	40	-0.0000960561	0.0000000132
3	94255316	95311970	211	17	0.0000158451	0.0000000056
3	95311971	98215949	545	40	0.0000240199	0.0000000161
3	98215950	99373761	312	38	-0.0000199929	0.0000000085
3	99373762	100592216	326	28	0.0000672328	0.0000000088
3	100592217	103084959	633	40	0.0000381494	0.0000000180
3	103084960	104581612	405	40	-0.0000323006	0.0000000141
3	104581613	106982810	697	40	0.0000609372	0.0000000236
3	106982811	109522394	736	40	-0.0000763314	0.0000000215
3	109522395	110513769	243	24	-0.0000862784	0.0000000076
3	110513770	112815698	668	40	-0.0000458726	0.0000000196
3	112815699	113947862	351	40	0.0000076005	0.0000000115
3	113947863	115447079	400	40	-0.0000223604	0.0000000151
3	115447080	116800152	512	40	0.0001991306	0.0000000175
3	116800153	118530250	562	40	-0.0000685278	0.0000000214
3	118530251	120523054	626	40	-0.0001348128	0.0000000182
3	120523055	121974096	371	35	0.0000065285	0.0000000088
3	121974097	123517767	465	40	0.0000623632	0.0000000148
3	123517768	124936641	592	40	-0.0000208194	0.0000000193
3	124936642	126214942	367	40	0.0000201628	0.0000000123
3	126214943	128194860	643	40	-0.0000324797	0.0000000216
3	128194861	130244734	396	40	-0.0000282723	0.0000000135
3	130244735	131836515	520	40	-0.0000660229	0.0000000174
3	131836516	133252172	494	40	0.0000579742	0.0000000149
3	133252173	135456905	823	40	0.0000601172	0.0000000218
3	135456906	137371082	423	39	-0.0000432238	0.0000000123
3	137371083	139954596	805	40	-0.0001445142	0.0000000240
3	139954597	141339096	453	40	-0.0000484713	0.0000000172
3	141339097	143164627	599	40	-0.0000075798	0.0000000191
3	143164628	144410815	378	40	-0.0000096294	0.0000000123
3	144410816	145664618	348	40	0.0000151413	0.0000000099
3	145664619	146726628	323	40	-0.0000083688	0.0000000094
3	146726629	149043236	671	40	0.0000614069	0.0000000225
3	149043237	150252003	414	40	0.0000394150	0.0000000137
3	150252004	151348729	341	40	0.0000554084	0.0000000123
3	151348730	153256570	546	40	-0.0000679248	0.0000000197
3	153256571	154714217	395	40	-0.0000960225	0.0000000113
3	154714218	156008699	321	40	0.0001217289	0.0000000123
3	156008700	157312027	434	40	-0.0000071871	0.0000000127
3	157312028	159477889	622	40	0.0000199247	0.0000000185
3	159477890	161524503	551	40	0.0001439205	0.0000000152
3	161524504	163253204	465	40	-0.0000558803	0.0000000128
3	163253205	165055468	420	35	0.0001194759	0.0000000108
3	165055469	167117428	445	40	-0.0000146053	0.0000000133
3	167117429	168580959	356	40	0.0000015695	0.0000000114
3	168580960	170964908	657	40	0.0000563195	0.0000000224
3	170964909	172295730	495	40	-0.0000225406	0.0000000188
3	172295731	173477284	376	40	-0.0001034853	0.0000000157
3	173477285	175116538	589	40	0.0000440153	0.0000000216
3	175116539	176320286	335	40	-0.0000983403	0.0000000101
3	176320287	178107164	526	40	-0.0000159257	0.0000000182
3	178107165	179374585	372	40	-0.0000103097	0.0000000132
3	179374586	181511165	449	40	0.0000168200	0.0000000146
3	181511166	183769682	637	40	0.0000386110	0.0000000203
3	183769683	185068254	388	40	-0.0000183157	0.0000000152
3	185068255	186890343	596	40	0.0000221938	0.0000000212
3	186890344	188856213	777	40	0.0000815962	0.0000000216
3	188856214	190226606	604	40	0.0000262065	0.0000000205
3	190226607	192343813	725	40	-0.0001050227	0.0000000219
3	192343814	194059670	504	40	0.0000208062	0.0000000189
3	194059671	194786673	253	40	-0.0000229837	0.0000000100
3	194786674	195971407	216	34	0.0000375300	0.0000000094
3	195971408	197075986	276	40	0.0001356216	0.0000000095
3	197075987	197946621	170	28	0.0001007763	0.0000000077
4	10240	694714	94	13	-0.0000178211	0.0000000044
4	694715	1478710	199	24	0.0000778910	0.0000000072
4	1478711	2842978	240	40	0.0000339905	0.0000000106
4	2842979	3846039	239	35	0.0000220570	0.0000000098
4	3846040	4684115	219	36	-0.0000051363	0.0000000087
4	4684116	5502387	383	40	0.0000074357	0.0000000143
4	5502388	6773042	641	40	-0.0000184929	0.0000000205
4	6773043	7539691	393	40	-0.0000286634	0.0000000184
4	7539692	8152234	331	40	0.0000045161	0.0000000150
4	8152235	9326478	233	39	-0.0000585353	0.0000000089
4	9326479	10699151	490	37	-0.0000783393	0.0000000145
4	10699152	12323033	628	40	0.0000657269	0.0000000240
4	12323034	14272000	697	40	0.0000393644	0.0000000209
4	14272001	15147445	370	40	0.0000846630	0.0000000147
4	15147446	15927008	243	33	-0.0000306009	0.0000000098
4	15927009	17383321	649	40	-0.0000725985	0.0000000215
4	17383322	18841873	402	40	-0.0000744836	0.0000000143
4	18841874	20544556	458	40	-0.0000536743	0.0000000125
4	20544557	22319346	658	40	-0.0000436622	0.0000000222
4	22319347	24135528	594	40	-0.0001634266	0.0000000207
4	24135529	25609321	574	40	-0.0000696809	0.0000000206
4	25609322	27343721	544	40	-0.0000359804	0.0000000192
4	27343722	27965867	197	28	0.0000712202	0.0000000069
4	27965868	29762207	518	40	-0.0000657936	0.0000000186
4	29762208	30454534	155	24	0.0000128224	0.0000000048
4	30454535	31782980	395	40	-0.0000642707	0.0000000153
4	31782981	33172765	310	37	-0.0000142030	0.0000000107
4	33172766	35151414	358	32	0.0000229071	0.0000000091
4	35151415	36020435	264	33	-0.0000316367	0.0000000090
4	36020436	37255046	421	40	-0.0000399944	0.0000000136
4	37255047	38907021	750	40	0.0000202304	0.0000000218
4	38907022	40202608	379	40	0.0001018160	0.0000000142
4	40202609	42213057	684	40	-0.0000948121	0.0000000226
4	42213058	43965044	515	40	-0.0000510505	0.0000000166
4	43965045	45189156	319	38	0.0000298525	0.0000000091
4	45189157	47411895	440	40	-0.0001582253	0.0000000157
4	47411896	48123599	208	25	-0.0000179995	0.0000000057
4	48123600	53877432	464	39	0.0000229018	0.0000000142
4	53877433	55429555	504	40	-0.0000606139	0.0000000174
4	55429556	56547643	356	40	-0.0000931538	0.0000000127
4	56547644	58935007	820	40	-0.0000012926	0.0000000206
4	58935008	60741086	439	40	-0.0000375732	0.0000000133
4	60741087	62371762	418	40	-0.0000438173	0.0000000143
4	62371763	64341000	424	40	-0.0000664514	0.0000000157
4	64341001	66600491	495	40	-0.0000737989	0.0000000133
4	66600492	68059496	378	40	-0.0000578337	0.0000000135
4	68059497	68854764	230	29	0.0000364172	0.0000000071
4	68854765	71049151	427	40	-0.0000533944	0.0000000109
4	71049152	72140557	207	27	-0.0000534313	0.0000000070
4	72140558	74592389	466	40	0.0000348475	0.0000000129
4	74592390	77130706	703	40	-0.0000770703	0.0000000215
4	77130707	79093978	702	40	-0.0001959663	0.0000000221
4	79093979	80990296	548	40	-0.0000317366	0.0000000159
4	80990297	82125314	232	30	0.0000019918	0.0000000068
4	82125315	83372592	357	40	0.0000441289	0.0000000125
4	83372593	84799655	471	40	0.0000330326	0.0000000155
4	84799656	86930608	580	40	0.0000041707	0.0000000151
4	86930609	87534647	135	18	-0.0000111442	0.0000000052
4	87534648	89238027	501	40	-0.0000405995	0.0000000165
4	89238028	90231563	308	40	0.0000268768	0.0000000115
4	90231564	91560676	334	40	-0.0000255892	0.0000000108
4	91560677	94233298	548	40	-0.0000274519	0.0000000188
4	94233299	96182187	592	40	0.0001581903	0.0000000209
4	96182188	97540702	477	40	-0.0000365927	0.0000000161
4	97540703	99424066	397	35	0.0000158091	0.0000000094
4	99424067	100678359	391	40	-0.0000411406	0.0000000121
4	100678360	103221355	763	40	-0.0000087585	0.0000000223
4	103221356	105305293	464	40	0.0000143680	0.0000000138
4	105305294	107501304	560	40	-0.0000411894	0.0000000160
4	107501305	108815347	348	40	0.0000470842	0.0000000109
4	108815348	111256566	728	40	0.0000253808	0.0000000213
4	111256567	113870101	691	40	0.0000725164	0.0000000228
4	113870102	115666245	575	40	0.0000277478	0.0000000212
4	115666246	117276928	330	35	0.0000071987	0.0000000108
4	117276929	118479917	331	38	-0.0000407901	0.0000000101
4	118479918	119933511	408	40	-0.0000025144	0.0000000111
4	119933512	120392683	137	14	0.0000463316	0.0000000046
4	120392684	122657986	685	40	0.0000486212	0.0000000224
4	122657987	124286480	370	37	0.0000397426	0.0000000111
4	124286481	125210861	256	35	0.0000773489	0.0000000087
4	125210862	126480885	376	40	0.0000689356	0.0000000128
4	126480886	127275476	216	31	-0.0000098691	0.0000000074
4	127275477	127830292	158	21	-0.0000002033	0.0000000068
4	127830293	128996664	192	15	-0.0000219816	0.0000000062
4	128996665	130591884	435	40	0.0000377003	0.0000000139
4	130591885	131283820	182	22	-0.0000242461	0.0000000076
4	131283821	132954032	345	40	-0.0000722754	0.0000000129
4	132954033	134628433	366	39	-0.0000356871	0.0000000116
4	134628434	136566406	423	40	-0.0000775461	0.0000000138
4	136566407	138541970	503	40	-0.0000409959	0.0000000174
4	138541971	139556510	348	40	0.0000320234	0.0000000123
4	139556511	141084630	485	40	-0.0000613186	0.0000000185
4	141084631	143443264	694	40	0.0000185975	0.0000000216
4	143443265	146178186	478	40	0.0000086281	0.0000000137
4	146178187	148521872	583	40	-0.0000251577	0.0000000190
4	148521873	150683579	515	40	-0.0000289734	0.0000000168
4	150683580	152782183	487	40	0.0001484772	0.0000000130
4	152782184	154477640	480	40	0.0000543969	0.0000000190
4	154477641	155056125	197	27	0.0001374866	0.0000000084
4	155056126	157485096	764	40	-0.0000488649	0.0000000222
4	157485097	158743717	315	40	-0.0000381879	0.0000000107
4	158743718	161058863	502	40	0.0000508019	0.0000000150
4	161058864	161826434	258	33	0.0000223779	0.0000000101
4	161826435	163243678	424	40	0.0000117061	0.0000000146
4	163243679	164478233	317	40	-0.0000540995	0.0000000115
4	164478234	165823447	411	40	0.0000385090	0.0000000168
4	165823448	167018857	340	40	0.0000654952	0.0000000125
4	167018858	167852916	179	26	-0.0000296600	0.0000000052
4	167852917	169676824	555	40	0.0000106392	0.0000000192
4	169676825	170776509	298	37	0.0001136631	0.0000000101
4	170776510	172558634	395	40	-0.0000011481	0.0000000122
4	172558635	174264131	384	40	0.0000712695	0.0000000137
4	174264132	176570715	612	40	-0.0000321531	0.0000000224
4	176570716	178991909	790	40	0.0000058314	0.0000000223
4	178991910	180122042	316	40	0.0001022433	0.0000000130
4	180122043	182066806	783	40	-0.0000409729	0.0000000211
4	182066807	183371274	698	40	-0.0000328609	0.0000000210
4	183371275	184929454	572	40	-0.0000235085	0.0000000232
4	184929455	186909089	839	40	-0.0000188911	0.0000000219
4	186909090	188472980	574	40	-0.0000519234	0.0000000214
4	188472981	189693510	398	40	-0.0000175367	0.0000000158
4	189693511	191043593	282	40	0.0000114193	0.0000000109
5	11940	982251	208	25	-0.0000442254	0.0000000070
5	982252	2132441	442	40	-0.0000453583	0.0000000181
5	2132442	3361940	776	40	-0.0000168831	0.0000000213
5	3361941	4632109	526	40	-0.0000504663	0.0000000174
5	4632110	5973232	674	40	0.0000727086	0.0000000221
5	5973233	7143217	557	40	-0.0000362932	0.0000000190
5	7143218	8446335	566	40	0.0000174518	0.0000000194
5	8446336	9718831	583	40	0.0000600888	0.0000000194
5	9718832	11173270	699	40	0.0000448055	0.0000000215
5	11173271	13464831	551	40	0.0000279646	0.0000000185
5	13464832	14757803	548	40	-0.0001919648	0.0000000200
5	14757804	16963612	726	40	0.0000730785	0.0000000222
5	16963613	18051591	261	40	-0.0000793457	0.0000000104
5	18051592	19917715	531	40	-0.0000744150	0.0000000170
5	19917716	22152072	432	40	0.0000592946	0.0000000130
5	22152073	23494323	400	40	0.0000586883	0.0000000127
5	23494324	26184850	629	40	-0.0000067209	0.0000000208
5	26184851	26857603	147	22	0.0000437422	0.0000000060
5	26857604	27984512	214	32	-0.0000663662	0.0000000085
5	27984513	29714819	389	40	0.0000017187	0.0000000119
5	29714820	31390248	556	40	0.0000288446	0.0000000168
5	31390249	33500179	756	40	-0.0000113088	0.0000000225
5	33500180	35048969	515	40	-0.0000061894	0.0000000177
5	35048970	36433953	453	40	0.0000552359	0.0000000137
5	36433954	38802409	732	40	0.0000449690	0.0000000228
5	38802410	40287728	518	40	0.0000231858	0.0000000146
5	40287729	41888709	512	40	0.0000758385	0.0000000128
5	41888710	43983498	392	30	0.0000439698	0.0000000116
5	43983499	50163397	403	29	0.0001313190	0.0000000134
5	50163398	52134621	540	40	0.0000830688	0.0000000169
5	52134622	53703043	563	40	-0.0000221381	0.0000000186
5	53703044	55417348	559	40	0.0000197448	0.0000000185
5	55417349	56621101	472	40	-0.0000479439	0.0000000158
5	56621102	57340072	258	35	0.0000676787	0.0000000078
5	57340073	58524621	508	40	0.0001146468	0.0000000160
5	58524622	60935906	665	40	-0.0000155320	0.0000000200
5	60935907	61672994	261	27	-0.0000173080	0.0000000091
5	61672995	63218986	466	40	0.0001026340	0.0000000149
5	63218987	63968303	171	19	0.0000471314	0.0000000056
5	63968304	65911285	585	40	-0.0000020278	0.0000000184
5	65911286	67850859	755	40	0.0001213100	0.0000000222
5	67850860	71240455	396	40	0.0000079032	0.0000000134
5	71240456	73759325	919	40	-0.0000244698	0.0000000218
5	73759326	75798865	601	40	-0.0001094191	0.0000000206
5	75798866	77623331	684	40	0.0000685886	0.0000000227
5	77623332	79393143	605	40	-0.0000272628	0.0000000223
5	79393144	80481470	416	40	0.0001111913	0.0000000157
5	80481471	82025647	478	40	-0.0000036037	0.0000000173
5	82025648	83972688	506	40	-0.0000088319	0.0000000191
5	83972689	85767289	485	40	-0.0001700787	0.0000000168
5	85767290	87389990	265	31	-0.0000733361	0.0000000099
5	87389991	88891529	290	32	-0.0001830376	0.0000000120
5	88891530	90422653	402	40	-0.0000915098	0.0000000144
5	90422654	91840541	255	32	-0.0000847529	0.0000000091
5	91840542	93809983	399	40	0.0000232813	0.0000000127
5	93809984	95963518	661	40	0.0000117098	0.0000000218
5	95963519	97315600	379	40	0.0000788525	0.0000000115
5	97315601	99260991	469	40	0.0001060118	0.0000000150
5	99260992	101578768	489	40	-0.0000862802	0.0000000143
5	101578769	103320004	465	40	-0.0000938603	0.0000000140
5	103320005	104851482	394	40	0.0000041290	0.0000000131
5	104851483	105893054	163	21	0.0000592553	0.0000000074
5	105893055	107264195	539	40	0.0000822590	0.0000000223
5	107264196	108633933	365	39	-0.0000950258	0.0000000127
5	108633934	110821143	599	40	-0.0000196157	0.0000000215
5	110821144	111981561	401	40	0.0000743595	0.0000000152
5	111981562	113396284	519	40	0.0000136081	0.0000000182
5	113396285	114830369	495	40	0.0000283493	0.0000000172
5	114830370	115831046	411	40	0.0000704371	0.0000000143
5	115831047	117346212	529	40	0.0000269168	0.0000000207
5	117346213	118608819	354	40	-0.0000029990	0.0000000142
5	118608820	119669041	320	37	-0.0000340020	0.0000000123
5	119669042	120452165	224	24	0.0000241508	0.0000000091
5	120452166	122556904	642	40	-0.0000800462	0.0000000232
5	122556905	123798099	425	40	-0.0000444130	0.0000000156
5	123798100	125785648	808	40	0.0001013913	0.0000000225
5	125785649	127344603	401	40	0.0000307268	0.0000000135
5	127344604	129519024	622	40	0.0000207306	0.0000000177
5	129519025	132139648	555	39	-0.0000047250	0.0000000139
5	132139649	134777400	849	40	-0.0001005566	0.0000000237
5	134777401	136376049	565	40	-0.0000123761	0.0000000174
5	136376050	139265071	655	40	-0.0001351487	0.0000000197
5	139265072	140645970	314	29	-0.0000968633	0.0000000090
5	140645971	142981247	851	40	0.0000064326	0.0000000213
5	142981248	144943353	608	40	-0.0000059943	0.0000000189
5	144943354	147181997	697	40	0.0000785523	0.0000000214
5	147181998	148662623	517	40	0.0000539573	0.0000000169
5	148662624	150561297	768	40	-0.0001602226	0.0000000226
5	150561298	152867773	800	40	0.0000325281	0.0000000218
5	152867774	153773087	412	40	0.0000031559	0.0000000119
5	153773088	155373504	525	40	-0.0000727866	0.0000000182
5	155373505	156628699	345	40	-0.0000668024	0.0000000112
5	156628700	158825697	781	40	-0.0000307923	0.0000000217
5	158825698	159973943	398	40	-0.0000178750	0.0000000153
5	159973944	161482132	490	40	-0.0000447539	0.0000000153
5	161482133	162743907	344	40	0.0000334624	0.0000000116
5	162743908	163771581	372	40	0.0000091951	0.0000000133
5	163771582	165642394	523	40	-0.0000021269	0.0000000228
5	165642395	166847739	407	40	0.0001371410	0.0000000176
5	166847740	168525317	735	40	-0.0000122265	0.0000000235
5	168525318	169505663	458	40	-0.0000075217	0.0000000178
5	169505664	171074291	625	40	-0.0000211027	0.0000000223
5	171074292	172678326	642	40	-0.0000040764	0.0000000223
5	172678327	173642870	465	40	0.0000119319	0.0000000158
5	173642871	175450594	781	40	-0.0000125291	0.0000000224
5	175450595	177251506	308	40	-0.0000041632	0.0000000123
5	177251507	178413463	416	40	0.0000306665	0.0000000161
5	178413464	179401243	337	40	-0.0000035633	0.0000000128
5	179401244	180559932	308	40	-0.0000180052	0.0000000125
5	180559933	180885155	37	8	0.0000345936	0.0000000022
6	73924	1452361	653	40	0.0000250651	0.0000000219
6	1452362	2458935	424	40	0.0000455344	0.0000000151
6	2458936	3573592	544	40	0.0000804726	0.0000000205
6	3573593	4617816	497	40	-0.0000350763	0.0000000167
6	4617817	5791471	571	40	0.0000563980	0.0000000224
6	5791472	6785206	566	40	-0.0000962126	0.0000000219
6	6785207	7808935	473	40	0.0001564081	0.0000000175
6	7808936	9020025	474	40	0.0000074579	0.0000000158
6	9020026	10540316	594	40	-0.0000244298	0.0000000215
6	10540317	11790815	518	40	-0.0001548385	0.0000000193
6	11790816	13209387	522	40	-0.0000065762	0.0000000185
6	13209388	14802923	645	40	-0.0000212527	0.0000000214
6	14802924	17386404	947	40	-0.0000131829	0.0000000230
6	17386405	19207486	607	40	-0.0000254256	0.0000000185
6	19207487	21684064	914	40	0.0000286097	0.0000000232
6	21684065	22748306	505	40	-0.0001501729	0.0000000191
6	22748307	23936618	480	40	0.0000021526	0.0000000194
6	23936619	24852274	366	40	-0.0000413968	0.0000000140
6	24852275	25684586	395	40	-0.0000424642	0.0000000133
6	25684587	26791232	367	32	0.0000965093	0.0000000112
6	26791233	28017818	248	18	0.0000065955	0.0000000065
6	28017819	28917607	159	12	-0.0000329301	0.0000000032
6	28917608	29737970	24	4	0.0000109046	0.0000000009
6	29737971	30798167	1	0	0.0000000000	0.0000000000
6	30798168	31571217	93	15	-0.0000246700	0.0000000046
6	31571218	32682663	79	12	-0.0000361529	0.0000000048
6	32682664	33236496	154	24	-0.0000180116	0.0000000060
6	33236497	35455755	633	40	0.0000284576	0.0000000215
6	35455756	37572595	754	40	-0.0000553280	0.0000000229
6	37572596	39295676	709	40	-0.0000710837	0.0000000217
6	39295677	40345114	391	40	-0.0001380182	0.0000000151
6	40345115	42038720	680	40	0.0000491469	0.0000000206
6	42038721	43756168	397	40	-0.0000098541	0.0000000137
6	43756169	45406562	554	40	-0.0000373588	0.0000000193
6	45406563	47311897	728	40	-0.0000632431	0.0000000223
6	47311898	48391124	348	38	-0.0000566063	0.0000000102
6	48391125	50386144	476	40	-0.0000472298	0.0000000124
6	50386145	52210475	552	40	-0.0000885206	0.0000000173
6	52210476	53279101	399	40	0.0000377092	0.0000000150
6	53279102	55468269	814	40	-0.0000308358	0.0000000227
6	55468270	56105312	202	20	0.0000189797	0.0000000054
6	56105313	57599464	332	36	0.0001314330	0.0000000133
6	57599465	61880511	113	9	0.0000418328	0.0000000033
6	61880512	63552887	327	22	0.0001122405	0.0000000091
6	63552888	65765741	431	40	-0.0000055370	0.0000000140
6	65765742	67329214	466	40	-0.0000805779	0.0000000154
6	67329215	68849482	454	40	0.0000020497	0.0000000139
6	68849483	69523447	214	26	0.0000909208	0.0000000067
6	69523448	71609509	714	40	0.0000070735	0.0000000201
6	71609510	73450096	585	40	0.0000814343	0.0000000184
6	73450097	75462002	551	40	-0.0000102226	0.0000000160
6	75462003	77414880	430	40	0.0000627499	0.0000000137
6	77414881	78957727	481	40	0.0001051503	0.0000000129
6	78957728	80691169	551	40	0.0000929504	0.0000000162
6	80691170	81929221	348	27	0.0000185705	0.0000000088
6	81929222	83127148	337	40	0.0000156920	0.0000000128
6	83127149	85209988	525	40	0.0000703331	0.0000000148
6	85209989	87069499	579	40	0.0000688062	0.0000000152
6	87069500	88822139	523	40	0.0000162617	0.0000000150
6	88822140	89973051	418	40	0.0000522705	0.0000000134
6	89973052	91843195	709	40	0.0000513352	0.0000000207
6	91843196	93428643	456	40	-0.0000742364	0.0000000165
6	93428644	94118141	275	40	-0.0000422640	0.0000000087
6	94118142	94441174	81	8	0.0000120209	0.0000000019
6	94441175	97093510	600	40	0.0001269161	0.0000000175
6	97093511	97842283	227	26	0.0001176501	0.0000000078
6	97842284	100630145	768	40	-0.0000973068	0.0000000219
6	100630146	102636771	472	40	-0.0001412093	0.0000000165
6	102636772	103983394	327	33	0.0000266110	0.0000000114
6	103983395	106056732	648	40	0.0000746250	0.0000000202
6	106056733	107450305	597	40	0.0000220693	0.0000000209
6	107450306	108464379	336	40	0.0000532843	0.0000000117
6	108464380	110304246	507	40	-0.0000980593	0.0000000160
6	110304247	112345013	577	40	-0.0000569118	0.0000000179
6	112345014	114220832	612	40	-0.0000136042	0.0000000186
6	114220833	116131395	461	40	0.0000261046	0.0000000130
6	116131396	117672971	430	40	-0.0000197543	0.0000000131
6	117672972	118963114	314	36	-0.0000046558	0.0000000100
6	118963115	119963277	294	34	-0.0000568925	0.0000000089
6	119963278	120512127	161	18	-0.0000716809	0.0000000051
6	120512128	121905675	367	35	-0.0000540463	0.0000000101
6	121905676	123856180	585	40	-0.0000484343	0.0000000168
6	123856181	125424382	584	40	-0.0001304297	0.0000000221
6	125424383	127540460	428	40	0.0001315712	0.0000000140
6	127540461	129861030	587	40	-0.0001210744	0.0000000205
6	129861031	130935453	471	40	0.0000036587	0.0000000169
6	130935454	132765668	567	40	0.0000648340	0.0000000189
6	132765669	134244242	534	40	-0.0000499866	0.0000000184
6	134244243	136224176	567	40	-0.0001441558	0.0000000206
6	136224177	137614217	326	40	0.0000451206	0.0000000117
6	137614218	138822628	445	40	-0.0000972637	0.0000000162
6	138822629	139845435	365	40	-0.0000657936	0.0000000145
6	139845436	142288478	521	40	-0.0002164235	0.0000000166
6	142288479	145319809	983	40	-0.0001432894	0.0000000226
6	145319810	146665423	303	26	-0.0001271740	0.0000000095
6	146665424	148920351	880	40	-0.0000316181	0.0000000213
6	148920352	150253403	500	40	0.0000653123	0.0000000160
6	150253404	151912702	832	40	0.0000535656	0.0000000224
6	151912703	153094495	521	40	0.0001479221	0.0000000212
6	153094496	154974119	770	40	0.0001358384	0.0000000214
6	154974120	156763325	706	40	-0.0000451139	0.0000000218
6	156763326	158218718	365	40	0.0000718627	0.0000000149
6	158218719	160580496	940	40	-0.0000499201	0.0000000221
6	160580497	162169563	668	40	-0.0000539720	0.0000000226
6	162169564	162931202	364	40	-0.0000811342	0.0000000162
6	162931203	164383520	657	40	-0.0000472148	0.0000000231
6	164383521	165586863	531	40	-0.0000644714	0.0000000166
6	165586864	167024732	774	40	-0.0000005110	0.0000000213
6	167024733	168042834	411	40	0.0000178590	0.0000000142
6	168042835	169382049	555	40	0.0000811106	0.0000000187
6	169382050	170330172	374	40	0.0001538874	0.0000000125
6	170330173	171051269	223	29	-0.0000649539	0.0000000079
7	16161	972751	83	14	-0.0000151903	0.0000000039
7	972752	1353066	94	16	0.0000312664	0.0000000040
7	1353067	2062397	138	21	0.0000673273	0.0000000069
7	2062398	2772226	201	33	0.0001505031	0.0000000100
7	2772227	4573427	822	40	0.0001312703	0.0000000227
7	4573428	5416231	184	38	-0.0000090781	0.0000000092
7	5416232	5854525	87	16	-0.0000136495	0.0000000041
7	5854526	6573856	120	21	0.0000269233	0.0000000051
7	6573857	7808751	400	40	0.0000449457	0.0000000160
7	7808752	9123422	716	40	0.0000080201	0.0000000217
7	9123423	9987498	348	40	-0.0000829338	0.0000000152
7	9987499	11299197	459	40	0.0001097610	0.0000000190
7	11299198	12635460	669	40	-0.0000633962	0.0000000222
7	12635461	13884201	550	40	0.0000289101	0.0000000211
7	13884202	15143656	397	40	-0.0000197026	0.0000000169
7	15143657	16902068	718	40	0.0000137144	0.0000000215
7	16902069	19481546	985	40	-0.0000996490	0.0000000217
7	19481547	20124907	225	29	-0.0000882761	0.0000000092
7	20124908	22507628	1135	40	0.0000110132	0.0000000223
7	22507629	23471441	299	39	-0.0000281167	0.0000000124
7	23471442	25077258	664	40	0.0000309160	0.0000000205
7	25077259	25909554	426	40	0.0000190282	0.0000000143
7	25909555	28360308	793	40	-0.0000099987	0.0000000222
7	28360309	31137288	1187	40	0.0000301816	0.0000000203
7	31137289	33555767	955	40	0.0001120153	0.0000000221
7	33555768	36213537	981	40	-0.0000132259	0.0000000216
7	36213538	37555183	615	40	-0.0000963228	0.0000000220
7	37555184	38966702	600	40	-0.0000133602	0.0000000183
7	38966703	39862669	306	35	0.0000661550	0.0000000093
7	39862670	42001810	597	40	-0.0000133657	0.0000000182
7	42001811	43159073	390	40	-0.0000662741	0.0000000173
7	43159074	44763827	429	40	0.0000297755	0.0000000153
7	44763828	45952921	333	40	-0.0001614436	0.0000000147
7	45952922	46986719	394	40	0.0000896994	0.0000000156
7	46986720	49212277	843	40	-0.0000265329	0.0000000216
7	49212278	51675321	858	40	0.0000144108	0.0000000216
7	51675322	53176311	617	40	0.0001402187	0.0000000193
7	53176312	54222975	368	40	-0.0000788193	0.0000000109
7	54222976	55691583	511	40	0.0000105879	0.0000000183
7	55691584	57382637	232	26	0.0001225376	0.0000000092
7	57382638	63307358	117	14	0.0000003188	0.0000000044
7	63307359	63641124	51	6	0.0000021876	0.0000000019
7	63641125	65689808	294	25	-0.0000674771	0.0000000080
7	65689809	68234073	680	40	0.0000974384	0.0000000204
7	68234074	69085363	259	38	-0.0000568003	0.0000000093
7	69085364	71874884	807	40	0.0000560474	0.0000000221
7	71874885	73334601	121	21	-0.0000321163	0.0000000050
7	73334602	76458563	321	40	0.0000026123	0.0000000108
7	76458564	78093858	569	40	-0.0000209018	0.0000000222
7	78093859	79888068	633	40	-0.0000389275	0.0000000222
7	79888069	82022685	693	40	0.0001002798	0.0000000228
7	82022686	83801202	617	40	-0.0000231151	0.0000000202
7	83801203	85572181	399	40	-0.0000610257	0.0000000123
7	85572182	87825003	519	40	-0.0000531268	0.0000000138
7	87825004	90661783	931	40	-0.0000705223	0.0000000236
7	90661784	92493751	403	40	-0.0000068406	0.0000000132
7	92493752	93966600	346	40	0.0000353735	0.0000000138
7	93966601	96073507	653	40	0.0000353114	0.0000000221
7	96073508	97099569	306	40	-0.0001217809	0.0000000118
7	97099570	98715473	380	40	0.0000972559	0.0000000134
7	98715474	100196650	215	24	0.0000200676	0.0000000077
7	100196651	101199252	229	35	0.0001498884	0.0000000100
7	101199253	103197509	369	40	-0.0000662383	0.0000000143
7	103197510	104159524	464	40	-0.0000729211	0.0000000168
7	104159525	105682904	511	40	-0.0000258684	0.0000000188
7	105682905	107780177	704	40	-0.0000261185	0.0000000216
7	107780178	109647593	535	40	0.0000816619	0.0000000177
7	109647594	112618683	809	40	0.0000034661	0.0000000213
7	112618684	113712386	210	26	0.0000266285	0.0000000078
7	113712387	116780177	672	40	0.0001189362	0.0000000252
7	116780178	118351580	353	36	-0.0000028031	0.0000000090
7	118351581	121045272	429	40	0.0000623661	0.0000000249
7	121045273	121933629	220	27	0.0000670662	0.0000000078
7	121933630	124156804	643	40	0.0000600227	0.0000000198
7	124156805	124167551	6	2	0.0000042555	0.0000000002
7	124167552	126519169	645	40	0.0000918161	0.0000000175
7	126519170	126869220	134	16	-0.0000019651	0.0000000053
7	126869221	128778385	547	40	0.0000530174	0.0000000163
7	128778386	130422413	441	40	-0.0000914782	0.0000000157
7	130422414	132805847	883	40	0.0000485034	0.0000000214
7	132805848	134307595	429	35	0.0000548659	0.0000000136
7	134307596	135591082	481	40	-0.0001262197	0.0000000151
7	135591083	136876561	400	40	-0.0000783051	0.0000000148
7	136876562	138744678	588	40	-0.0000657501	0.0000000227
7	138744679	139933176	312	40	-0.0001312174	0.0000000124
7	139933177	140235209	115	25	0.0000032997	0.0000000048
7	140235210	141226556	273	32	-0.0000588908	0.0000000085
7	141226557	142656309	327	40	-0.0000845468	0.0000000109
7	142656310	144968288	531	40	0.0000152144	0.0000000172
7	144968289	146427959	374	40	-0.0000432440	0.0000000123
7	146427960	147815317	559	40	0.0000368301	0.0000000173
7	147815318	149840657	590	40	-0.0000587318	0.0000000221
7	149840658	150711504	271	36	0.0000641836	0.0000000089
7	150711505	152249805	437	40	-0.0000534195	0.0000000189
7	152249806	153674018	455	40	0.0000152330	0.0000000167
7	153674019	154964729	534	40	-0.0000357417	0.0000000204
7	154964730	156065249	468	40	-0.0000126351	0.0000000180
7	156065250	157634596	498	40	0.0000444885	0.0000000186
7	157634597	159128574	423	40	-0.0001217937	0.0000000154
8	10422	1044216	382	40	0.0000346766	0.0000000172
8	1044217	1163244	68	12	-0.0000158423	0.0000000021
8	1163245	2042941	423	40	-0.0000079980	0.0000000179
8	2042942	2573278	242	38	0.0000014848	0.0000000096
8	2573279	3392925	570	40	0.0000700291	0.0000000206
8	3392926	3783016	409	40	-0.0001128758	0.0000000185
8	3783017	4480475	650	40	0.0000296733	0.0000000215
8	4480476	5146926	485	40	0.0000625611	0.0000000200
8	5146927	6142796	735	40	0.0000242629	0.0000000206
8	6142797	7153078	524	40	0.0000112284	0.0000000204
8	7153079	9154693	529	40	-0.0000315955	0.0000000212
8	9154694	9640786	181	20	0.0000432507	0.0000000066
8	9640787	10463196	444	40	-0.0000500494	0.0000000185
8	10463197	11278997	336	38	-0.0000843526	0.0000000138
8	11278998	13491774	756	40	-0.0000223960	0.0000000231
8	13491775	13944991	248	31	-0.0000494407	0.0000000107
8	13944992	15991659	1051	40	-0.0000710014	0.0000000235
8	15991660	17387875	525	40	-0.0000135370	0.0000000208
8	17387876	17836398	232	32	0.0000053921	0.0000000096
8	17836399	19492839	915	40	0.0000811014	0.0000000220
8	19492840	20060855	271	40	0.0000691886	0.0000000110
8	20060856	21661736	739	40	0.0000774441	0.0000000224
8	21661737	22897056	442	40	0.0001012023	0.0000000188
8	22897057	24674717	621	40	-0.0000685672	0.0000000218
8	24674718	25483453	272	34	0.0000172700	0.0000000088
8	25483454	26682524	590	40	-0.0000549793	0.0000000203
8	26682525	28162391	689	40	0.0001270955	0.0000000216
8	28162392	29327895	341	40	-0.0000637736	0.0000000123
8	29327896	31133728	518	40	0.0001031873	0.0000000182
8	31133729	31548359	124	20	-0.0001385367	0.0000000055
8	31548360	32977217	467	40	-0.0000464002	0.0000000149
8	32977218	35317231	524	40	-0.0000557319	0.0000000132
8	35317232	37379388	351	40	0.0000434923	0.0000000119
8	37379389	38938805	278	40	0.0000341088	0.0000000099
8	38938806	40703336	566	40	-0.0000950330	0.0000000182
8	40703337	41721453	372	40	-0.0000458356	0.0000000146
8	41721454	42773822	180	22	-0.0000176314	0.0000000063
8	42773823	46841314	41	7	-0.0000154603	0.0000000013
8	46841315	50082469	375	36	-0.0000029213	0.0000000109
8	50082470	53302929	759	40	-0.0000497010	0.0000000190
8	53302930	54418043	336	40	-0.0001522602	0.0000000121
8	54418044	55945580	465	40	0.0000649866	0.0000000128
8	55945581	56956382	340	40	0.0000250983	0.0000000111
8	56956383	59068650	646	40	-0.0000334779	0.0000000205
8	59068651	59728099	270	34	-0.0000068824	0.0000000086
8	59728100	62329098	778	40	0.0000387513	0.0000000225
8	62329099	63349305	317	35	0.0000682955	0.0000000103
8	63349306	65232871	504	40	-0.0000170799	0.0000000148
8	65232872	66489089	355	40	0.0000085189	0.0000000126
8	66489090	69863056	834	40	0.0000173223	0.0000000217
8	69863057	70867978	394	40	0.0000840647	0.0000000135
8	70867979	72289453	420	40	-0.0000535047	0.0000000122
8	72289454	73817198	671	40	0.0000364929	0.0000000211
8	73817199	75445063	587	40	-0.0000021430	0.0000000192
8	75445064	76456541	288	38	0.0001300326	0.0000000097
8	76456542	79132860	659	40	0.0000079130	0.0000000184
8	79132861	81956394	784	40	-0.0000708041	0.0000000222
8	81956395	82693738	208	32	-0.0001128390	0.0000000072
8	82693739	84225588	413	40	0.0000065138	0.0000000116
8	84225589	85955618	348	39	0.0000793384	0.0000000106
8	85955619	87411708	252	24	0.0000985652	0.0000000079
8	87411709	89085480	462	40	-0.0000097494	0.0000000155
8	89085481	90638161	379	39	-0.0000160580	0.0000000111
8	90638162	93554385	662	40	-0.0000321503	0.0000000226
8	93554386	95005526	379	40	0.0000283056	0.0000000126
8	95005527	96534805	592	40	-0.0001307830	0.0000000206
8	96534806	99401580	1064	40	0.0000015591	0.0000000237
8	99401581	101620957	485	40	-0.0000030941	0.0000000118
8	101620958	104123305	935	40	-0.0001499130	0.0000000213
8	104123306	104988751	244	24	0.0000275033	0.0000000085
8	104988752	107410753	802	40	0.0000671037	0.0000000237
8	107410754	108648176	459	40	0.0000980611	0.0000000133
8	108648177	109248172	203	23	-0.0000130160	0.0000000056
8	109248173	110484313	346	30	0.0000269686	0.0000000089
8	110484314	111850846	284	33	0.0001504355	0.0000000087
8	111850847	113064319	228	19	-0.0000397233	0.0000000065
8	113064320	116096494	766	40	-0.0000428899	0.0000000185
8	116096495	119685456	1125	40	-0.0000323539	0.0000000225
8	119685457	121201699	505	40	0.0000150075	0.0000000166
8	121201700	124861458	1286	40	-0.0000360437	0.0000000218
8	124861459	125683718	311	38	-0.0000201753	0.0000000104
8	125683719	126410916	245	40	-0.0000707647	0.0000000117
8	126410917	128659110	872	40	0.0001595138	0.0000000220
8	128659111	130381138	662	40	0.0000351349	0.0000000227
8	130381139	131639624	455	40	0.0000040335	0.0000000164
8	131639625	133351143	743	40	-0.0000635170	0.0000000220
8	133351144	134570000	675	40	-0.0001179561	0.0000000213
8	134570001	136035604	731	40	-0.0000249853	0.0000000228
8	136035605	137524150	546	40	-0.0000059458	0.0000000184
8	137524151	139254829	723	40	-0.0001340477	0.0000000216
8	139254830	140725642	738	40	-0.0000064734	0.0000000239
8	140725643	143044913	798	40	0.0001034437	0.0000000215
8	143044914	144236880	355	40	0.0000871669	0.0000000126
8	144236881	146303866	320	40	0.0001086406	0.0000000131
9	10023	1079706	549	40	-0.0000275894	0.0000000217
9	1079707	1916876	588	40	0.0000390909	0.0000000216
9	1916877	3190063	740	40	0.0000065697	0.0000000221
9	3190064	4495327	700	40	0.0000050031	0.0000000223
9	4495328	4884925	208	38	0.0000140237	0.0000000097
9	4884926	6557588	541	40	-0.0000050642	0.0000000212
9	6557589	7154922	289	38	0.0000056818	0.0000000125
9	7154923	8456298	912	40	0.0001017557	0.0000000234
9	8456299	9166402	384	40	0.0000661343	0.0000000157
9	9166403	10879252	824	40	-0.0000454271	0.0000000228
9	10879253	12276488	458	40	-0.0001181082	0.0000000190
9	12276489	14836362	1225	40	0.0000552037	0.0000000236
9	14836363	16659654	764	40	0.0000174975	0.0000000219
9	16659655	18661050	901	40	-0.0000608416	0.0000000226
9	18661051	20463533	796	40	0.0000201171	0.0000000214
9	20463534	22206558	638	40	0.0000499674	0.0000000226
9	22206559	24158517	588	40	0.0000317905	0.0000000218
9	24158518	25330809	289	40	0.0001155819	0.0000000120
9	25330810	26111756	268	40	-0.0000550555	0.0000000125
9	26111757	28224282	916	40	0.0000378775	0.0000000204
9	28224283	28811583	237	34	0.0000096959	0.0000000103
9	28811584	30387391	543	40	0.0001029017	0.0000000181
9	30387392	31310382	240	22	0.0000808744	0.0000000084
9	31310383	32019367	200	23	0.0000078123	0.0000000063
9	32019368	33578333	553	40	0.0001357596	0.0000000183
9	33578334	34642242	272	27	0.0000373700	0.0000000075
9	34642243	36743282	552	40	-0.0000119612	0.0000000199
9	36743283	38641598	693	40	0.0000861986	0.0000000216
9	38641599	65472189	99	20	0.0000599602	0.0000000044
9	65472190	72512710	537	40	0.0002348262	0.0000000188
9	72512711	72753754	94	10	0.0000038561	0.0000000033
9	72753755	74253039	580	40	-0.0000207073	0.0000000196
9	74253040	76203945	543	40	-0.0000420590	0.0000000169
9	76203946	76973080	177	22	0.0000896774	0.0000000065
9	76973081	78900182	763	40	0.0000219032	0.0000000215
9	78900183	79471207	278	40	0.0000266523	0.0000000102
9	79471208	81079054	499	40	0.0001044999	0.0000000191
9	81079055	82590927	618	40	0.0001167762	0.0000000234
9	82590928	84211232	645	40	0.0000494952	0.0000000238
9	84211233	85440800	324	40	0.0000186650	0.0000000118
9	85440801	86938195	614	40	-0.0001152633	0.0000000216
9	86938196	88109332	479	40	0.0000442743	0.0000000163
9	88109333	88590416	112	14	0.0000667658	0.0000000052
9	88590417	90136245	582	40	0.0000721448	0.0000000205
9	90136246	92528697	828	40	-0.0000369091	0.0000000217
9	92528698	94167202	604	40	0.0000022119	0.0000000209
9	94167203	96671697	754	40	-0.0000725462	0.0000000217
9	96671698	98922039	639	40	-0.0000633649	0.0000000199
9	98922040	101592858	820	40	-0.0000926978	0.0000000221
9	101592859	104624436	916	40	-0.0000026769	0.0000000205
9	104624437	105967975	556	40	0.0000381728	0.0000000168
9	105967976	107581748	582	40	0.0000671677	0.0000000162
9	107581749	109298753	569	40	0.0000022413	0.0000000208
9	109298754	110695061	553	40	0.0000464577	0.0000000206
9	110695062	112778023	1038	40	0.0000293339	0.0000000222
9	112778024	114831081	862	40	-0.0000909570	0.0000000211
9	114831082	115693144	297	29	-0.0000145776	0.0000000101
9	115693145	117019800	605	40	0.0000069837	0.0000000211
9	117019801	117921959	440	40	0.0000810488	0.0000000157
9	117921960	121321536	1433	40	-0.0001223353	0.0000000230
9	121321537	122260296	352	40	-0.0001528371	0.0000000142
9	122260297	124871321	743	40	-0.0000000311	0.0000000237
9	124871322	126971886	641	40	0.0000708943	0.0000000227
9	126971887	129059664	545	40	-0.0000556370	0.0000000174
9	129059665	130055509	307	40	-0.0000500662	0.0000000110
9	130055510	132165469	455	40	0.0001556396	0.0000000168
9	132165470	133223216	289	40	-0.0000565956	0.0000000115
9	133223217	134127887	323	40	-0.0001161970	0.0000000148
9	134127888	135298841	377	40	-0.0000590139	0.0000000135
9	135298842	137041121	583	40	-0.0000618208	0.0000000208
9	137041122	137589363	209	40	0.0000160059	0.0000000086
9	137589364	138938977	600	40	-0.0000488651	0.0000000211
9	138938978	139500341	109	21	0.0000691548	0.0000000050
9	139500342	141144795	239	38	-0.0001954002	0.0000000099
10	60523	751338	121	14	-0.0000151853	0.0000000047
10	751339	1523543	331	40	0.0000079875	0.0000000119
10	1523544	2254499	429	40	-0.0000174414	0.0000000154
10	2254500	3352698	653	40	0.0000044436	0.0000000216
10	3352699	4572273	604	40	0.0000667786	0.0000000222
10	4572274	5983761	680	40	0.0000037239	0.0000000212
10	5983762	7171483	723	40	-0.0000007420	0.0000000225
10	7171484	8774664	852	40	-0.0000277497	0.0000000215
10	8774665	10249395	557	40	-0.0000619540	0.0000000182
10	10249396	12586796	1002	40	0.0000822881	0.0000000222
10	12586797	13321599	431	40	-0.0000778759	0.0000000171
10	13321600	15026067	922	40	0.0000014892	0.0000000212
10	15026068	16551766	541	40	-0.0000460431	0.0000000204
10	16551767	18537266	725	40	0.0000574702	0.0000000215
10	18537267	19716877	502	40	0.0000249592	0.0000000168
10	19716878	22772282	957	40	-0.0000775292	0.0000000237
10	22772283	23175131	121	14	0.0000075640	0.0000000054
10	23175132	25578595	748	40	0.0000336577	0.0000000206
10	25578596	26888683	506	40	-0.0000137482	0.0000000146
10	26888684	29323235	865	40	0.0000239970	0.0000000223
10	29323236	29783691	259	40	0.0001065177	0.0000000092
10	29783692	30458837	352	40	-0.0000601742	0.0000000141
10	30458838	31907518	464	40	0.0000037757	0.0000000151
10	31907519	33707967	599	40	0.0000856497	0.0000000177
10	33707968	35109354	486	40	0.0000434065	0.0000000173
10	35109355	36572507	414	40	-0.0000961623	0.0000000136
10	36572508	37790028	315	40	-0.0000608961	0.0000000098
10	37790029	42372578	187	13	-0.0001119440	0.0000000049
10	42372579	43894770	284	33	-0.0000666721	0.0000000098
10	43894771	44730074	239	31	0.0000016941	0.0000000073
10	44730075	48760449	611	40	0.0001126230	0.0000000212
10	48760450	50840914	611	40	-0.0000127673	0.0000000176
10	50840915	53616628	721	40	-0.0001366837	0.0000000224
10	53616629	55103571	675	40	0.0000881506	0.0000000224
10	55103572	57031139	747	40	0.0000139400	0.0000000218
10	57031140	57662145	176	18	0.0000756892	0.0000000053
10	57662146	58959527	372	25	-0.0000475910	0.0000000093
10	58959528	60289986	414	40	-0.0000123141	0.0000000106
10	60289987	61891408	571	40	0.0000467847	0.0000000206
10	61891409	62659678	287	33	0.0001166577	0.0000000100
10	62659679	63341694	158	19	-0.0000057953	0.0000000066
10	63341695	65794113	796	40	0.0000301997	0.0000000228
10	65794114	67549614	472	40	-0.0000801519	0.0000000137
10	67549615	69900147	873	40	0.0000712392	0.0000000209
10	69900148	70195990	101	11	-0.0000159240	0.0000000035
10	70195991	72220849	822	40	-0.0000397277	0.0000000219
10	72220850	73508511	703	40	-0.0000472368	0.0000000206
10	73508512	75422549	388	35	-0.0000396898	0.0000000096
10	75422550	78706813	810	40	-0.0000831030	0.0000000243
10	78706814	80876748	989	40	-0.0000199472	0.0000000209
10	80876749	82414678	478	40	0.0000572015	0.0000000174
10	82414679	84383744	701	40	-0.0000748094	0.0000000222
10	84383745	85458702	428	40	0.0000136748	0.0000000127
10	85458703	87937576	956	40	0.0000107456	0.0000000222
10	87937577	89127063	258	35	-0.0000970910	0.0000000108
10	89127064	91013380	691	40	0.0000090344	0.0000000215
10	91013381	92006580	365	40	-0.0001405352	0.0000000134
10	92006581	93335046	434	40	0.0000935742	0.0000000148
10	93335047	95396367	612	40	-0.0000260313	0.0000000181
10	95396368	96221242	247	30	0.0000351658	0.0000000085
10	96221243	97822356	542	40	-0.0000575835	0.0000000151
10	97822357	100241301	864	40	-0.0000081134	0.0000000229
10	100241302	100668399	147	15	0.0000475440	0.0000000050
10	100668400	102949238	722	40	0.0000130028	0.0000000220
10	102949239	104380409	262	25	-0.0001305167	0.0000000089
10	104380410	106695047	648	40	0.0000308689	0.0000000238
10	106695048	108726685	658	40	-0.0000005730	0.0000000215
10	108726686	110317704	634	40	0.0000752079	0.0000000210
10	110317705	112561492	648	40	-0.0000423856	0.0000000215
10	112561493	115328431	969	40	0.0000698914	0.0000000216
10	115328432	116421405	459	40	-0.0001835535	0.0000000172
10	116421406	119523933	957	40	-0.0000572449	0.0000000233
10	119523934	120591352	403	40	0.0001384295	0.0000000148
10	120591353	122407322	646	40	0.0000234236	0.0000000220
10	122407323	123231464	388	40	0.0000413154	0.0000000136
10	123231465	123900544	267	40	0.0000057257	0.0000000114
10	123900545	125869345	817	40	-0.0000562138	0.0000000222
10	125869346	128001097	918	40	0.0000403464	0.0000000228
10	128001098	129154361	510	40	0.0001015390	0.0000000180
10	129154362	130844283	908	40	0.0000251049	0.0000000214
10	130844284	131741326	411	40	-0.0000237300	0.0000000159
10	131741327	132580244	398	40	-0.0000411899	0.0000000132
10	132580245	134336328	827	40	-0.0000609446	0.0000000224
10	134336329	134494672	38	6	-0.0000057660	0.0000000012
10	134494673	135523864	244	38	0.0000285165	0.0000000105
11	70855	1213589	229	40	0.0000163934	0.0000000110
11	1213590	3665480	713	40	-0.0000263439	0.0000000216
11	3665481	4746708	399	40	-0.0000027539	0.0000000152
11	4746709	6322868	925	40	-0.0000568054	0.0000000214
11	6322869	7436700	514	40	0.0000909976	0.0000000167
11	7436701	8333273	467	40	-0.0000815572	0.0000000180
11	8333274	9087316	236	27	-0.0000428095	0.0000000088
11	9087317	10952026	560	40	0.0000599481	0.0000000208
11	10952027	12564228	1057	40	0.0000849207	0.0000000213
11	12564229	13373123	392	40	0.0000860446	0.0000000164
11	13373124	15742551	751	40	-0.0000312863	0.0000000224
11	15742552	17578401	513	40	-0.0000094122	0.0000000166
11	17578402	19569534	743	40	0.0000003219	0.0000000217
11	19569535	21017137	747	40	0.0000824135	0.0000000221
11	21017138	22374141	537	40	0.0000277376	0.0000000195
11	22374142	24088516	574	40	-0.0001003439	0.0000000173
11	24088517	26045752	641	40	-0.0001136190	0.0000000236
11	26045753	27020460	346	40	0.0000435838	0.0000000109
11	27020461	28481592	376	40	-0.0000106227	0.0000000112
11	28481593	30141356	396	40	-0.0000584331	0.0000000145
11	30141357	32276900	616	40	-0.0000438043	0.0000000161
11	32276901	33958738	528	40	0.0000778550	0.0000000190
11	33958739	35502604	773	40	0.0000285644	0.0000000226
11	35502605	37116814	717	40	0.0000172035	0.0000000210
11	37116815	39382002	410	40	0.0000328330	0.0000000118
11	39382003	42310002	904	40	-0.0000302974	0.0000000231
11	42310003	44693798	928	40	0.0000097597	0.0000000237
11	44693799	47006136	596	40	0.0000384535	0.0000000224
11	47006137	49866049	355	22	-0.0000258366	0.0000000088
11	49866050	54695472	123	6	-0.0000004451	0.0000000027
11	54695473	55082656	6	3	0.0000180485	0.0000000003
11	55082657	58457494	989	40	0.0000180345	0.0000000204
11	58457495	58780548	64	6	0.0000275793	0.0000000021
11	58780549	62223770	913	40	0.0001136030	0.0000000224
11	62223771	63804568	282	35	0.0000335455	0.0000000102
11	63804569	65898630	427	40	0.0001155496	0.0000000164
11	65898631	68005824	284	33	-0.0000838657	0.0000000095
11	68005825	69516129	438	40	0.0000721390	0.0000000149
11	69516130	70926291	440	40	-0.0000248479	0.0000000167
11	70926292	72286016	290	36	0.0001408460	0.0000000091
11	72286017	74412350	555	40	0.0000482190	0.0000000183
11	74412351	76797208	719	40	0.0000369495	0.0000000233
11	76797209	78355057	365	33	-0.0000093038	0.0000000111
11	78355058	80722372	1033	40	-0.0000158892	0.0000000224
11	80722373	81266711	253	37	-0.0000133491	0.0000000085
11	81266712	84381271	1144	40	-0.0000344288	0.0000000214
11	84381272	86619300	743	40	-0.0000682689	0.0000000239
11	86619301	87430234	303	35	0.0000243031	0.0000000107
11	87430235	89208935	540	40	-0.0000632138	0.0000000207
11	89208936	90966489	365	34	-0.0000405869	0.0000000102
11	90966490	92077143	340	38	-0.0000275788	0.0000000116
11	92077144	93276156	381	40	-0.0000404396	0.0000000123
11	93276157	94242259	255	26	-0.0000069208	0.0000000078
11	94242260	95726040	561	40	-0.0000140090	0.0000000190
11	95726041	97057057	489	40	-0.0000780223	0.0000000187
11	97057058	98705064	540	40	0.0000369579	0.0000000201
11	98705065	100417168	744	40	-0.0000627636	0.0000000223
11	100417169	101331120	361	40	-0.0000380391	0.0000000129
11	101331121	103959635	1007	40	0.0000246914	0.0000000213
11	103959636	104873283	277	22	-0.0000921082	0.0000000074
11	104873284	106520893	451	40	0.0000254685	0.0000000154
11	106520894	107844199	458	40	-0.0000883431	0.0000000149
11	107844200	108437036	128	11	-0.0000220589	0.0000000038
11	108437037	109866115	332	40	0.0000615126	0.0000000111
11	109866116	111114396	478	40	0.0000683122	0.0000000161
11	111114397	112459487	368	37	-0.0000050423	0.0000000123
11	112459488	114257727	751	40	-0.0000651873	0.0000000232
11	114257728	114830665	211	26	0.0000040654	0.0000000066
11	114830666	116383347	638	40	0.0000035203	0.0000000228
11	116383348	117747109	527	40	-0.0000248011	0.0000000206
11	117747110	119215475	467	40	0.0000501040	0.0000000162
11	119215476	120766805	601	40	0.0000995675	0.0000000216
11	120766806	121175942	189	23	0.0000442244	0.0000000060
11	121175943	122591909	457	40	-0.0000112799	0.0000000195
11	122591910	123500116	400	40	-0.0000935907	0.0000000164
11	123500117	124495527	457	40	0.0000820320	0.0000000145
11	124495528	126311319	715	40	0.0000790159	0.0000000211
11	126311320	127316678	548	40	0.0000532982	0.0000000171
11	127316679	128188536	300	40	-0.0001168672	0.0000000102
11	128188537	130342574	816	40	0.0000158044	0.0000000214
11	130342575	131074611	360	40	0.0001073483	0.0000000139
11	131074612	133000045	1071	40	-0.0000730846	0.0000000212
11	133000046	134205992	522	40	0.0000946742	0.0000000215
11	134205993	134946451	391	40	0.0001095362	0.0000000147
12	61107	1080330	281	40	0.0001070334	0.0000000121
12	1080331	2544785	476	40	0.0000776906	0.0000000182
12	2544786	3677036	483	40	-0.0000149042	0.0000000195
12	3677037	4417678	378	40	0.0000273807	0.0000000141
12	4417679	5321471	470	40	-0.0000314955	0.0000000175
12	5321472	6419752	525	40	-0.0000145725	0.0000000188
12	6419753	8377535	159	27	-0.0000327208	0.0000000071
12	8377536	9031394	0	0	0.0000000000	0.0000000000
12	9031395	10481533	196	27	0.0000426505	0.0000000061
12	10481534	11754845	328	40	-0.0000722156	0.0000000107
12	11754846	12733527	423	40	0.0000422870	0.0000000176
12	12733528	15241483	991	40	0.0000055983	0.0000000226
12	15241484	16310459	250	36	-0.0000284912	0.0000000096
12	16310460	18087872	543	40	0.0000247356	0.0000000198
12	18087873	20863942	891	40	-0.0000563078	0.0000000225
12	20863943	23820633	1021	40	-0.0001268398	0.0000000216
12	23820634	25371082	694	40	-0.0000204834	0.0000000209
12	25371083	27799772	957	40	-0.0000218873	0.0000000222
12	27799773	29651254	670	40	-0.0000607393	0.0000000189
12	29651255	30512405	453	40	-0.0000191798	0.0000000138
12	30512406	32165591	591	40	0.0000262467	0.0000000210
12	32165592	33076988	360	40	-0.0000118465	0.0000000114
12	33076989	37856716	342	23	0.0000115792	0.0000000089
12	37856717	39227168	130	7	0.0000571343	0.0000000049
12	39227169	40816184	472	40	0.0000977104	0.0000000143
12	40816185	41658585	344	36	0.0000093648	0.0000000108
12	41658586	43984473	875	40	-0.0000335014	0.0000000232
12	43984474	46024228	456	40	0.0000205553	0.0000000130
12	46024229	47714792	453	40	0.0001028958	0.0000000157
12	47714793	49001865	496	40	-0.0001374452	0.0000000164
12	49001866	51776493	558	40	0.0000299125	0.0000000172
12	51776494	53039003	585	40	-0.0000709359	0.0000000179
12	53039004	54778822	516	40	0.0000733953	0.0000000173
12	54778823	55665836	259	34	-0.0000465640	0.0000000096
12	55665837	57548859	349	40	0.0000455649	0.0000000119
12	57548860	59308665	434	40	0.0000237704	0.0000000135
12	59308666	61123728	438	40	-0.0000974567	0.0000000139
12	61123729	64032460	919	40	0.0000202065	0.0000000204
12	64032461	65559694	363	40	0.0000167151	0.0000000117
12	65559695	67181143	503	40	0.0000654658	0.0000000162
12	67181144	67909728	314	40	0.0000609178	0.0000000100
12	67909729	69826541	796	40	-0.0000684522	0.0000000215
12	69826542	70957986	480	40	-0.0000708083	0.0000000132
12	70957987	72645074	510	40	-0.0000171211	0.0000000159
12	72645075	73818453	294	30	0.0000497952	0.0000000097
12	73818454	76511313	754	40	-0.0001065627	0.0000000207
12	76511314	78570569	734	40	-0.0001014805	0.0000000223
12	78570570	80448149	398	40	-0.0001467649	0.0000000121
12	80448150	81467766	293	33	-0.0000032020	0.0000000089
12	81467767	83502665	538	40	0.0000679671	0.0000000156
12	83502666	84303843	226	27	-0.0000216387	0.0000000074
12	84303844	85990425	383	34	-0.0000630367	0.0000000106
12	85990426	89682121	730	40	0.0000245145	0.0000000196
12	89682122	92066154	601	40	-0.0000435537	0.0000000175
12	92066155	94514566	889	40	-0.0000890004	0.0000000223
12	94514567	96020784	656	40	-0.0000230854	0.0000000217
12	96020785	97108838	431	40	0.0000975120	0.0000000159
12	97108839	99305986	909	40	-0.0001609709	0.0000000230
12	99305987	101447640	626	40	-0.0000632010	0.0000000208
12	101447641	101862689	139	16	0.0000177894	0.0000000043
12	101862690	102964985	277	40	0.0000301725	0.0000000103
12	102964986	104848695	716	40	-0.0000050338	0.0000000230
12	104848696	106436212	822	40	-0.0000083982	0.0000000208
12	106436213	106958747	226	32	-0.0000586650	0.0000000089
12	106958748	109025900	698	40	0.0000239890	0.0000000201
12	109025901	110336718	331	40	0.0000124381	0.0000000118
12	110336719	113263517	312	35	0.0000300475	0.0000000112
12	113263518	113986708	192	27	-0.0000152309	0.0000000067
12	113986709	115036601	511	40	-0.0000605272	0.0000000169
12	115036602	115503215	171	33	0.0001017429	0.0000000063
12	115503216	117087470	728	40	-0.0001238858	0.0000000226
12	117087471	118135374	440	40	0.0000911360	0.0000000174
12	118135375	119754109	669	40	0.0000273717	0.0000000206
12	119754110	122007650	564	40	0.0001377684	0.0000000210
12	122007651	124977979	612	40	-0.0000499344	0.0000000215
12	124977980	126445504	603	40	-0.0000009432	0.0000000214
12	126445505	127875097	630	40	-0.0000899610	0.0000000200
12	127875098	129237296	684	40	-0.0000372993	0.0000000212
12	129237297	130377920	658	40	-0.0000399288	0.0000000210
12	130377921	131786750	713	40	-0.0000097724	0.0000000223
12	131786751	132807033	268	40	0.0000139733	0.0000000088
12	132807034	133841510	155	23	0.0000684946	0.0000000069
13	19020013	20686719	260	34	-0.0000767726	0.0000000100
13	20686720	22242173	562	40	0.0000294165	0.0000000202
13	22242174	23594701	670	40	0.0000706137	0.0000000220
13	23594702	24531936	483	40	-0.0000867999	0.0000000179
13	24531937	25784361	605	40	0.0000570072	0.0000000205
13	25784362	27284361	523	40	0.0000009654	0.0000000180
13	27284362	29257550	822	40	0.0001000296	0.0000000211
13	29257551	30483266	478	40	0.0000258190	0.0000000166
13	30483267	32301814	750	40	0.0000236938	0.0000000217
13	32301815	33776902	554	40	-0.0000997678	0.0000000184
13	33776903	35026463	447	40	-0.0000080405	0.0000000139
13	35026464	36046366	213	30	-0.0000210869	0.0000000071
13	36046367	37498184	627	40	0.0000672111	0.0000000220
13	37498185	38878162	519	40	0.0000026066	0.0000000161
13	38878163	41069262	835	40	0.0000942381	0.0000000211
13	41069263	43101026	602	40	-0.0001293901	0.0000000206
13	43101027	44901408	790	40	0.0000336900	0.0000000215
13	44901409	46495213	510	40	-0.0001150540	0.0000000188
13	46495214	47431078	354	40	-0.0000727220	0.0000000102
13	47431079	49383961	596	40	0.0001114696	0.0000000199
13	49383962	51591090	705	40	-0.0000378463	0.0000000221
13	51591091	53339621	436	40	-0.0000983517	0.0000000148
13	53339622	54682863	512	40	0.0000355256	0.0000000176
13	54682864	55817130	314	36	-0.0000179382	0.0000000098
13	55817131	57554216	295	22	-0.0000898353	0.0000000072
13	57554217	58410625	197	20	0.0000064848	0.0000000053
13	58410626	59302270	208	21	-0.0000642959	0.0000000061
13	59302271	60854777	548	40	-0.0001584755	0.0000000185
13	60854778	61591948	279	34	-0.0000158482	0.0000000104
13	61591949	63971558	623	40	-0.0000925813	0.0000000205
13	63971559	65200601	296	31	-0.0000694915	0.0000000069
13	65200602	67844452	774	40	-0.0000261730	0.0000000237
13	67844453	70724515	871	40	-0.0000693655	0.0000000233
13	70724516	71526790	318	40	-0.0000546148	0.0000000110
13	71526791	73934088	826	40	0.0000351497	0.0000000219
13	73934089	75670142	718	40	0.0000480506	0.0000000221
13	75670143	77410554	758	40	-0.0000906463	0.0000000210
13	77410555	78808812	413	40	0.0000526124	0.0000000123
13	78808813	80585675	563	40	0.0001299626	0.0000000182
13	80585676	82581813	599	40	0.0001318058	0.0000000203
13	82581814	84133143	387	35	0.0000020767	0.0000000107
13	84133144	85610915	407	40	0.0000368601	0.0000000123
13	85610916	88559881	739	40	0.0000287138	0.0000000222
13	88559882	90521310	460	40	-0.0000168241	0.0000000134
13	90521311	93129690	841	40	-0.0000314284	0.0000000217
13	93129691	93586454	119	16	-0.0000116701	0.0000000057
13	93586455	96087557	1154	40	-0.0000130996	0.0000000220
13	96087558	97519209	345	37	0.0001222131	0.0000000126
13	97519210	98938918	432	40	-0.0001152121	0.0000000167
13	98938919	100574094	755	40	0.0001206003	0.0000000231
13	100574095	102300522	759	40	-0.0000329752	0.0000000222
13	102300523	104066709	900	40	-0.0000642082	0.0000000222
13	104066710	104844113	307	40	0.0000631174	0.0000000105
13	104844114	106247553	621	40	-0.0001388793	0.0000000210
13	106247554	106749999	269	40	-0.0000062480	0.0000000087
13	106750000	108189876	602	40	0.0001019647	0.0000000218
13	108189877	109121209	431	40	0.0001078129	0.0000000179
13	109121210	109815111	318	40	-0.0000771983	0.0000000116
13	109815112	111232072	670	40	-0.0000816585	0.0000000210
13	111232073	112247591	434	40	0.0000614106	0.0000000158
13	112247592	113572487	450	40	0.0000664773	0.0000000163
13	113572488	115109852	313	40	-0.0000358141	0.0000000130
14	19002084	21589401	561	40	-0.0000314103	0.0000000222
14	21589402	23018664	664	40	0.0000438545	0.0000000219
14	23018665	24905122	636	40	0.0000209874	0.0000000220
14	24905123	26135685	525	40	-0.0001102084	0.0000000175
14	26135686	28466532	691	40	0.0000456842	0.0000000216
14	28466533	29972144	377	40	-0.0000372020	0.0000000142
14	29972145	32383264	564	40	-0.0000792085	0.0000000229
14	32383265	34846250	1235	40	-0.0000201334	0.0000000212
14	34846251	35859592	231	27	-0.0000373934	0.0000000071
14	35859593	38667724	855	40	-0.0000339186	0.0000000211
14	38667725	40341989	513	40	0.0000155617	0.0000000168
14	40341990	41615501	346	31	-0.0000599213	0.0000000125
14	41615502	43137388	407	36	-0.0000964031	0.0000000137
14	43137389	44543226	354	40	-0.0000329281	0.0000000120
14	44543227	46081895	362	40	0.0000473050	0.0000000110
14	46081896	46749129	186	16	-0.0000421239	0.0000000041
14	46749130	48573585	575	40	-0.0000266460	0.0000000199
14	48573586	49005470	110	13	0.0000412415	0.0000000045
14	49005471	50507759	457	40	0.0000576071	0.0000000165
14	50507760	51493571	337	40	-0.0001312324	0.0000000151
14	51493572	53474382	813	40	0.0000690872	0.0000000233
14	53474383	53997830	171	19	0.0000088692	0.0000000056
14	53997831	55233680	442	40	-0.0000665907	0.0000000164
14	55233681	56216879	281	26	-0.0000053033	0.0000000093
14	56216880	57481261	651	40	-0.0000786801	0.0000000246
14	57481262	59448335	683	40	-0.0000637169	0.0000000223
14	59448336	61680423	589	40	-0.0000278682	0.0000000167
14	61680424	63790014	782	40	-0.0000205284	0.0000000207
14	63790015	65220297	315	33	0.0001557934	0.0000000119
14	65220298	66399554	390	40	-0.0000141519	0.0000000134
14	66399555	67992316	401	32	-0.0000259469	0.0000000084
14	67992317	71131956	1171	40	-0.0000133863	0.0000000212
14	71131957	72889614	659	40	-0.0000337784	0.0000000227
14	72889615	76444766	1065	40	0.0000505792	0.0000000239
14	76444767	77229471	347	40	-0.0000045275	0.0000000129
14	77229472	78561944	587	40	0.0000795759	0.0000000200
14	78561945	80186578	589	40	-0.0000022939	0.0000000200
14	80186579	81579713	493	40	0.0000243182	0.0000000165
14	81579714	83138096	459	40	0.0000341632	0.0000000150
14	83138097	84241632	375	40	-0.0000024675	0.0000000109
14	84241633	85746318	457	40	-0.0000076640	0.0000000179
14	85746319	86647001	300	35	0.0000454529	0.0000000114
14	86647002	87635340	304	40	0.0000169150	0.0000000109
14	87635341	89497642	584	40	0.0001157250	0.0000000197
14	89497643	91296859	674	40	-0.0000792031	0.0000000220
14	91296860	93132298	629	40	-0.0000980971	0.0000000214
14	93132299	94325284	392	40	-0.0001112905	0.0000000150
14	94325285	95750866	822	40	-0.0000191032	0.0000000202
14	95750867	96262414	372	40	0.0000031147	0.0000000132
14	96262415	98341161	828	40	-0.0000281494	0.0000000212
14	98341162	99138531	360	40	-0.0000550046	0.0000000136
14	99138532	101534306	869	40	-0.0000406427	0.0000000219
14	101534307	103012101	396	40	0.0000048430	0.0000000150
14	103012102	105001722	452	40	0.0000056061	0.0000000182
14	105001723	106340357	154	28	-0.0000008765	0.0000000058
14	106340358	107289453	39	5	-0.0000240505	0.0000000015
15	20001200	21131603	5	2	-0.0000015431	0.0000000001
15	21131604	24195126	289	40	0.0000936959	0.0000000127
15	24195127	25108589	188	27	0.0000401893	0.0000000066
15	25108590	27298111	842	40	0.0000410951	0.0000000213
15	27298112	29338501	462	40	-0.0000551313	0.0000000162
15	29338502	30165567	278	40	0.0000453533	0.0000000112
15	30165568	31591820	281	40	0.0000692980	0.0000000117
15	31591821	32441810	255	36	0.0000097468	0.0000000089
15	32441811	34015424	700	40	0.0000195150	0.0000000240
15	34015425	35083250	377	40	-0.0000637968	0.0000000130
15	35083251	37456501	911	40	-0.0000186839	0.0000000214
15	37456502	38530776	340	40	0.0000100570	0.0000000122
15	38530777	40384131	738	40	0.0000103151	0.0000000216
15	40384132	41177513	210	27	0.0000151765	0.0000000075
15	41177514	42776398	387	40	0.0001572608	0.0000000146
15	42776399	44198048	232	15	0.0000457315	0.0000000074
15	44198049	46618786	456	40	-0.0000371335	0.0000000158
15	46618787	48136047	577	40	-0.0001424216	0.0000000210
15	48136048	50008042	429	40	0.0000079143	0.0000000131
15	50008043	51677559	558	40	0.0000931153	0.0000000192
15	51677560	53069095	364	35	-0.0000449458	0.0000000125
15	53069096	54508527	625	40	0.0000073006	0.0000000206
15	54508528	55136268	241	30	-0.0000174585	0.0000000095
15	55136269	56901772	496	40	-0.0000204425	0.0000000204
15	56901773	58441365	605	40	0.0000259125	0.0000000216
15	58441366	59694115	468	40	0.0001165150	0.0000000190
15	59694116	61265835	654	40	0.0000410401	0.0000000220
15	61265836	63215221	841	40	-0.0000624760	0.0000000221
15	63215222	65104667	438	40	0.0000123134	0.0000000150
15	65104668	67094766	576	40	-0.0000235832	0.0000000218
15	67094767	69017998	651	40	0.0000799518	0.0000000226
15	69017999	70133340	290	40	0.0000682774	0.0000000112
15	70133341	71922648	689	40	-0.0000584301	0.0000000219
15	71922649	73628713	343	30	-0.0000469877	0.0000000098
15	73628714	76398623	519	40	-0.0001435130	0.0000000196
15	76398624	78516052	498	40	0.0000468624	0.0000000142
15	78516053	80860977	918	40	-0.0000088683	0.0000000203
15	80860978	84260467	864	40	0.0000658268	0.0000000218
15	84260468	86652904	719	40	-0.0000337747	0.0000000215
15	86652905	88369942	749	40	-0.0001226456	0.0000000213
15	88369943	90475550	681	40	-0.0000853984	0.0000000220
15	90475551	92164391	571	40	-0.0001135500	0.0000000216
15	92164392	93780901	792	40	0.0000138738	0.0000000214
15	93780902	94924329	568	40	-0.0000082843	0.0000000209
15	94924330	96141595	571	40	0.0000831713	0.0000000216
15	96141596	98030909	732	40	0.0000217043	0.0000000255
15	98030910	99244058	560	40	0.0000975105	0.0000000221
15	99244059	100636846	528	40	-0.0001302023	0.0000000222
15	100636847	101552693	387	40	0.0000194676	0.0000000143
15	101552694	102520965	426	40	-0.0000415175	0.0000000170
16	60054	1207205	276	40	0.0001781278	0.0000000131
16	1207206	2764828	321	40	-0.0000202387	0.0000000140
16	2764829	4001195	273	40	-0.0000531480	0.0000000106
16	4001196	5118344	342	40	-0.0000190007	0.0000000141
16	5118345	5891579	337	40	0.0000368214	0.0000000152
16	5891580	6893550	685	40	-0.0000256152	0.0000000223
16	6893551	7529120	473	40	0.0000381587	0.0000000186
16	7529121	8338518	531	40	-0.0000347594	0.0000000212
16	8338519	9799418	676	40	0.0002122500	0.0000000228
16	9799419	10426031	364	38	-0.0000860054	0.0000000134
16	10426032	11520160	423	40	-0.0000312975	0.0000000181
16	11520161	12613097	380	40	-0.0001222954	0.0000000172
16	12613098	13154436	292	40	0.0000468183	0.0000000109
16	13154437	14464001	527	40	0.0001128893	0.0000000193
16	14464002	16154059	296	39	0.0000724634	0.0000000116
16	16154060	17644748	376	40	0.0000399058	0.0000000142
16	17644749	18643606	174	28	0.0000550185	0.0000000076
16	18643607	20150570	376	40	0.0000148907	0.0000000134
16	20150571	22448903	401	40	0.0000000080	0.0000000122
16	22448904	24136874	489	40	-0.0000146192	0.0000000177
16	24136875	25986861	721	40	-0.0000131487	0.0000000229
16	25986862	27445754	628	40	-0.0000159823	0.0000000211
16	27445755	29036612	298	39	-0.0000123221	0.0000000095
16	29036613	31382942	230	29	-0.0000277231	0.0000000078
16	31382943	46399472	117	16	-0.0000168198	0.0000000039
16	46399473	49007925	279	32	-0.0000615275	0.0000000088
16	49007926	52035822	1056	40	-0.0000698159	0.0000000218
16	52035823	53382571	446	40	0.0000789846	0.0000000162
16	53382572	55903773	1074	40	-0.0000326566	0.0000000217
16	55903774	57664329	569	40	-0.0002023121	0.0000000227
16	57664330	59045404	456	40	-0.0000413617	0.0000000176
16	59045405	60745693	484	40	-0.0000679440	0.0000000184
16	60745694	62229848	354	40	0.0000108044	0.0000000115
16	62229849	63691588	436	40	0.0000156768	0.0000000151
16	63691589	65938565	788	40	0.0000278087	0.0000000225
16	65938566	68841362	584	40	-0.0000050696	0.0000000212
16	68841363	71054027	354	38	-0.0000448038	0.0000000119
16	71054028	72935149	412	36	-0.0000927328	0.0000000144
16	72935150	74971502	770	40	0.0000028188	0.0000000214
16	74971503	75977953	216	27	0.0000253626	0.0000000087
16	75977954	77523677	655	40	-0.0000671855	0.0000000209
16	77523678	78456291	625	40	0.0000263078	0.0000000208
16	78456292	79134814	554	40	0.0000554678	0.0000000220
16	79134815	80297373	766	40	0.0001168384	0.0000000220
16	80297374	81772535	765	40	0.0000404278	0.0000000223
16	81772536	82747727	563	40	0.0000421694	0.0000000214
16	82747728	83477207	592	40	-0.0000251575	0.0000000220
16	83477208	84445882	681	40	0.0000967157	0.0000000226
16	84445883	85148684	437	40	-0.0000306887	0.0000000174
16	85148685	86156598	467	40	-0.0000455335	0.0000000198
16	86156599	86815410	516	40	0.0000034323	0.0000000217
16	86815411	87647348	345	40	0.0001048017	0.0000000155
16	87647349	89041164	340	40	-0.0000414371	0.0000000137
16	89041165	90292811	262	31	-0.0000752647	0.0000000138
17	56	1172398	308	40	0.0000234268	0.0000000133
17	1172399	1928730	238	40	0.0000407768	0.0000000097
17	1928731	3702311	605	40	0.0000022750	0.0000000211
17	3702312	4696260	330	40	0.0000471776	0.0000000110
17	4696261	5741333	343	40	0.0001444853	0.0000000138
17	5741334	7317397	587	40	-0.0001167083	0.0000000216
17	7317398	8306424	272	40	0.0000043133	0.0000000119
17	8306425	9965920	636	40	0.0000853501	0.0000000224
17	9965921	11102814	460	40	-0.0000321313	0.0000000178
17	11102815	12534768	548	40	-0.0000026125	0.0000000213
17	12534769	13180371	286	40	0.0000861351	0.0000000113
17	13180372	13894636	359	40	-0.0001052397	0.0000000141
17	13894637	15019096	593	40	0.0000158557	0.0000000211
17	15019097	16412341	308	40	0.0000099317	0.0000000139
17	16412342	18856319	522	40	0.0000972474	0.0000000197
17	18856320	21290356	368	40	-0.0000655663	0.0000000125
17	21290357	27334243	464	40	0.0000615413	0.0000000188
17	27334244	29786490	462	38	0.0000601151	0.0000000147
17	29786491	31538424	524	40	0.0000524245	0.0000000206
17	31538425	32912797	804	40	0.0000500362	0.0000000216
17	32912798	34469035	471	40	0.0000823178	0.0000000172
17	34469036	36809343	483	40	-0.0000248838	0.0000000185
17	36809344	38877403	374	40	0.0000943529	0.0000000147
17	38877404	39899809	292	32	-0.0000012104	0.0000000086
17	39899810	41772086	342	37	0.0000858659	0.0000000111
17	41772087	43056904	306	35	-0.0000562171	0.0000000120
17	43056905	45876021	328	40	0.0001096017	0.0000000142
17	45876022	47517399	479	40	-0.0001302564	0.0000000157
17	47517400	49898956	731	40	-0.0001114682	0.0000000218
17	49898957	50719054	284	27	0.0000455369	0.0000000096
17	50719055	51826117	303	34	0.0000087354	0.0000000106
17	51826118	53599431	600	40	0.0001513516	0.0000000209
17	53599432	55357540	603	40	-0.0000669697	0.0000000198
17	55357541	57487511	643	40	0.0000337852	0.0000000223
17	57487512	59312754	231	22	0.0000143282	0.0000000067
17	59312755	61545588	421	40	-0.0000301348	0.0000000150
17	61545589	63148127	282	34	0.0000267906	0.0000000105
17	63148128	64800429	595	40	-0.0001299278	0.0000000209
17	64800430	67858769	883	40	0.0000793327	0.0000000216
17	67858770	69387816	592	40	-0.0000099458	0.0000000192
17	69387817	72672202	1407	40	0.0000664677	0.0000000220
17	72672203	74375559	368	40	-0.0000717990	0.0000000129
17	74375560	76263412	702	40	0.0000970250	0.0000000229
17	76263413	77298635	451	40	-0.0000586836	0.0000000187
17	77298636	78837587	524	40	0.0000184525	0.0000000194
17	78837588	80034407	221	40	-0.0000580367	0.0000000115
17	80034408	81194907	265	34	-0.0000520850	0.0000000103
18	10644	912485	392	40	-0.0000758969	0.0000000144
18	912486	1942910	364	40	0.0000257824	0.0000000116
18	1942911	3891657	750	40	-0.0000340639	0.0000000217
18	3891658	5834179	775	40	0.0000211620	0.0000000210
18	5834180	7090484	558	40	0.0000994455	0.0000000209
18	7090485	8498930	575	40	0.0000770689	0.0000000213
18	8498931	11075912	1225	40	0.0000418054	0.0000000220
18	11075913	11905439	252	40	-0.0000669121	0.0000000093
18	11905440	14440798	714	40	-0.0000022060	0.0000000217
18	14440799	19485843	149	16	-0.0000050833	0.0000000046
18	19485844	20649471	287	34	-0.0000029284	0.0000000095
18	20649472	22996650	785	40	0.0001282133	0.0000000229
18	22996651	24026190	303	34	0.0000450465	0.0000000109
18	24026191	25927681	765	40	-0.0001074220	0.0000000207
18	25927682	26875586	243	26	-0.0000199570	0.0000000083
18	26875587	27866477	267	27	-0.0000372661	0.0000000086
18	27866478	30264065	834	40	-0.0000721274	0.0000000241
18	30264066	31780066	335	36	0.0000138772	0.0000000113
18	31780067	33861963	576	40	0.0000758989	0.0000000188
18	33861964	35075249	471	40	-0.0000465945	0.0000000167
18	35075250	36365489	479	40	0.0000080885	0.0000000144
18	36365490	37684366	341	33	-0.0000409754	0.0000000095
18	37684367	39892647	760	40	0.0000829750	0.0000000228
18	39892648	42922105	902	40	0.0000718708	0.0000000212
18	42922106	44299245	650	40	0.0000239756	0.0000000217
18	44299246	45939731	581	40	0.0000539635	0.0000000204
18	45939732	47730583	732	40	-0.0000477763	0.0000000222
18	47730584	51062184	1155	40	0.0000115884	0.0000000225
18	51062185	51554174	173	15	-0.0000708882	0.0000000066
18	51554175	55213837	1086	40	0.0000505873	0.0000000225
18	55213838	56530219	580	40	-0.0000082101	0.0000000201
18	56530220	57630482	575	40	0.0000439935	0.0000000215
18	57630483	59020750	394	40	0.0000869417	0.0000000142
18	59020751	60277714	528	40	-0.0000387944	0.0000000179
18	60277715	61820251	552	40	0.0001436169	0.0000000179
18	61820252	63463401	512	40	-0.0000611551	0.0000000170
18	63463402	64252800	236	22	-0.0000111738	0.0000000059
18	64252801	66125816	718	40	0.0000694555	0.0000000223
18	66125817	67175819	317	40	0.0000185230	0.0000000120
18	67175820	68621178	447	40	-0.0000099196	0.0000000172
18	68621179	69621617	379	40	-0.0000074306	0.0000000147
18	69621618	71038473	553	40	0.0000116450	0.0000000201
18	71038474	71971461	485	40	-0.0000187814	0.0000000183
18	71971462	73526986	644	40	-0.0000010438	0.0000000206
18	73526987	74813814	583	40	-0.0000178544	0.0000000218
18	74813815	75976316	578	40	0.0000688594	0.0000000220
18	75976317	77149990	408	40	0.0002233982	0.0000000171
18	77149991	78017157	260	38	-0.0000488456	0.0000000117
19	80840	610728	99	25	-0.0000767274	0.0000000052
19	610729	2098395	308	40	0.0000469433	0.0000000125
19	2098396	3019659	222	40	-0.0000841511	0.0000000092
19	3019660	4348966	296	40	0.0002024812	0.0000000136
19	4348967	5811851	384	40	0.0000787218	0.0000000159
19	5811852	6684884	197	40	0.0001072683	0.0000000082
19	6684885	8347512	501	40	-0.0000700586	0.0000000186
19	8347513	9238392	221	40	-0.0000060354	0.0000000084
19	9238393	11284027	440	40	-0.0000433159	0.0000000149
19	11284028	13471126	380	40	-0.0000182955	0.0000000134
19	13471127	14486346	193	38	-0.0000237569	0.0000000074
19	14486347	15648609	345	40	-0.0000439778	0.0000000121
19	15648610	16374415	334	40	-0.0000615643	0.0000000102
19	16374416	18409861	491	40	-0.0000850524	0.0000000193
19	18409862	19877470	269	40	-0.0000660927	0.0000000113
19	19877471	20905756	128	20	-0.0000466910	0.0000000053
19	20905757	22732895	297	36	0.0000173260	0.0000000095
19	22732896	23467745	126	13	-0.0000007596	0.0000000044
19	23467746	28557892	265	27	-0.0000469148	0.0000000073
19	28557893	29790946	458	40	0.0000355821	0.0000000149
19	29790947	30727953	329	40	0.0000392305	0.0000000132
19	30727954	32746519	631	40	-0.0000489303	0.0000000225
19	32746520	34262951	467	40	-0.0000590842	0.0000000179
19	34262952	36469294	610	40	-0.0000276333	0.0000000221
19	36469295	37527032	222	20	-0.0000414190	0.0000000065
19	37527033	40170618	575	40	0.0000270073	0.0000000189
19	40170619	40984600	179	25	-0.0000512514	0.0000000054
19	40984601	42131572	284	40	0.0000026581	0.0000000120
19	42131573	43862454	145	21	0.0000200166	0.0000000064
19	43862455	44744107	279	40	-0.0000491860	0.0000000098
19	44744108	46102696	334	40	-0.0000073129	0.0000000145
19	46102697	47150081	256	40	-0.0000127368	0.0000000103
19	47150082	49282226	549	40	-0.0000222237	0.0000000204
19	49282227	51532566	580	40	-0.0000765285	0.0000000216
19	51532567	52985289	594	40	0.0000005190	0.0000000204
19	52985290	54602361	489	40	-0.0000516869	0.0000000184
19	54602362	55728079	336	40	-0.0000270079	0.0000000124
19	55728080	57521334	636	40	-0.0000927072	0.0000000216
19	57521335	59118838	507	40	-0.0001251614	0.0000000172
20	60479	697599	263	40	-0.0001105812	0.0000000105
20	697600	2469500	957	40	-0.0000106939	0.0000000214
20	2469501	3828412	468	40	-0.0001617119	0.0000000175
20	3828413	5477849	778	40	-0.0000478334	0.0000000208
20	5477850	7084072	716	40	0.0001004601	0.0000000213
20	7084073	8117010	400	40	-0.0000405700	0.0000000130
20	8117011	9730920	752	40	-0.0000236399	0.0000000216
20	9730921	11249535	714	40	-0.0000260046	0.0000000225
20	11249536	12447498	494	40	-0.0000072659	0.0000000144
20	12447499	13689863	544	40	-0.0000093491	0.0000000192
20	13689864	15958358	973	40	0.0000530720	0.0000000226
20	15958359	17487231	920	40	-0.0000366726	0.0000000231
20	17487232	18972202	588	40	-0.0000446282	0.0000000223
20	18972203	20959709	863	40	-0.0000160081	0.0000000221
20	20959710	22491455	400	39	-0.0001144960	0.0000000126
20	22491456	23293789	348	40	0.0001114438	0.0000000113
20	23293790	24717723	508	40	0.0000724036	0.0000000172
20	24717724	25344230	205	20	-0.0000553509	0.0000000071
20	25344231	31614822	546	40	-0.0000197401	0.0000000180
20	31614823	32813440	269	28	0.0000406272	0.0000000084
20	32813441	34960445	392	29	-0.0000111514	0.0000000104
20	34960446	36909529	468	40	-0.0001458989	0.0000000152
20	36909530	38436760	495	40	-0.0000752145	0.0000000157
20	38436761	39610855	454	40	-0.0000123802	0.0000000165
20	39610856	40585688	259	32	-0.0000685845	0.0000000086
20	40585689	41615459	571	40	0.0000285003	0.0000000209
20	41615460	42680175	381	40	-0.0000341795	0.0000000145
20	42680176	44839055	717	40	0.0001221864	0.0000000223
20	44839056	47199979	1005	40	-0.0000385860	0.0000000214
20	47199980	49239657	719	40	-0.0000269073	0.0000000214
20	49239658	52472548	1309	40	-0.0000474371	0.0000000221
20	52472549	54055265	604	40	-0.0000379434	0.0000000223
20	54055266	56447958	1116	40	0.0000139571	0.0000000214
20	56447959	58406571	857	40	0.0000216835	0.0000000219
20	58406572	59561723	538	40	-0.0000108805	0.0000000191
20	59561724	61301854	726	40	-0.0000569917	0.0000000227
20	61301855	62190179	286	40	-0.0000168599	0.0000000126
20	62190180	62965162	201	35	-0.0000785736	0.0000000088
21	9411243	15950981	275	40	-0.0000499455	0.0000000096
21	15950982	18053164	651	40	-0.0000628361	0.0000000213
21	18053165	19480374	427	40	-0.0000762752	0.0000000167
21	19480375	20962338	595	40	0.0000070098	0.0000000210
21	20962339	22072763	355	40	-0.0000035230	0.0000000122
21	22072764	23362874	518	40	0.0001323728	0.0000000172
21	23362875	24696230	351	40	0.0001684099	0.0000000131
21	24696231	26469121	641	40	-0.0000199536	0.0000000217
21	26469122	27271018	214	25	-0.0000513018	0.0000000078
21	27271019	29125225	854	40	-0.0000922752	0.0000000216
21	29125226	31197024	670	40	-0.0000209985	0.0000000200
21	31197025	32668641	438	40	-0.0000270877	0.0000000121
21	32668642	34376998	626	40	0.0000365592	0.0000000209
21	34376999	35225464	269	40	0.0000135345	0.0000000095
21	35225465	36524372	542	40	0.0000369539	0.0000000218
21	36524373	37870778	512	40	0.0000963209	0.0000000187
21	37870779	38711703	302	39	-0.0000304033	0.0000000099
21	38711704	40482901	816	40	-0.0000537297	0.0000000220
21	40482902	41389526	477	40	-0.0000322854	0.0000000164
21	41389527	43321527	958	40	0.0000204451	0.0000000220
21	43321528	44506267	642	40	0.0000349321	0.0000000214
21	44506268	46177104	540	40	0.0000560172	0.0000000201
21	46177105	47492225	483	40	0.0000883913	0.0000000174
21	47492226	48119751	200	23	0.0000366320	0.0000000092
22	16050408	17674294	205	36	-0.0000482961	0.0000000092
22	17674295	18296087	257	40	-0.0000457544	0.0000000097
22	18296088	19912357	505	40	-0.0000143472	0.0000000179
22	19912358	22357324	566	40	0.0000475238	0.0000000188
22	22357325	23712646	325	40	0.0000245614	0.0000000119
22	23712647	24984203	337	40	-0.0000510286	0.0000000110
22	24984204	26791627	727	40	-0.0000703761	0.0000000214
22	26791628	27834751	724	40	0.0000867248	0.0000000223
22	27834752	29651798	556	40	0.0000479856	0.0000000217
22	29651799	31439917	520	40	0.0000564749	0.0000000180
22	31439918	32664985	331	31	0.0000048156	0.0000000110
22	32664986	34494913	916	40	0.0000160309	0.0000000223
22	34494914	35530984	490	40	0.0001831099	0.0000000183
22	35530985	37570268	811	40	-0.0000680570	0.0000000219
22	37570269	39307893	507	40	0.0000847106	0.0000000185
22	39307894	40545796	327	40	0.0000539065	0.0000000134
22	40545797	42690817	447	32	-0.0000810865	0.0000000152
22	42690818	43714199	368	40	0.0000199229	0.0000000131
22	43714200	44995307	677	40	-0.0000332941	0.0000000218
22	44995308	46470494	600	40	-0.0000009454	0.0000000220
22	46470495	47596317	411	40	-0.0000494534	0.0000000162
22	47596318	48903702	735	40	-0.0000732114	0.0000000224
22	48903703	49824533	604	40	-0.0001251759	0.0000000225
22	49824534	51243297	368	40	0.0002196326	0.0000000144
