chr	start	end	num_snp	k	local_rho	var
1	10583	1892606	110	20	-0.0001156732	0.0000000122
1	1892607	3582735	458	40	-0.0000029095	0.0000000447
1	3582736	4380810	290	40	-0.0001027149	0.0000000329
1	4380811	5913892	903	40	-0.0001501963	0.0000000463
1	5913893	7247334	442	40	0.0000274880	0.0000000350
1	7247335	9365198	734	40	0.0000228195	0.0000000538
1	9365199	10806983	371	40	-0.0002263787	0.0000000294
1	10806984	11777840	277	40	0.0001179282	0.0000000241
1	11777841	12779465	301	40	0.0000901771	0.0000000343
1	12779466	14891510	638	40	0.0002891721	0.0000000497
1	14891511	16897729	730	40	0.0001409467	0.0000000464
1	16897730	18662898	691	40	-0.0001835586	0.0000000465
1	18662899	20469148	769	40	0.0000111352	0.0000000469
1	20469149	21736587	472	40	0.0000249721	0.0000000360
1	21736588	23086882	541	40	-0.0001296978	0.0000000450
1	23086883	23920589	234	29	0.0000465355	0.0000000237
1	23920590	25516844	547	40	0.0001752307	0.0000000433
1	25516845	27401866	431	40	0.0000845989	0.0000000331
1	27401867	30161880	572	40	0.0002018445	0.0000000444
1	30161881	32438684	972	40	0.0001437902	0.0000000502
1	32438685	34799757	706	40	0.0002950827	0.0000000504
1	34799758	37549182	592	40	0.0001095545	0.0000000418
1	37549183	38731846	388	40	0.0003177247	0.0000000323
1	38731847	40200566	455	40	0.0000225187	0.0000000364
1	40200567	41975326	569	40	0.0005275060	0.0000000459
1	41975327	43758456	577	40	-0.0000039461	0.0000000351
1	43758457	44969182	387	36	0.0000402389	0.0000000281
1	44969183	46899500	471	39	0.0003732740	0.0000000409
1	46899501	48002575	316	34	0.0001795113	0.0000000221
1	48002576	48978187	358	40	0.0002138458	0.0000000291
1	48978188	49894176	251	29	-0.0001012575	0.0000000186
1	49894177	51713725	262	25	0.0003046727	0.0000000215
1	51713726	54226261	580	40	0.0000608259	0.0000000437
1	54226262	56413116	874	40	0.0000978957	0.0000000493
1	56413117	57021727	286	31	0.0000015387	0.0000000226
1	57021728	58865398	888	40	-0.0000419222	0.0000000486
1	58865399	59890408	408	40	0.0000010141	0.0000000332
1	59890409	61922364	693	40	0.0000696511	0.0000000500
1	61922365	63455088	566	40	0.0000212548	0.0000000400
1	63455089	65041703	689	40	0.0001149985	0.0000000421
1	65041704	66939403	668	40	0.0002120900	0.0000000503
1	66939404	68477894	710	40	-0.0000636993	0.0000000428
1	68477895	69687615	399	40	0.0001225244	0.0000000290
1	69687616	71372469	556	40	-0.0001071260	0.0000000389
1	71372470	71684404	87	10	-0.0000115821	0.0000000089
1	71684405	74326906	579	40	0.0002998976	0.0000000317
1	74326907	76728134	756	40	-0.0001971684	0.0000000435
1	76728135	79661197	984	40	0.0000322300	0.0000000503
1	79661198	81354190	498	40	0.0000471751	0.0000000313
1	81354191	83991747	1013	40	0.0001716571	0.0000000468
1	83991748	84844494	327	35	-0.0001921669	0.0000000243
1	84844495	86454750	676	40	-0.0001080643	0.0000000471
1	86454751	88128630	609	40	-0.0000076325	0.0000000454
1	88128631	90066302	543	40	0.0000305265	0.0000000439
1	90066303	91886316	586	40	0.0001873964	0.0000000444
1	91886317	93536458	531	40	0.0000012372	0.0000000370
1	93536459	94506190	266	27	-0.0000769530	0.0000000192
1	94506191	96150892	694	40	0.0000318907	0.0000000460
1	96150893	97885248	637	40	-0.0000159822	0.0000000362
1	97885249	99800603	660	40	-0.0000643501	0.0000000420
1	99800604	100826404	347	37	-0.0001036350	0.0000000213
1	100826405	102041015	466	40	0.0001612172	0.0000000352
1	102041016	102898744	292	37	-0.0002350312	0.0000000222
1	102898745	103914210	213	21	0.0001277965	0.0000000173
1	103914211	106087841	480	40	0.0000489128	0.0000000357
1	106087842	108409664	758	40	0.0000637361	0.0000000518
1	108409665	110303930	596	40	0.0000717440	0.0000000392
1	110303931	111741736	612	40	0.0002760223	0.0000000504
1	111741737	113273305	749	40	-0.0000427941	0.0000000522
1	113273306	114873844	530	40	0.0002486688	0.0000000357
1	114873845	115880592	356	37	0.0000570800	0.0000000225
1	115880593	118839066	902	40	-0.0001586938	0.0000000493
1	118839067	144977493	597	40	-0.0000450398	0.0000000364
1	144977494	148361252	457	40	0.0002499316	0.0000000348
1	148361253	151538880	361	34	0.0000872797	0.0000000305
1	151538881	153180828	512	40	0.0000100108	0.0000000311
1	153180829	154770402	486	40	0.0000757200	0.0000000328
1	154770403	156336132	320	39	0.0001173762	0.0000000314
1	156336133	158027411	636	40	0.0000661928	0.0000000486
1	158027412	159913047	729	40	0.0002196508	0.0000000562
1	159913048	162346720	927	40	0.0001831559	0.0000000467
1	162346721	165191701	1268	40	0.0000457990	0.0000000505
1	165191702	166460516	573	40	-0.0000614460	0.0000000414
1	166460517	169086323	1186	40	0.0001056555	0.0000000440
1	169086324	170557775	587	40	0.0001604469	0.0000000363
1	170557776	173097906	970	40	0.0003132098	0.0000000560
1	173097907	175089767	442	33	0.0000943621	0.0000000244
1	175089768	177433380	858	40	-0.0000696259	0.0000000487
1	177433381	178944308	537	40	-0.0000233343	0.0000000337
1	178944309	178954469	2	1	0.0000059980	0.0000000003
1	178954470	181144120	805	40	-0.0001428710	0.0000000498
1	181144121	182755355	659	40	0.0000737712	0.0000000452
1	182755356	184595512	669	40	0.0001075577	0.0000000420
1	184595513	186810022	571	40	-0.0000116410	0.0000000361
1	186810023	188759944	679	40	-0.0000022523	0.0000000435
1	188759945	189904129	246	19	0.0001255665	0.0000000149
1	189904130	191868929	583	40	-0.0000866603	0.0000000327
1	191868930	194107441	634	40	0.0000188367	0.0000000403
1	194107442	196176200	620	40	0.0002345370	0.0000000354
1	196176201	197311513	203	16	-0.0000397910	0.0000000115
1	197311514	199239883	540	40	-0.0000131014	0.0000000390
1	199239884	200137648	337	37	0.0001724946	0.0000000285
1	200137649	201589974	747	40	0.0001408628	0.0000000463
1	201589975	203334733	645	40	0.0000061469	0.0000000485
1	203334734	204681067	509	40	0.0002747790	0.0000000431
1	204681068	206073264	600	40	0.0001099715	0.0000000612
1	206073265	208410363	685	40	0.0003924477	0.0000000554
1	208410364	210787749	1007	40	0.0000107553	0.0000000489
1	210787750	212842329	735	40	0.0001852864	0.0000000489
1	212842330	214578265	643	40	-0.0001135603	0.0000000515
1	214578266	216243633	642	40	0.0000261746	0.0000000448
1	216243634	218705512	1138	40	0.0000404030	0.0000000490
1	218705513	219590570	309	36	-0.0000691007	0.0000000221
1	219590571	221858230	743	40	0.0000266764	0.0000000475
1	221858231	222230219	186	22	0.0002679583	0.0000000194
1	222230220	224938519	580	40	0.0000255213	0.0000000433
1	224938520	226810859	555	40	-0.0002857291	0.0000000414
1	226810860	229156247	776	40	0.0001010024	0.0000000466
1	229156248	230685254	589	40	0.0000834551	0.0000000462
1	230685255	232090251	625	40	-0.0001307074	0.0000000478
1	232090252	233429283	640	40	0.0000597412	0.0000000466
1	233429284	234599433	586	40	0.0002344010	0.0000000437
1	234599434	235819435	409	40	-0.0000901894	0.0000000301
1	235819436	237555627	781	40	0.0000842001	0.0000000470
1	237555628	238567806	450	40	0.0000440919	0.0000000389
1	238567807	239925313	521	40	0.0000294182	0.0000000385
1	239925314	240564090	368	40	0.0001796965	0.0000000313
1	240564091	241582219	548	40	0.0000374783	0.0000000495
1	241582220	242071601	232	40	0.0000149900	0.0000000249
1	242071602	244109498	664	40	0.0001109306	0.0000000482
1	244109499	245506745	551	40	0.0000736772	0.0000000443
1	245506746	247344517	780	40	0.0000447397	0.0000000462
1	247344518	249239465	426	40	0.0003836469	0.0000000525
2	10133	1781021	705	40	-0.0000040794	0.0000000491
2	1781022	3973778	1015	40	0.0000319703	0.0000000470
2	3973779	5708336	654	40	0.0003320110	0.0000000546
2	5708337	6836253	585	40	0.0000564326	0.0000000453
2	6836254	8422146	670	40	0.0001846410	0.0000000521
2	8422147	10298468	704	40	-0.0001659950	0.0000000471
2	10298469	12419149	1014	40	0.0000566064	0.0000000457
2	12419150	14335307	614	40	-0.0000907930	0.0000000491
2	14335308	16329734	767	40	0.0000058305	0.0000000494
2	16329735	18647422	895	40	-0.0001084522	0.0000000496
2	18647423	19692403	395	40	-0.0003006489	0.0000000341
2	19692404	21050489	662	40	0.0001863335	0.0000000460
2	21050490	23341382	639	40	0.0001801423	0.0000000488
2	23341383	24686917	456	40	0.0000365229	0.0000000378
2	24686918	26894984	580	40	-0.0000688604	0.0000000438
2	26894985	28598776	424	33	0.0000847525	0.0000000384
2	28598777	29217558	254	33	-0.0001545647	0.0000000181
2	29217559	30463710	649	40	0.0001391266	0.0000000496
2	30463711	31550449	552	40	-0.0001064841	0.0000000504
2	31550450	33363776	515	40	0.0002385986	0.0000000473
2	33363777	35345027	841	40	-0.0000591975	0.0000000484
2	35345028	36122005	301	30	-0.0000392076	0.0000000268
2	36122006	38132711	974	40	0.0001350275	0.0000000491
2	38132712	39031336	343	40	0.0003195696	0.0000000348
2	39031337	40281482	316	32	0.0000629944	0.0000000259
2	40281483	43309589	1360	40	-0.0000532301	0.0000000517
2	43309590	44313802	412	40	0.0003355201	0.0000000532
2	44313803	46482633	1115	40	0.0000356385	0.0000000484
2	46482634	47318771	434	40	0.0001289516	0.0000000416
2	47318772	48213000	307	40	0.0002708725	0.0000000317
2	48213001	50022256	737	40	0.0000333382	0.0000000509
2	50022257	50818927	352	34	0.0000095499	0.0000000281
2	50818928	52491132	665	40	0.0000969343	0.0000000493
2	52491133	53508451	487	40	0.0000497138	0.0000000413
2	53508452	54685225	455	40	-0.0000664656	0.0000000379
2	54685226	56203344	626	40	-0.0000521773	0.0000000468
2	56203345	57429099	440	40	0.0002208016	0.0000000346
2	57429100	58297314	282	29	-0.0000055709	0.0000000267
2	58297315	60291999	765	40	0.0003232911	0.0000000488
2	60292000	62429043	609	40	0.0000037520	0.0000000508
2	62429044	64625912	600	40	-0.0000062298	0.0000000450
2	64625913	65933443	475	40	0.0000236502	0.0000000405
2	65933444	67226165	561	40	0.0003004710	0.0000000444
2	67226166	68010175	429	40	-0.0000463316	0.0000000337
2	68010176	69139563	494	40	-0.0000559372	0.0000000362
2	69139564	70755197	551	40	0.0001401238	0.0000000408
2	70755198	73174847	828	40	-0.0000751455	0.0000000496
2	73174848	75630085	754	40	0.0001005512	0.0000000551
2	75630086	76913660	531	40	0.0001041128	0.0000000389
2	76913661	78079263	407	40	-0.0001316971	0.0000000355
2	78079264	80050402	852	40	0.0000523581	0.0000000486
2	80050403	81620840	591	40	-0.0000764537	0.0000000516
2	81620841	85140679	919	40	0.0000570730	0.0000000447
2	85140680	88038506	656	40	0.0003153201	0.0000000472
2	88038507	89154525	253	31	-0.0001247571	0.0000000180
2	89154526	95326451	4	2	-0.0000146385	0.0000000001
2	95326452	98995200	437	40	0.0002833258	0.0000000389
2	98995201	101822328	928	40	-0.0000640027	0.0000000487
2	101822329	102688764	270	30	-0.0000707462	0.0000000231
2	102688765	103588214	417	37	0.0002291984	0.0000000304
2	103588215	105125033	316	40	-0.0000844687	0.0000000234
2	105125034	106210057	416	40	-0.0000475973	0.0000000309
2	106210058	107408266	460	40	-0.0000136408	0.0000000327
2	107408267	108429176	366	40	-0.0000032392	0.0000000231
2	108429177	110572431	549	40	0.0000146886	0.0000000379
2	110572432	113921855	827	40	0.0000409146	0.0000000565
2	113921856	116772469	783	40	0.0000115841	0.0000000481
2	116772470	118367465	413	39	-0.0002669519	0.0000000265
2	118367466	121303782	1023	40	-0.0000309800	0.0000000515
2	121303783	123302905	605	40	0.0001469191	0.0000000451
2	123302906	124732249	446	40	0.0002285979	0.0000000329
2	124732250	125840920	398	40	0.0001146155	0.0000000288
2	125840921	127373763	424	38	-0.0000135001	0.0000000266
2	127373764	128034346	303	40	0.0000119974	0.0000000228
2	128034347	129474440	444	40	-0.0000240159	0.0000000318
2	129474441	130067169	238	27	-0.0000345705	0.0000000164
2	130067170	130658084	216	26	0.0001230714	0.0000000173
2	130658085	133042783	232	36	0.0000899340	0.0000000186
2	133042784	135158577	938	40	0.0002939053	0.0000000463
2	135158578	137042793	472	40	0.0002735977	0.0000000314
2	137042794	138698116	626	40	0.0002228851	0.0000000426
2	138698117	140100270	452	40	-0.0000702451	0.0000000255
2	140100271	141805350	587	40	-0.0000147954	0.0000000442
2	141805351	142518601	305	34	-0.0001266780	0.0000000272
2	142518602	144519483	675	40	0.0000036947	0.0000000442
2	144519484	146445569	459	40	0.0000339983	0.0000000382
2	146445570	147277161	159	16	-0.0001021179	0.0000000120
2	147277162	150210291	680	40	-0.0000139250	0.0000000436
2	150210292	151731461	486	40	-0.0000101614	0.0000000322
2	151731462	152486781	294	30	0.0000819931	0.0000000220
2	152486782	154005055	512	40	-0.0000976003	0.0000000353
2	154005056	155391134	501	40	0.0002251212	0.0000000372
2	155391135	157560634	576	40	0.0000144126	0.0000000401
2	157560635	158533217	174	26	-0.0001199364	0.0000000194
2	158533218	159577081	349	40	0.0001923002	0.0000000265
2	159577082	161769732	741	40	-0.0000195414	0.0000000505
2	161769733	163503550	405	37	0.0005811398	0.0000000281
2	163503551	164466637	203	24	0.0000099472	0.0000000169
2	164466638	165178839	186	21	-0.0001153929	0.0000000151
2	165178840	167160269	655	40	0.0000799901	0.0000000459
2	167160270	167355969	74	10	-0.0000822315	0.0000000050
2	167355970	169968235	871	40	0.0005000018	0.0000000634
2	169968236	171226244	507	40	-0.0000763163	0.0000000338
2	171226245	173138904	599	40	-0.0000494179	0.0000000465
2	173138905	175588928	865	40	0.0001161122	0.0000000517
2	175588929	177363635	555	40	0.0001144256	0.0000000370
2	177363636	178553182	480	40	-0.0001671649	0.0000000327
2	178553183	181312738	1031	40	-0.0000765864	0.0000000494
2	181312739	182266030	314	32	0.0000839557	0.0000000235
2	182266031	184357607	636	40	0.0000128128	0.0000000432
2	184357608	185280172	244	26	0.0000949069	0.0000000221
2	185280173	189882064	990	40	-0.0000289476	0.0000000507
2	189882065	191973356	521	40	0.0003414761	0.0000000407
2	191973357	195861163	734	40	0.0001142545	0.0000000510
2	195861164	196447455	162	21	0.0001458508	0.0000000130
2	196447456	198078109	460	40	-0.0001301156	0.0000000263
2	198078110	199311124	319	27	0.0000688094	0.0000000184
2	199311125	201576283	650	40	0.0001724507	0.0000000426
2	201576284	202818636	326	40	0.0001441352	0.0000000274
2	202818637	205799240	772	40	0.0000040776	0.0000000489
2	205799241	206735703	417	40	-0.0002555462	0.0000000409
2	206735704	208645398	679	40	0.0001907318	0.0000000514
2	208645399	209941528	353	40	0.0001821455	0.0000000278
2	209941529	212379517	764	40	0.0001958636	0.0000000525
2	212379518	214014281	648	40	0.0001731088	0.0000000477
2	214014282	215573794	457	40	0.0001792788	0.0000000328
2	215573795	217715660	845	40	0.0002880261	0.0000000482
2	217715661	218395479	289	37	0.0000546838	0.0000000275
2	218395480	220454550	615	40	-0.0003362914	0.0000000447
2	220454551	222521175	889	40	0.0002513742	0.0000000499
2	222521176	224859418	819	40	0.0000226076	0.0000000476
2	224859419	225840003	371	37	-0.0000719636	0.0000000310
2	225840004	228119841	758	40	0.0001347325	0.0000000450
2	228119842	229370786	472	40	-0.0000081980	0.0000000321
2	229370787	231843388	968	40	-0.0001116313	0.0000000518
2	231843389	233550002	494	40	0.0000764894	0.0000000348
2	233550003	235150986	817	40	0.0000305743	0.0000000469
2	235150987	236043549	439	40	-0.0001422899	0.0000000412
2	236043550	237449031	493	40	0.0003130930	0.0000000384
2	237449032	238760980	558	40	0.0000082284	0.0000000418
2	238760981	239952642	443	40	0.0000271083	0.0000000353
2	239952643	241560083	699	40	0.0001569460	0.0000000491
2	241560084	242149920	233	31	0.0000725809	0.0000000186
2	242149921	243188919	136	17	-0.0000285058	0.0000000155
3	60157	1441778	641	40	-0.0001627908	0.0000000477
3	1441779	2992119	948	40	0.0001656705	0.0000000479
3	2992120	4431646	805	40	-0.0000298101	0.0000000485
3	4431647	6083182	821	40	0.0000093735	0.0000000461
3	6083183	7083386	447	40	0.0001010844	0.0000000368
3	7083387	8648560	902	40	0.0004910072	0.0000000561
3	8648561	9543182	515	40	0.0003304632	0.0000000449
3	9543183	11019664	639	40	-0.0001197615	0.0000000486
3	11019665	13070798	773	40	0.0004528958	0.0000000601
3	13070799	14816899	833	40	0.0001543777	0.0000000504
3	14816900	16282441	551	40	0.0001640323	0.0000000409
3	16282442	17891117	520	40	-0.0000017317	0.0000000358
3	17891118	19125143	356	40	-0.0001662960	0.0000000299
3	19125144	20091347	205	25	0.0001463171	0.0000000232
3	20091348	21643706	664	40	0.0000622173	0.0000000500
3	21643707	22204243	401	40	0.0001584058	0.0000000309
3	22204244	23804864	558	40	0.0003661888	0.0000000465
3	23804865	25461557	779	40	0.0001717487	0.0000000544
3	25461558	26877768	489	40	-0.0000079510	0.0000000359
3	26877769	27840909	282	32	0.0003256096	0.0000000247
3	27840910	29142259	463	40	-0.0001608190	0.0000000387
3	29142260	30717954	712	40	-0.0001661266	0.0000000484
3	30717955	32351714	681	40	0.0000924490	0.0000000473
3	32351715	33255591	287	40	0.0000254905	0.0000000296
3	33255592	35283457	611	40	0.0000663970	0.0000000422
3	35283458	36486841	426	40	-0.0001032946	0.0000000317
3	36486842	38356115	614	40	0.0000806977	0.0000000465
3	38356116	40221297	689	40	0.0001269729	0.0000000464
3	40221298	41064527	157	17	0.0000836137	0.0000000129
3	41064528	42540001	473	40	0.0000507643	0.0000000332
3	42540002	45165152	724	40	-0.0000844239	0.0000000519
3	45165153	46657499	570	40	-0.0001681207	0.0000000391
3	46657500	47727211	180	17	0.0000096048	0.0000000137
3	47727212	49316971	258	15	-0.0000448324	0.0000000209
3	49316972	51832014	447	25	0.0000209830	0.0000000260
3	51832015	54081389	628	40	-0.0000605022	0.0000000488
3	54081390	55348859	691	40	0.0000261524	0.0000000467
3	55348860	56433906	383	40	0.0001266502	0.0000000406
3	56433907	58157518	563	40	0.0007341269	0.0000000920
3	58157519	60272905	1016	40	0.0000718771	0.0000000531
3	60272906	62355665	1026	40	-0.0002248179	0.0000000488
3	62355666	63669285	698	40	-0.0001351026	0.0000000485
3	63669286	65273537	793	40	-0.0000634236	0.0000000469
3	65273538	66270446	352	40	0.0000734200	0.0000000314
3	66270447	68286913	679	40	-0.0001310649	0.0000000465
3	68286914	69276761	380	40	0.0001820068	0.0000000345
3	69276762	70449027	413	40	0.0001348995	0.0000000382
3	70449028	72529328	818	40	0.0000084962	0.0000000496
3	72529329	74321816	739	40	-0.0002280826	0.0000000495
3	74321817	75704948	283	32	0.0001153917	0.0000000207
3	75704949	77508834	517	40	0.0002970288	0.0000000398
3	77508835	79024540	433	40	0.0000368959	0.0000000336
3	79024541	81427309	506	40	0.0001539594	0.0000000306
3	81427310	82643885	304	28	0.0001952863	0.0000000204
3	82643886	84367478	339	33	-0.0000499411	0.0000000201
3	84367479	85582230	268	22	0.0000038308	0.0000000178
3	85582231	87409731	469	40	-0.0000769966	0.0000000270
3	87409732	88298372	197	19	0.0000218436	0.0000000155
3	88298373	94255315	482	40	0.0001158258	0.0000000346
3	94255316	95311970	225	18	0.0000599516	0.0000000168
3	95311971	98215949	595	40	0.0001475034	0.0000000362
3	98215950	99373761	343	40	0.0000062930	0.0000000253
3	99373762	100592216	340	29	0.0001884236	0.0000000217
3	100592217	103084959	686	40	-0.0001394363	0.0000000412
3	103084960	104581612	439	40	0.0001467307	0.0000000312
3	104581613	106982810	745	40	0.0001071483	0.0000000459
3	106982811	109522394	792	40	-0.0000469811	0.0000000531
3	109522395	110513769	264	25	0.0000590886	0.0000000189
3	110513770	112815698	730	40	-0.0000116510	0.0000000476
3	112815699	113947862	385	40	0.0001099957	0.0000000325
3	113947863	115447079	413	40	0.0001697615	0.0000000389
3	115447080	116800152	552	40	-0.0001279225	0.0000000423
3	116800153	118530250	605	40	0.0000891922	0.0000000468
3	118530251	120523054	710	40	-0.0000523143	0.0000000441
3	120523055	121974096	406	37	0.0000016965	0.0000000234
3	121974097	123517767	537	40	0.0001859554	0.0000000516
3	123517768	124936641	643	40	-0.0000498504	0.0000000505
3	124936642	126214942	408	40	0.0001729982	0.0000000291
3	126214943	128194860	696	40	0.0002859971	0.0000000470
3	128194861	130244734	456	40	-0.0000219463	0.0000000383
3	130244735	131836515	565	40	0.0000453966	0.0000000391
3	131836516	133252172	530	40	0.0000920646	0.0000000347
3	133252173	135456905	899	40	0.0000554727	0.0000000470
3	135456906	137371082	460	39	0.0000811396	0.0000000291
3	137371083	139954596	864	40	-0.0000249539	0.0000000550
3	139954597	141339096	495	40	0.0000962685	0.0000000362
3	141339097	143164627	651	40	-0.0000739647	0.0000000450
3	143164628	144410815	404	40	0.0002574285	0.0000000338
3	144410816	145664618	370	40	-0.0000406211	0.0000000251
3	145664619	146726628	348	40	-0.0000077329	0.0000000253
3	146726629	149043236	714	40	0.0001999663	0.0000000492
3	149043237	150252003	442	40	-0.0000863872	0.0000000378
3	150252004	151348729	384	40	-0.0001140408	0.0000000265
3	151348730	153256570	588	40	0.0002727057	0.0000000483
3	153256571	154714217	424	40	-0.0001794035	0.0000000288
3	154714218	156008699	345	40	-0.0000702621	0.0000000281
3	156008700	157312027	465	40	-0.0000567020	0.0000000299
3	157312028	159477889	667	40	-0.0000530680	0.0000000373
3	159477890	161524503	584	40	0.0001356535	0.0000000361
3	161524504	163253204	506	40	0.0001336386	0.0000000312
3	163253205	165055468	455	37	0.0000453110	0.0000000281
3	165055469	167117428	471	40	0.0000249474	0.0000000324
3	167117429	168580959	379	40	-0.0000064758	0.0000000275
3	168580960	170964908	741	40	-0.0003301133	0.0000000561
3	170964909	172295730	532	40	0.0001914802	0.0000000449
3	172295731	173477284	398	40	0.0000651126	0.0000000352
3	173477285	175116538	625	40	0.0000060133	0.0000000487
3	175116539	176320286	358	40	-0.0000962012	0.0000000273
3	176320287	178107164	566	40	0.0004740117	0.0000000461
3	178107165	179374585	402	40	0.0000543840	0.0000000307
3	179374586	181511165	483	40	-0.0000498131	0.0000000387
3	181511166	183769682	691	40	0.0000332859	0.0000000506
3	183769683	185068254	429	40	-0.0000225292	0.0000000386
3	185068255	186890343	688	40	0.0000361049	0.0000000518
3	186890344	188856213	829	40	-0.0000308628	0.0000000481
3	188856214	190226606	641	40	0.0002551651	0.0000000456
3	190226607	192343813	791	40	-0.0001425290	0.0000000470
3	192343814	194059670	570	40	0.0000698322	0.0000000456
3	194059671	194786673	301	40	0.0002273855	0.0000000265
3	194786674	195971407	250	39	-0.0001534383	0.0000000214
3	195971408	197075986	311	40	0.0002973001	0.0000000323
3	197075987	197946621	193	29	0.0001069956	0.0000000180
4	10240	694714	109	13	-0.0000946990	0.0000000101
4	694715	1478710	230	26	-0.0000885037	0.0000000203
4	1478711	2842978	295	40	-0.0000274241	0.0000000287
4	2842979	3846039	277	40	0.0001435930	0.0000000313
4	3846040	4684115	243	37	0.0002950824	0.0000000244
4	4684116	5502387	408	40	0.0001847084	0.0000000360
4	5502388	6773042	719	40	0.0001195577	0.0000000494
4	6773043	7539691	426	40	0.0000907255	0.0000000415
4	7539692	8152234	368	40	0.0001361416	0.0000000370
4	8152235	9326478	254	40	-0.0000422729	0.0000000240
4	9326479	10699151	532	39	0.0000124997	0.0000000365
4	10699152	12323033	686	40	-0.0001053540	0.0000000499
4	12323034	14272000	738	40	-0.0000546658	0.0000000516
4	14272001	15147445	390	40	-0.0000016392	0.0000000299
4	15147446	15927008	263	34	0.0000712313	0.0000000192
4	15927009	17383321	701	40	-0.0000541648	0.0000000496
4	17383322	18841873	436	40	-0.0000117097	0.0000000347
4	18841874	20544556	497	40	0.0000733036	0.0000000313
4	20544557	22319346	689	40	0.0000010981	0.0000000471
4	22319347	24135528	626	40	0.0001314921	0.0000000484
4	24135529	25609321	626	40	0.0001095512	0.0000000462
4	25609322	27343721	586	40	0.0000629059	0.0000000471
4	27343722	27965867	209	29	-0.0002362348	0.0000000211
4	27965868	29762207	553	40	-0.0001449289	0.0000000426
4	29762208	30454534	164	24	0.0001481285	0.0000000152
4	30454535	31782980	428	40	-0.0001448520	0.0000000350
4	31782981	33172765	335	37	0.0001593257	0.0000000270
4	33172766	35151414	375	33	-0.0002440372	0.0000000257
4	35151415	36020435	283	34	0.0001491633	0.0000000242
4	36020436	37255046	453	40	-0.0001029137	0.0000000348
4	37255047	38907021	821	40	0.0001757055	0.0000000520
4	38907022	40202608	407	40	0.0001098019	0.0000000301
4	40202609	42213057	736	40	0.0001451430	0.0000000476
4	42213058	43965044	556	40	0.0003363390	0.0000000454
4	43965045	45189156	354	40	0.0001171553	0.0000000244
4	45189157	47411895	479	40	0.0000287332	0.0000000337
4	47411896	48123599	231	26	0.0000341352	0.0000000135
4	48123600	53877432	501	40	0.0002027010	0.0000000330
4	53877433	55429555	552	40	0.0001856258	0.0000000419
4	55429556	56547643	392	40	-0.0000144831	0.0000000294
4	56547644	58935007	917	40	-0.0003039181	0.0000000500
4	58935008	60741086	483	40	-0.0001528620	0.0000000317
4	60741087	62371762	448	40	-0.0001169620	0.0000000367
4	62371763	64341000	457	40	0.0001194983	0.0000000381
4	64341001	66600491	536	40	-0.0001477314	0.0000000406
4	66600492	68059496	409	40	0.0000493997	0.0000000271
4	68059497	68854764	257	32	0.0002062398	0.0000000179
4	68854765	71049151	553	40	0.0001028198	0.0000000292
4	71049152	72140557	233	28	0.0001193548	0.0000000159
4	72140558	74592389	527	40	-0.0001928638	0.0000000345
4	74592390	77130706	758	40	-0.0001481798	0.0000000494
4	77130707	79093978	770	40	-0.0000518751	0.0000000473
4	79093979	80990296	584	40	0.0001927122	0.0000000328
4	80990297	82125314	257	31	0.0002338021	0.0000000229
4	82125315	83372592	397	40	0.0000823615	0.0000000276
4	83372593	84799655	504	40	0.0002520372	0.0000000422
4	84799656	86930608	638	40	0.0001732141	0.0000000445
4	86930609	87534647	140	18	0.0001516721	0.0000000147
4	87534648	89238027	589	40	0.0001026677	0.0000000506
4	89238028	90231563	341	40	-0.0000120629	0.0000000313
4	90231564	91560676	362	40	-0.0000218767	0.0000000242
4	91560677	94233298	604	40	0.0000664905	0.0000000435
4	94233299	96182187	632	40	0.0000719825	0.0000000458
4	96182188	97540702	515	40	0.0000468665	0.0000000443
4	97540703	99424066	420	36	-0.0000074495	0.0000000277
4	99424067	100678359	441	40	0.0002355081	0.0000000360
4	100678360	103221355	841	40	0.0000962984	0.0000000527
4	103221356	105305293	512	40	-0.0001906815	0.0000000315
4	105305294	107501304	605	40	-0.0001763338	0.0000000389
4	107501305	108815347	374	40	0.0000042579	0.0000000280
4	108815348	111256566	810	40	0.0003747972	0.0000000560
4	111256567	113870101	749	40	-0.0000960968	0.0000000515
4	113870102	115666245	637	40	-0.0000711631	0.0000000477
4	115666246	117276928	357	37	0.0001123426	0.0000000242
4	117276929	118479917	354	39	0.0001019855	0.0000000223
4	118479918	119933511	432	40	0.0001988588	0.0000000305
4	119933512	120392683	156	16	-0.0000937876	0.0000000136
4	120392684	122657986	754	40	0.0000179038	0.0000000574
4	122657987	124286480	392	38	0.0001191979	0.0000000274
4	124286481	125210861	274	37	0.0001024679	0.0000000213
4	125210862	126480885	406	40	0.0000253387	0.0000000330
4	126480886	127275476	236	32	-0.0000188315	0.0000000217
4	127275477	127830292	171	23	-0.0001326987	0.0000000213
4	127830293	128996664	200	15	0.0000326691	0.0000000160
4	128996665	130591884	458	40	0.0001472156	0.0000000294
4	130591885	131283820	191	23	-0.0001338093	0.0000000164
4	131283821	132954032	370	40	-0.0000297520	0.0000000281
4	132954033	134628433	393	40	0.0001054169	0.0000000293
4	134628434	136566406	446	40	-0.0002041554	0.0000000280
4	136566407	138541970	541	40	0.0001224804	0.0000000450
4	138541971	139556510	365	40	0.0002314128	0.0000000357
4	139556511	141084630	526	40	0.0000855374	0.0000000416
4	141084631	143443264	746	40	-0.0001305817	0.0000000481
4	143443265	146178186	534	40	-0.0002334297	0.0000000395
4	146178187	148521872	650	40	0.0003757843	0.0000000510
4	148521873	150683579	557	40	-0.0000105835	0.0000000398
4	150683580	152782183	539	40	0.0000905785	0.0000000358
4	152782184	154477640	524	40	0.0001962923	0.0000000471
4	154477641	155056125	213	29	0.0000460964	0.0000000198
4	155056126	157485096	854	40	-0.0001027128	0.0000000473
4	157485097	158743717	341	40	0.0002219446	0.0000000268
4	158743718	161058863	549	40	0.0001661453	0.0000000371
4	161058864	161826434	276	34	0.0001472963	0.0000000226
4	161826435	163243678	462	40	0.0003226469	0.0000000376
4	163243679	164478233	343	40	0.0000288728	0.0000000273
4	164478234	165823447	442	40	-0.0000651828	0.0000000352
4	165823448	167018857	380	40	0.0002834209	0.0000000341
4	167018858	167852916	192	27	0.0002523210	0.0000000155
4	167852917	169676824	611	40	-0.0000646999	0.0000000475
4	169676825	170776509	334	38	0.0002271095	0.0000000254
4	170776510	172558634	437	40	0.0003264211	0.0000000345
4	172558635	174264131	410	40	0.0001557911	0.0000000340
4	174264132	176570715	657	40	0.0000196525	0.0000000480
4	176570716	178991909	857	40	0.0000469716	0.0000000463
4	178991910	180122042	342	40	0.0000008619	0.0000000273
4	180122043	182066806	848	40	0.0000054746	0.0000000468
4	182066807	183371274	738	40	0.0001853168	0.0000000457
4	183371275	184929454	616	40	0.0000646788	0.0000000467
4	184929455	186909089	912	40	-0.0001887986	0.0000000503
4	186909090	188472980	635	40	-0.0001144572	0.0000000502
4	188472981	189693510	434	40	-0.0001676416	0.0000000394
4	189693511	191043593	331	40	-0.0000338184	0.0000000271
5	11940	982251	238	27	0.0001093079	0.0000000224
5	982252	2132441	481	40	0.0000819452	0.0000000488
5	2132442	3361940	817	40	0.0000711177	0.0000000490
5	3361941	4632109	554	40	-0.0003429275	0.0000000424
5	4632110	5973232	715	40	0.0000012528	0.0000000473
5	5973233	7143217	599	40	0.0001803960	0.0000000456
5	7143218	8446335	610	40	0.0001349676	0.0000000430
5	8446336	9718831	624	40	0.0000180083	0.0000000463
5	9718832	11173270	763	40	0.0000834861	0.0000000469
5	11173271	13464831	613	40	-0.0001605530	0.0000000437
5	13464832	14757803	610	40	-0.0000670999	0.0000000418
5	14757804	16963612	774	40	0.0001441882	0.0000000465
5	16963613	18051591	283	40	0.0002623523	0.0000000243
5	18051592	19917715	563	40	0.0000909144	0.0000000411
5	19917716	22152072	464	40	0.0000533817	0.0000000303
5	22152073	23494323	416	40	0.0001413178	0.0000000274
5	23494324	26184850	685	40	0.0000307313	0.0000000481
5	26184851	26857603	155	23	0.0000140264	0.0000000137
5	26857604	27984512	234	33	0.0001975406	0.0000000200
5	27984513	29714819	421	40	0.0001131966	0.0000000312
5	29714820	31390248	591	40	0.0000569278	0.0000000392
5	31390249	33500179	846	40	0.0000368007	0.0000000521
5	33500180	35048969	574	40	-0.0000012616	0.0000000425
5	35048970	36433953	490	40	0.0003030203	0.0000000332
5	36433954	38802409	778	40	0.0000594063	0.0000000489
5	38802410	40287728	549	40	-0.0001251357	0.0000000350
5	40287729	41888709	552	40	-0.0001698212	0.0000000313
5	41888710	43983498	421	32	0.0000429403	0.0000000299
5	43983499	50163397	431	31	0.0000405305	0.0000000267
5	50163398	52134621	571	40	0.0001703812	0.0000000395
5	52134622	53703043	623	40	0.0000007295	0.0000000460
5	53703044	55417348	618	40	0.0001928957	0.0000000450
5	55417349	56621101	511	40	-0.0002554191	0.0000000353
5	56621102	57340072	274	36	0.0003645143	0.0000000229
5	57340073	58524621	555	40	0.0000223234	0.0000000393
5	58524622	60935906	697	40	-0.0000149731	0.0000000480
5	60935907	61672994	274	29	-0.0000701908	0.0000000263
5	61672995	63218986	501	40	0.0001036382	0.0000000373
5	63218987	63968303	179	19	0.0000832541	0.0000000153
5	63968304	65911285	630	40	0.0000888594	0.0000000397
5	65911286	67850859	796	40	-0.0000003307	0.0000000505
5	67850860	71240455	461	40	0.0000616929	0.0000000309
5	71240456	73759325	1001	40	0.0001159618	0.0000000487
5	73759326	75798865	708	40	0.0001309477	0.0000000496
5	75798866	77623331	741	40	0.0000374961	0.0000000570
5	77623332	79393143	668	40	0.0003555644	0.0000000530
5	79393144	80481470	458	40	-0.0002685150	0.0000000353
5	80481471	82025647	510	40	0.0000344323	0.0000000426
5	82025648	83972688	546	40	0.0002130626	0.0000000473
5	83972689	85767289	526	40	0.0000729040	0.0000000338
5	85767290	87389990	275	32	0.0000222451	0.0000000296
5	87389991	88891529	309	34	0.0002607816	0.0000000404
5	88891530	90422653	435	40	0.0000994109	0.0000000308
5	90422654	91840541	276	32	0.0001188076	0.0000000279
5	91840542	93809983	417	40	0.0001222413	0.0000000295
5	93809984	95963518	715	40	-0.0000323906	0.0000000479
5	95963519	97315600	420	40	-0.0001197905	0.0000000310
5	97315601	99260991	504	40	-0.0002649152	0.0000000401
5	99260992	101578768	524	40	0.0002155599	0.0000000371
5	101578769	103320004	492	40	-0.0001366323	0.0000000302
5	103320005	104851482	424	40	-0.0001390962	0.0000000324
5	104851483	105893054	177	22	0.0000285770	0.0000000189
5	105893055	107264195	564	40	-0.0000174218	0.0000000457
5	107264196	108633933	394	40	0.0001152018	0.0000000324
5	108633934	110821143	651	40	-0.0000631784	0.0000000479
5	110821144	111981561	429	40	-0.0002929017	0.0000000355
5	111981562	113396284	553	40	-0.0000646169	0.0000000443
5	113396285	114830369	538	40	0.0000253964	0.0000000402
5	114830370	115831046	438	40	0.0003650871	0.0000000373
5	115831047	117346212	557	40	0.0000246281	0.0000000463
5	117346213	118608819	382	40	0.0000469793	0.0000000329
5	118608820	119669041	343	39	0.0000257798	0.0000000274
5	119669042	120452165	241	25	0.0001103770	0.0000000223
5	120452166	122556904	672	40	0.0001052548	0.0000000524
5	122556905	123798099	450	40	0.0001028784	0.0000000341
5	123798100	125785648	849	40	0.0000179139	0.0000000503
5	125785649	127344603	442	40	-0.0001712154	0.0000000311
5	127344604	129519024	682	40	0.0001386083	0.0000000439
5	129519025	132139648	620	40	-0.0000869658	0.0000000433
5	132139649	134777400	921	40	-0.0000824999	0.0000000480
5	134777401	136376049	602	40	-0.0000135113	0.0000000394
5	136376050	139265071	706	40	-0.0000161459	0.0000000522
5	139265072	140645970	359	31	-0.0000344914	0.0000000237
5	140645971	142981247	945	40	-0.0000565583	0.0000000489
5	142981248	144943353	642	40	-0.0000177474	0.0000000395
5	144943354	147181997	752	40	0.0000934869	0.0000000465
5	147181998	148662623	570	40	-0.0001891700	0.0000000406
5	148662624	150561297	867	40	0.0003414918	0.0000000495
5	150561298	152867773	871	40	0.0001093436	0.0000000507
5	152867774	153773087	433	40	-0.0000291523	0.0000000256
5	153773088	155373504	564	40	0.0000989686	0.0000000426
5	155373505	156628699	388	40	0.0001225050	0.0000000298
5	156628700	158825697	889	40	-0.0000351924	0.0000000488
5	158825698	159973943	429	40	0.0001097807	0.0000000403
5	159973944	161482132	536	40	-0.0000748094	0.0000000378
5	161482133	162743907	368	40	0.0001151283	0.0000000271
5	162743908	163771581	391	40	0.0000238435	0.0000000304
5	163771582	165642394	562	40	-0.0000261090	0.0000000471
5	165642395	166847739	422	40	-0.0000437077	0.0000000350
5	166847740	168525317	783	40	-0.0000684058	0.0000000485
5	168525318	169505663	490	40	-0.0000987143	0.0000000417
5	169505664	171074291	664	40	-0.0000166957	0.0000000486
5	171074292	172678326	696	40	0.0000063347	0.0000000513
5	172678327	173642870	505	40	0.0000925514	0.0000000435
5	173642871	175450594	832	40	-0.0001678731	0.0000000489
5	175450595	177251506	356	40	0.0002147825	0.0000000241
5	177251507	178413463	449	40	0.0000533195	0.0000000391
5	178413464	179401243	368	40	-0.0000803957	0.0000000331
5	179401244	180559932	357	40	-0.0001039581	0.0000000278
5	180559933	180885155	42	9	0.0000387206	0.0000000070
6	73924	1452361	699	40	0.0002096970	0.0000000493
6	1452362	2458935	444	40	0.0001950169	0.0000000423
6	2458936	3573592	604	40	-0.0001327795	0.0000000497
6	3573593	4617816	535	40	-0.0000301856	0.0000000438
6	4617817	5791471	617	40	0.0001419232	0.0000000451
6	5791472	6785206	610	40	0.0000395154	0.0000000468
6	6785207	7808935	526	40	-0.0000095202	0.0000000427
6	7808936	9020025	512	40	0.0000108828	0.0000000346
6	9020026	10540316	627	40	0.0000727061	0.0000000454
6	10540317	11790815	577	40	0.0002588502	0.0000000476
6	11790816	13209387	609	40	-0.0000342934	0.0000000502
6	13209388	14802923	708	40	-0.0000254985	0.0000000494
6	14802924	17386404	1017	40	0.0001199688	0.0000000481
6	17386405	19207486	665	40	-0.0001259568	0.0000000422
6	19207487	21684064	1049	40	0.0000052969	0.0000000536
6	21684065	22748306	530	40	0.0002297596	0.0000000502
6	22748307	23936618	503	40	0.0003286832	0.0000000440
6	23936619	24852274	409	40	0.0000275483	0.0000000359
6	24852275	25684586	462	40	0.0002714432	0.0000000600
6	25684587	26791232	499	36	0.0009154774	0.0000000374
6	26791233	28017818	285	19	0.0000231260	0.0000000260
6	28017819	28917607	321	21	0.0002957502	0.0000000260
6	28917608	29737970	541	32	0.0002338811	0.0000000384
6	29737971	30798167	922	40	0.0001303391	0.0000000460
6	30798168	31571217	822	40	-0.0000616464	0.0000000587
6	31571218	32682663	710	40	0.0001755264	0.0000000515
6	32682664	33236496	648	40	-0.0000925070	0.0000000465
6	33236497	35455755	766	40	-0.0008412327	0.0000000781
6	35455756	37572595	839	40	0.0002065094	0.0000000547
6	37572596	39295676	776	40	-0.0000850133	0.0000000476
6	39295677	40345114	418	40	0.0000273607	0.0000000307
6	40345115	42038720	740	40	0.0001657003	0.0000000485
6	42038721	43756168	461	40	-0.0002250038	0.0000000416
6	43756169	45406562	598	40	0.0000494196	0.0000000463
6	45406563	47311897	786	40	0.0000795796	0.0000000495
6	47311898	48391124	367	39	0.0000173162	0.0000000301
6	48391125	50386144	518	40	0.0000473987	0.0000000308
6	50386145	52210475	644	40	0.0001503872	0.0000000395
6	52210476	53279101	445	40	0.0001609909	0.0000000362
6	53279102	55468269	881	40	-0.0001111848	0.0000000476
6	55468270	56105312	218	20	0.0000879250	0.0000000132
6	56105313	57599464	381	40	0.0002111116	0.0000000298
6	57599465	61880511	136	10	0.0000429056	0.0000000113
6	61880512	63552887	350	23	0.0001139335	0.0000000218
6	63552888	65765741	460	40	-0.0003106547	0.0000000290
6	65765742	67329214	508	40	0.0000398735	0.0000000314
6	67329215	68849482	480	40	0.0000300616	0.0000000342
6	68849483	69523447	226	27	0.0000182179	0.0000000194
6	69523448	71609509	764	40	0.0002683525	0.0000000485
6	71609510	73450096	652	40	0.0000889224	0.0000000449
6	73450097	75462002	601	40	0.0001188168	0.0000000402
6	75462003	77414880	459	40	-0.0001646018	0.0000000323
6	77414881	78957727	503	40	0.0002578079	0.0000000302
6	78957728	80691169	604	40	-0.0001051444	0.0000000417
6	80691170	81929221	392	28	-0.0000397866	0.0000000226
6	81929222	83127148	360	40	0.0002250361	0.0000000309
6	83127149	85209988	576	40	0.0000866880	0.0000000386
6	85209989	87069499	618	40	-0.0000296146	0.0000000369
6	87069500	88822139	563	40	0.0000585862	0.0000000377
6	88822140	89973051	441	40	0.0000232880	0.0000000315
6	89973052	91843195	756	40	-0.0000396895	0.0000000514
6	91843196	93428643	478	40	-0.0001087977	0.0000000397
6	93428644	94118141	297	40	-0.0000200704	0.0000000205
6	94118142	94441174	87	8	0.0000327334	0.0000000046
6	94441175	97093510	642	40	-0.0001269275	0.0000000408
6	97093511	97842283	243	28	0.0000579556	0.0000000173
6	97842284	100630145	820	40	-0.0000298296	0.0000000470
6	100630146	102636771	509	40	-0.0000967228	0.0000000369
6	102636772	103983394	344	33	0.0002903609	0.0000000310
6	103983395	106056732	680	40	0.0000890336	0.0000000504
6	106056733	107450305	641	40	-0.0000047385	0.0000000485
6	107450306	108464379	361	40	-0.0000761194	0.0000000288
6	108464380	110304246	558	40	-0.0002418848	0.0000000469
6	110304247	112345013	633	40	0.0000924858	0.0000000468
6	112345014	114220832	650	40	-0.0001271635	0.0000000448
6	114220833	116131395	508	40	-0.0000273997	0.0000000308
6	116131396	117672971	481	40	0.0001312159	0.0000000318
6	117672972	118963114	391	40	0.0001440714	0.0000000263
6	118963115	119963277	333	37	0.0000499823	0.0000000250
6	119963278	120512127	170	19	0.0000196494	0.0000000148
6	120512128	121905675	389	37	0.0003118029	0.0000000231
6	121905676	123856180	623	40	0.0000111707	0.0000000393
6	123856181	125424382	615	40	-0.0000703532	0.0000000465
6	125424383	127540460	473	40	0.0002087473	0.0000000372
6	127540461	129861030	623	40	-0.0000917025	0.0000000463
6	129861031	130935453	501	40	-0.0000090086	0.0000000392
6	130935454	132765668	618	40	0.0000863696	0.0000000466
6	132765669	134244242	611	40	-0.0001251425	0.0000000404
6	134244243	136224176	602	40	-0.0007202703	0.0000000935
6	136224177	137614217	353	40	-0.0001152790	0.0000000321
6	137614218	138822628	490	40	0.0001619310	0.0000000401
6	138822629	139845435	399	40	0.0003174210	0.0000000349
6	139845436	142288478	550	40	-0.0000640408	0.0000000393
6	142288479	145319809	1061	40	-0.0000282767	0.0000000498
6	145319810	146665423	321	27	-0.0000777105	0.0000000207
6	146665424	148920351	939	40	-0.0000280419	0.0000000477
6	148920352	150253403	530	40	0.0000172809	0.0000000362
6	150253404	151912702	906	40	0.0000316097	0.0000000483
6	151912703	153094495	585	40	0.0002671333	0.0000000430
6	153094496	154974119	821	40	0.0001150256	0.0000000490
6	154974120	156763325	754	40	-0.0000024126	0.0000000507
6	156763326	158218718	422	40	0.0000156196	0.0000000340
6	158218719	160580496	1056	40	0.0001152725	0.0000000455
6	160580497	162169563	783	40	0.0000212159	0.0000000467
6	162169564	162931202	387	40	-0.0000747511	0.0000000321
6	162931203	164383520	694	40	0.0001505425	0.0000000494
6	164383521	165586863	557	40	0.0001017226	0.0000000401
6	165586864	167024732	832	40	0.0001767777	0.0000000480
6	167024733	168042834	435	40	-0.0000118925	0.0000000373
6	168042835	169382049	635	40	0.0001627226	0.0000000514
6	169382050	170330172	412	40	0.0000836623	0.0000000296
6	170330173	171051269	244	30	0.0001438943	0.0000000237
7	16161	972751	100	17	0.0000221259	0.0000000121
7	972752	1353066	113	17	-0.0000453913	0.0000000091
7	1353067	2062397	154	23	0.0001358581	0.0000000136
7	2062398	2772226	235	37	0.0000490185	0.0000000295
7	2772227	4573427	882	40	0.0000885084	0.0000000506
7	4573428	5416231	222	40	0.0003589659	0.0000000224
7	5416232	5854525	105	17	0.0000436817	0.0000000091
7	5854526	6573856	144	23	-0.0000612556	0.0000000188
7	6573857	7808751	440	40	0.0000281823	0.0000000378
7	7808752	9123422	759	40	0.0000659473	0.0000000467
7	9123423	9987498	378	40	0.0000545401	0.0000000351
7	9987499	11299197	504	40	0.0001974909	0.0000000415
7	11299198	12635460	730	40	0.0000158792	0.0000000461
7	12635461	13884201	589	40	-0.0004564296	0.0000000479
7	13884202	15143656	583	40	0.0000676811	0.0000000557
7	15143657	16902068	782	40	0.0001208405	0.0000000484
7	16902069	19481546	1058	40	0.0000353012	0.0000000510
7	19481547	20124907	238	28	0.0000002100	0.0000000228
7	20124908	22507628	1227	40	-0.0001019919	0.0000000505
7	22507629	23471441	321	40	0.0002407763	0.0000000345
7	23471442	25077258	726	40	-0.0000765384	0.0000000494
7	25077259	25909554	458	40	-0.0000423220	0.0000000349
7	25909555	28360308	904	40	0.0001418566	0.0000000480
7	28360309	31137288	1299	40	0.0001143957	0.0000000459
7	31137289	33555767	1038	40	-0.0000279948	0.0000000456
7	33555768	36213537	1049	40	-0.0000185562	0.0000000516
7	36213538	37555183	661	40	0.0000024585	0.0000000500
7	37555184	38966702	664	40	0.0002001728	0.0000000448
7	38966703	39862669	328	36	0.0000882302	0.0000000233
7	39862670	42001810	635	40	0.0000044883	0.0000000434
7	42001811	43159073	409	40	0.0003912327	0.0000000346
7	43159074	44763827	481	40	0.0004589550	0.0000000416
7	44763828	45952921	370	40	-0.0000831681	0.0000000346
7	45952922	46986719	422	40	0.0000048384	0.0000000349
7	46986720	49212277	926	40	0.0001649025	0.0000000472
7	49212278	51675321	925	40	0.0002394462	0.0000000498
7	51675322	53176311	668	40	0.0001169346	0.0000000422
7	53176312	54222975	385	40	-0.0000368730	0.0000000249
7	54222976	55691583	568	40	0.0001159697	0.0000000439
7	55691584	57382637	258	28	0.0003453153	0.0000000260
7	57382638	63307358	139	15	-0.0000179137	0.0000000164
7	63307359	63641124	54	6	0.0000099790	0.0000000051
7	63641125	65689808	328	26	0.0002997055	0.0000000249
7	65689809	68234073	731	40	0.0001987210	0.0000000501
7	68234074	69085363	281	40	-0.0000800826	0.0000000207
7	69085364	71874884	874	40	-0.0001276609	0.0000000461
7	71874885	73334601	161	25	-0.0000701805	0.0000000164
7	73334602	76458563	363	40	0.0000305987	0.0000000339
7	76458564	78093858	635	40	0.0000701432	0.0000000507
7	78093859	79888068	673	40	-0.0000964971	0.0000000489
7	79888069	82022685	748	40	0.0000426860	0.0000000543
7	82022686	83801202	660	40	0.0001234484	0.0000000505
7	83801203	85572181	417	40	0.0001093225	0.0000000273
7	85572182	87825003	579	40	-0.0000065701	0.0000000337
7	87825004	90661783	981	40	-0.0000124405	0.0000000458
7	90661784	92493751	440	40	0.0000701316	0.0000000323
7	92493752	93966600	370	40	0.0000156396	0.0000000296
7	93966601	96073507	720	40	-0.0000933716	0.0000000542
7	96073508	97099569	317	40	0.0002260225	0.0000000219
7	97099570	98715473	439	40	0.0000272038	0.0000000329
7	98715474	100196650	253	26	0.0001116856	0.0000000282
7	100196651	101199252	248	37	-0.0001591616	0.0000000235
7	101199253	103197509	401	40	-0.0001615905	0.0000000347
7	103197510	104159524	486	40	0.0000344603	0.0000000327
7	104159525	105682904	555	40	0.0000938905	0.0000000408
7	105682905	107780177	783	40	-0.0000056258	0.0000000642
7	107780178	109647593	573	40	-0.0001386692	0.0000000357
7	109647594	112618683	865	40	0.0001264625	0.0000000524
7	112618684	113712386	229	27	0.0000457830	0.0000000160
7	113712387	116780177	740	40	-0.0000784100	0.0000000548
7	116780178	118351580	387	38	-0.0000998879	0.0000000241
7	118351581	121045272	458	40	0.0001862809	0.0000000321
7	121045273	121933629	238	28	0.0000398397	0.0000000171
7	121933630	124156804	677	40	-0.0001607110	0.0000000497
7	124156805	124167551	7	2	-0.0001194421	0.0000000040
7	124167552	126519169	696	40	0.0002119760	0.0000000399
7	126519170	126869220	141	18	-0.0000726528	0.0000000163
7	126869221	128778385	613	40	-0.0000045741	0.0000000465
7	128778386	130422413	486	40	0.0000785282	0.0000000418
7	130422414	132805847	950	40	0.0000029212	0.0000000509
7	132805848	134307595	455	36	-0.0002661330	0.0000000300
7	134307596	135591082	515	40	0.0000674184	0.0000000361
7	135591083	136876561	421	40	0.0002021192	0.0000000324
7	136876562	138744678	633	40	0.0001573552	0.0000000470
7	138744679	139933176	342	40	0.0001354545	0.0000000358
7	139933177	140235209	123	25	0.0002085899	0.0000000138
7	140235210	141226556	290	33	-0.0001422977	0.0000000266
7	141226557	142656309	463	40	0.0000935085	0.0000000279
7	142656310	144968288	575	40	0.0001310294	0.0000000388
7	144968289	146427959	398	40	0.0000115884	0.0000000331
7	146427960	147815317	593	40	0.0000742390	0.0000000424
7	147815318	149840657	651	40	-0.0000185135	0.0000000523
7	149840658	150711504	328	39	-0.0000146078	0.0000000223
7	150711505	152249805	484	40	-0.0000324241	0.0000000439
7	152249806	153674018	485	40	0.0000437800	0.0000000397
7	153674019	154964729	573	40	0.0001239038	0.0000000448
7	154964730	156065249	503	40	-0.0000779092	0.0000000400
7	156065250	157634596	552	40	0.0001740920	0.0000000468
7	157634597	159128574	498	40	0.0000320179	0.0000000352
8	10422	1044216	419	40	0.0000232009	0.0000000390
8	1044217	1163244	75	13	0.0000848163	0.0000000073
8	1163245	2042941	490	40	0.0002541841	0.0000000491
8	2042942	2573278	271	40	0.0001901991	0.0000000260
8	2573279	3392925	615	40	0.0000720536	0.0000000499
8	3392926	3783016	438	40	0.0000637759	0.0000000409
8	3783017	4480475	692	40	-0.0000392334	0.0000000458
8	4480476	5146926	506	40	0.0000609138	0.0000000447
8	5146927	6142796	781	40	0.0002127306	0.0000000528
8	6142797	7153078	569	40	0.0000774529	0.0000000449
8	7153079	9154693	575	40	-0.0001109828	0.0000000529
8	9154694	9640786	242	25	-0.0000519290	0.0000000232
8	9640787	10463196	491	40	-0.0002033315	0.0000000466
8	10463197	11278997	405	40	0.0000595629	0.0000000374
8	11278998	13491774	848	40	-0.0000477595	0.0000000490
8	13491775	13944991	268	32	0.0001313949	0.0000000252
8	13944992	15991659	1124	40	-0.0000511190	0.0000000463
8	15991660	17387875	573	40	0.0000730473	0.0000000482
8	17387876	17836398	288	35	0.0000393926	0.0000000262
8	17836399	19492839	999	40	-0.0001805038	0.0000000520
8	19492840	20060855	342	40	0.0001552456	0.0000000274
8	20060856	21661736	775	40	-0.0000295212	0.0000000486
8	21661737	22897056	481	40	0.0001736754	0.0000000515
8	22897057	24674717	685	40	-0.0002647441	0.0000000491
8	24674718	25483453	294	35	-0.0000701220	0.0000000204
8	25483454	26682524	646	40	-0.0000185460	0.0000000477
8	26682525	28162391	756	40	-0.0000439291	0.0000000472
8	28162392	29327895	379	40	0.0003415350	0.0000000321
8	29327896	31133728	559	40	0.0000915168	0.0000000410
8	31133729	31548359	131	21	0.0001036183	0.0000000113
8	31548360	32977217	496	40	0.0000046535	0.0000000364
8	32977218	35317231	553	40	0.0000077236	0.0000000301
8	35317232	37379388	373	40	0.0001273886	0.0000000298
8	37379389	38938805	301	40	0.0000562013	0.0000000271
8	38938806	40703336	622	40	0.0000133643	0.0000000408
8	40703337	41721453	402	40	0.0003440460	0.0000000456
8	41721454	42773822	198	23	-0.0000682128	0.0000000228
8	42773823	46841314	52	8	0.0001067098	0.0000000065
8	46841315	50082469	416	37	-0.0000314158	0.0000000317
8	50082470	53302929	802	40	-0.0000029586	0.0000000505
8	53302930	54418043	351	40	0.0002124455	0.0000000287
8	54418044	55945580	487	40	0.0000704283	0.0000000358
8	55945581	56956382	360	40	0.0000971698	0.0000000333
8	56956383	59068650	689	40	0.0001518204	0.0000000493
8	59068651	59728099	285	34	0.0001253401	0.0000000191
8	59728100	62329098	817	40	0.0001284151	0.0000000479
8	62329099	63349305	338	36	0.0001313961	0.0000000263
8	63349306	65232871	532	40	0.0001559720	0.0000000385
8	65232872	66489089	369	40	-0.0001355481	0.0000000302
8	66489090	69863056	897	40	-0.0000983229	0.0000000502
8	69863057	70867978	419	40	0.0002363549	0.0000000348
8	70867979	72289453	449	40	0.0000275698	0.0000000283
8	72289454	73817198	708	40	-0.0000981606	0.0000000492
8	73817199	75445063	632	40	-0.0000410001	0.0000000470
8	75445064	76456541	299	38	0.0001486948	0.0000000248
8	76456542	79132860	719	40	-0.0000020139	0.0000000424
8	79132861	81956394	825	40	-0.0000164403	0.0000000510
8	81956395	82693738	223	33	0.0000793025	0.0000000166
8	82693739	84225588	426	40	0.0001184343	0.0000000292
8	84225589	85955618	364	39	0.0001664151	0.0000000259
8	85955619	87411708	273	25	0.0000097858	0.0000000176
8	87411709	89085480	490	40	0.0003702909	0.0000000357
8	89085481	90638161	411	40	-0.0000645711	0.0000000293
8	90638162	93554385	703	40	0.0001790328	0.0000000481
8	93554386	95005526	391	40	0.0000264918	0.0000000304
8	95005527	96534805	647	40	-0.0001161462	0.0000000533
8	96534806	99401580	1143	40	0.0001500342	0.0000000450
8	99401581	101620957	511	40	0.0000926072	0.0000000335
8	101620958	104123305	1013	40	0.0000766858	0.0000000468
8	104123306	104988751	262	24	-0.0000314542	0.0000000206
8	104988752	107410753	836	40	0.0003110501	0.0000000582
8	107410754	108648176	486	40	0.0002471986	0.0000000317
8	108648177	109248172	207	23	-0.0000234564	0.0000000165
8	109248173	110484313	357	31	-0.0000706420	0.0000000195
8	110484314	111850846	293	33	-0.0000919020	0.0000000188
8	111850847	113064319	245	19	-0.0001887061	0.0000000160
8	113064320	116096494	812	40	-0.0000675521	0.0000000403
8	116096495	119685456	1179	40	-0.0001222974	0.0000000499
8	119685457	121201699	536	40	0.0002111562	0.0000000379
8	121201700	124861458	1373	40	0.0000802198	0.0000000488
8	124861459	125683718	346	40	-0.0000309992	0.0000000264
8	125683719	126410916	269	40	0.0002070871	0.0000000293
8	126410917	128659110	937	40	-0.0000825458	0.0000000481
8	128659111	130381138	693	40	0.0000316276	0.0000000529
8	130381139	131639624	487	40	0.0000231518	0.0000000391
8	131639625	133351143	780	40	0.0002820723	0.0000000470
8	133351144	134570000	720	40	-0.0000942133	0.0000000505
8	134570001	136035604	772	40	-0.0001071353	0.0000000506
8	136035605	137524150	567	40	0.0000383180	0.0000000421
8	137524151	139254829	762	40	0.0001252708	0.0000000492
8	139254830	140725642	780	40	-0.0000479581	0.0000000514
8	140725643	143044913	868	40	-0.0001129407	0.0000000487
8	143044914	144236880	391	40	-0.0000029157	0.0000000296
8	144236881	146303866	357	40	-0.0000323206	0.0000000436
9	10023	1079706	607	40	-0.0001765858	0.0000000566
9	1079707	1916876	610	40	0.0000062342	0.0000000503
9	1916877	3190063	797	40	-0.0001238739	0.0000000486
9	3190064	4495327	755	40	-0.0000707151	0.0000000467
9	4495328	4884925	234	39	-0.0004655154	0.0000001070
9	4884926	6557588	584	40	-0.0000532457	0.0000000530
9	6557589	7154922	304	40	0.0000558120	0.0000000276
9	7154923	8456298	949	40	-0.0001239956	0.0000000495
9	8456299	9166402	412	40	0.0000268323	0.0000000363
9	9166403	10879252	860	40	-0.0001790164	0.0000000474
9	10879253	12276488	485	40	0.0000214206	0.0000000371
9	12276489	14836362	1306	40	-0.0000656379	0.0000000476
9	14836363	16659654	828	40	0.0002896210	0.0000000525
9	16659655	18661050	961	40	-0.0000724871	0.0000000539
9	18661051	20463533	855	40	-0.0001062594	0.0000000485
9	20463534	22206558	702	40	0.0005256793	0.0000000570
9	22206559	24158517	635	40	-0.0001054603	0.0000000483
9	24158518	25330809	312	40	-0.0000297478	0.0000000300
9	25330810	26111756	287	40	0.0001763064	0.0000000281
9	26111757	28224282	981	40	0.0000993772	0.0000000496
9	28224283	28811583	259	37	0.0001538555	0.0000000233
9	28811584	30387391	579	40	0.0001194940	0.0000000359
9	30387392	31310382	257	23	-0.0001524048	0.0000000201
9	31310383	32019367	215	25	-0.0001371193	0.0000000147
9	32019368	33578333	608	40	0.0000327662	0.0000000425
9	33578334	34642242	295	27	0.0002034479	0.0000000216
9	34642243	36743282	605	40	-0.0004216386	0.0000000513
9	36743283	38641598	749	40	0.0001430970	0.0000000495
9	38641599	65472189	106	22	-0.0000659171	0.0000000134
9	65472190	72512710	605	40	-0.0001841454	0.0000000459
9	72512711	72753754	112	11	0.0000544676	0.0000000074
9	72753755	74253039	623	40	0.0001708213	0.0000000378
9	74253040	76203945	596	40	0.0001685560	0.0000000454
9	76203946	76973080	190	22	0.0000731457	0.0000000153
9	76973081	78900182	835	40	0.0000309424	0.0000000461
9	78900183	79471207	305	40	0.0000529106	0.0000000251
9	79471208	81079054	544	40	-0.0001158925	0.0000000435
9	81079055	82590927	657	40	0.0000755637	0.0000000460
9	82590928	84211232	700	40	0.0000595989	0.0000000540
9	84211233	85440800	341	40	0.0001156176	0.0000000283
9	85440801	86938195	653	40	0.0001471784	0.0000000495
9	86938196	88109332	526	40	-0.0000123168	0.0000000405
9	88109333	88590416	114	14	0.0000360740	0.0000000124
9	88590417	90136245	630	40	-0.0000777302	0.0000000506
9	90136246	92528697	906	40	-0.0000370376	0.0000000536
9	92528698	94167202	658	40	0.0001268093	0.0000000460
9	94167203	96671697	838	40	-0.0000234683	0.0000000498
9	96671698	98922039	710	40	0.0002304964	0.0000000484
9	98922040	101592858	912	40	0.0000326942	0.0000000589
9	101592859	104624436	1008	40	0.0001631516	0.0000000531
9	104624437	105967975	606	40	-0.0000362755	0.0000000384
9	105967976	107581748	637	40	0.0002119064	0.0000000367
9	107581749	109298753	632	40	0.0001321308	0.0000000456
9	109298754	110695061	597	40	0.0000451349	0.0000000497
9	110695062	112778023	1131	40	0.0000011692	0.0000000501
9	112778024	114831081	951	40	0.0000606639	0.0000000491
9	114831082	115693144	326	30	0.0001487155	0.0000000243
9	115693145	117019800	659	40	0.0000680254	0.0000000471
9	117019801	117921959	487	40	-0.0000066754	0.0000000389
9	117921960	121321536	1547	40	0.0000495978	0.0000000479
9	121321537	122260296	378	40	0.0001194294	0.0000000290
9	122260297	124871321	807	40	0.0000661570	0.0000000528
9	124871322	126971886	709	40	0.0000719954	0.0000000504
9	126971887	129059664	582	40	-0.0000972717	0.0000000439
9	129059665	130055509	349	40	-0.0000797564	0.0000000290
9	130055510	132165469	518	40	0.0000628151	0.0000000418
9	132165470	133223216	330	40	-0.0001906642	0.0000000276
9	133223217	134127887	359	40	-0.0001280457	0.0000000339
9	134127888	135298841	455	40	0.0000741691	0.0000000367
9	135298842	137041121	702	40	0.0004790256	0.0000000647
9	137041122	137589363	216	40	0.0003058221	0.0000000303
9	137589364	138938977	658	40	0.0002351471	0.0000000461
9	138938978	139500341	127	24	0.0002067270	0.0000000148
9	139500342	141144795	275	40	0.0001788438	0.0000000206
10	60523	751338	136	16	-0.0000650812	0.0000000100
10	751339	1523543	357	40	-0.0000920292	0.0000000328
10	1523544	2254499	463	40	-0.0001771427	0.0000000382
10	2254500	3352698	700	40	-0.0000672812	0.0000000485
10	3352699	4572273	638	40	0.0000250358	0.0000000520
10	4572274	5983761	742	40	-0.0001227411	0.0000000489
10	5983762	7171483	770	40	-0.0000260846	0.0000000479
10	7171484	8774664	911	40	0.0001438230	0.0000000494
10	8774665	10249395	593	40	-0.0001362117	0.0000000404
10	10249396	12586796	1085	40	-0.0001264617	0.0000000512
10	12586797	13321599	462	40	0.0002475482	0.0000000397
10	13321600	15026067	985	40	0.0000302439	0.0000000485
10	15026068	16551766	589	40	0.0002715285	0.0000000476
10	16551767	18537266	808	40	0.0001437016	0.0000000555
10	18537267	19716877	558	40	0.0001078846	0.0000000405
10	19716878	22772282	1024	40	-0.0002923867	0.0000000487
10	22772283	23175131	131	15	0.0001754394	0.0000000128
10	23175132	25578595	798	40	-0.0001370466	0.0000000516
10	25578596	26888683	567	40	-0.0000686195	0.0000000414
10	26888684	29323235	958	40	0.0000394517	0.0000000508
10	29323236	29783691	278	40	0.0000694547	0.0000000291
10	29783692	30458837	379	40	0.0001823687	0.0000000360
10	30458838	31907518	500	40	0.0002522984	0.0000000408
10	31907519	33707967	663	40	-0.0000206882	0.0000000425
10	33707968	35109354	516	40	0.0002092564	0.0000000398
10	35109355	36572507	438	40	0.0000876299	0.0000000333
10	36572508	37790028	336	40	-0.0001129515	0.0000000286
10	37790029	42372578	208	13	0.0000011321	0.0000000109
10	42372579	43894770	318	36	0.0002702201	0.0000000234
10	43894771	44730074	308	35	-0.0001280616	0.0000000209
10	44730075	48760449	712	40	0.0001134716	0.0000000488
10	48760450	50840914	694	40	0.0003880017	0.0000000492
10	50840915	53616628	778	40	0.0000044237	0.0000000502
10	53616629	55103571	713	40	0.0000317134	0.0000000492
10	55103572	57031139	789	40	0.0001405550	0.0000000472
10	57031140	57662145	192	18	0.0000313028	0.0000000110
10	57662146	58959527	397	25	-0.0000940149	0.0000000203
10	58959528	60289986	447	40	-0.0001378674	0.0000000289
10	60289987	61891408	618	40	-0.0000071788	0.0000000463
10	61891409	62659678	315	34	0.0000957157	0.0000000222
10	62659679	63341694	167	19	-0.0000741280	0.0000000154
10	63341695	65794113	880	40	-0.0002932969	0.0000000674
10	65794114	67549614	511	40	-0.0001895282	0.0000000312
10	67549615	69900147	921	40	0.0001426452	0.0000000509
10	69900148	70195990	119	11	-0.0001697919	0.0000000125
10	70195991	72220849	932	40	0.0000098132	0.0000000492
10	72220850	73508511	774	40	-0.0000916114	0.0000000487
10	73508512	75422549	457	36	-0.0002137882	0.0000000261
10	75422550	78706813	867	40	0.0000731765	0.0000000468
10	78706814	80876748	1059	40	-0.0000954016	0.0000000465
10	80876749	82414678	527	40	0.0001460784	0.0000000424
10	82414679	84383744	749	40	0.0000064912	0.0000000478
10	84383745	85458702	457	40	0.0003195239	0.0000000286
10	85458703	87937576	1010	40	0.0000676045	0.0000000450
10	87937577	89127063	289	37	-0.0002555935	0.0000000226
10	89127064	91013380	753	40	0.0002357917	0.0000000516
10	91013381	92006580	384	40	0.0002357461	0.0000000282
10	92006581	93335046	459	40	-0.0001182617	0.0000000356
10	93335047	95396367	688	40	0.0004877975	0.0000000486
10	95396368	96221242	274	32	0.0000967186	0.0000000249
10	96221243	97822356	603	40	-0.0001014446	0.0000000359
10	97822357	100241301	942	40	0.0000861850	0.0000000497
10	100241302	100668399	157	15	-0.0000946061	0.0000000111
10	100668400	102949238	805	40	0.0001567770	0.0000000530
10	102949239	104380409	314	29	-0.0001569266	0.0000000327
10	104380410	106695047	785	40	-0.0001291801	0.0000000551
10	106695048	108726685	693	40	0.0000103098	0.0000000443
10	108726686	110317704	662	40	0.0000706940	0.0000000502
10	110317705	112561492	677	40	0.0000632230	0.0000000437
10	112561493	115328431	1056	40	-0.0002405538	0.0000000509
10	115328432	116421405	511	40	0.0000613108	0.0000000394
10	116421406	119523933	1049	40	0.0000901786	0.0000000491
10	119523934	120591352	435	40	0.0001886405	0.0000000357
10	120591353	122407322	724	40	-0.0000888311	0.0000000528
10	122407323	123231464	406	40	0.0000742872	0.0000000323
10	123231465	123900544	297	40	0.0001268333	0.0000000256
10	123900545	125869345	897	40	0.0000581458	0.0000000486
10	125869346	128001097	993	40	-0.0000629773	0.0000000498
10	128001098	129154361	541	40	0.0000165026	0.0000000405
10	129154362	130844283	984	40	0.0000192691	0.0000000458
10	130844284	131741326	440	40	0.0001213580	0.0000000362
10	131741327	132580244	429	40	0.0000384963	0.0000000325
10	132580245	134336328	887	40	0.0001175167	0.0000000484
10	134336329	134494672	39	6	0.0000635593	0.0000000075
10	134494673	135523864	290	40	0.0002787991	0.0000000263
11	70855	1213589	276	40	-0.0004572241	0.0000000589
11	1213590	3665480	841	40	0.0000788266	0.0000000485
11	3665481	4746708	446	40	-0.0001307604	0.0000000360
11	4746709	6322868	1020	40	0.0002067949	0.0000000558
11	6322869	7436700	569	40	0.0001543759	0.0000000400
11	7436701	8333273	526	40	0.0001507892	0.0000000454
11	8333274	9087316	290	32	0.0001757953	0.0000000278
11	9087317	10952026	664	40	0.0002470538	0.0000000579
11	10952027	12564228	1140	40	0.0000545661	0.0000000496
11	12564229	13373123	418	40	0.0000790736	0.0000000301
11	13373124	15742551	784	40	0.0003089827	0.0000000500
11	15742552	17578401	633	40	-0.0001386983	0.0000000423
11	17578402	19569534	821	40	0.0001771161	0.0000000518
11	19569535	21017137	818	40	0.0000413301	0.0000000455
11	21017138	22374141	582	40	0.0000379532	0.0000000471
11	22374142	24088516	618	40	-0.0001443615	0.0000000448
11	24088517	26045752	699	40	0.0002462855	0.0000000481
11	26045753	27020460	372	40	0.0002308948	0.0000000305
11	27020461	28481592	418	40	0.0000471253	0.0000000262
11	28481593	30141356	428	40	-0.0000054820	0.0000000331
11	30141357	32276900	651	40	0.0001058865	0.0000000374
11	32276901	33958738	579	40	0.0000924156	0.0000000512
11	33958739	35502604	839	40	-0.0001394375	0.0000000470
11	35502605	37116814	759	40	0.0002645774	0.0000000474
11	37116815	39382002	439	40	-0.0001461625	0.0000000273
11	39382003	42310002	944	40	0.0000676085	0.0000000479
11	42310003	44693798	1001	40	0.0001251334	0.0000000498
11	44693799	47006136	734	40	0.0000086980	0.0000000470
11	47006137	49866049	503	27	0.0002223343	0.0000000283
11	49866050	54695472	149	8	0.0000285630	0.0000000063
11	54695473	55082656	12	3	0.0000628979	0.0000000023
11	55082657	58457494	1089	40	0.0003348627	0.0000000505
11	58457495	58780548	74	7	0.0000287606	0.0000000063
11	58780549	62223770	1035	40	0.0000153629	0.0000000554
11	62223771	63804568	312	39	0.0001383545	0.0000000238
11	63804569	65898630	513	40	-0.0001448227	0.0000000410
11	65898631	68005824	333	35	0.0001386775	0.0000000247
11	68005825	69516129	486	40	0.0003197396	0.0000000396
11	69516130	70926291	483	40	0.0000687522	0.0000000420
11	70926292	72286016	320	37	-0.0000563974	0.0000000211
11	72286017	74412350	609	40	0.0002352807	0.0000000458
11	74412351	76797208	800	40	0.0003249105	0.0000000558
11	76797209	78355057	450	38	0.0000368832	0.0000000327
11	78355058	80722372	1093	40	0.0000055138	0.0000000466
11	80722373	81266711	272	40	0.0000366525	0.0000000222
11	81266712	84381271	1201	40	-0.0000146282	0.0000000482
11	84381272	86619300	801	40	0.0000844347	0.0000000453
11	86619301	87430234	326	37	0.0000765612	0.0000000238
11	87430235	89208935	596	40	0.0000521451	0.0000000473
11	89208936	90966489	400	36	-0.0000530588	0.0000000229
11	90966490	92077143	359	39	0.0000271413	0.0000000245
11	92077144	93276156	417	40	0.0001741380	0.0000000334
11	93276157	94242259	295	28	0.0002461576	0.0000000275
11	94242260	95726040	608	40	-0.0000457849	0.0000000463
11	95726041	97057057	525	40	0.0000600544	0.0000000400
11	97057058	98705064	591	40	0.0001379990	0.0000000507
11	98705065	100417168	796	40	0.0000568984	0.0000000475
11	100417169	101331120	414	40	0.0003007169	0.0000000330
11	101331121	103959635	1110	40	-0.0000641782	0.0000000497
11	103959636	104873283	296	24	0.0002313583	0.0000000182
11	104873284	106520893	488	40	0.0000838461	0.0000000326
11	106520894	107844199	481	40	0.0001222033	0.0000000407
11	107844200	108437036	138	11	-0.0000578104	0.0000000116
11	108437037	109866115	361	40	-0.0000557785	0.0000000235
11	109866116	111114396	504	40	0.0000675477	0.0000000367
11	111114397	112459487	395	38	-0.0005506609	0.0000000305
11	112459488	114257727	814	40	-0.0000487360	0.0000000520
11	114257728	114830665	238	27	0.0000302742	0.0000000176
11	114830666	116383347	677	40	0.0000276012	0.0000000535
11	116383348	117747109	634	40	0.0000821018	0.0000000489
11	117747110	119215475	533	40	0.0000001912	0.0000000518
11	119215476	120766805	654	40	0.0001940458	0.0000000524
11	120766806	121175942	207	24	-0.0000402501	0.0000000169
11	121175943	122591909	482	40	-0.0000313152	0.0000000438
11	122591910	123500116	432	40	0.0000996473	0.0000000372
11	123500117	124495527	498	40	-0.0000105753	0.0000000303
11	124495528	126311319	827	40	-0.0001539290	0.0000000582
11	126311320	127316678	575	40	-0.0000329920	0.0000000417
11	127316679	128188536	320	40	0.0001876104	0.0000000345
11	128188537	130342574	889	40	0.0000737096	0.0000000484
11	130342575	131074611	386	40	0.0000602229	0.0000000276
11	131074612	133000045	1139	40	-0.0000206881	0.0000000504
11	133000046	134205992	564	40	-0.0000008463	0.0000000513
11	134205993	134946451	424	40	-0.0000832297	0.0000000362
12	61107	1080330	329	40	0.0002016169	0.0000000291
12	1080331	2544785	514	40	0.0002048225	0.0000000457
12	2544786	3677036	527	40	-0.0000336837	0.0000000483
12	3677037	4417678	401	40	0.0000055137	0.0000000378
12	4417679	5321471	514	40	0.0000046636	0.0000000417
12	5321472	6419752	573	40	0.0001588742	0.0000000548
12	6419753	8377535	552	40	-0.0001129954	0.0000000517
12	8377536	9031394	138	24	0.0001180172	0.0000000164
12	9031395	10481533	561	40	0.0000336968	0.0000000429
12	10481534	11754845	356	40	-0.0000554098	0.0000000281
12	11754846	12733527	452	40	-0.0001334830	0.0000000388
12	12733528	15241483	1066	40	-0.0001245564	0.0000000476
12	15241484	16310459	264	37	0.0000047704	0.0000000210
12	16310460	18087872	576	40	0.0001186579	0.0000000438
12	18087873	20863942	977	40	-0.0000069917	0.0000000457
12	20863943	23820633	1129	40	0.0001919807	0.0000000480
12	23820634	25371082	736	40	0.0000329737	0.0000000505
12	25371083	27799772	1057	40	0.0000172998	0.0000000462
12	27799773	29651254	726	40	0.0002705210	0.0000000562
12	29651255	30512405	479	40	0.0002264292	0.0000000341
12	30512406	32165591	655	40	0.0002380011	0.0000000507
12	32165592	33076988	395	40	0.0001979036	0.0000000323
12	33076989	37856716	368	24	0.0000292039	0.0000000200
12	37856717	39227168	145	7	0.0000326991	0.0000000103
12	39227169	40816184	504	40	0.0001915958	0.0000000356
12	40816185	41658585	365	37	-0.0000971946	0.0000000285
12	41658586	43984473	926	40	-0.0000921735	0.0000000494
12	43984474	46024228	489	40	0.0000269395	0.0000000297
12	46024229	47714792	487	40	0.0000157423	0.0000000405
12	47714793	49001865	571	40	0.0002945344	0.0000000508
12	49001866	51776493	663	40	0.0001552576	0.0000000539
12	51776494	53039003	658	40	0.0002457312	0.0000000469
12	53039004	54778822	605	40	0.0001024413	0.0000000451
12	54778823	55665836	283	37	0.0000208044	0.0000000291
12	55665837	57548859	441	40	-0.0001190963	0.0000000447
12	57548860	59308665	484	40	0.0001130289	0.0000000347
12	59308666	61123728	468	40	0.0001407177	0.0000000321
12	61123729	64032460	985	40	0.0000201730	0.0000000461
12	64032461	65559694	387	40	-0.0000067111	0.0000000433
12	65559695	67181143	537	40	0.0001796837	0.0000000424
12	67181144	67909728	331	40	0.0001368048	0.0000000218
12	67909729	69826541	843	40	0.0001524187	0.0000000470
12	69826542	70957986	515	40	0.0001513164	0.0000000324
12	70957987	72645074	580	40	0.0002425130	0.0000000409
12	72645075	73818453	316	31	0.0001749679	0.0000000206
12	73818454	76511313	797	40	0.0002435174	0.0000000464
12	76511314	78570569	783	40	-0.0000356803	0.0000000490
12	78570570	80448149	424	40	0.0000882572	0.0000000299
12	80448150	81467766	314	36	0.0001799273	0.0000000257
12	81467767	83502665	590	40	0.0000944567	0.0000000376
12	83502666	84303843	241	27	0.0000785499	0.0000000153
12	84303844	85990425	406	35	-0.0000445366	0.0000000215
12	85990426	89682121	776	40	0.0000907691	0.0000000451
12	89682122	92066154	667	40	-0.0001512977	0.0000000392
12	92066155	94514566	936	40	-0.0000881646	0.0000000467
12	94514567	96020784	723	40	-0.0000248649	0.0000000514
12	96020785	97108838	478	40	0.0003174244	0.0000000369
12	97108839	99305986	953	40	-0.0000705541	0.0000000487
12	99305987	101447640	675	40	-0.0000580178	0.0000000475
12	101447641	101862689	154	16	0.0001077893	0.0000000139
12	101862690	102964985	347	40	-0.0000507224	0.0000000262
12	102964986	104848695	811	40	0.0001573524	0.0000000443
12	104848696	106436212	889	40	0.0001411810	0.0000000480
12	106436213	106958747	238	34	-0.0001723307	0.0000000219
12	106958748	109025900	780	40	0.0001295144	0.0000000492
12	109025901	110336718	412	40	-0.0000000118	0.0000000413
12	110336719	113263517	474	40	-0.0010640699	0.0000000757
12	113263518	113986708	224	30	-0.0002558760	0.0000000217
12	113986709	115036601	562	40	-0.0000504296	0.0000000381
12	115036602	115503215	199	36	0.0000311484	0.0000000178
12	115503216	117087470	773	40	0.0001090360	0.0000000468
12	117087471	118135374	480	40	-0.0000280352	0.0000000398
12	118135375	119754109	719	40	0.0000387729	0.0000000492
12	119754110	122007650	708	40	-0.0000564701	0.0000000514
12	122007651	124977979	723	40	-0.0000921119	0.0000000497
12	124977980	126445504	651	40	0.0000124462	0.0000000498
12	126445505	127875097	677	40	0.0000567811	0.0000000501
12	127875098	129237296	728	40	0.0000230489	0.0000000489
12	129237297	130377920	700	40	-0.0000378278	0.0000000478
12	130377921	131786750	766	40	-0.0001345205	0.0000000477
12	131786751	132807033	310	40	0.0002188193	0.0000000238
12	132807034	133841510	179	25	0.0000696340	0.0000000152
13	19020013	20686719	316	37	-0.0000910914	0.0000000240
13	20686720	22242173	613	40	0.0000270623	0.0000000466
13	22242174	23594701	701	40	-0.0000229052	0.0000000488
13	23594702	24531936	534	40	0.0000749848	0.0000000399
13	24531937	25784361	673	40	-0.0000518424	0.0000000477
13	25784362	27284361	570	40	-0.0000254687	0.0000000416
13	27284362	29257550	898	40	0.0001419324	0.0000000460
13	29257551	30483266	528	40	0.0000694447	0.0000000389
13	30483267	32301814	816	40	0.0000501258	0.0000000497
13	32301815	33776902	608	40	-0.0000446069	0.0000000420
13	33776903	35026463	470	40	0.0003678220	0.0000000352
13	35026464	36046366	228	30	0.0000888254	0.0000000152
13	36046367	37498184	676	40	0.0000421394	0.0000000463
13	37498185	38878162	566	40	-0.0000024559	0.0000000357
13	38878163	41069262	913	40	0.0000603492	0.0000000538
13	41069263	43101026	650	40	0.0000070099	0.0000000459
13	43101027	44901408	833	40	-0.0000663662	0.0000000466
13	44901409	46495213	539	40	0.0000334743	0.0000000431
13	46495214	47431078	376	40	-0.0001953909	0.0000000287
13	47431079	49383961	631	40	-0.0000153764	0.0000000477
13	49383962	51591090	768	40	0.0000835871	0.0000000454
13	51591091	53339621	463	40	0.0000957454	0.0000000335
13	53339622	54682863	549	40	0.0001604425	0.0000000418
13	54682864	55817130	333	37	0.0000829983	0.0000000282
13	55817131	57554216	308	23	0.0001036756	0.0000000197
13	57554217	58410625	212	21	-0.0000244304	0.0000000136
13	58410626	59302270	228	22	-0.0000950364	0.0000000182
13	59302271	60854777	567	40	-0.0001151737	0.0000000423
13	60854778	61591948	301	36	-0.0001136220	0.0000000250
13	61591949	63971558	671	40	0.0001623199	0.0000000477
13	63971559	65200601	312	31	0.0001426655	0.0000000202
13	65200602	67844452	817	40	0.0000100773	0.0000000488
13	67844453	70724515	922	40	0.0000650505	0.0000000477
13	70724516	71526790	329	40	0.0000297234	0.0000000277
13	71526791	73934088	885	40	0.0001323299	0.0000000465
13	73934089	75670142	752	40	0.0000582235	0.0000000498
13	75670143	77410554	804	40	0.0000775210	0.0000000482
13	77410555	78808812	448	40	-0.0000316025	0.0000000334
13	78808813	80585675	600	40	-0.0001756812	0.0000000424
13	80585676	82581813	639	40	0.0001056096	0.0000000484
13	82581814	84133143	401	36	0.0001692090	0.0000000230
13	84133144	85610915	432	40	-0.0001187866	0.0000000329
13	85610916	88559881	795	40	0.0001541459	0.0000000481
13	88559882	90521310	488	40	-0.0000135665	0.0000000267
13	90521311	93129690	899	40	0.0000569750	0.0000000490
13	93129691	93586454	128	16	0.0000021556	0.0000000134
13	93586455	96087557	1244	40	-0.0000142899	0.0000000477
13	96087558	97519209	374	39	0.0001567987	0.0000000309
13	97519210	98938918	458	40	-0.0000280493	0.0000000393
13	98938919	100574094	821	40	0.0001046689	0.0000000493
13	100574095	102300522	792	40	0.0000296786	0.0000000453
13	102300523	104066709	969	40	0.0001187607	0.0000000484
13	104066710	104844113	316	40	0.0000317291	0.0000000237
13	104844114	106247553	647	40	0.0000403226	0.0000000511
13	106247554	106749999	278	40	-0.0001247855	0.0000000260
13	106750000	108189876	628	40	-0.0000068621	0.0000000511
13	108189877	109121209	450	40	-0.0001403098	0.0000000397
13	109121210	109815111	341	40	0.0000806633	0.0000000288
13	109815112	111232072	798	40	0.0000334052	0.0000000530
13	111232073	112247591	491	40	-0.0000349306	0.0000000415
13	112247592	113572487	489	40	-0.0000924911	0.0000000508
13	113572488	115109852	445	40	0.0002443267	0.0000000398
14	19002084	21589401	613	40	0.0000164424	0.0000000454
14	21589402	23018664	740	40	0.0002060255	0.0000000456
14	23018665	24905122	727	40	0.0000997449	0.0000000471
14	24905123	26135685	582	40	0.0000145663	0.0000000393
14	26135686	28466532	715	40	0.0001711230	0.0000000463
14	28466533	29972144	394	40	0.0001368077	0.0000000301
14	29972145	32383264	619	40	0.0001390181	0.0000000511
14	32383265	34846250	1304	40	-0.0000131079	0.0000000454
14	34846251	35859592	255	30	-0.0000617649	0.0000000231
14	35859593	38667724	910	40	-0.0001280741	0.0000000454
14	38667725	40341989	574	40	-0.0000704343	0.0000000373
14	40341990	41615501	366	32	0.0000637121	0.0000000191
14	41615502	43137388	436	36	-0.0002319741	0.0000000289
14	43137389	44543226	371	40	0.0002466402	0.0000000301
14	44543227	46081895	392	40	-0.0000047525	0.0000000287
14	46081896	46749129	194	17	0.0000321767	0.0000000100
14	46749130	48573585	609	40	0.0001164492	0.0000000440
14	48573586	49005470	115	13	-0.0000606607	0.0000000087
14	49005471	50507759	482	40	-0.0001459129	0.0000000369
14	50507760	51493571	377	40	0.0001271878	0.0000000389
14	51493572	53474382	886	40	0.0002209232	0.0000000498
14	53474383	53997830	182	19	-0.0000893268	0.0000000157
14	53997831	55233680	459	40	0.0000491036	0.0000000366
14	55233681	56216879	301	27	0.0001778970	0.0000000231
14	56216880	57481261	691	40	-0.0002497933	0.0000000512
14	57481262	59448335	725	40	0.0000213489	0.0000000475
14	59448336	61680423	630	40	-0.0001273097	0.0000000458
14	61680424	63790014	833	40	0.0001362162	0.0000000519
14	63790015	65220297	377	37	-0.0001546191	0.0000000337
14	65220298	66399554	419	40	-0.0000452589	0.0000000370
14	66399555	67992316	428	33	0.0000815267	0.0000000248
14	67992317	71131956	1273	40	0.0002639542	0.0000000607
14	71131957	72889614	705	40	0.0002425052	0.0000000512
14	72889615	76444766	1197	40	0.0000312962	0.0000000528
14	76444767	77229471	367	40	0.0002347776	0.0000000336
14	77229472	78561944	656	40	0.0001439106	0.0000000483
14	78561945	80186578	624	40	0.0001728505	0.0000000465
14	80186579	81579713	521	40	0.0001769145	0.0000000395
14	81579714	83138096	487	40	0.0001908467	0.0000000368
14	83138097	84241632	391	40	-0.0001098863	0.0000000289
14	84241633	85746318	485	40	-0.0000546241	0.0000000365
14	85746319	86647001	323	36	0.0000129889	0.0000000251
14	86647002	87635340	320	40	0.0000593842	0.0000000297
14	87635341	89497642	631	40	0.0001814562	0.0000000419
14	89497643	91296859	718	40	0.0000303956	0.0000000510
14	91296860	93132298	698	40	0.0001401920	0.0000000486
14	93132299	94325284	434	40	-0.0001286411	0.0000000304
14	94325285	95750866	907	40	-0.0000658517	0.0000000482
14	95750867	96262414	394	40	0.0001347065	0.0000000306
14	96262415	98341161	874	40	-0.0000596816	0.0000000517
14	98341162	99138531	387	40	-0.0000059000	0.0000000263
14	99138532	101534306	923	40	-0.0000611008	0.0000000523
14	101534307	103012101	455	40	-0.0000104717	0.0000000408
14	103012102	105001722	496	40	-0.0002008846	0.0000000509
14	105001723	106340357	174	29	0.0000662415	0.0000000182
14	106340358	107289453	41	5	-0.0000370874	0.0000000033
15	20001200	21131603	7	2	0.0000003411	0.0000000003
15	21131604	24195126	320	40	0.0000472365	0.0000000282
15	24195127	25108589	202	29	0.0000893197	0.0000000187
15	25108590	27298111	918	40	-0.0001752091	0.0000000453
15	27298112	29338501	509	40	-0.0001103947	0.0000000373
15	29338502	30165567	309	40	-0.0001649681	0.0000000314
15	30165568	31591820	310	40	-0.0000312486	0.0000000270
15	31591821	32441810	275	37	0.0002530282	0.0000000205
15	32441811	34015424	744	40	-0.0000503091	0.0000000443
15	34015425	35083250	418	40	-0.0000735482	0.0000000332
15	35083251	37456501	964	40	-0.0000680416	0.0000000456
15	37456502	38530776	362	40	0.0000160880	0.0000000309
15	38530777	40384131	804	40	0.0001577426	0.0000000637
15	40384132	41177513	246	30	0.0001550005	0.0000000211
15	41177514	42776398	440	40	0.0000685242	0.0000000332
15	42776399	44198048	279	17	-0.0001289602	0.0000000259
15	44198049	46618786	525	40	0.0000741407	0.0000000373
15	46618787	48136047	612	40	0.0000245643	0.0000000447
15	48136048	50008042	459	40	0.0002247148	0.0000000363
15	50008043	51677559	626	40	0.0001298911	0.0000000468
15	51677560	53069095	415	39	0.0000930729	0.0000000282
15	53069096	54508527	646	40	-0.0000187964	0.0000000484
15	54508528	55136268	262	32	0.0001345428	0.0000000272
15	55136269	56901772	550	40	0.0001640323	0.0000000505
15	56901773	58441365	643	40	-0.0000780609	0.0000000496
15	58441366	59694115	540	40	-0.0000339437	0.0000000474
15	59694116	61265835	698	40	0.0000535838	0.0000000474
15	61265836	63215221	943	40	-0.0000771489	0.0000000471
15	63215222	65104667	500	40	0.0000664815	0.0000000416
15	65104668	67094766	638	40	0.0000048262	0.0000000632
15	67094767	69017998	771	40	0.0002714930	0.0000000509
15	69017999	70133340	307	40	-0.0000470619	0.0000000250
15	70133341	71922648	731	40	-0.0000446557	0.0000000494
15	71922649	73628713	380	33	-0.0000445100	0.0000000266
15	73628714	76398623	616	40	-0.0000932348	0.0000000446
15	76398624	78516052	546	40	-0.0000575235	0.0000000387
15	78516053	80860977	1017	40	-0.0001126542	0.0000000503
15	80860978	84260467	937	40	0.0000240892	0.0000000463
15	84260468	86652904	803	40	0.0000222956	0.0000000472
15	86652905	88369942	789	40	-0.0000891135	0.0000000465
15	88369943	90475550	751	40	-0.0000503571	0.0000000527
15	90475551	92164391	658	40	0.0000954485	0.0000000477
15	92164392	93780901	859	40	0.0000703572	0.0000000498
15	93780902	94924329	608	40	0.0003782943	0.0000000483
15	94924330	96141595	605	40	0.0000332423	0.0000000462
15	96141596	98030909	776	40	0.0000716897	0.0000000470
15	98030910	99244058	589	40	0.0000200002	0.0000000471
15	99244059	100636846	583	40	-0.0000336875	0.0000000488
15	100636847	101552693	428	40	-0.0000206913	0.0000000404
15	101552694	102520965	456	40	0.0001122070	0.0000000431
16	60054	1207205	313	40	-0.0002016977	0.0000000332
16	1207206	2764828	388	40	0.0000540666	0.0000000342
16	2764829	4001195	322	40	0.0000141385	0.0000000292
16	4001196	5118344	398	40	0.0000523918	0.0000000364
16	5118345	5891579	367	40	-0.0000023138	0.0000000336
16	5891580	6893550	736	40	0.0004103820	0.0000000494
16	6893551	7529120	502	40	0.0001853266	0.0000000464
16	7529121	8338518	556	40	0.0000768792	0.0000000527
16	8338519	9799418	731	40	0.0000219337	0.0000000500
16	9799419	10426031	382	40	0.0002620786	0.0000000343
16	10426032	11520160	472	40	0.0002918977	0.0000000534
16	11520161	12613097	419	40	0.0001499519	0.0000000376
16	12613098	13154436	324	40	-0.0000452366	0.0000000248
16	13154437	14464001	581	40	-0.0000621436	0.0000000452
16	14464002	16154059	326	40	-0.0000231464	0.0000000303
16	16154060	17644748	405	40	0.0003783737	0.0000000396
16	17644749	18643606	186	28	0.0001877053	0.0000000186
16	18643607	20150570	440	40	-0.0001326737	0.0000000370
16	20150571	22448903	453	40	0.0000363032	0.0000000328
16	22448904	24136874	542	40	0.0001635413	0.0000000422
16	24136875	25986861	780	40	0.0000080722	0.0000000476
16	25986862	27445754	675	40	0.0002405236	0.0000000510
16	27445755	29036612	351	40	-0.0000356758	0.0000000294
16	29036613	31382942	290	34	-0.0000524810	0.0000000278
16	31382943	46399472	131	17	0.0001016147	0.0000000123
16	46399473	49007925	305	33	0.0000172913	0.0000000207
16	49007926	52035822	1122	40	0.0000627468	0.0000000479
16	52035823	53382571	474	40	0.0003331605	0.0000000328
16	53382572	55903773	1223	40	0.0000353072	0.0000000490
16	55903774	57664329	656	40	-0.0000107807	0.0000000466
16	57664330	59045404	540	40	-0.0000319397	0.0000000452
16	59045405	60745693	527	40	0.0001961648	0.0000000393
16	60745694	62229848	375	40	0.0000200446	0.0000000225
16	62229849	63691588	468	40	-0.0002494979	0.0000000395
16	63691589	65938565	834	40	0.0000063319	0.0000000495
16	65938566	68841362	693	40	0.0000401734	0.0000000489
16	68841363	71054027	399	40	0.0000858891	0.0000000373
16	71054028	72935149	469	38	0.0001898440	0.0000000384
16	72935150	74971502	813	40	0.0000971794	0.0000000527
16	74971503	75977953	243	30	-0.0000058733	0.0000000200
16	75977954	77523677	733	40	-0.0001342338	0.0000000487
16	77523678	78456291	675	40	-0.0000402620	0.0000000490
16	78456292	79134814	592	40	-0.0000845014	0.0000000498
16	79134815	80297373	803	40	0.0001898368	0.0000000469
16	80297374	81772535	830	40	0.0001533395	0.0000000468
16	81772536	82747727	611	40	0.0001903355	0.0000000462
16	82747728	83477207	628	40	0.0000437516	0.0000000485
16	83477208	84445882	744	40	0.0000219890	0.0000000485
16	84445883	85148684	488	40	0.0002655470	0.0000000444
16	85148685	86156598	507	40	0.0002184822	0.0000000499
16	86156599	86815410	551	40	0.0002598684	0.0000000489
16	86815411	87647348	386	40	0.0000037300	0.0000000371
16	87647349	89041164	401	40	-0.0001310154	0.0000000405
16	89041165	90292811	334	36	-0.0001274515	0.0000000332
17	56	1172398	341	40	-0.0000021978	0.0000000268
17	1172399	1928730	267	40	0.0001885149	0.0000000241
17	1928731	3702311	671	40	0.0000574542	0.0000000534
17	3702312	4696260	384	40	-0.0001515333	0.0000000371
17	4696261	5741333	404	40	-0.0000400991	0.0000000425
17	5741334	7317397	665	40	0.0001264312	0.0000000488
17	7317398	8306424	334	40	-0.0000751453	0.0000000331
17	8306425	9965920	687	40	0.0001292796	0.0000000484
17	9965921	11102814	503	40	0.0000271558	0.0000000386
17	11102815	12534768	588	40	0.0001836044	0.0000000486
17	12534769	13180371	307	40	0.0000449654	0.0000000270
17	13180372	13894636	383	40	0.0000814826	0.0000000338
17	13894637	15019096	637	40	-0.0000485920	0.0000000487
17	15019097	16412341	333	40	-0.0000899461	0.0000000284
17	16412342	18856319	600	40	0.0002476235	0.0000000479
17	18856320	21290356	400	40	-0.0000543200	0.0000000386
17	21290357	27334243	531	40	0.0003887196	0.0000000448
17	27334244	29786490	517	39	0.0003331494	0.0000000503
17	29786491	31538424	561	40	-0.0000579358	0.0000000448
17	31538425	32912797	861	40	-0.0001140462	0.0000000465
17	32912798	34469035	544	40	0.0000880115	0.0000000532
17	34469036	36809343	548	40	-0.0000814750	0.0000000472
17	36809344	38877403	465	40	0.0001204416	0.0000000386
17	38877404	39899809	378	39	0.0001465541	0.0000000283
17	39899810	41772086	389	40	0.0002209746	0.0000000285
17	41772087	43056904	354	39	0.0000857289	0.0000000312
17	43056905	45876021	620	40	0.0002298302	0.0000000475
17	45876022	47517399	554	40	0.0000923356	0.0000000411
17	47517400	49898956	809	40	-0.0000533378	0.0000000455
17	49898957	50719054	295	27	-0.0000165226	0.0000000251
17	50719055	51826117	333	34	-0.0000019355	0.0000000236
17	51826118	53599431	637	40	0.0002192723	0.0000000447
17	53599432	55357540	652	40	-0.0000526715	0.0000000512
17	55357541	57487511	707	40	0.0000985863	0.0000000504
17	57487512	59312754	252	23	-0.0002476303	0.0000000226
17	59312755	61545588	467	40	-0.0000355916	0.0000000364
17	61545589	63148127	318	37	0.0000434248	0.0000000208
17	63148128	64800429	665	40	0.0000648406	0.0000000467
17	64800430	67858769	993	40	0.0001603246	0.0000000490
17	67858770	69387816	672	40	-0.0000342434	0.0000000473
17	69387817	72672202	1499	40	0.0001005102	0.0000000477
17	72672203	74375559	429	40	0.0003461044	0.0000000333
17	74375560	76263412	778	40	0.0000992530	0.0000000476
17	76263413	77298635	488	40	0.0001411630	0.0000000454
17	77298636	78837587	579	40	-0.0001560009	0.0000000458
17	78837588	80034407	247	40	0.0000593131	0.0000000253
17	80034408	81194907	325	36	0.0007923701	0.0000000522
18	10644	912485	425	40	0.0000534609	0.0000000359
18	912486	1942910	382	40	-0.0000496723	0.0000000277
18	1942911	3891657	808	40	0.0000252617	0.0000000486
18	3891658	5834179	825	40	0.0000228004	0.0000000485
18	5834180	7090484	607	40	0.0000415464	0.0000000450
18	7090485	8498930	606	40	0.0001821737	0.0000000473
18	8498931	11075912	1335	40	-0.0000152634	0.0000000465
18	11075913	11905439	283	40	-0.0001807698	0.0000000221
18	11905440	14440798	794	40	-0.0000515188	0.0000000484
18	14440799	19485843	168	17	-0.0000305288	0.0000000111
18	19485844	20649471	309	37	0.0000473518	0.0000000250
18	20649472	22996650	842	40	-0.0000281866	0.0000000471
18	22996651	24026190	328	36	0.0001701506	0.0000000266
18	24026191	25927681	813	40	0.0000442253	0.0000000509
18	25927682	26875586	259	27	-0.0001185847	0.0000000170
18	26875587	27866477	284	29	0.0002169894	0.0000000257
18	27866478	30264065	914	40	0.0004005725	0.0000000511
18	30264066	31780066	360	37	-0.0000348154	0.0000000262
18	31780067	33861963	638	40	0.0001378120	0.0000000466
18	33861964	35075249	490	40	0.0002374236	0.0000000395
18	35075250	36365489	514	40	0.0001726045	0.0000000309
18	36365490	37684366	361	34	-0.0000208937	0.0000000268
18	37684367	39892647	791	40	-0.0000663573	0.0000000498
18	39892648	42922105	966	40	0.0001237444	0.0000000490
18	42922106	44299245	711	40	-0.0001733923	0.0000000532
18	44299246	45939731	621	40	0.0000065260	0.0000000468
18	45939732	47730583	805	40	0.0000590068	0.0000000470
18	47730584	51062184	1235	40	0.0000953565	0.0000000480
18	51062185	51554174	183	16	0.0000483729	0.0000000148
18	51554175	55213837	1168	40	0.0001912305	0.0000000501
18	55213838	56530219	627	40	0.0000832690	0.0000000466
18	56530220	57630482	604	40	0.0000262356	0.0000000501
18	57630483	59020750	450	40	-0.0000703324	0.0000000354
18	59020751	60277714	556	40	0.0000538243	0.0000000406
18	60277715	61820251	593	40	0.0000121706	0.0000000444
18	61820252	63463401	528	40	-0.0000400117	0.0000000339
18	63463402	64252800	255	22	-0.0000341103	0.0000000164
18	64252801	66125816	769	40	0.0001240821	0.0000000499
18	66125817	67175819	343	40	-0.0000809216	0.0000000267
18	67175820	68621178	490	40	-0.0000679909	0.0000000409
18	68621179	69621617	395	40	0.0001076064	0.0000000352
18	69621618	71038473	585	40	0.0000480514	0.0000000450
18	71038474	71971461	511	40	-0.0000709244	0.0000000474
18	71971462	73526986	687	40	-0.0001680297	0.0000000503
18	73526987	74813814	617	40	-0.0000598971	0.0000000487
18	74813815	75976316	613	40	0.0002257132	0.0000000495
18	75976317	77149990	431	40	-0.0000188273	0.0000000314
18	77149991	78017157	281	40	0.0002023046	0.0000000254
19	80840	610728	106	24	0.0002622141	0.0000000158
19	610729	2098395	328	40	-0.0000477926	0.0000000329
19	2098396	3019659	262	40	0.0000838805	0.0000000269
19	3019660	4348966	340	40	-0.0000428909	0.0000000269
19	4348967	5811851	428	40	-0.0000613880	0.0000000393
19	5811852	6684884	221	40	0.0000992287	0.0000000216
19	6684885	8347512	560	40	0.0000749815	0.0000000438
19	8347513	9238392	273	40	-0.0001275430	0.0000000193
19	9238393	11284027	529	40	-0.0000558557	0.0000000406
19	11284028	13471126	441	40	-0.0001846417	0.0000000357
19	13471127	14486346	216	40	-0.0002100060	0.0000000212
19	14486347	15648609	395	40	0.0000081748	0.0000000318
19	15648610	16374415	385	40	-0.0000831893	0.0000000262
19	16374416	18409861	596	40	0.0001410295	0.0000000508
19	18409862	19877470	347	40	0.0000676043	0.0000000331
19	19877471	20905756	141	21	0.0001819083	0.0000000173
19	20905757	22732895	355	38	0.0000532179	0.0000000252
19	22732896	23467745	146	13	0.0000501390	0.0000000075
19	23467746	28557892	305	28	0.0000214410	0.0000000184
19	28557893	29790946	504	40	-0.0000547855	0.0000000374
19	29790947	30727953	354	40	-0.0000670910	0.0000000311
19	30727954	32746519	666	40	-0.0000934014	0.0000000483
19	32746520	34262951	533	40	0.0000376948	0.0000000436
19	34262952	36469294	691	40	0.0001785259	0.0000000483
19	36469295	37527032	241	20	0.0000012061	0.0000000170
19	37527033	40170618	678	40	-0.0000379389	0.0000000514
19	40170619	40984600	193	25	-0.0000104623	0.0000000196
19	40984601	42131572	320	40	0.0002590369	0.0000000284
19	42131573	43862454	177	23	-0.0000140196	0.0000000197
19	43862455	44744107	317	40	0.0002263671	0.0000000281
19	44744108	46102696	383	40	-0.0001857009	0.0000000394
19	46102697	47150081	307	40	-0.0001433910	0.0000000268
19	47150082	49282226	627	40	0.0000193483	0.0000000487
19	49282227	51532566	673	40	-0.0000103466	0.0000000482
19	51532567	52985289	677	40	0.0001016937	0.0000000501
19	52985290	54602361	548	40	-0.0001307945	0.0000000486
19	54602362	55728079	399	40	0.0000172189	0.0000000402
19	55728080	57521334	720	40	-0.0000656617	0.0000000453
19	57521335	59118838	573	40	0.0001260411	0.0000000477
20	60479	697599	282	40	0.0000786869	0.0000000287
20	697600	2469500	1054	40	0.0004700548	0.0000000526
20	2469501	3828412	522	40	0.0002599251	0.0000000471
20	3828413	5477849	849	40	0.0002425681	0.0000000491
20	5477850	7084072	771	40	-0.0003596534	0.0000000505
20	7084073	8117010	426	40	0.0000540814	0.0000000303
20	8117011	9730920	809	40	0.0001835521	0.0000000500
20	9730921	11249535	764	40	0.0002422735	0.0000000485
20	11249536	12447498	524	40	0.0000166070	0.0000000364
20	12447499	13689863	578	40	0.0002080013	0.0000000457
20	13689864	15958358	1015	40	0.0001082493	0.0000000465
20	15958359	17487231	988	40	-0.0000208723	0.0000000472
20	17487232	18972202	647	40	0.0000756012	0.0000000516
20	18972203	20959709	918	40	0.0000166535	0.0000000462
20	20959710	22491455	426	40	-0.0001576656	0.0000000246
20	22491456	23293789	372	40	0.0001822728	0.0000000309
20	23293790	24717723	559	40	-0.0000288699	0.0000000366
20	24717724	25344230	237	22	-0.0001352882	0.0000000188
20	25344231	31614822	620	40	-0.0002913846	0.0000000410
20	31614823	32813440	305	30	-0.0001196779	0.0000000234
20	32813441	34960445	477	32	0.0000453851	0.0000000293
20	34960446	36909529	514	40	0.0003023952	0.0000000368
20	36909530	38436760	536	40	0.0003172882	0.0000000402
20	38436761	39610855	489	40	-0.0000113982	0.0000000469
20	39610856	40585688	295	33	0.0002129636	0.0000000251
20	40585689	41615459	596	40	0.0000951695	0.0000000491
20	41615460	42680175	412	40	-0.0001078155	0.0000000310
20	42680176	44839055	822	40	-0.0000383217	0.0000000529
20	44839056	47199979	1064	40	0.0000150395	0.0000000474
20	47199980	49239657	794	40	-0.0000149177	0.0000000497
20	49239658	52472548	1383	40	0.0000009594	0.0000000490
20	52472549	54055265	656	40	0.0002246377	0.0000000479
20	54055266	56447958	1194	40	-0.0000489091	0.0000000476
20	56447959	58406571	928	40	0.0001096729	0.0000000480
20	58406572	59561723	565	40	-0.0000526625	0.0000000386
20	59561724	61301854	808	40	0.0001543255	0.0000000493
20	61301855	62190179	313	40	0.0001563365	0.0000000285
20	62190180	62965162	243	38	0.0001230213	0.0000000206
21	9411243	15950981	304	40	0.0000461909	0.0000000271
21	15950982	18053164	698	40	0.0000426174	0.0000000498
21	18053165	19480374	480	40	-0.0000372529	0.0000000397
21	19480375	20962338	652	40	-0.0001417172	0.0000000483
21	20962339	22072763	370	40	0.0002097406	0.0000000299
21	22072764	23362874	559	40	0.0000297613	0.0000000399
21	23362875	24696230	378	40	0.0000063775	0.0000000265
21	24696231	26469121	697	40	0.0003104331	0.0000000456
21	26469122	27271018	233	25	-0.0000527608	0.0000000190
21	27271019	29125225	917	40	0.0002047511	0.0000000509
21	29125226	31197024	731	40	0.0001886447	0.0000000449
21	31197025	32668641	481	40	-0.0001591470	0.0000000310
21	32668642	34376998	696	40	-0.0000582710	0.0000000496
21	34376999	35225464	294	40	0.0001170517	0.0000000297
21	35225465	36524372	601	40	0.0001941479	0.0000000514
21	36524373	37870778	570	40	0.0001079950	0.0000000477
21	37870779	38711703	326	40	0.0002172495	0.0000000233
21	38711704	40482901	888	40	0.0000030462	0.0000000482
21	40482902	41389526	531	40	0.0003080600	0.0000000395
21	41389527	43321527	1072	40	-0.0000020241	0.0000000474
21	43321528	44506267	716	40	-0.0003011395	0.0000000541
21	44506268	46177104	597	40	-0.0001174764	0.0000000531
21	46177105	47492225	531	40	0.0000452741	0.0000000419
21	47492226	48119751	252	27	0.0002412180	0.0000000296
22	16050408	17674294	232	40	-0.0000856648	0.0000000207
22	17674295	18296087	273	40	0.0000974155	0.0000000261
22	18296088	19912357	557	40	-0.0002449807	0.0000000467
22	19912358	22357324	627	40	0.0002155550	0.0000000510
22	22357325	23712646	352	40	0.0000464254	0.0000000289
22	23712647	24984203	375	40	0.0000220148	0.0000000272
22	24984204	26791627	792	40	-0.0001249792	0.0000000489
22	26791628	27834751	763	40	0.0000329943	0.0000000508
22	27834752	29651798	590	40	0.0000468579	0.0000000465
22	29651799	31439917	577	40	0.0000301838	0.0000000414
22	31439918	32664985	362	33	0.0000059360	0.0000000278
22	32664986	34494913	965	40	0.0000111879	0.0000000473
22	34494914	35530984	524	40	0.0001623238	0.0000000304
22	35530985	37570268	870	40	0.0001169003	0.0000000531
22	37570269	39307893	561	40	0.0000214108	0.0000000452
22	39307894	40545796	357	40	0.0000565074	0.0000000314
22	40545797	42690817	472	34	0.0002331273	0.0000000315
22	42690818	43714199	424	40	-0.0000874040	0.0000000424
22	43714200	44995307	747	40	-0.0000273077	0.0000000487
22	44995308	46470494	653	40	0.0001552483	0.0000000544
22	46470495	47596317	476	40	-0.0001274711	0.0000000404
22	47596318	48903702	777	40	-0.0000450062	0.0000000475
22	48903703	49824533	641	40	-0.0000074238	0.0000000512
22	49824534	51243297	415	40	0.0000567737	0.0000000395
