chr	start	end	num_snp	k	local_h2g	var
1	10583	1892606	105	19	-0.0000247751	0.000000003975
1	1892607	3582735	430	40	-0.0000466617	0.000000018523
1	3582736	4380810	267	40	0.0000282234	0.000000012168
1	4380811	5913892	845	40	0.0001079112	0.000000028081
1	5913893	7247334	420	40	0.0000997536	0.000000019405
1	7247335	9365198	678	40	0.0000580724	0.000000027072
1	9365199	10806983	344	40	-0.0000115668	0.000000012808
1	10806984	11777840	250	40	0.0001444304	0.000000013690
1	11777841	12779465	276	40	0.0000575727	0.000000013430
1	12779466	14891510	601	40	0.0001541456	0.000000029018
1	14891511	16897729	658	40	0.0000835584	0.000000027588
1	16897730	18662898	637	40	0.0002139237	0.000000030229
1	18662899	20469148	700	40	0.0001284892	0.000000028498
1	20469149	21736587	445	40	0.0002029649	0.000000022063
1	21736588	23086882	502	40	0.0000036646	0.000000021991
1	23086883	23920589	219	28	0.0000680008	0.000000010246
1	23920590	25516844	510	40	0.0000725948	0.000000023491
1	25516845	27401866	402	40	-0.0000116989	0.000000013786
1	27401867	30161880	536	40	0.0000356716	0.000000020188
1	30161881	32438684	891	40	0.0000511954	0.000000026933
1	32438685	34799757	659	40	0.0000449034	0.000000026805
1	34799758	37549182	543	40	0.0003216922	0.000000027904
1	37549183	38731846	364	40	0.0000592379	0.000000015426
1	38731847	40200566	436	40	0.0000659249	0.000000018669
1	40200567	41975326	539	40	0.0000497825	0.000000020786
1	41975327	43758456	521	40	0.0001242762	0.000000020836
1	43758457	44969182	359	35	0.0001574714	0.000000015654
1	44969183	46899500	446	38	-0.0000194453	0.000000012133
1	46899501	48002575	290	33	0.0001842774	0.000000014083
1	48002576	48978187	331	40	0.0001137404	0.000000015906
1	48978188	49894176	243	28	-0.0000344349	0.000000009257
1	49894177	51713725	254	25	0.0000526354	0.000000008500
1	51713726	54226261	553	40	0.0000619082	0.000000022804
1	54226262	56413116	813	40	0.0000811341	0.000000027539
1	56413117	57021727	260	30	0.0001014149	0.000000011331
1	57021728	58865398	828	40	0.0001918039	0.000000029781
1	58865399	59890408	370	40	0.0001285476	0.000000016154
1	59890409	61922364	656	40	-0.0000076357	0.000000025741
1	61922365	63455088	517	40	0.0001163682	0.000000023124
1	63455089	65041703	636	40	0.0001624485	0.000000024943
1	65041704	66939403	636	40	0.0001931485	0.000000026819
1	66939404	68477894	670	40	0.0001446080	0.000000024530
1	68477895	69687615	375	40	0.0001347866	0.000000017055
1	69687616	71372469	507	40	0.0001586144	0.000000021686
1	71372470	71684404	82	10	0.0000413758	0.000000003372
1	71684405	74326906	543	40	0.0002047956	0.000000020853
1	74326907	76728134	714	40	0.0002256004	0.000000026273
1	76728135	79661197	925	40	0.0001644239	0.000000029226
1	79661198	81354190	453	40	0.0000316901	0.000000017562
1	81354191	83991747	943	40	0.0000567418	0.000000027045
1	83991748	84844494	306	35	0.0000641218	0.000000011452
1	84844495	86454750	633	40	0.0001277319	0.000000026437
1	86454751	88128630	552	40	0.0001667326	0.000000024090
1	88128631	90066302	509	40	0.0000853586	0.000000020725
1	90066303	91886316	549	40	0.0001966690	0.000000024070
1	91886317	93536458	493	40	0.0000575077	0.000000017461
1	93536459	94506190	253	26	0.0000443507	0.000000008845
1	94506191	96150892	632	40	0.0000272451	0.000000024769
1	96150893	97885248	589	40	0.0000455048	0.000000019399
1	97885249	99800603	627	40	0.0000819092	0.000000022687
1	99800604	100826404	330	36	0.0000307845	0.000000011293
1	100826405	102041015	438	40	0.0000406936	0.000000016551
1	102041016	102898744	271	36	0.0000409243	0.000000010418
1	102898745	103914210	198	21	0.0000058136	0.000000006430
1	103914211	106087841	444	40	0.0000238058	0.000000016780
1	106087842	108409664	717	40	0.0001339937	0.000000028610
1	108409665	110303930	556	40	0.0000168062	0.000000019911
1	110303931	111741736	557	40	0.0000902728	0.000000025679
1	111741737	113273305	704	40	0.0002144961	0.000000030240
1	113273306	114873844	503	40	0.0000353098	0.000000020077
1	114873845	115880592	338	36	0.0001765621	0.000000015008
1	115880593	118839066	827	40	0.0001927488	0.000000029800
1	118839067	144977493	552	40	0.0000006986	0.000000019637
1	144977494	148361252	426	40	0.0000926528	0.000000017861
1	148361253	151538880	347	34	0.0001485989	0.000000014753
1	151538881	153180828	463	40	0.0001237776	0.000000017350
1	153180829	154770402	445	40	0.0001667814	0.000000019722
1	154770403	156336132	302	38	0.0001627035	0.000000015141
1	156336133	158027411	595	40	0.0000172842	0.000000023050
1	158027412	159913047	661	40	0.0000017250	0.000000025668
1	159913048	162346720	858	40	0.0001313592	0.000000028556
1	162346721	165191701	1176	40	-0.0000340422	0.000000025206
1	165191702	166460516	519	40	0.0000851338	0.000000023274
1	166460517	169086323	1083	40	-0.0000191488	0.000000025508
1	169086324	170557775	552	40	0.0001395941	0.000000020158
1	170557776	173097906	874	40	0.0002461336	0.000000030881
1	173097907	175089767	405	32	0.0000381027	0.000000010824
1	175089768	177433380	764	40	0.0001384795	0.000000028543
1	177433381	178944308	475	40	0.0000609883	0.000000018362
1	178944309	178954469	2	1	0.0000015337	0.000000000132
1	178954470	181144120	730	40	0.0000238878	0.000000025540
1	181144121	182755355	584	40	0.0002170941	0.000000028037
1	182755356	184595512	610	40	0.0000661573	0.000000022212
1	184595513	186810022	512	40	-0.0000058579	0.000000017166
1	186810023	188759944	604	40	-0.0000431653	0.000000019844
1	188759945	189904129	211	17	0.0000340389	0.000000006692
1	189904130	191868929	530	40	0.0000591894	0.000000016925
1	191868930	194107441	559	40	0.0001290114	0.000000022181
1	194107442	196176200	561	40	0.0001559317	0.000000020956
1	196176201	197311513	189	16	0.0000192176	0.000000005576
1	197311514	199239883	492	40	0.0001361782	0.000000020765
1	199239884	200137648	296	35	0.0000237009	0.000000011356
1	200137649	201589974	687	40	-0.0000049943	0.000000025794
1	201589975	203334733	599	40	0.0000339830	0.000000025482
1	203334734	204681067	476	40	0.0000792354	0.000000020601
1	204681068	206073264	565	40	0.0001704130	0.000000026098
1	206073265	208410363	608	40	0.0000168675	0.000000025503
1	208410364	210787749	900	40	0.0000875855	0.000000027670
1	210787750	212842329	680	40	0.0000387569	0.000000026681
1	212842330	214578265	603	40	0.0001859598	0.000000028403
1	214578266	216243633	579	40	0.0000934941	0.000000023914
1	216243634	218705512	1062	40	0.0000786041	0.000000027488
1	218705513	219590570	275	33	-0.0000101036	0.000000009851
1	219590571	221858230	676	40	0.0002060349	0.000000029229
1	221858231	222230219	170	21	0.0000728608	0.000000008754
1	222230220	224938519	450	40	0.0000738589	0.000000018881
1	224938520	226810859	501	40	0.0001451308	0.000000021726
1	226810860	229156247	681	40	0.0000583537	0.000000025295
1	229156248	230685254	521	40	0.0001499882	0.000000024639
1	230685255	232090251	579	40	0.0000344792	0.000000023608
1	232090252	233429283	593	40	0.0000811995	0.000000027173
1	233429284	234599433	520	40	0.0000025924	0.000000022178
1	234599434	235819435	377	40	0.0001105625	0.000000018378
1	235819436	237555627	711	40	0.0000170931	0.000000026242
1	237555628	238567806	420	40	0.0002379132	0.000000022510
1	238567807	239925313	480	40	0.0000885380	0.000000022143
1	239925314	240564090	328	40	0.0001121768	0.000000016030
1	240564091	241582219	511	40	-0.0000574015	0.000000022689
1	241582220	242071601	215	38	-0.0000749097	0.000000008080
1	242071602	244109498	608	40	0.0000206784	0.000000025370
1	244109499	245506745	507	40	0.0000737322	0.000000023566
1	245506746	247344517	688	40	0.0001024303	0.000000027970
1	247344518	249239465	379	40	0.0000329156	0.000000016498
2	10133	1781021	662	40	0.0000492169	0.000000026892
2	1781022	3973778	965	40	0.0002291043	0.000000030536
2	3973779	5708336	632	40	0.0000324160	0.000000026552
2	5708337	6836253	567	40	0.0001435721	0.000000024927
2	6836254	8422146	654	40	0.0001353988	0.000000028638
2	8422147	10298468	673	40	0.0000628642	0.000000027169
2	10298469	12419149	972	40	0.0000935920	0.000000027791
2	12419150	14335307	594	40	0.0001182380	0.000000025408
2	14335308	16329734	747	40	0.0001306870	0.000000028543
2	16329735	18647422	860	40	-0.0000312418	0.000000025263
2	18647423	19692403	383	40	0.0000841796	0.000000017327
2	19692404	21050489	637	40	0.0000230551	0.000000025628
2	21050490	23341382	623	40	0.0002459569	0.000000030878
2	23341383	24686917	441	40	0.0000577616	0.000000017933
2	24686918	26894984	559	40	0.0000819868	0.000000023106
2	26894985	28598776	416	33	0.0000844080	0.000000015934
2	28598777	29217558	247	32	0.0000015432	0.000000009931
2	29217559	30463710	636	40	0.0000973261	0.000000027867
2	30463711	31550449	531	40	0.0000181061	0.000000023904
2	31550450	33363776	494	40	0.0001020861	0.000000024767
2	33363777	35345027	803	40	0.0000813592	0.000000027544
2	35345028	36122005	290	30	0.0000841000	0.000000013193
2	36122006	38132711	923	40	0.0001361439	0.000000028653
2	38132712	39031336	326	38	0.0000796253	0.000000016924
2	39031337	40281482	303	32	0.0000761250	0.000000015043
2	40281483	43309589	1307	40	0.0001271301	0.000000028471
2	43309590	44313802	400	40	0.0001780976	0.000000021352
2	44313803	46482633	1066	40	0.0000585030	0.000000027081
2	46482634	47318771	416	40	-0.0000004705	0.000000020812
2	47318772	48213000	300	40	0.0000121876	0.000000014940
2	48213001	50022256	713	40	0.0001270338	0.000000028469
2	50022257	50818927	345	34	0.0000615852	0.000000015783
2	50818928	52491132	647	40	0.0000669883	0.000000027252
2	52491133	53508451	464	40	0.0001271465	0.000000022039
2	53508452	54685225	433	40	0.0001155230	0.000000021075
2	54685226	56203344	612	40	0.0000100147	0.000000026098
2	56203345	57429099	428	40	0.0000319749	0.000000019385
2	57429100	58297314	272	29	0.0001506151	0.000000014587
2	58297315	60291999	735	40	0.0001711657	0.000000029363
2	60292000	62429043	586	40	0.0001094813	0.000000027903
2	62429044	64625912	583	40	0.0001479762	0.000000027319
2	64625913	65933443	464	40	-0.0000000012	0.000000019727
2	65933444	67226165	553	40	0.0001252618	0.000000024295
2	67226166	68010175	423	40	0.0001545540	0.000000019942
2	68010176	69139563	469	40	-0.0000356835	0.000000017342
2	69139564	70755197	534	40	0.0001104488	0.000000022118
2	70755198	73174847	799	40	0.0001018627	0.000000027959
2	73174848	75630085	722	40	0.0000378270	0.000000026662
2	75630086	76913660	515	40	0.0000846336	0.000000023160
2	76913661	78079263	395	40	0.0000508990	0.000000019196
2	78079264	80050402	825	40	0.0000160427	0.000000026220
2	80050403	81620840	578	40	0.0000790407	0.000000027077
2	81620841	85140679	890	40	0.0000268608	0.000000023087
2	85140680	88038506	632	40	0.0000503654	0.000000022832
2	88038507	89154525	243	30	0.0000107108	0.000000009244
2	89154526	95326451	4	2	0.0000175263	0.000000000556
2	95326452	98995200	425	40	0.0000497576	0.000000016476
2	98995201	101822328	904	40	0.0000636394	0.000000027185
2	101822329	102688764	259	30	-0.0000594479	0.000000007879
2	102688765	103588214	406	36	0.0000222385	0.000000012047
2	103588215	105125033	303	40	0.0001409932	0.000000014496
2	105125034	106210057	409	40	0.0002633036	0.000000021777
2	106210058	107408266	442	40	0.0001487545	0.000000019824
2	107408267	108429176	355	40	0.0003072605	0.000000017698
2	108429177	110572431	526	40	0.0002558938	0.000000024174
2	110572432	113921855	797	40	0.0001669995	0.000000029278
2	113921856	116772469	757	40	0.0001214388	0.000000028355
2	116772470	118367465	394	37	-0.0000115894	0.000000012394
2	118367466	121303782	991	40	0.0000545031	0.000000027000
2	121303783	123302905	581	40	0.0000390295	0.000000023752
2	123302906	124732249	427	40	0.0002291399	0.000000018289
2	124732250	125840920	381	40	0.0000666974	0.000000015628
2	125840921	127373763	409	37	0.0000289381	0.000000013007
2	127373764	128034346	259	40	0.0000949314	0.000000012279
2	128034347	129474440	433	40	0.0000805466	0.000000017305
2	129474441	130067169	219	26	-0.0000172992	0.000000007243
2	130067170	130658084	203	26	0.0001119325	0.000000010055
2	130658085	133042783	211	35	-0.0000357686	0.000000007947
2	133042784	135158577	914	40	0.0000149760	0.000000026199
2	135158578	137042793	440	40	0.0000229587	0.000000014228
2	137042794	138698116	594	40	0.0000399970	0.000000023249
2	138698117	140100270	436	40	0.0000511824	0.000000014023
2	140100271	141805350	568	40	0.0000631129	0.000000023142
2	141805351	142518601	298	33	0.0000862526	0.000000014216
2	142518602	144519483	656	40	0.0002191951	0.000000028656
2	144519484	146445569	440	40	0.0001470673	0.000000020050
2	146445570	147277161	151	15	-0.0000037000	0.000000005727
2	147277162	150210291	660	40	0.0000908104	0.000000023964
2	150210292	151731461	473	40	0.0001057916	0.000000019890
2	151731462	152486781	285	29	0.0001406949	0.000000012740
2	152486782	154005055	481	40	0.0000270574	0.000000018766
2	154005056	155391134	486	40	0.0000499065	0.000000020060
2	155391135	157560634	552	40	0.0003611596	0.000000027763
2	157560635	158533217	173	26	0.0000989356	0.000000009998
2	158533218	159577081	330	39	0.0000625752	0.000000014253
2	159577082	161769732	719	40	0.0002056948	0.000000028960
2	161769733	163503550	389	36	0.0003186466	0.000000018496
2	163503551	164466637	194	24	0.0000780243	0.000000009115
2	164466638	165178839	174	21	0.0001610953	0.000000010073
2	165178840	167160269	629	40	0.0000181433	0.000000022911
2	167160270	167355969	73	10	0.0000288913	0.000000003324
2	167355970	169968235	830	40	0.0001490453	0.000000028915
2	169968236	171226244	491	40	0.0000277313	0.000000019247
2	171226245	173138904	572	40	0.0001411342	0.000000026604
2	173138905	175588928	841	40	-0.0000186928	0.000000025517
2	175588929	177363635	530	40	0.0000975629	0.000000021596
2	177363636	178553182	471	40	0.0000422199	0.000000016945
2	178553183	181312738	1005	40	-0.0000791982	0.000000024291
2	181312739	182266030	297	32	-0.0000117794	0.000000010228
2	182266031	184357607	614	40	0.0000750951	0.000000024848
2	184357608	185280172	231	25	0.0000210475	0.000000008837
2	185280173	189882064	954	40	0.0003103249	0.000000032181
2	189882065	191973356	498	40	0.0001480881	0.000000020849
2	191973357	195861163	713	40	0.0002250271	0.000000030454
2	195861164	196447455	152	20	0.0003125902	0.000000012053
2	196447456	198078109	451	40	0.0001062880	0.000000016376
2	198078110	199311124	304	26	0.0001018399	0.000000011031
2	199311125	201576283	627	40	0.0000669206	0.000000024160
2	201576284	202818636	316	39	0.0000963004	0.000000014006
2	202818637	205799240	743	40	0.0002153430	0.000000030257
2	205799241	206735703	404	40	0.0000536600	0.000000019460
2	206735704	208645398	654	40	0.0001155043	0.000000028235
2	208645399	209941528	333	40	0.0001406428	0.000000015830
2	209941529	212379517	738	40	0.0000472312	0.000000026852
2	212379518	214014281	627	40	0.0000609326	0.000000027130
2	214014282	215573794	442	40	0.0000112322	0.000000017875
2	215573795	217715660	798	40	0.0000269927	0.000000026442
2	217715661	218395479	276	36	0.0000135097	0.000000011974
2	218395480	220454550	598	40	0.0000870092	0.000000023103
2	220454551	222521175	850	40	0.0000916378	0.000000027752
2	222521176	224859418	786	40	0.0000257594	0.000000026417
2	224859419	225840003	349	36	0.0000433373	0.000000012370
2	225840004	228119841	733	40	0.0002161702	0.000000028857
2	228119842	229370786	456	40	0.0002322399	0.000000020837
2	229370787	231843388	931	40	0.0001107283	0.000000028138
2	231843389	233550002	467	40	0.0000577654	0.000000019127
2	233550003	235150986	788	40	0.0002766234	0.000000031499
2	235150987	236043549	420	40	-0.0000097721	0.000000019373
2	236043550	237449031	467	40	0.0000464812	0.000000020303
2	237449032	238760980	533	40	0.0000500778	0.000000022722
2	238760981	239952642	411	40	0.0000981989	0.000000018906
2	239952643	241560083	649	40	0.0001657194	0.000000029252
2	241560084	242149920	214	30	0.0000238983	0.000000008945
2	242149921	243188919	129	16	0.0000527638	0.000000006048
3	60157	1441778	620	40	0.0000454779	0.000000026817
3	1441779	2992119	896	40	0.0000861545	0.000000027641
3	2992120	4431646	769	40	-0.0000175415	0.000000025540
3	4431647	6083182	768	40	0.0000148725	0.000000026197
3	6083183	7083386	429	40	-0.0000466184	0.000000018680
3	7083387	8648560	861	40	0.0002220821	0.000000030394
3	8648561	9543182	489	40	0.0000517684	0.000000022912
3	9543183	11019664	593	40	0.0000325302	0.000000026554
3	11019665	13070798	737	40	0.0000728339	0.000000027371
3	13070799	14816899	793	40	-0.0000208882	0.000000025472
3	14816900	16282441	530	40	0.0000953433	0.000000021968
3	16282442	17891117	500	40	0.0002070006	0.000000023289
3	17891118	19125143	343	40	0.0001125744	0.000000015883
3	19125144	20091347	196	25	-0.0000110876	0.000000008496
3	20091348	21643706	637	40	0.0001142246	0.000000028209
3	21643707	22204243	380	40	0.0001227332	0.000000018831
3	22204244	23804864	528	40	0.0000487670	0.000000023270
3	23804865	25461557	745	40	0.0001923900	0.000000029793
3	25461558	26877768	467	40	0.0000606528	0.000000019237
3	26877769	27840909	272	31	-0.0000008146	0.000000011170
3	27840910	29142259	447	40	-0.0000384149	0.000000018482
3	29142260	30717954	683	40	0.0000343608	0.000000026592
3	30717955	32351714	657	40	0.0001193602	0.000000028313
3	32351715	33255591	279	40	0.0000594059	0.000000014035
3	33255592	35283457	582	40	0.0002483642	0.000000026212
3	35283458	36486841	408	40	0.0001978020	0.000000020193
3	36486842	38356115	595	40	0.0000929381	0.000000024059
3	38356116	40221297	656	40	0.0000414127	0.000000023748
3	40221298	41064527	151	16	-0.0000305868	0.000000005083
3	41064528	42540001	449	40	-0.0000169547	0.000000016838
3	42540002	45165152	707	40	0.0001486203	0.000000027804
3	45165153	46657499	516	40	0.0000296580	0.000000019130
3	46657500	47727211	176	17	0.0000661740	0.000000007442
3	47727212	49316971	255	15	0.0001240079	0.000000008097
3	49316972	51832014	438	25	0.0003080765	0.000000015038
3	51832015	54081389	606	40	0.0001323621	0.000000024648
3	54081390	55348859	662	40	0.0001841464	0.000000029626
3	55348860	56433906	370	40	0.0000646419	0.000000016777
3	56433907	58157518	542	40	0.0001165113	0.000000021876
3	58157519	60272905	974	40	0.0000889157	0.000000027697
3	60272906	62355665	980	40	0.0000879444	0.000000027677
3	62355666	63669285	670	40	0.0001107979	0.000000028140
3	63669286	65273537	756	40	0.0000798924	0.000000027514
3	65273538	66270446	343	40	0.0001604633	0.000000019646
3	66270447	68286913	640	40	0.0001171295	0.000000028268
3	68286914	69276761	365	40	0.0001970393	0.000000020230
3	69276762	70449027	389	40	0.0001818854	0.000000020909
3	70449028	72529328	790	40	0.0001808818	0.000000029559
3	72529329	74321816	717	40	0.0002050302	0.000000030049
3	74321817	75704948	271	31	0.0000089157	0.000000010749
3	75704949	77508834	482	40	0.0001603835	0.000000022763
3	77508835	79024540	405	40	0.0000874087	0.000000018118
3	79024541	81427309	487	40	0.0001058397	0.000000016677
3	81427310	82643885	294	27	0.0001267182	0.000000012047
3	82643886	84367478	314	32	-0.0000022167	0.000000011090
3	84367479	85582230	253	22	0.0000546214	0.000000009719
3	85582231	87409731	450	40	0.0000958691	0.000000017097
3	87409732	88298372	187	19	0.0000996959	0.000000007863
3	88298373	94255315	460	40	0.0000061358	0.000000016268
3	94255316	95311970	215	18	0.0000324994	0.000000007224
3	95311971	98215949	563	40	0.0000408360	0.000000018993
3	98215950	99373761	329	39	0.0000467783	0.000000012079
3	99373762	100592216	332	28	0.0000580781	0.000000011381
3	100592217	103084959	660	40	-0.0000060634	0.000000022055
3	103084960	104581612	412	40	0.0000989548	0.000000016331
3	104581613	106982810	712	40	0.0000780946	0.000000027477
3	106982811	109522394	762	40	0.0000642479	0.000000027197
3	109522395	110513769	250	25	0.0001244063	0.000000009794
3	110513770	112815698	693	40	0.0000560705	0.000000025510
3	112815699	113947862	377	40	0.0001229856	0.000000015887
3	113947863	115447079	408	40	0.0001608250	0.000000020899
3	115447080	116800152	520	40	0.0001503023	0.000000023028
3	116800153	118530250	573	40	0.0001906143	0.000000027501
3	118530251	120523054	666	40	0.0000119373	0.000000021689
3	120523055	121974096	388	37	0.0000904315	0.000000012188
3	121974097	123517767	528	40	0.0001667249	0.000000022683
3	123517768	124936641	624	40	0.0000932299	0.000000025320
3	124936642	126214942	384	40	0.0002062550	0.000000017982
3	126214943	128194860	671	40	0.0000461924	0.000000025677
3	128194861	130244734	436	40	0.0001456553	0.000000018362
3	130244735	131836515	548	40	0.0001054242	0.000000020507
3	131836516	133252172	515	40	0.0000058116	0.000000017921
3	133252173	135456905	864	40	0.0000257537	0.000000026417
3	135456906	137371082	441	39	0.0001599240	0.000000017460
3	137371083	139954596	844	40	0.0000979543	0.000000027880
3	139954597	141339096	477	40	0.0000639528	0.000000020708
3	141339097	143164627	625	40	0.0000654338	0.000000025909
3	143164628	144410815	388	40	0.0000206367	0.000000015111
3	144410816	145664618	351	40	-0.0000243452	0.000000011158
3	145664619	146726628	336	40	0.0001045650	0.000000014534
3	146726629	149043236	682	40	0.0001714740	0.000000029369
3	149043237	150252003	425	40	0.0000745435	0.000000019518
3	150252004	151348729	365	40	0.0000386317	0.000000015733
3	151348730	153256570	565	40	0.0000291917	0.000000022038
3	153256571	154714217	407	40	0.0000795673	0.000000014287
3	154714218	156008699	330	40	0.0001829961	0.000000016840
3	156008700	157312027	451	40	0.0001904430	0.000000019112
3	157312028	159477889	642	40	0.0000998101	0.000000021902
3	159477890	161524503	567	40	0.0001713886	0.000000020438
3	161524504	163253204	472	40	0.0000041262	0.000000015243
3	163253205	165055468	435	35	0.0000164570	0.000000012085
3	165055469	167117428	451	40	0.0002246146	0.000000019491
3	167117429	168580959	363	40	0.0001047733	0.000000014590
3	168580960	170964908	719	40	0.0001592566	0.000000029121
3	170964909	172295730	509	40	0.0001216044	0.000000024117
3	172295731	173477284	386	40	0.0001433657	0.000000019456
3	173477285	175116538	598	40	-0.0000447268	0.000000024990
3	175116539	176320286	339	40	0.0001651960	0.000000015758
3	176320287	178107164	533	40	0.0001258974	0.000000024047
3	178107165	179374585	385	40	0.0000412620	0.000000015011
3	179374586	181511165	463	40	0.0000627682	0.000000018969
3	181511166	183769682	665	40	0.0000978104	0.000000026408
3	183769683	185068254	416	40	0.0001092581	0.000000020168
3	185068255	186890343	664	40	0.0000771202	0.000000027458
3	186890344	188856213	805	40	0.0002346297	0.000000030648
3	188856214	190226606	622	40	-0.0000034807	0.000000025825
3	190226607	192343813	745	40	0.0001329907	0.000000028589
3	192343814	194059670	515	40	0.0000712274	0.000000023829
3	194059671	194786673	265	40	0.0001642482	0.000000015172
3	194786674	195971407	226	37	0.0000269799	0.000000010650
3	195971408	197075986	288	40	0.0000706157	0.000000013539
3	197075987	197946621	182	29	-0.0000023005	0.000000007750
4	10240	694714	106	13	0.0000194330	0.000000005019
4	694715	1478710	221	25	0.0000940753	0.000000010669
4	1478711	2842978	262	40	0.0001742974	0.000000014808
4	2842979	3846039	259	37	0.0000686537	0.000000013087
4	3846040	4684115	226	37	0.0001649311	0.000000013692
4	4684116	5502387	392	40	0.0000675402	0.000000019689
4	5502388	6773042	692	40	-0.0000216853	0.000000025456
4	6773043	7539691	408	40	0.0000572790	0.000000020938
4	7539692	8152234	356	40	-0.0000038699	0.000000017102
4	8152235	9326478	247	40	0.0000840044	0.000000012882
4	9326479	10699151	509	38	0.0001747112	0.000000020764
4	10699152	12323033	645	40	0.0000897702	0.000000027714
4	12323034	14272000	711	40	0.0000163629	0.000000026227
4	14272001	15147445	381	40	0.0000275373	0.000000016648
4	15147446	15927008	249	33	0.0000701161	0.000000011932
4	15927009	17383321	664	40	0.0000218841	0.000000026339
4	17383322	18841873	419	40	0.0000576270	0.000000017308
4	18841874	20544556	467	40	0.0001662751	0.000000019400
4	20544557	22319346	668	40	0.0000281512	0.000000026466
4	22319347	24135528	604	40	0.0000363213	0.000000024377
4	24135529	25609321	604	40	0.0000228415	0.000000026306
4	25609322	27343721	567	40	0.0000343058	0.000000025751
4	27343722	27965867	199	28	0.0000647746	0.000000009821
4	27965868	29762207	527	40	0.0000711962	0.000000021167
4	29762208	30454534	158	24	-0.0000253694	0.000000005545
4	30454535	31782980	400	40	0.0001215903	0.000000018808
4	31782981	33172765	312	36	0.0000593391	0.000000013775
4	33172766	35151414	357	32	0.0001580751	0.000000013708
4	35151415	36020435	273	34	0.0000429770	0.000000010049
4	36020436	37255046	432	40	0.0000466905	0.000000015948
4	37255047	38907021	786	40	0.0000389972	0.000000026685
4	38907022	40202608	400	40	0.0001372902	0.000000017261
4	40202609	42213057	715	40	0.0000695034	0.000000027303
4	42213058	43965044	528	40	0.0001012467	0.000000021411
4	43965045	45189156	339	38	0.0000410575	0.000000011809
4	45189157	47411895	454	40	0.0001005210	0.000000017657
4	47411896	48123599	221	25	0.0001207615	0.000000009567
4	48123600	53877432	482	39	-0.0000191666	0.000000015445
4	53877433	55429555	534	40	0.0001503730	0.000000023238
4	55429556	56547643	368	40	0.0001413426	0.000000017343
4	56547644	58935007	849	40	0.0000228352	0.000000026358
4	58935008	60741086	450	40	0.0000656927	0.000000017212
4	60741087	62371762	425	40	0.0000854982	0.000000017612
4	62371763	64341000	434	40	0.0001512726	0.000000020135
4	64341001	66600491	502	40	0.0001387966	0.000000019675
4	66600492	68059496	385	40	0.0001476348	0.000000016488
4	68059497	68854764	245	31	0.0000759717	0.000000009739
4	68854765	71049151	438	40	0.0001670400	0.000000015692
4	71049152	72140557	221	28	0.0000380806	0.000000008411
4	72140558	74592389	486	40	0.0000186477	0.000000017246
4	74592390	77130706	732	40	0.0000008274	0.000000024182
4	77130707	79093978	729	40	0.0000080871	0.000000026059
4	79093979	80990296	560	40	0.0001390957	0.000000020408
4	80990297	82125314	243	30	0.0000161241	0.000000009558
4	82125315	83372592	362	40	0.0000214947	0.000000014301
4	83372593	84799655	481	40	0.0000048458	0.000000017849
4	84799656	86930608	588	40	0.0001134785	0.000000022335
4	86930609	87534647	139	18	0.0000315432	0.000000005620
4	87534648	89238027	567	40	0.0001272830	0.000000023657
4	89238028	90231563	324	40	0.0000583748	0.000000014065
4	90231564	91560676	338	40	0.0002296563	0.000000016647
4	91560677	94233298	566	40	0.0001432204	0.000000025443
4	94233299	96182187	607	40	0.0000725001	0.000000026105
4	96182188	97540702	487	40	0.0001198350	0.000000021943
4	97540703	99424066	403	36	0.0000746902	0.000000013157
4	99424067	100678359	411	40	0.0001120288	0.000000016699
4	100678360	103221355	795	40	0.0000296680	0.000000026496
4	103221356	105305293	488	40	0.0002384297	0.000000021222
4	105305294	107501304	580	40	0.0002166216	0.000000023796
4	107501305	108815347	359	40	-0.0000437389	0.000000011694
4	108815348	111256566	770	40	0.0001666112	0.000000029270
4	111256567	113870101	723	40	0.0000652709	0.000000027218
4	113870102	115666245	607	40	0.0001034568	0.000000027151
4	115666246	117276928	337	36	0.0000264231	0.000000011308
4	117276929	118479917	338	38	0.0000213317	0.000000012698
4	118479918	119933511	418	40	0.0000080611	0.000000013927
4	119933512	120392683	148	16	0.0000210020	0.000000005255
4	120392684	122657986	698	40	0.0000038629	0.000000025974
4	122657987	124286480	381	37	0.0000927777	0.000000014090
4	124286481	125210861	264	36	-0.0000252888	0.000000009647
4	125210862	126480885	387	40	0.0001223696	0.000000017840
4	126480886	127275476	218	31	0.0002023965	0.000000012906
4	127275477	127830292	162	22	0.0000147683	0.000000006917
4	127830293	128996664	194	15	0.0000203273	0.000000007541
4	128996665	130591884	444	40	0.0001312647	0.000000018797
4	130591885	131283820	183	22	-0.0000476830	0.000000006528
4	131283821	132954032	352	40	0.0000213463	0.000000014763
4	132954033	134628433	370	40	0.0002352579	0.000000017896
4	134628434	136566406	425	40	0.0000958355	0.000000016630
4	136566407	138541970	513	40	0.0000491882	0.000000021295
4	138541971	139556510	352	40	0.0001255589	0.000000017024
4	139556511	141084630	502	40	0.0000413074	0.000000022231
4	141084631	143443264	715	40	0.0000184762	0.000000026270
4	143443265	146178186	509	40	0.0001550623	0.000000018966
4	146178187	148521872	614	40	0.0000030716	0.000000023129
4	148521873	150683579	527	40	0.0000487559	0.000000020505
4	150683580	152782183	514	40	0.0001570751	0.000000018075
4	152782184	154477640	501	40	0.0000436418	0.000000022539
4	154477641	155056125	205	28	0.0000325681	0.000000008966
4	155056126	157485096	796	40	-0.0000001587	0.000000025892
4	157485097	158743717	320	40	0.0000282358	0.000000013147
4	158743718	161058863	518	40	0.0000543212	0.000000018746
4	161058864	161826434	263	33	0.0000408691	0.000000012114
4	161826435	163243678	435	40	0.0001077753	0.000000018788
4	163243679	164478233	328	40	0.0001991583	0.000000016805
4	164478234	165823447	416	40	0.0000017960	0.000000017995
4	165823448	167018857	359	40	0.0000182128	0.000000015994
4	167018858	167852916	185	26	0.0000871169	0.000000008735
4	167852917	169676824	576	40	0.0000718288	0.000000024887
4	169676825	170776509	313	37	-0.0000044336	0.000000012075
4	170776510	172558634	411	40	-0.0000276677	0.000000015170
4	172558635	174264131	392	40	0.0001349541	0.000000017317
4	174264132	176570715	626	40	0.0000229574	0.000000026361
4	176570716	178991909	821	40	0.0001281707	0.000000028492
4	178991910	180122042	319	40	0.0000847182	0.000000015475
4	180122043	182066806	805	40	-0.0000727247	0.000000024422
4	182066807	183371274	708	40	0.0001707284	0.000000029354
4	183371275	184929454	588	40	0.0001580600	0.000000029097
4	184929455	186909089	875	40	0.0000406241	0.000000026718
4	186909090	188472980	580	40	0.0000676159	0.000000027265
4	188472981	189693510	340	40	-0.0000239602	0.000000014831
4	189693511	191043593	278	40	0.0001255524	0.000000014390
5	11940	982251	230	26	-0.0000435287	0.000000008046
5	982252	2132441	458	40	-0.0000300246	0.000000021257
5	2132442	3361940	783	40	0.0000509145	0.000000026927
5	3361941	4632109	532	40	0.0000021779	0.000000021230
5	4632110	5973232	689	40	0.0001735999	0.000000029412
5	5973233	7143217	569	40	0.0000291673	0.000000023395
5	7143218	8446335	583	40	0.0001716741	0.000000025862
5	8446336	9718831	601	40	-0.0000056990	0.000000023003
5	9718832	11173270	732	40	0.0000379322	0.000000026664
5	11173271	13464831	559	40	0.0000343065	0.000000022141
5	13464832	14757803	584	40	0.0001867305	0.000000026271
5	14757804	16963612	750	40	-0.0000133695	0.000000025625
5	16963613	18051591	265	40	-0.0000405474	0.000000010882
5	18051592	19917715	543	40	0.0001375378	0.000000021676
5	19917716	22152072	435	40	0.0001470471	0.000000018183
5	22152073	23494323	404	40	0.0001680492	0.000000017624
5	23494324	26184850	647	40	0.0001842510	0.000000028368
5	26184851	26857603	150	22	0.0000661338	0.000000007186
5	26857604	27984512	217	32	0.0001392154	0.000000011580
5	27984513	29714819	395	40	0.0000588052	0.000000014797
5	29714820	31390248	569	40	0.0001432328	0.000000023824
5	31390249	33500179	807	40	-0.0000178495	0.000000025534
5	33500180	35048969	542	40	0.0000101831	0.000000022384
5	35048970	36433953	472	40	-0.0000004851	0.000000016756
5	36433954	38802409	756	40	0.0000455782	0.000000026819
5	38802410	40287728	533	40	0.0001321765	0.000000020060
5	40287729	41888709	538	40	0.0000625402	0.000000016682
5	41888710	43983498	405	31	0.0001563801	0.000000015941
5	43983499	50163397	411	30	0.0000074970	0.000000011955
5	50163398	52134621	556	40	0.0001828945	0.000000023792
5	52134622	53703043	594	40	0.0001510376	0.000000026019
5	53703044	55417348	590	40	0.0001189384	0.000000023176
5	55417349	56621101	498	40	0.0000036208	0.000000019176
5	56621102	57340072	265	36	0.0000447213	0.000000010495
5	57340073	58524621	529	40	0.0000504368	0.000000020643
5	58524622	60935906	679	40	0.0000519568	0.000000024641
5	60935907	61672994	265	27	0.0001194081	0.000000011951
5	61672995	63218986	475	40	0.0001391856	0.000000018283
5	63218987	63968303	174	19	0.0000015627	0.000000006497
5	63968304	65911285	612	40	0.0000356015	0.000000021907
5	65911286	67850859	772	40	-0.0000800385	0.000000024274
5	67850860	71240455	443	40	0.0001576256	0.000000019277
5	71240456	73759325	950	40	0.0001391276	0.000000028714
5	73759326	75798865	674	40	0.0001417878	0.000000027980
5	75798866	77623331	708	40	0.0000852204	0.000000027622
5	77623332	79393143	648	40	0.0002464704	0.000000030888
5	79393144	80481470	439	40	0.0001229317	0.000000020497
5	80481471	82025647	495	40	0.0000300974	0.000000021326
5	82025648	83972688	523	40	-0.0000610249	0.000000021831
5	83972689	85767289	489	40	0.0000910891	0.000000019905
5	85767290	87389990	269	31	0.0000072373	0.000000010972
5	87389991	88891529	300	32	0.0002445726	0.000000015402
5	88891530	90422653	420	40	0.0001497531	0.000000018030
5	90422654	91840541	261	32	0.0000120036	0.000000010502
5	91840542	93809983	407	40	0.0001577051	0.000000017208
5	93809984	95963518	680	40	0.0001842054	0.000000029627
5	95963519	97315600	406	40	0.0000554364	0.000000014677
5	97315601	99260991	478	40	0.0002503048	0.000000021825
5	99260992	101578768	497	40	0.0000363673	0.000000017812
5	101578769	103320004	473	40	0.0000841383	0.000000018051
5	103320005	104851482	404	40	0.0000879866	0.000000017507
5	104851483	105893054	163	21	0.0000743759	0.000000009041
5	105893055	107264195	547	40	0.0001212289	0.000000027459
5	107264196	108633933	377	40	0.0000697587	0.000000016932
5	108633934	110821143	617	40	0.0001708214	0.000000026734
5	110821144	111981561	413	40	0.0000314206	0.000000018543
5	111981562	113396284	535	40	0.0001386065	0.000000024043
5	113396285	114830369	508	40	0.0001260621	0.000000022069
5	114830370	115831046	424	40	0.0000710213	0.000000018564
5	115831047	117346212	543	40	0.0000846585	0.000000025932
5	117346213	118608819	366	40	0.0000842464	0.000000017587
5	118608820	119669041	325	37	0.0000703620	0.000000014824
5	119669042	120452165	227	24	0.0000227300	0.000000010051
5	120452166	122556904	654	40	0.0000561752	0.000000027033
5	122556905	123798099	433	40	0.0000722183	0.000000019108
5	123798100	125785648	820	40	0.0000467887	0.000000026843
5	125785649	127344603	423	40	0.0001194160	0.000000018298
5	127344604	129519024	644	40	0.0000378527	0.000000022161
5	129519025	132139648	600	40	0.0001362081	0.000000019830
5	132139649	134777400	889	40	-0.0000127306	0.000000025638
5	134777401	136376049	585	40	0.0001052053	0.000000022376
5	136376050	139265071	685	40	0.0001072333	0.000000024244
5	139265072	140645970	349	31	0.0000740377	0.000000012217
5	140645971	142981247	910	40	-0.0000137289	0.000000025617
5	142981248	144943353	617	40	0.0002292102	0.000000026347
5	144943354	147181997	728	40	0.0000636619	0.000000027185
5	147181998	148662623	546	40	0.0000666855	0.000000021910
5	148662624	150561297	840	40	-0.0000053238	0.000000025788
5	150561298	152867773	834	40	0.0001383264	0.000000028645
5	152867774	153773087	423	40	0.0001700112	0.000000017302
5	153773088	155373504	557	40	0.0001100419	0.000000023674
5	155373505	156628699	371	40	0.0000354314	0.000000014635
5	156628700	158825697	861	40	-0.0000207440	0.000000025475
5	158825698	159973943	415	40	0.0001380700	0.000000020439
5	159973944	161482132	511	40	0.0001796080	0.000000021383
5	161482133	162743907	351	40	0.0001417893	0.000000016835
5	162743908	163771581	376	40	0.0000861972	0.000000017109
5	163771582	165642394	536	40	0.0003407678	0.000000030646
5	165642395	166847739	414	40	0.0000987535	0.000000021777
5	166847740	168525317	762	40	0.0000468815	0.000000026845
5	168525318	169505663	474	40	0.0001505511	0.000000023502
5	169505664	171074291	649	40	0.0000610602	0.000000027132
5	171074292	172678326	666	40	0.0000874625	0.000000027667
5	172678327	173642870	490	40	0.0001276976	0.000000022936
5	173642871	175450594	799	40	0.0000210791	0.000000026323
5	175450595	177251506	338	40	0.0001562476	0.000000016249
5	177251507	178413463	428	40	-0.0000532743	0.000000018285
5	178413464	179401243	351	40	0.0000573842	0.000000016889
5	179401244	180559932	328	40	0.0000878615	0.000000015539
5	180559933	180885155	41	9	0.0000028640	0.000000001885
6	73924	1452361	670	40	-0.0000121152	0.000000025650
6	1452362	2458935	434	40	0.0000020667	0.000000018417
6	2458936	3573592	571	40	-0.0000181100	0.000000024113
6	3573593	4617816	510	40	0.0002241713	0.000000025461
6	4617817	5791471	582	40	0.0000913247	0.000000026801
6	5791472	6785206	590	40	0.0000453210	0.000000026814
6	6785207	7808935	510	40	-0.0000178305	0.000000021817
6	7808936	9020025	496	40	0.0001010867	0.000000020575
6	9020026	10540316	602	40	0.0000000623	0.000000024848
6	10540317	11790815	545	40	0.0002191234	0.000000027031
6	11790816	13209387	589	40	0.0001692402	0.000000026911
6	13209388	14802923	675	40	0.0000255896	0.000000026414
6	14802924	17386404	986	40	-0.0000186898	0.000000025517
6	17386405	19207486	634	40	0.0001948328	0.000000025233
6	19207487	21684064	1023	40	0.0001329095	0.000000028588
6	21684065	22748306	513	40	-0.0000485724	0.000000021195
6	22748307	23936618	489	40	0.0001856402	0.000000025674
6	23936619	24852274	398	40	0.0001910778	0.000000022031
6	24852275	25684586	447	40	0.0001084787	0.000000019789
6	25684587	26791232	475	35	0.0001231228	0.000000015631
6	26791233	28017818	273	19	0.0002174236	0.000000012285
6	28017819	28917607	186	14	0.0000699757	0.000000005426
6	28917608	29737970	28	4	0.0000174599	0.000000001062
6	29737971	30798167	1	0	-0.0000000000	0.000000000051
6	30798168	31571217	104	18	0.0001264407	0.000000006768
6	31571218	32682663	96	12	0.0001259259	0.000000005993
6	32682664	33236496	176	26	0.0002232623	0.000000011276
6	33236497	35455755	701	40	0.0002577031	0.000000030853
6	35455756	37572595	815	40	0.0000785902	0.000000027487
6	37572596	39295676	759	40	0.0001252805	0.000000028433
6	39295677	40345114	401	40	0.0000447023	0.000000016788
6	40345115	42038720	715	40	0.0000892875	0.000000027704
6	42038721	43756168	452	40	0.0000509503	0.000000018885
6	43756169	45406562	577	40	0.0001224483	0.000000026383
6	45406563	47311897	758	40	0.0002589391	0.000000031140
6	47311898	48391124	355	38	0.0000238900	0.000000011926
6	48391125	50386144	491	40	0.0000332361	0.000000014745
6	50386145	52210475	621	40	0.0000566064	0.000000022645
6	52210476	53279101	427	40	0.0000954450	0.000000017865
6	53279102	55468269	855	40	0.0000555033	0.000000026967
6	55468270	56105312	210	20	0.0000541761	0.000000007252
6	56105313	57599464	345	37	0.0000716496	0.000000013405
6	57599465	61880511	116	9	-0.0000132761	0.000000002729
6	61880512	63552887	334	22	0.0000779706	0.000000010857
6	63552888	65765741	443	40	0.0001330007	0.000000017330
6	65765742	67329214	481	40	-0.0000087997	0.000000017210
6	67329215	68849482	461	40	-0.0000232273	0.000000015208
6	68849483	69523447	216	26	0.0000390602	0.000000008534
6	69523448	71609509	741	40	0.0001682538	0.000000027887
6	71609510	73450096	628	40	0.0000708287	0.000000024291
6	73450097	75462002	571	40	0.0002373374	0.000000024476
6	75462003	77414880	446	40	0.0000273824	0.000000014989
6	77414881	78957727	484	40	0.0000413947	0.000000014445
6	78957728	80691169	577	40	0.0001237489	0.000000023221
6	80691170	81929221	366	27	-0.0000327128	0.000000009446
6	81929222	83127148	348	40	0.0000866653	0.000000014533
6	83127149	85209988	555	40	0.0000541985	0.000000019887
6	85209989	87069499	592	40	-0.0000022061	0.000000017551
6	87069500	88822139	540	40	0.0000083636	0.000000017921
6	88822140	89973051	430	40	0.0000831686	0.000000018862
6	89973052	91843195	734	40	0.0000332391	0.000000026569
6	91843196	93428643	464	40	0.0000948650	0.000000019929
6	93428644	94118141	281	40	0.0000460495	0.000000011190
6	94118142	94441174	83	8	0.0000184303	0.000000002859
6	94441175	97093510	615	40	0.0000578780	0.000000022723
6	97093511	97842283	228	26	0.0001257634	0.000000010436
6	97842284	100630145	789	40	0.0001632274	0.000000029202
6	100630146	102636771	489	40	0.0000764347	0.000000019868
6	102636772	103983394	330	33	0.0000258129	0.000000011759
6	103983395	106056732	664	40	0.0000420945	0.000000024756
6	106056733	107450305	623	40	0.0000590743	0.000000027092
6	107450306	108464379	348	40	0.0001206900	0.000000016615
6	108464380	110304246	529	40	0.0000743357	0.000000019151
6	110304247	112345013	607	40	0.0000504767	0.000000023304
6	112345014	114220832	626	40	0.0001231075	0.000000024356
6	114220833	116131395	473	40	0.0000906326	0.000000016318
6	116131396	117672971	467	40	0.0001593793	0.000000018950
6	117672972	118963114	368	39	0.0001855967	0.000000016532
6	118963115	119963277	318	36	0.0001307697	0.000000014135
6	119963278	120512127	164	18	0.0001503854	0.000000008629
6	120512128	121905675	375	36	0.0000952205	0.000000013314
6	121905676	123856180	596	40	0.0001763757	0.000000022774
6	123856181	125424382	596	40	0.0000694354	0.000000027302
6	125424383	127540460	459	40	0.0001761343	0.000000020170
6	127540461	129861030	608	40	0.0000127528	0.000000022645
6	129861031	130935453	490	40	0.0000703750	0.000000021151
6	130935454	132765668	596	40	0.0001901595	0.000000026497
6	132765669	134244242	580	40	0.0000336767	0.000000022807
6	134244243	136224176	584	40	0.0000449169	0.000000026123
6	136224177	137614217	340	40	0.0000497044	0.000000015543
6	137614218	138822628	473	40	0.0001357987	0.000000022057
6	138822629	139845435	379	40	0.0000057231	0.000000016466
6	139845436	142288478	526	40	0.0000744768	0.000000020349
6	142288479	145319809	1032	40	0.0001460902	0.000000028855
6	145319810	146665423	310	26	0.0001052943	0.000000010844
6	146665424	148920351	913	40	0.0000340351	0.000000026585
6	148920352	150253403	514	40	0.0000824451	0.000000020406
6	150253404	151912702	886	40	0.0000701905	0.000000027317
6	151912703	153094495	553	40	0.0000467160	0.000000022288
6	153094496	154974119	792	40	0.0001379091	0.000000028689
6	154974120	156763325	722	40	0.0000218482	0.000000026338
6	156763326	158218718	376	40	0.0001147430	0.000000018411
6	158218719	160580496	1024	40	0.0000285842	0.000000026475
6	160580497	162169563	758	40	0.0000311310	0.000000026526
6	162169564	162931202	372	40	0.0000146288	0.000000016906
6	162931203	164383520	671	40	-0.0000150466	0.000000025591
6	164383521	165586863	535	40	0.0000294408	0.000000021156
6	165586864	167024732	802	40	0.0000599227	0.000000027109
6	167024733	168042834	419	40	0.0000658399	0.000000018460
6	168042835	169382049	576	40	0.0000057944	0.000000023132
6	169382050	170330172	393	40	-0.0000068615	0.000000014245
6	170330173	171051269	234	30	0.0000309686	0.000000010114
7	16161	972751	89	15	0.0000466977	0.000000005161
7	972752	1353066	100	16	0.0000203986	0.000000004987
7	1353067	2062397	141	22	0.0000724821	0.000000008132
7	2062398	2772226	213	34	0.0001171330	0.000000012264
7	2772227	4573427	842	40	0.0001945832	0.000000029837
7	4573428	5416231	204	40	0.0000745688	0.000000011662
7	5416232	5854525	99	16	0.0000071820	0.000000004874
7	5854526	6573856	139	22	0.0000100528	0.000000006669
7	6573857	7808751	415	40	0.0001529868	0.000000021937
7	7808752	9123422	727	40	0.0000684242	0.000000027282
7	9123423	9987498	353	40	-0.0000100780	0.000000016043
7	9987499	11299197	465	40	0.0001859561	0.000000025001
7	11299198	12635460	690	40	0.0000965100	0.000000027850
7	12635461	13884201	561	40	0.0000642985	0.000000027198
7	13884202	15143656	569	40	0.0000830396	0.000000027578
7	15143657	16902068	746	40	0.0001128890	0.000000028182
7	16902069	19481546	1020	40	0.0000635417	0.000000027183
7	19481547	20124907	228	28	-0.0000001658	0.000000010205
7	20124908	22507628	1186	40	0.0001072310	0.000000028068
7	22507629	23471441	309	40	0.0000377685	0.000000014475
7	23471442	25077258	696	40	0.0001898747	0.000000029742
7	25077259	25909554	443	40	0.0000325542	0.000000018410
7	25909555	28360308	878	40	-0.0000053162	0.000000025788
7	28360309	31137288	1230	40	0.0000195550	0.000000026292
7	31137289	33555767	982	40	0.0001329535	0.000000028589
7	33555768	36213537	1005	40	0.0000397827	0.000000026701
7	36213538	37555183	635	40	0.0000824462	0.000000027566
7	37555184	38966702	629	40	0.0000638851	0.000000023785
7	38966703	39862669	313	35	0.0001516159	0.000000014401
7	39862670	42001810	611	40	0.0000547463	0.000000023861
7	42001811	43159073	399	40	0.0000052415	0.000000016405
7	43159074	44763827	466	40	0.0000934303	0.000000019173
7	44763828	45952921	351	40	0.0001876557	0.000000018330
7	45952922	46986719	407	40	0.0000517275	0.000000016050
7	46986720	49212277	891	40	0.0001203086	0.000000028332
7	49212278	51675321	883	40	0.0001034163	0.000000027990
7	51675322	53176311	630	40	0.0002606767	0.000000028396
7	53176312	54222975	370	40	0.0000238730	0.000000012647
7	54222976	55691583	526	40	0.0000600237	0.000000021775
7	55691584	57382637	241	28	0.0000843450	0.000000010114
7	57382638	63307358	123	14	-0.0000212268	0.000000004250
7	63307359	63641124	52	6	-0.0000027492	0.000000001822
7	63641125	65689808	306	26	-0.0000199450	0.000000009292
7	65689809	68234073	698	40	0.0000686822	0.000000026185
7	68234074	69085363	263	39	-0.0000025341	0.000000010672
7	69085364	71874884	833	40	0.0002244273	0.000000030441
7	71874885	73334601	150	23	0.0000903373	0.000000007725
7	73334602	76458563	350	40	0.0001176741	0.000000016554
7	76458564	78093858	603	40	0.0001364393	0.000000028239
7	78093859	79888068	643	40	0.0000873304	0.000000027192
7	79888069	82022685	714	40	-0.0000092631	0.000000025708
7	82022686	83801202	626	40	0.0002041515	0.000000028823
7	83801203	85572181	401	40	0.0000266397	0.000000013734
7	85572182	87825003	561	40	0.0001131366	0.000000019779
7	87825004	90661783	952	40	0.0000990112	0.000000027901
7	90661784	92493751	423	40	0.0001238452	0.000000017352
7	92493752	93966600	352	40	0.0001298019	0.000000017886
7	93966601	96073507	691	40	0.0001093698	0.000000028111
7	96073508	97099569	308	40	0.0001243728	0.000000014315
7	97099570	98715473	415	40	-0.0000085003	0.000000016024
7	98715474	100196650	249	26	0.0001201522	0.000000010631
7	100196651	101199252	245	37	0.0000763343	0.000000012109
7	101199253	103197509	384	40	0.0001152612	0.000000017799
7	103197510	104159524	471	40	0.0001927482	0.000000022428
7	104159525	105682904	536	40	0.0001062873	0.000000023650
7	105682905	107780177	740	40	0.0002570837	0.000000031103
7	107780178	109647593	552	40	-0.0000510871	0.000000019214
7	109647594	112618683	826	40	0.0000567993	0.000000027046
7	112618684	113712386	217	26	0.0000391530	0.000000008945
7	113712387	116780177	709	40	0.0002045250	0.000000028045
7	116780178	118351580	372	38	0.0002224376	0.000000016089
7	118351581	121045272	438	40	0.0001243088	0.000000016999
7	121045273	121933629	228	28	0.0000328700	0.000000008614
7	121933630	124156804	656	40	0.0000237467	0.000000022241
7	124156805	124167551	6	2	0.0000036652	0.000000000327
7	124167552	126519169	659	40	0.0001411674	0.000000022739
7	126519170	126869220	139	18	0.0001435262	0.000000007827
7	126869221	128778385	590	40	0.0000229904	0.000000020036
7	128778386	130422413	468	40	0.0000951480	0.000000020091
7	130422414	132805847	917	40	0.0000260091	0.000000026422
7	132805848	134307595	439	35	0.0001151221	0.000000017434
7	134307596	135591082	499	40	0.0001475758	0.000000021411
7	135591083	136876561	408	40	0.0001600406	0.000000019171
7	136876562	138744678	612	40	0.0001503792	0.000000028942
7	138744679	139933176	329	40	0.0001118567	0.000000015455
7	139933177	140235209	121	25	-0.0000589829	0.000000004102
7	140235210	141226556	281	32	0.0000846297	0.000000011814
7	141226557	142656309	360	40	0.0000692531	0.000000012430
7	142656310	144968288	550	40	0.0000897343	0.000000021490
7	144968289	146427959	376	40	-0.0000232467	0.000000013811
7	146427960	147815317	568	40	-0.0000296118	0.000000021527
7	147815318	149840657	617	40	0.0001112774	0.000000028150
7	149840658	150711504	307	38	0.0000781692	0.000000012352
7	150711505	152249805	459	40	-0.0000474689	0.000000020539
7	152249806	153674018	463	40	0.0000944646	0.000000022837
7	153674019	154964729	549	40	0.0000889141	0.000000026542
7	154964730	156065249	481	40	0.0000444030	0.000000022137
7	156065250	157634596	520	40	0.0000454442	0.000000023830
7	157634597	159128574	460	40	0.0001855041	0.000000021866
8	10422	1044216	395	40	0.0001065190	0.000000021830
8	1044217	1163244	71	12	0.0000242829	0.000000003944
8	1163245	2042941	457	40	0.0001297452	0.000000025274
8	2042942	2573278	257	40	0.0001201009	0.000000014693
8	2573279	3392925	593	40	-0.0000214879	0.000000025460
8	3392926	3783016	426	40	0.0002160583	0.000000024932
8	3783017	4480475	668	40	0.0000114199	0.000000026127
8	4480476	5146926	493	40	0.0001305220	0.000000026756
8	5146927	6142796	753	40	0.0001174913	0.000000028275
8	6142797	7153078	544	40	-0.0000063549	0.000000025609
8	7153079	9154693	554	40	0.0003361113	0.000000032704
8	9154694	9640786	237	25	0.0001965319	0.000000014948
8	9640787	10463196	463	40	0.0005053065	0.000000033086
8	10463197	11278997	384	40	0.0004778613	0.000000027465
8	11278998	13491774	798	40	0.0004635913	0.000000035286
8	13491775	13944991	252	31	0.0000475067	0.000000012094
8	13944992	15991659	1083	40	0.0001013608	0.000000027949
8	15991660	17387875	549	40	0.0001754666	0.000000029450
8	17387876	17836398	269	35	0.0000150290	0.000000012984
8	17836399	19492839	962	40	-0.0000850396	0.000000024173
8	19492840	20060855	332	40	0.0001261158	0.000000017553
8	20060856	21661736	747	40	0.0001015148	0.000000027952
8	21661737	22897056	464	40	0.0000441671	0.000000022289
8	22897057	24674717	655	40	0.0000412948	0.000000026732
8	24674718	25483453	288	35	0.0000294006	0.000000011471
8	25483454	26682524	615	40	0.0000851526	0.000000026204
8	26682525	28162391	735	40	0.0002169602	0.000000030290
8	28162392	29327895	368	40	0.0000710699	0.000000016078
8	29327896	31133728	540	40	0.0001444249	0.000000024265
8	31133729	31548359	125	20	0.0000361867	0.000000005765
8	31548360	32977217	483	40	0.0000243254	0.000000017776
8	32977218	35317231	534	40	0.0000424256	0.000000016017
8	35317232	37379388	358	40	0.0001216641	0.000000015912
8	37379389	38938805	293	40	0.0001968229	0.000000016758
8	38938806	40703336	580	40	0.0000315375	0.000000021564
8	40703337	41721453	381	40	0.0001272039	0.000000019233
8	41721454	42773822	192	22	0.0000372173	0.000000007677
8	42773823	46841314	43	7	0.0000161968	0.000000002153
8	46841315	50082469	393	36	-0.0000095262	0.000000013933
8	50082470	53302929	781	40	0.0000545933	0.000000024800
8	53302930	54418043	343	40	0.0001006843	0.000000014713
8	54418044	55945580	476	40	0.0001144845	0.000000018509
8	55945581	56956382	350	40	0.0000348395	0.000000013745
8	56956383	59068650	664	40	0.0000079324	0.000000024745
8	59068651	59728099	274	34	-0.0000061534	0.000000010239
8	59728100	62329098	786	40	0.0001354150	0.000000028638
8	62329099	63349305	327	35	0.0001313086	0.000000013374
8	63349306	65232871	515	40	0.0000276999	0.000000017844
8	65232872	66489089	361	40	0.0001964391	0.000000016854
8	66489090	69863056	863	40	-0.0000397605	0.000000025090
8	69863057	70867978	407	40	0.0000565579	0.000000018064
8	70867979	72289453	439	40	-0.0000762252	0.000000013878
8	72289454	73817198	686	40	0.0000353157	0.000000025929
8	73817199	75445063	613	40	0.0000995374	0.000000024715
8	75445064	76456541	290	38	0.0000826566	0.000000012031
8	76456542	79132860	686	40	0.0000458099	0.000000022792
8	79132861	81956394	802	40	0.0001376190	0.000000028683
8	81956395	82693738	218	33	-0.0000278455	0.000000007542
8	82693739	84225588	415	40	0.0000899151	0.000000014702
8	84225589	85955618	356	39	0.0000882458	0.000000014050
8	85955619	87411708	267	25	-0.0000251333	0.000000008110
8	87411709	89085480	481	40	0.0001187089	0.000000019580
8	89085481	90638161	393	40	0.0001080597	0.000000015998
8	90638162	93554385	673	40	0.0001261930	0.000000026563
8	93554386	95005526	387	40	0.0000120704	0.000000015404
8	95005527	96534805	623	40	0.0000471368	0.000000025434
8	96534806	99401580	1101	40	0.0000492003	0.000000026892
8	99401581	101620957	504	40	0.0000641132	0.000000015834
8	101620958	104123305	986	40	0.0000433214	0.000000026773
8	104123306	104988751	248	24	0.0000778710	0.000000009419
8	104988752	107410753	819	40	0.0001284523	0.000000028497
8	107410754	108648176	468	40	0.0001270114	0.000000018659
8	108648177	109248172	204	23	0.0000248259	0.000000006864
8	109248173	110484313	350	31	-0.0000483004	0.000000008977
8	110484314	111850846	287	33	-0.0000024876	0.000000009183
8	111850847	113064319	231	19	0.0000245663	0.000000007524
8	113064320	116096494	780	40	0.0000809787	0.000000023817
8	116096495	119685456	1151	40	0.0000920609	0.000000027760
8	119685457	121201699	525	40	0.0000475602	0.000000018713
8	121201700	124861458	1333	40	-0.0000032846	0.000000025829
8	124861459	125683718	333	40	0.0002130282	0.000000016673
8	125683719	126410916	253	40	0.0001743950	0.000000014449
8	126410917	128659110	914	40	-0.0000498134	0.000000024887
8	128659111	130381138	671	40	0.0000124924	0.000000026149
8	130381139	131639624	464	40	0.0000186423	0.000000018492
8	131639625	133351143	759	40	0.0002051716	0.000000030051
8	133351144	134570000	704	40	0.0000217212	0.000000026336
8	134570001	136035604	751	40	0.0001622506	0.000000029182
8	136035605	137524150	552	40	0.0001136207	0.000000022703
8	137524151	139254829	736	40	0.0001449965	0.000000028727
8	139254830	140725642	751	40	0.0001063086	0.000000028049
8	140725643	143044913	822	40	0.0000745283	0.000000027405
8	143044914	144236880	366	40	0.0000571928	0.000000015488
8	144236881	146303866	338	40	0.0000648976	0.000000016161
9	10023	1079706	573	40	0.0000683175	0.000000027279
9	1079707	1916876	601	40	0.0000225875	0.000000026353
9	1916877	3190063	763	40	0.0000161614	0.000000026223
9	3190064	4495327	736	40	0.0001781265	0.000000029504
9	4495328	4884925	228	39	0.0000229429	0.000000011392
9	4884926	6557588	555	40	0.0000801341	0.000000027519
9	6557589	7154922	293	38	0.0001685254	0.000000017013
9	7154923	8456298	925	40	-0.0000116092	0.000000025660
9	8456299	9166402	399	40	0.0000670930	0.000000020512
9	9166403	10879252	840	40	0.0001362061	0.000000028654
9	10879253	12276488	463	40	0.0004689592	0.000000029004
9	12276489	14836362	1263	40	0.0001223721	0.000000028374
9	14836363	16659654	799	40	0.0000787808	0.000000027491
9	16659655	18661050	933	40	0.0001756999	0.000000029454
9	18661051	20463533	821	40	0.0000729313	0.000000027373
9	20463534	22206558	683	40	-0.0000110341	0.000000025672
9	22206559	24158517	604	40	0.0003299114	0.000000032526
9	24158518	25330809	294	40	0.0000510551	0.000000015519
9	25330810	26111756	271	40	0.0000888500	0.000000015042
9	26111757	28224282	947	40	0.0001075470	0.000000028074
9	28224283	28811583	249	36	0.0000696726	0.000000012129
9	28811584	30387391	549	40	0.0000435557	0.000000019412
9	30387392	31310382	244	23	0.0000638481	0.000000009854
9	31310383	32019367	205	24	0.0000544678	0.000000008076
9	32019368	33578333	587	40	0.0001205717	0.000000025141
9	33578334	34642242	285	27	-0.0000270442	0.000000007866
9	34642243	36743282	581	40	0.0001401293	0.000000026217
9	36743283	38641598	720	40	0.0000522927	0.000000026955
9	38641599	65472189	104	22	0.0000226676	0.000000005339
9	65472190	72512710	563	40	-0.0000223095	0.000000021361
9	72512711	72753754	100	10	0.0000302247	0.000000004064
9	72753755	74253039	595	40	0.0001660094	0.000000024180
9	74253040	76203945	569	40	0.0000004177	0.000000020204
9	76203946	76973080	180	22	0.0000714994	0.000000008266
9	76973081	78900182	800	40	0.0000296216	0.000000026496
9	78900183	79471207	288	40	0.0000593123	0.000000014239
9	79471208	81079054	523	40	0.0000437532	0.000000023691
9	81079055	82590927	629	40	0.0001995166	0.000000029937
9	82590928	84211232	651	40	0.0001244490	0.000000028416
9	84211233	85440800	328	40	0.0001088469	0.000000016686
9	85440801	86938195	635	40	0.0000696215	0.000000026152
9	86938196	88109332	498	40	0.0001858987	0.000000022706
9	88109333	88590416	112	14	0.0000451534	0.000000004671
9	88590417	90136245	598	40	0.0001248311	0.000000026850
9	90136246	92528697	852	40	0.0000010603	0.000000025917
9	92528698	94167202	622	40	0.0000375516	0.000000025869
9	94167203	96671697	789	40	0.0000760457	0.000000027436
9	96671698	98922039	664	40	0.0000871294	0.000000025301
9	98922040	101592858	855	40	0.0000902056	0.000000027723
9	101592859	104624436	960	40	0.0000716225	0.000000027346
9	104624437	105967975	568	40	0.0000723228	0.000000021920
9	105967976	107581748	601	40	0.0001078653	0.000000021492
9	107581749	109298753	601	40	0.0000320059	0.000000024290
9	109298754	110695061	568	40	0.0001143995	0.000000026010
9	110695062	112778023	1093	40	0.0001701366	0.000000029342
9	112778024	114831081	909	40	0.0000579761	0.000000027070
9	114831082	115693144	312	30	0.0000222034	0.000000011531
9	115693145	117019800	646	40	0.0000027950	0.000000025952
9	117019801	117921959	466	40	0.0001375413	0.000000022041
9	117921960	121321536	1460	40	0.0001865747	0.000000029675
9	121321537	122260296	360	40	0.0001857749	0.000000017930
9	122260297	124871321	774	40	0.0000877956	0.000000027674
9	124871322	126971886	682	40	0.0001113182	0.000000028150
9	126971887	129059664	562	40	0.0002176436	0.000000026008
9	129059665	130055509	323	40	0.0000009160	0.000000013163
9	130055510	132165469	496	40	0.0000636448	0.000000021379
9	132165470	133223216	318	40	0.0000177867	0.000000013968
9	133223217	134127887	346	40	-0.0000164051	0.000000015139
9	134127888	135298841	435	40	0.0001073913	0.000000019144
9	135298842	137041121	658	40	0.0001250965	0.000000028429
9	137041122	137589363	206	40	0.0000114408	0.000000010285
9	137589364	138938977	624	40	0.0000338823	0.000000026582
9	138938978	139500341	122	23	0.0000527382	0.000000006814
9	139500342	141144795	260	39	0.0001023730	0.000000013562
10	60523	751338	125	15	0.0000406023	0.000000006620
10	751339	1523543	341	40	0.0000400380	0.000000015813
10	1523544	2254499	436	40	0.0000798203	0.000000020457
10	2254500	3352698	672	40	0.0000268331	0.000000026439
10	3352699	4572273	615	40	0.0000469573	0.000000026847
10	4572274	5983761	707	40	0.0000421406	0.000000026749
10	5983762	7171483	742	40	0.0000579036	0.000000027068
10	7171484	8774664	870	40	0.0001159907	0.000000028245
10	8774665	10249395	563	40	0.0000392357	0.000000022032
10	10249396	12586796	1035	40	0.0001892825	0.000000029730
10	12586797	13321599	444	40	0.0000527756	0.000000022306
10	13321600	15026067	949	40	0.0000221935	0.000000026345
10	15026068	16551766	561	40	0.0000667317	0.000000026985
10	16551767	18537266	771	40	0.0000465425	0.000000026838
10	18537267	19716877	530	40	0.0000382082	0.000000021542
10	19716878	22772282	984	40	0.0001732382	0.000000029405
10	22772283	23175131	126	14	0.0000165032	0.000000005930
10	23175132	25578595	771	40	0.0000585025	0.000000027081
10	25578596	26888683	535	40	0.0000557714	0.000000018464
10	26888684	29323235	905	40	0.0000314184	0.000000026532
10	29323236	29783691	268	40	0.0001373535	0.000000013753
10	29783692	30458837	362	40	0.0000420341	0.000000017097
10	30458838	31907518	479	40	0.0000010235	0.000000018084
10	31907519	33707967	628	40	0.0000333107	0.000000021547
10	33707968	35109354	500	40	0.0001289589	0.000000022179
10	35109355	36572507	422	40	0.0001873082	0.000000019204
10	36572508	37790028	321	40	0.0000562276	0.000000012579
10	37790029	42372578	197	13	-0.0000096813	0.000000004024
10	42372579	43894770	297	34	0.0001660800	0.000000014436
10	43894771	44730074	289	34	0.0000192361	0.000000010751
10	44730075	48760449	671	40	-0.0000042982	0.000000025756
10	48760450	50840914	662	40	0.0001185107	0.000000025309
10	50840915	53616628	756	40	0.0000510126	0.000000026929
10	53616629	55103571	683	40	-0.0000408188	0.000000025069
10	55103572	57031139	762	40	0.0000738072	0.000000027391
10	57031140	57662145	177	18	0.0000318456	0.000000005473
10	57662146	58959527	381	25	0.0001345962	0.000000012206
10	58959528	60289986	420	40	0.0001166395	0.000000014881
10	60289987	61891408	590	40	0.0000761994	0.000000025604
10	61891409	62659678	302	34	0.0000926669	0.000000013057
10	62659679	63341694	161	19	0.0000067493	0.000000006346
10	63341695	65794113	846	40	0.0000846203	0.000000027610
10	65794114	67549614	479	40	0.0000814073	0.000000017633
10	67549615	69900147	895	40	0.0000765352	0.000000027446
10	69900148	70195990	116	11	0.0000467596	0.000000004958
10	70195991	72220849	893	40	0.0000121542	0.000000026142
10	72220850	73508511	741	40	-0.0000465305	0.000000024953
10	73508512	75422549	439	36	0.0000677698	0.000000013791
10	75422550	78706813	840	40	0.0001903671	0.000000029752
10	78706814	80876748	1013	40	-0.0000257593	0.000000025374
10	80876749	82414678	498	40	-0.0000109224	0.000000020027
10	82414679	84383744	717	40	0.0000151706	0.000000026203
10	84383745	85458702	437	40	0.0000941297	0.000000015975
10	85458703	87937576	976	40	0.0000744662	0.000000027404
10	87937577	89127063	271	35	0.0001035730	0.000000012762
10	89127064	91013380	724	40	-0.0000456722	0.000000024970
10	91013381	92006580	376	40	0.0000787776	0.000000016027
10	92006581	93335046	444	40	0.0002444789	0.000000020877
10	93335047	95396367	664	40	0.0001362524	0.000000026558
10	95396368	96221242	265	32	0.0000703442	0.000000012297
10	96221243	97822356	582	40	0.0001358098	0.000000019978
10	97822357	100241301	918	40	0.0000961575	0.000000027843
10	100241302	100668399	149	15	0.0001037465	0.000000006974
10	100668400	102949238	764	40	0.0001447142	0.000000028827
10	102949239	104380409	306	28	0.0000381083	0.000000010053
10	104380410	106695047	760	40	0.0001523369	0.000000028981
10	106695048	108726685	673	40	0.0001668820	0.000000027492
10	108726686	110317704	640	40	0.0000098747	0.000000024575
10	110317705	112561492	660	40	0.0000570369	0.000000025477
10	112561493	115328431	1028	40	0.0001325033	0.000000028579
10	115328432	116421405	494	40	0.0001158824	0.000000022071
10	116421406	119523933	1002	40	0.0001963031	0.000000029872
10	119523934	120591352	410	40	0.0001730936	0.000000020991
10	120591353	122407322	681	40	-0.0000009967	0.000000025875
10	122407323	123231464	393	40	0.0000166078	0.000000016376
10	123231465	123900544	278	40	0.0000043538	0.000000012149
10	123900545	125869345	859	40	-0.0000272114	0.000000025344
10	125869346	128001097	952	40	0.0001172025	0.000000028270
10	128001098	129154361	530	40	0.0000029699	0.000000022081
10	129154362	130844283	943	40	0.0000221157	0.000000026344
10	130844284	131741326	419	40	0.0001560921	0.000000020336
10	131741327	132580244	412	40	0.0000009012	0.000000016369
10	132580245	134336328	841	40	0.0001339249	0.000000028608
10	134336329	134494672	39	6	0.0000039123	0.000000001601
10	134494673	135523864	281	40	0.0000162738	0.000000012184
11	70855	1213589	259	40	0.0000755444	0.000000012351
11	1213590	3665480	807	40	-0.0000049834	0.000000025795
11	3665481	4746708	422	40	0.0000153194	0.000000018373
11	4746709	6322868	980	40	0.0000060307	0.000000026018
11	6322869	7436700	546	40	-0.0000001327	0.000000020402
11	7436701	8333273	491	40	0.0001064752	0.000000024751
11	8333274	9087316	273	30	0.0000850440	0.000000013160
11	9087317	10952026	639	40	0.0004934917	0.000000035891
11	10952027	12564228	1100	40	0.0000076244	0.000000026050
11	12564229	13373123	398	40	0.0001537459	0.000000018784
11	13373124	15742551	769	40	0.0000819229	0.000000027083
11	15742552	17578401	599	40	0.0000830922	0.000000023129
11	17578402	19569534	782	40	0.0000923629	0.000000027766
11	19569535	21017137	782	40	-0.0000083301	0.000000025727
11	21017138	22374141	549	40	0.0000696339	0.000000024058
11	22374142	24088516	586	40	0.0001723553	0.000000024987
11	24088517	26045752	655	40	0.0000201785	0.000000026304
11	26045753	27020460	355	40	0.0001454322	0.000000015359
11	27020461	28481592	404	40	0.0000805636	0.000000014926
11	28481593	30141356	410	40	-0.0000120039	0.000000015331
11	30141357	32276900	627	40	0.0002240854	0.000000023843
11	32276901	33958738	557	40	0.0001100821	0.000000022840
11	33958739	35502604	810	40	-0.0000035424	0.000000025824
11	35502605	37116814	737	40	0.0000874341	0.000000027667
11	37116815	39382002	416	40	0.0001435735	0.000000017233
11	39382003	42310002	914	40	0.0000570071	0.000000027050
11	42310003	44693798	961	40	-0.0000058164	0.000000025778
11	44693799	47006136	706	40	0.0001852015	0.000000029647
11	47006137	49866049	471	25	0.0003625650	0.000000019589
11	49866050	54695472	129	7	0.0000297903	0.000000003139
11	54695473	55082656	6	3	0.0000249772	0.000000000807
11	55082657	58457494	1050	40	0.0002659999	0.000000030076
11	58457495	58780548	67	6	0.0000152521	0.000000002541
11	58780549	62223770	984	40	0.0000798688	0.000000027513
11	62223771	63804568	305	38	0.0000949604	0.000000013052
11	63804569	65898630	491	40	0.0000991087	0.000000021159
11	65898631	68005824	316	35	0.0001567944	0.000000014454
11	68005825	69516129	458	40	0.0001027740	0.000000019933
11	69516130	70926291	458	40	0.0001202193	0.000000022836
11	70926292	72286016	304	36	0.0000921206	0.000000011965
11	72286017	74412350	596	40	0.0001203684	0.000000023361
11	74412351	76797208	757	40	0.0000793926	0.000000027504
11	76797209	78355057	414	36	0.0000594067	0.000000014809
11	78355058	80722372	1056	40	0.0000117823	0.000000026134
11	80722373	81266711	258	38	0.0000186511	0.000000010997
11	81266712	84381271	1155	40	0.0001160836	0.000000028247
11	84381272	86619300	770	40	-0.0000142887	0.000000025554
11	86619301	87430234	307	36	0.0001180652	0.000000013055
11	87430235	89208935	559	40	0.0002078101	0.000000027325
11	89208936	90966489	377	34	0.0000574634	0.000000013222
11	90966490	92077143	345	38	0.0000065744	0.000000013122
11	92077144	93276156	395	40	-0.0000007034	0.000000014111
11	93276157	94242259	268	26	0.0000553525	0.000000010042
11	94242260	95726040	591	40	0.0001956058	0.000000027654
11	95726041	97057057	497	40	0.0001342395	0.000000023955
11	97057058	98705064	552	40	-0.0000232996	0.000000023380
11	98705065	100417168	760	40	0.0002370794	0.000000030698
11	100417169	101331120	404	40	0.0000343044	0.000000015646
11	101331121	103959635	1076	40	-0.0000178193	0.000000025535
11	103959636	104873283	283	23	0.0001390326	0.000000010140
11	104873284	106520893	466	40	0.0000855436	0.000000017406
11	106520894	107844199	465	40	0.0000797648	0.000000020092
11	107844200	108437036	134	11	0.0000208922	0.000000004436
11	108437037	109866115	342	39	0.0001042604	0.000000015457
11	109866116	111114396	486	40	0.0000325277	0.000000017942
11	111114397	112459487	380	38	0.0001138333	0.000000015702
11	112459488	114257727	782	40	0.0002942489	0.000000031856
11	114257728	114830665	224	27	0.0000916583	0.000000010107
11	114830666	116383347	649	40	0.0001487575	0.000000028909
11	116383348	117747109	598	40	0.0000693406	0.000000027300
11	117747110	119215475	515	40	0.0001139648	0.000000022971
11	119215476	120766805	622	40	0.0001184688	0.000000028295
11	120766806	121175942	199	23	0.0000488575	0.000000008577
11	121175943	122591909	466	40	0.0000963358	0.000000022197
11	122591910	123500116	416	40	-0.0000180474	0.000000018270
11	123500117	124495527	477	40	0.0001416000	0.000000017503
11	124495528	126311319	796	40	0.0001094642	0.000000028113
11	126311320	127316678	559	40	0.0002417888	0.000000025974
11	127316679	128188536	306	40	0.0000875792	0.000000013778
11	128188537	130342574	850	40	0.0000658155	0.000000027229
11	130342575	131074611	366	40	0.0001263146	0.000000018282
11	131074612	133000045	1094	40	0.0001821729	0.000000029586
11	133000046	134205992	542	40	0.0000341540	0.000000025800
11	134205993	134946451	398	40	-0.0000357782	0.000000016820
12	61107	1080330	308	40	0.0000836375	0.000000015660
12	1080331	2544785	489	40	-0.0000294549	0.000000020121
12	2544786	3677036	507	40	-0.0000115065	0.000000022677
12	3677037	4417678	390	40	0.0000203331	0.000000017695
12	4417679	5321471	500	40	0.0001018526	0.000000023821
12	5321472	6419752	553	40	0.0001204165	0.000000026132
12	6419753	8377535	519	40	-0.0000046198	0.000000022712
12	8377536	9031394	127	23	-0.0000262698	0.000000005221
12	9031395	10481533	532	40	0.0000270383	0.000000021160
12	10481534	11754845	335	40	0.0000361796	0.000000012689
12	11754846	12733527	438	40	0.0000665304	0.000000021907
12	12733528	15241483	1022	40	-0.0000114987	0.000000025663
12	15241484	16310459	254	36	0.0000248480	0.000000010710
12	16310460	18087872	556	40	0.0002672746	0.000000028372
12	18087873	20863942	930	40	0.0000054579	0.000000026006
12	20863943	23820633	1091	40	0.0000622163	0.000000027156
12	23820634	25371082	713	40	0.0001081167	0.000000028086
12	25371083	27799772	1019	40	0.0001018675	0.000000027959
12	27799773	29651254	693	40	0.0000144391	0.000000024353
12	29651255	30512405	461	40	0.0001629767	0.000000020164
12	30512406	32165591	630	40	0.0000395831	0.000000025596
12	32165592	33076988	378	40	0.0000850368	0.000000016361
12	33076989	37856716	351	24	0.0000186487	0.000000010739
12	37856717	39227168	135	7	0.0000396553	0.000000005223
12	39227169	40816184	496	40	0.0001639338	0.000000020027
12	40816185	41658585	348	36	0.0000901615	0.000000012800
12	41658586	43984473	896	40	0.0000756567	0.000000027428
12	43984474	46024228	475	40	0.0001252431	0.000000018053
12	46024229	47714792	463	40	-0.0000716844	0.000000015679
12	47714793	49001865	539	40	0.0000863175	0.000000021473
12	49001866	51776493	627	40	0.0001919411	0.000000025279
12	51776494	53039003	632	40	0.0001097043	0.000000024398
12	53039004	54778822	584	40	0.0000209552	0.000000022707
12	54778823	55665836	270	35	0.0000366110	0.000000011102
12	55665837	57548859	418	40	0.0001420970	0.000000017824
12	57548860	59308665	462	40	0.0001402258	0.000000018718
12	59308666	61123728	451	40	0.0001381652	0.000000018210
12	61123729	64032460	945	40	-0.0000092170	0.000000025709
12	64032461	65559694	374	40	0.0000393673	0.000000015800
12	65559695	67181143	515	40	0.0000064447	0.000000019597
12	67181144	67909728	321	40	0.0001343693	0.000000013641
12	67909729	69826541	812	40	0.0000768262	0.000000027452
12	69826542	70957986	493	40	0.0000461533	0.000000017750
12	70957987	72645074	566	40	0.0002269667	0.000000024839
12	72645075	73818453	301	30	0.0001341031	0.000000013378
12	73818454	76511313	764	40	0.0002156984	0.000000030265
12	76511314	78570569	753	40	-0.0000120831	0.000000025651
12	78570570	80448149	404	40	0.0000708659	0.000000016281
12	80448150	81467766	306	35	0.0001381346	0.000000013614
12	81467767	83502665	559	40	0.0001322475	0.000000021725
12	83502666	84303843	230	27	0.0000149217	0.000000007074
12	84303844	85990425	391	34	0.0000136703	0.000000011513
12	85990426	89682121	745	40	0.0001632466	0.000000026057
12	89682122	92066154	641	40	0.0000759008	0.000000020950
12	92066155	94514566	905	40	0.0001087527	0.000000028098
12	94514567	96020784	691	40	0.0000820549	0.000000027558
12	96020785	97108838	452	40	0.0000582911	0.000000019606
12	97108839	99305986	919	40	0.0000763782	0.000000027443
12	99305987	101447640	650	40	0.0001610858	0.000000028318
12	101447641	101862689	148	16	0.0000952474	0.000000007620
12	101862690	102964985	334	40	0.0001156925	0.000000015894
12	102964986	104848695	758	40	0.0000851665	0.000000027621
12	104848696	106436212	845	40	0.0001163797	0.000000028253
12	106436213	106958747	233	34	0.0000795895	0.000000011096
12	106958748	109025900	736	40	0.0002112848	0.000000029913
12	109025901	110336718	400	40	0.0001215676	0.000000017668
12	110336719	113263517	462	40	0.0000886084	0.000000017002
12	113263518	113986708	216	28	-0.0000158895	0.000000008194
12	113986709	115036601	538	40	0.0000058980	0.000000021149
12	115036602	115503215	195	36	0.0000138312	0.000000008896
12	115503216	117087470	746	40	0.0000250623	0.000000026403
12	117087471	118135374	461	40	0.0001243311	0.000000022763
12	118135375	119754109	685	40	0.0002371168	0.000000030698
12	119754110	122007650	670	40	0.0001498723	0.000000028144
12	122007651	124977979	695	40	0.0002179039	0.000000030047
12	124977980	126445504	625	40	0.0001404430	0.000000028740
12	126445505	127875097	641	40	0.0001277496	0.000000027538
12	127875098	129237296	699	40	0.0001051594	0.000000028026
12	129237297	130377920	680	40	0.0000463252	0.000000026834
12	130377921	131786750	738	40	-0.0000229041	0.000000025432
12	131786751	132807033	288	40	0.0000803424	0.000000013220
12	132807034	133841510	169	25	0.0001471546	0.000000009843
13	19020013	20686719	290	36	0.0000168074	0.000000011371
13	20686720	22242173	585	40	0.0000644727	0.000000024581
13	22242174	23594701	674	40	0.0000107890	0.000000026114
13	23594702	24531936	507	40	0.0000764218	0.000000022576
13	24531937	25784361	643	40	0.0001186025	0.000000028298
13	25784362	27284361	541	40	0.0000072854	0.000000020917
13	27284362	29257550	850	40	0.0000198592	0.000000026298
13	29257551	30483266	502	40	0.0001184920	0.000000021759
13	30483267	32301814	776	40	0.0001599008	0.000000029134
13	32301815	33776902	580	40	0.0000868897	0.000000022997
13	33776903	35026463	455	40	0.0000178437	0.000000018216
13	35026464	36046366	221	30	0.0000204782	0.000000009646
13	36046367	37498184	645	40	0.0000524340	0.000000026958
13	37498185	38878162	539	40	0.0000767568	0.000000019563
13	38878163	41069262	871	40	0.0001611874	0.000000029160
13	41069263	43101026	629	40	0.0001104890	0.000000024623
13	43101027	44901408	803	40	0.0000060889	0.000000026019
13	44901409	46495213	524	40	0.0000441421	0.000000021975
13	46495214	47431078	361	40	0.0000736969	0.000000015253
13	47431079	49383961	614	40	0.0002698309	0.000000028372
13	49383962	51591090	739	40	0.0000573513	0.000000027057
13	51591091	53339621	450	40	0.0001368193	0.000000020830
13	53339622	54682863	522	40	0.0002149603	0.000000024805
13	54682864	55817130	320	36	0.0001340303	0.000000013428
13	55817131	57554216	296	22	0.0000659414	0.000000009332
13	57554217	58410625	205	21	0.0001435223	0.000000008951
13	58410626	59302270	215	22	0.0000754065	0.000000008243
13	59302271	60854777	551	40	0.0001657599	0.000000023445
13	60854778	61591948	284	35	0.0000984802	0.000000012711
13	61591949	63971558	631	40	0.0000512271	0.000000024627
13	63971559	65200601	302	31	0.0000547464	0.000000009978
13	65200602	67844452	782	40	0.0001158971	0.000000028243
13	67844453	70724515	883	40	0.0001536692	0.000000029008
13	70724516	71526790	317	40	0.0001328073	0.000000015672
13	71526791	73934088	842	40	0.0000939887	0.000000027799
13	73934089	75670142	732	40	0.0001316981	0.000000028563
13	75670143	77410554	784	40	0.0000039649	0.000000025976
13	77410555	78808812	434	40	-0.0000120440	0.000000014606
13	78808813	80585675	573	40	0.0002261759	0.000000025345
13	80585676	82581813	606	40	0.0001180094	0.000000025717
13	82581814	84133143	392	35	0.0001041627	0.000000012877
13	84133144	85610915	409	40	0.0002169554	0.000000018871
13	85610916	88559881	751	40	0.0001271886	0.000000027422
13	88559882	90521310	466	40	0.0000156810	0.000000015373
13	90521311	93129690	856	40	-0.0000041240	0.000000025812
13	93129691	93586454	121	16	0.0000288532	0.000000005821
13	93586455	96087557	1203	40	0.0000496358	0.000000026901
13	96087558	97519209	357	38	0.0001020907	0.000000016188
13	97519210	98938918	434	40	0.0002956921	0.000000025187
13	98938919	100574094	789	40	0.0002814140	0.000000031596
13	100574095	102300522	767	40	0.0000416252	0.000000026739
13	102300523	104066709	924	40	0.0001033270	0.000000027988
13	104066710	104844113	310	40	-0.0000206405	0.000000012109
13	104844114	106247553	624	40	0.0001049296	0.000000028021
13	106247554	106749999	273	40	0.0000476638	0.000000011994
13	106750000	108189876	614	40	0.0001221667	0.000000028370
13	108189877	109121209	436	40	-0.0000317582	0.000000018304
13	109121210	109815111	327	40	0.0000889961	0.000000015562
13	109815112	111232072	757	40	0.0000623846	0.000000027159
13	111232073	112247591	458	40	0.0000960120	0.000000021409
13	112247592	113572487	460	40	0.0000480498	0.000000021220
13	113572488	115109852	360	40	0.0000271614	0.000000015139
14	19002084	21589401	591	40	0.0000454084	0.000000026815
14	21589402	23018664	708	40	0.0000775254	0.000000027466
14	23018665	24905122	711	40	0.0000169121	0.000000026238
14	24905123	26135685	556	40	0.0000546131	0.000000020363
14	26135686	28466532	694	40	-0.0000379844	0.000000025126
14	28466533	29972144	379	40	0.0000863884	0.000000016543
14	29972145	32383264	589	40	0.0001517299	0.000000027342
14	32383265	34846250	1260	40	0.0000729027	0.000000027372
14	34846251	35859592	245	29	0.0000969536	0.000000011497
14	35859593	38667724	874	40	0.0000367839	0.000000026641
14	38667725	40341989	539	40	0.0001062517	0.000000021928
14	40341990	41615501	347	32	0.0000200610	0.000000010819
14	41615502	43137388	414	36	0.0001407339	0.000000016969
14	43137389	44543226	356	40	0.0000479116	0.000000015714
14	44543227	46081895	381	40	0.0001273856	0.000000016285
14	46081896	46749129	188	16	-0.0000249640	0.000000004634
14	46749130	48573585	585	40	0.0001265968	0.000000025472
14	48573586	49005470	112	13	0.0000114467	0.000000004144
14	49005471	50507759	463	40	0.0000821704	0.000000020556
14	50507760	51493571	367	40	0.0000705043	0.000000016740
14	51493572	53474382	851	40	-0.0000068484	0.000000025757
14	53474383	53997830	175	19	0.0001112739	0.000000008710
14	53997831	55233680	448	40	0.0002074201	0.000000023558
14	55233681	56216879	292	27	0.0001978020	0.000000014407
14	56216880	57481261	663	40	0.0001697741	0.000000029334
14	57481262	59448335	707	40	0.0000222408	0.000000026346
14	59448336	61680423	609	40	0.0000475585	0.000000021366
14	61680424	63790014	807	40	0.0000782366	0.000000027480
14	63790015	65220297	350	34	0.0000525835	0.000000014723
14	65220298	66399554	406	40	-0.0000048957	0.000000015734
14	66399555	67992316	400	33	0.0000601265	0.000000012194
14	67992317	71131956	1239	40	0.0000215613	0.000000026332
14	71131957	72889614	681	40	0.0001299944	0.000000028424
14	72889615	76444766	1153	40	0.0001391555	0.000000028714
14	76444767	77229471	354	40	-0.0000151231	0.000000014699
14	77229472	78561944	640	40	0.0000858915	0.000000027215
14	78561945	80186578	610	40	0.0002313826	0.000000029008
14	80186579	81579713	508	40	0.0001003187	0.000000021808
14	81579714	83138096	474	40	0.0000548736	0.000000019277
14	83138097	84241632	378	40	0.0000777228	0.000000016213
14	84241633	85746318	467	40	0.0001222714	0.000000021680
14	85746319	86647001	305	36	0.0000825758	0.000000013884
14	86647002	87635340	305	40	-0.0000575797	0.000000011208
14	87635341	89497642	606	40	0.0000550932	0.000000021884
14	89497643	91296859	697	40	0.0000357694	0.000000026620
14	91296860	93132298	672	40	-0.0000424498	0.000000025036
14	93132299	94325284	411	40	0.0001522531	0.000000019117
14	94325285	95750866	873	40	0.0002144127	0.000000030239
14	95750867	96262414	379	40	0.0000925074	0.000000017184
14	96262415	98341161	848	40	0.0001578009	0.000000029092
14	98341162	99138531	369	40	0.0000051383	0.000000013713
14	99138532	101534306	899	40	0.0001654373	0.000000029247
14	101534307	103012101	432	40	0.0001177845	0.000000020913
14	103012102	105001722	474	40	0.0001842435	0.000000022152
14	105001723	106340357	159	28	0.0001431061	0.000000009966
14	106340358	107289453	38	5	0.0000548913	0.000000002780
15	20001200	21131603	5	2	-0.0000013848	0.000000000226
15	21131604	24195126	306	40	0.0000322385	0.000000014828
15	24195127	25108589	193	28	0.0000312463	0.000000008632
15	25108590	27298111	869	40	-0.0000707571	0.000000024462
15	27298112	29338501	477	40	0.0000045545	0.000000020288
15	29338502	30165567	294	40	0.0000869125	0.000000014126
15	30165568	31591820	298	40	0.0000929265	0.000000014918
15	31591821	32441810	259	37	0.0000932574	0.000000012297
15	32441811	34015424	732	40	0.0000097924	0.000000026094
15	34015425	35083250	403	40	0.0000484333	0.000000017693
15	35083251	37456501	929	40	0.0002126270	0.000000030202
15	37456502	38530776	348	40	-0.0000220791	0.000000014507
15	38530777	40384131	779	40	0.0000171347	0.000000026243
15	40384132	41177513	234	28	0.0001140695	0.000000011843
15	41177514	42776398	429	40	0.0001179121	0.000000019357
15	42776399	44198048	272	17	0.0001131330	0.000000010284
15	44198049	46618786	496	40	0.0001218558	0.000000020007
15	46618787	48136047	583	40	0.0001181268	0.000000024099
15	48136048	50008042	446	40	0.0000500175	0.000000016326
15	50008043	51677559	609	40	0.0001186214	0.000000023273
15	51677560	53069095	400	39	0.0001002483	0.000000015479
15	53069096	54508527	632	40	-0.0000704205	0.000000023263
15	54508528	55136268	253	32	0.0000021905	0.000000011848
15	55136269	56901772	536	40	-0.0000791201	0.000000021517
15	56901773	58441365	625	40	-0.0000391468	0.000000025103
15	58441366	59694115	511	40	0.0000950736	0.000000025986
15	59694116	61265835	667	40	0.0001789785	0.000000029521
15	61265836	63215221	911	40	-0.0000010915	0.000000025873
15	63215222	65104667	487	40	0.0001183730	0.000000021081
15	65104668	67094766	616	40	0.0001035874	0.000000027889
15	67094767	69017998	743	40	0.0000615791	0.000000027143
15	69017999	70133340	298	40	0.0000551964	0.000000013692
15	70133341	71922648	704	40	0.0001541092	0.000000029017
15	71922649	73628713	364	32	0.0000373928	0.000000012662
15	73628714	76398623	595	40	0.0001470673	0.000000027667
15	76398624	78516052	527	40	0.0002804221	0.000000023421
15	78516053	80860977	985	40	0.0001352803	0.000000028636
15	80860978	84260467	910	40	0.0000508415	0.000000026925
15	84260468	86652904	771	40	0.0000900894	0.000000027720
15	86652905	88369942	764	40	0.0001315289	0.000000028560
15	88369943	90475550	723	40	0.0001329223	0.000000028588
15	90475551	92164391	624	40	0.0000445819	0.000000026799
15	92164392	93780901	817	40	0.0000338476	0.000000026581
15	93780902	94924329	578	40	-0.0000220192	0.000000025450
15	94924330	96141595	584	40	0.0001061659	0.000000028046
15	96141596	98030909	749	40	0.0001188275	0.000000028302
15	98030910	99244058	569	40	0.0000541650	0.000000026993
15	99244059	100636846	546	40	0.0001332062	0.000000027806
15	100636847	101552693	405	40	0.0001012579	0.000000020474
15	101552694	102520965	442	40	0.0000607584	0.000000022103
16	60054	1207205	302	40	0.0000790090	0.000000016032
16	1207206	2764828	371	40	0.0000271070	0.000000016640
16	2764829	4001195	300	40	0.0001103264	0.000000016561
16	4001196	5118344	377	40	0.0001428750	0.000000021212
16	5118345	5891579	347	40	0.0001252752	0.000000019246
16	5891580	6893550	702	40	0.0002367707	0.000000030691
16	6893551	7529120	481	40	-0.0000247579	0.000000022461
16	7529121	8338518	537	40	0.0000897073	0.000000026925
16	8338519	9799418	705	40	0.0001077742	0.000000028079
16	9799419	10426031	371	39	0.0000624068	0.000000016421
16	10426032	11520160	445	40	0.0000528519	0.000000021838
16	11520161	12613097	397	40	0.0000277942	0.000000019665
16	12613098	13154436	307	40	0.0000832863	0.000000014672
16	13154437	14464001	554	40	0.0001857128	0.000000027454
16	14464002	16154059	317	40	-0.0000288920	0.000000012870
16	16154060	17644748	397	40	-0.0000204602	0.000000017182
16	17644749	18643606	175	28	0.0002276820	0.000000012544
16	18643607	20150570	425	40	0.0000014016	0.000000016742
16	20150571	22448903	435	40	0.0001081410	0.000000018018
16	22448904	24136874	515	40	0.0000298953	0.000000021530
16	24136875	25986861	748	40	0.0001082803	0.000000028089
16	25986862	27445754	646	40	0.0000256443	0.000000026415
16	27445755	29036612	337	40	0.0000652463	0.000000013379
16	29036613	31382942	267	33	0.0001777444	0.000000014568
16	31382943	46399472	121	16	0.0000347756	0.000000005532
16	46399473	49007925	299	33	0.0001604145	0.000000013292
16	49007926	52035822	1080	40	0.0000086512	0.000000026071
16	52035823	53382571	454	40	0.0000955513	0.000000017867
16	53382572	55903773	1190	40	-0.0000521313	0.000000024840
16	55903774	57664329	636	40	0.0000471065	0.000000026850
16	57664330	59045404	509	40	0.0001119272	0.000000024757
16	59045405	60745693	495	40	0.0002902446	0.000000026380
16	60745694	62229848	360	40	0.0000846132	0.000000014234
16	62229849	63691588	442	40	0.0000433377	0.000000019043
16	63691589	65938565	806	40	0.0001136381	0.000000028197
16	65938566	68841362	672	40	-0.0000244028	0.000000024300
16	68841363	71054027	383	40	0.0000981293	0.000000017350
16	71054028	72935149	452	38	0.0001003948	0.000000019262
16	72935150	74971502	788	40	0.0000698266	0.000000027310
16	74971503	75977953	226	30	0.0000531552	0.000000010768
16	75977954	77523677	682	40	0.0000420615	0.000000026748
16	77523678	78456291	643	40	-0.0000302729	0.000000025282
16	78456292	79134814	568	40	0.0000416874	0.000000026740
16	79134815	80297373	783	40	-0.0000277679	0.000000025333
16	80297374	81772535	790	40	0.0000262145	0.000000026427
16	81772536	82747727	585	40	0.0000224102	0.000000026349
16	82747728	83477207	603	40	0.0001846083	0.000000029635
16	83477208	84445882	719	40	0.0001018588	0.000000027959
16	84445883	85148684	464	40	-0.0000103978	0.000000022751
16	85148685	86156598	485	40	0.0000066545	0.000000024248
16	86156599	86815410	532	40	0.0000065971	0.000000026029
16	86815411	87647348	363	40	0.0000453152	0.000000018772
16	87647349	89041164	367	40	0.0000162052	0.000000018183
16	89041165	90292811	312	34	0.0001380376	0.000000017224
17	56	1172398	319	40	0.0000268324	0.000000015909
17	1172399	1928730	258	40	0.0001412998	0.000000014296
17	1928731	3702311	645	40	0.0001632710	0.000000029203
17	3702312	4696260	367	40	0.0001093500	0.000000017887
17	4696261	5741333	391	40	0.0000453568	0.000000016957
17	5741334	7317397	632	40	-0.0000397451	0.000000025090
17	7317398	8306424	316	40	-0.0000501487	0.000000013474
17	8306425	9965920	657	40	0.0000623709	0.000000027159
17	9965921	11102814	479	40	0.0000528145	0.000000021212
17	11102815	12534768	563	40	0.0000031732	0.000000025278
17	12534769	13180371	300	40	0.0000754191	0.000000015236
17	13180372	13894636	370	40	0.0001088837	0.000000019382
17	13894637	15019096	608	40	0.0000219551	0.000000026340
17	15019097	16412341	320	40	-0.0000012160	0.000000013429
17	16412342	18856319	563	40	0.0001496888	0.000000023798
17	18856320	21290356	381	40	0.0001667648	0.000000018322
17	21290357	27334243	508	40	0.0001287039	0.000000023686
17	27334244	29786490	500	39	0.0000903362	0.000000016157
17	29786491	31538424	546	40	-0.0000088197	0.000000022574
17	31538425	32912797	827	40	0.0000827362	0.000000027571
17	32912798	34469035	516	40	0.0000035853	0.000000020529
17	34469036	36809343	511	40	-0.0000531925	0.000000020214
17	36809344	38877403	448	40	0.0000973722	0.000000019253
17	38877404	39899809	324	34	-0.0000063013	0.000000010082
17	39899810	41772086	376	39	0.0001639032	0.000000015113
17	41772087	43056904	341	38	0.0000538846	0.000000013150
17	43056905	45876021	376	40	0.0002073994	0.000000017695
17	45876022	47517399	536	40	0.0001186388	0.000000021346
17	47517400	49898956	773	40	0.0000885011	0.000000027688
17	49898957	50719054	285	27	0.0000671158	0.000000011615
17	50719055	51826117	308	34	0.0000065660	0.000000010495
17	51826118	53599431	611	40	0.0000275369	0.000000024880
17	53599432	55357540	616	40	0.0000947124	0.000000026031
17	55357541	57487511	683	40	0.0000048192	0.000000025993
17	57487512	59312754	245	23	0.0000196459	0.000000007527
17	59312755	61545588	444	40	0.0000475081	0.000000018764
17	61545589	63148127	306	37	0.0000487755	0.000000011450
17	63148128	64800429	631	40	0.0000629092	0.000000025125
17	64800430	67858769	945	40	0.0000421344	0.000000026749
17	67858770	69387816	648	40	0.0000537898	0.000000025779
17	69387817	72672202	1442	40	0.0000614154	0.000000027140
17	72672203	74375559	411	40	0.0000605126	0.000000018871
17	74375560	76263412	743	40	0.0000054489	0.000000026006
17	76263413	77298635	476	40	0.0000390445	0.000000024275
17	77298636	78837587	561	40	0.0000534348	0.000000025929
17	78837588	80034407	239	40	0.0003014964	0.000000017118
17	80034408	81194907	310	35	0.0001053574	0.000000014086
18	10644	912485	406	40	-0.0000315958	0.000000017268
18	912486	1942910	366	40	0.0000862602	0.000000015455
18	1942911	3891657	777	40	0.0000774315	0.000000027464
18	3891658	5834179	787	40	0.0000735153	0.000000027385
18	5834180	7090484	579	40	0.0002401595	0.000000029815
18	7090485	8498930	581	40	0.0000946591	0.000000026763
18	8498931	11075912	1266	40	0.0000100908	0.000000026100
18	11075913	11905439	264	40	-0.0000145380	0.000000011253
18	11905440	14440798	750	40	0.0001187020	0.000000028300
18	14440799	19485843	158	17	0.0000758167	0.000000006921
18	19485844	20649471	300	36	0.0000962635	0.000000013541
18	20649472	22996650	822	40	0.0000343736	0.000000026592
18	22996651	24026190	313	35	0.0001030625	0.000000015226
18	24026191	25927681	784	40	0.0000278012	0.000000026459
18	25927682	26875586	246	26	0.0001992424	0.000000012842
18	26875587	27866477	269	27	-0.0000184459	0.000000008860
18	27866478	30264065	881	40	0.0000679206	0.000000027271
18	30264066	31780066	343	36	0.0001180305	0.000000014548
18	31780067	33861963	612	40	0.0001070280	0.000000023874
18	33861964	35075249	480	40	0.0002415695	0.000000023988
18	35075250	36365489	490	40	0.0003338589	0.000000023151
18	36365490	37684366	350	33	0.0000005658	0.000000011455
18	37684367	39892647	773	40	0.0001782957	0.000000028929
18	39892648	42922105	929	40	0.0000223697	0.000000026349
18	42922106	44299245	691	40	-0.0000045037	0.000000025804
18	44299246	45939731	595	40	0.0000839833	0.000000025761
18	45939732	47730583	783	40	0.0000148586	0.000000026197
18	47730584	51062184	1188	40	0.0002476781	0.000000030912
18	51062185	51554174	174	15	0.0001526067	0.000000008879
18	51554175	55213837	1112	40	0.0006925851	0.000000039924
18	55213838	56530219	610	40	-0.0000695217	0.000000024120
18	56530220	57630482	586	40	0.0000094863	0.000000025825
18	57630483	59020750	436	40	0.0001036787	0.000000019692
18	59020751	60277714	544	40	0.0001262338	0.000000023793
18	60277715	61820251	580	40	0.0000320389	0.000000022043
18	61820252	63463401	517	40	0.0001797952	0.000000022219
18	63463402	64252800	240	22	0.0000362010	0.000000008886
18	64252801	66125816	726	40	0.0000245930	0.000000026394
18	66125817	67175819	326	40	0.0001070419	0.000000016133
18	67175820	68621178	465	40	0.0001468302	0.000000023375
18	68621179	69621617	383	40	0.0000979247	0.000000017656
18	69621618	71038473	563	40	-0.0000118169	0.000000023036
18	71038474	71971461	493	40	0.0001179660	0.000000024984
18	71971462	73526986	669	40	-0.0000150170	0.000000025591
18	73526987	74813814	596	40	0.0000209068	0.000000026319
18	74813815	75976316	591	40	0.0000288048	0.000000026059
18	75976317	77149990	412	40	0.0002912414	0.000000021356
18	77149991	78017157	267	39	0.0001624398	0.000000014362
19	80840	610728	103	25	0.0001202880	0.000000007358
19	610729	2098395	319	40	-0.0000233646	0.000000015360
19	2098396	3019659	244	40	0.0000619384	0.000000013054
19	3019660	4348966	329	40	0.0000589460	0.000000017128
19	4348967	5811851	407	40	0.0000621666	0.000000020672
19	5811852	6684884	215	40	0.0001331769	0.000000012640
19	6684885	8347512	542	40	-0.0000236874	0.000000023948
19	8347513	9238392	267	40	0.0000162316	0.000000009766
19	9238393	11284027	501	40	0.0000752313	0.000000020416
19	11284028	13471126	418	40	0.0001207271	0.000000019777
19	13471127	14486346	207	40	0.0001211531	0.000000011523
19	14486347	15648609	370	40	-0.0000030290	0.000000015461
19	15648610	16374415	362	40	0.0001654592	0.000000015402
19	16374416	18409861	563	40	0.0000679012	0.000000026903
19	18409862	19877470	329	40	0.0000094899	0.000000013646
19	19877471	20905756	133	20	0.0000224814	0.000000006255
19	20905757	22732895	311	37	0.0001074864	0.000000012738
19	22732896	23467745	128	13	0.0000036869	0.000000004447
19	23467746	28557892	275	27	-0.0000429265	0.000000007956
19	28557893	29790946	467	40	0.0000308081	0.000000018998
19	29790947	30727953	332	40	0.0001146631	0.000000016235
19	30727954	32746519	646	40	0.0001940166	0.000000029825
19	32746520	34262951	511	40	0.0001557589	0.000000024234
19	34262952	36469294	667	40	0.0000321569	0.000000026547
19	36469295	37527032	232	20	-0.0000023366	0.000000007033
19	37527033	40170618	637	40	-0.0000312222	0.000000023638
19	40170619	40984600	187	25	-0.0000248759	0.000000006783
19	40984601	42131572	301	40	0.0002088045	0.000000016949
19	42131573	43862454	167	22	-0.0000452980	0.000000005552
19	43862455	44744107	300	40	0.0000421926	0.000000012038
19	44744108	46102696	368	40	0.0000807713	0.000000017983
19	46102697	47150081	292	40	0.0003032842	0.000000019063
19	47150082	49282226	603	40	0.0000233709	0.000000025425
19	49282227	51532566	646	40	-0.0000155818	0.000000025580
19	51532567	52985289	648	40	0.0001729708	0.000000029399
19	52985290	54602361	514	40	0.0001629607	0.000000027255
19	54602362	55728079	379	40	-0.0000049933	0.000000017131
19	55728080	57521334	688	40	0.0000328715	0.000000026561
19	57521335	59118838	543	40	0.0000358932	0.000000023218
20	60479	697599	271	40	0.0000040214	0.000000012452
20	697600	2469500	1017	40	-0.0000101561	0.000000025690
20	2469501	3828412	502	40	0.0000545535	0.000000022447
20	3828413	5477849	807	40	0.0000685019	0.000000027283
20	5477850	7084072	741	40	0.0000312262	0.000000026528
20	7084073	8117010	409	40	0.0000957891	0.000000016630
20	8117011	9730920	776	40	0.0000779953	0.000000027475
20	9730921	11249535	734	40	0.0001261882	0.000000028452
20	11249536	12447498	501	40	0.0001608778	0.000000021264
20	12447499	13689863	550	40	0.0000397337	0.000000022669
20	13689864	15958358	991	40	0.0000473099	0.000000026854
20	15958359	17487231	944	40	0.0000306781	0.000000026517
20	17487232	18972202	617	40	0.0000887048	0.000000026486
20	18972203	20959709	892	40	0.0000614849	0.000000027141
20	20959710	22491455	407	39	0.0000171803	0.000000013440
20	22491456	23293789	360	40	0.0000330946	0.000000014329
20	23293790	24717723	528	40	0.0000646557	0.000000021191
20	24717724	25344230	222	22	0.0000305381	0.000000007747
20	25344231	31614822	593	40	0.0000961187	0.000000021203
20	31614823	32813440	293	29	-0.0000154423	0.000000010308
20	32813441	34960445	462	32	0.0000304016	0.000000012985
20	34960446	36909529	492	40	0.0001574617	0.000000020416
20	36909530	38436760	510	40	0.0000371894	0.000000019023
20	38436761	39610855	467	40	0.0000784285	0.000000021209
20	39610856	40585688	288	33	0.0000456032	0.000000012055
20	40585689	41615459	583	40	-0.0000051645	0.000000025581
20	41615460	42680175	396	40	0.0001560217	0.000000020023
20	42680176	44839055	784	40	0.0002526834	0.000000031014
20	44839056	47199979	1037	40	0.0000511956	0.000000026933
20	47199980	49239657	762	40	0.0000802847	0.000000027522
20	49239658	52472548	1352	40	0.0000987826	0.000000027896
20	52472549	54055265	622	40	0.0000512460	0.000000026934
20	54055266	56447958	1149	40	0.0000076092	0.000000026050
20	56447959	58406571	891	40	0.0001097029	0.000000028118
20	58406572	59561723	549	40	0.0000737784	0.000000023828
20	59561724	61301854	768	40	0.0000618498	0.000000027148
20	61301855	62190179	301	40	0.0000707786	0.000000015245
20	62190180	62965162	237	39	0.0000866220	0.000000012008
21	9411243	15950981	280	40	0.0000487441	0.000000012943
21	15950982	18053164	666	40	0.0000967322	0.000000027855
21	18053165	19480374	438	40	-0.0000639031	0.000000018278
21	19480375	20962338	608	40	-0.0000133332	0.000000025625
21	20962339	22072763	358	40	0.0001066323	0.000000017314
21	22072764	23362874	526	40	0.0001490725	0.000000023577
21	23362875	24696230	354	40	0.0000850211	0.000000015791
21	24696231	26469121	649	40	0.0000713218	0.000000026920
21	26469122	27271018	221	25	-0.0000334141	0.000000008302
21	27271019	29125225	871	40	-0.0000365945	0.000000025154
21	29125226	31197024	691	40	0.0000155342	0.000000023904
21	31197025	32668641	453	40	0.0003350277	0.000000021308
21	32668642	34376998	663	40	0.0000989761	0.000000027900
21	34376999	35225464	287	40	0.0000159968	0.000000012848
21	35225465	36524372	568	40	0.0000232971	0.000000026367
21	36524373	37870778	536	40	0.0000098948	0.000000021074
21	37870779	38711703	315	39	0.0000243722	0.000000011575
21	38711704	40482901	843	40	0.0001166901	0.000000028259
21	40482902	41389526	501	40	-0.0000623422	0.000000017062
21	41389527	43321527	1004	40	0.0000814194	0.000000027545
21	43321528	44506267	693	40	0.0001476696	0.000000028887
21	44506268	46177104	570	40	-0.0000574820	0.000000024521
21	46177105	47492225	507	40	0.0000105115	0.000000021816
21	47492226	48119751	242	26	0.0001003932	0.000000011464
22	16050408	17674294	214	38	0.0000653893	0.000000011220
22	17674295	18296087	265	40	0.0000441459	0.000000012592
22	18296088	19912357	539	40	-0.0000352381	0.000000021622
22	19912358	22357324	597	40	0.0002335368	0.000000027061
22	22357325	23712646	333	40	0.0000553150	0.000000014778
22	23712647	24984203	361	40	-0.0000062226	0.000000012658
22	24984204	26791627	751	40	-0.0000066667	0.000000025761
22	26791628	27834751	738	40	0.0001301295	0.000000028531
22	27834752	29651798	575	40	0.0000642370	0.000000026882
22	29651799	31439917	549	40	0.0000194713	0.000000020381
22	31439918	32664985	356	33	0.0000772649	0.000000015066
22	32664986	34494913	929	40	0.0000771073	0.000000027457
22	34494914	35530984	492	40	-0.0000314210	0.000000016079
22	35530985	37570268	842	40	0.0000254875	0.000000026412
22	37570269	39307893	532	40	0.0000698345	0.000000024742
22	39307894	40545796	337	40	0.0002362267	0.000000019571
22	40545797	42690817	463	34	0.0003278532	0.000000021318
22	42690818	43714199	405	40	0.0000856935	0.000000018965
22	43714200	44995307	710	40	0.0001218235	0.000000028363
22	44995308	46470494	623	40	0.0000804759	0.000000027526
22	46470495	47596317	454	40	0.0000342755	0.000000020941
22	47596318	48903702	741	40	0.0000950805	0.000000027821
22	48903703	49824533	613	40	0.0000240617	0.000000026383
22	49824534	51243297	396	40	0.0000551767	0.000000018400
