chr	start	end	num_snp	k	local_rho	var
1	10583	1892606	88	15	0.0000182345	0.0000000076
1	1892607	3582735	422	40	0.0002237380	0.0000000401
1	3582736	4380810	260	40	0.0000792698	0.0000000195
1	4380811	5913892	851	40	0.0000717219	0.0000000428
1	5913893	7247334	422	40	-0.0003055482	0.0000000323
1	7247335	9365198	694	40	-0.0001619756	0.0000000437
1	9365199	10806983	344	40	0.0000499295	0.0000000257
1	10806984	11777840	250	40	-0.0001140482	0.0000000256
1	11777841	12779465	274	40	0.0002103611	0.0000000252
1	12779466	14891510	612	40	0.0001076518	0.0000000426
1	14891511	16897729	677	40	-0.0000819132	0.0000000440
1	16897730	18662898	655	40	-0.0001021338	0.0000000412
1	18662899	20469148	696	40	-0.0000119149	0.0000000436
1	20469149	21736587	457	40	-0.0001266055	0.0000000333
1	21736588	23086882	519	40	-0.0000528783	0.0000000431
1	23086883	23920589	219	28	-0.0000476834	0.0000000199
1	23920590	25516844	516	40	-0.0000501760	0.0000000412
1	25516845	27401866	411	40	0.0000062521	0.0000000267
1	27401867	30161880	544	40	-0.0000822562	0.0000000316
1	30161881	32438684	921	40	0.0000456313	0.0000000415
1	32438685	34799757	669	40	-0.0000793711	0.0000000456
1	34799758	37549182	542	40	-0.0000586613	0.0000000419
1	37549183	38731846	359	40	-0.0000977579	0.0000000260
1	38731847	40200566	445	40	0.0001196335	0.0000000503
1	40200567	41975326	549	40	-0.0001529765	0.0000000345
1	41975327	43758456	538	40	0.0000019580	0.0000000346
1	43758457	44969182	366	35	0.0000532545	0.0000000227
1	44969183	46899500	455	38	0.0002308108	0.0000000354
1	46899501	48002575	291	33	0.0001061185	0.0000000208
1	48002576	48978187	342	40	-0.0000463309	0.0000000259
1	48978188	49894176	246	28	0.0001204201	0.0000000159
1	49894177	51713725	255	25	-0.0000054732	0.0000000124
1	51713726	54226261	559	40	0.0001454825	0.0000000383
1	54226262	56413116	828	40	-0.0000934312	0.0000000443
1	56413117	57021727	270	31	-0.0001638626	0.0000000216
1	57021728	58865398	842	40	-0.0000163148	0.0000000436
1	58865399	59890408	383	40	-0.0000860542	0.0000000249
1	59890409	61922364	666	40	0.0002516176	0.0000000458
1	61922365	63455088	528	40	0.0000289881	0.0000000345
1	63455089	65041703	655	40	-0.0000429941	0.0000000377
1	65041704	66939403	637	40	0.0001041940	0.0000000449
1	66939404	68477894	677	40	0.0000122564	0.0000000380
1	68477895	69687615	370	40	0.0000501421	0.0000000291
1	69687616	71372469	511	40	0.0000919406	0.0000000318
1	71372470	71684404	82	10	0.0000285554	0.0000000040
1	71684405	74326906	556	40	0.0001613894	0.0000000285
1	74326907	76728134	711	40	-0.0000236472	0.0000000391
1	76728135	79661197	939	40	-0.0001196311	0.0000000441
1	79661198	81354190	468	40	0.0000095966	0.0000000285
1	81354191	83991747	961	40	0.0000190484	0.0000000461
1	83991748	84844494	311	34	-0.0001375407	0.0000000178
1	84844495	86454750	645	40	-0.0001811703	0.0000000480
1	86454751	88128630	560	40	0.0001903218	0.0000000373
1	88128631	90066302	516	40	0.0001553643	0.0000000342
1	90066303	91886316	555	40	-0.0000612784	0.0000000371
1	91886317	93536458	508	40	0.0002245045	0.0000000297
1	93536459	94506190	254	26	-0.0000284808	0.0000000167
1	94506191	96150892	639	40	-0.0000442324	0.0000000401
1	96150893	97885248	600	40	0.0001361634	0.0000000365
1	97885249	99800603	635	40	-0.0001579256	0.0000000366
1	99800604	100826404	311	36	0.0000417568	0.0000000217
1	100826405	102041015	444	40	0.0001040462	0.0000000275
1	102041016	102898744	269	36	0.0000046611	0.0000000175
1	102898745	103914210	199	21	-0.0000662332	0.0000000119
1	103914211	106087841	447	40	0.0002167196	0.0000000303
1	106087842	108409664	720	40	-0.0000592563	0.0000000433
1	108409665	110303930	559	40	0.0002556309	0.0000000393
1	110303931	111741736	563	40	0.0002851089	0.0000000436
1	111741737	113273305	717	40	0.0002711102	0.0000000464
1	113273306	114873844	507	40	0.0000608845	0.0000000358
1	114873845	115880592	342	37	0.0001346237	0.0000000268
1	115880593	118839066	811	40	0.0001736317	0.0000000435
1	118839067	144977493	558	40	0.0000947200	0.0000000338
1	144977494	148361252	430	40	-0.0000815913	0.0000000281
1	148361253	151538880	348	34	-0.0002189228	0.0000000247
1	151538881	153180828	463	40	-0.0000106608	0.0000000305
1	153180829	154770402	454	40	0.0000822985	0.0000000272
1	154770403	156336132	305	38	0.0001210688	0.0000000286
1	156336133	158027411	594	40	-0.0000035055	0.0000000378
1	158027412	159913047	672	40	0.0001875415	0.0000000427
1	159913048	162346720	867	40	0.0000217029	0.0000000441
1	162346721	165191701	1182	40	-0.0000815075	0.0000000429
1	165191702	166460516	527	40	-0.0001308446	0.0000000383
1	166460517	169086323	1080	40	0.0001438744	0.0000000422
1	169086324	170557775	554	40	-0.0001477899	0.0000000307
1	170557776	173097906	898	40	0.0000826948	0.0000000428
1	173097907	175089767	410	32	-0.0001859558	0.0000000219
1	175089768	177433380	779	40	-0.0000278815	0.0000000435
1	177433381	178944308	491	40	-0.0002535336	0.0000000342
1	178944309	178954469	2	1	-0.0000139502	0.0000000002
1	178954470	181144120	744	40	0.0002386881	0.0000000515
1	181144121	182755355	597	40	0.0000170929	0.0000000467
1	182755356	184595512	626	40	-0.0000877000	0.0000000378
1	184595513	186810022	522	40	0.0000118760	0.0000000314
1	186810023	188759944	616	40	-0.0002180215	0.0000000345
1	188759945	189904129	214	15	-0.0000805504	0.0000000152
1	189904130	191868929	537	40	0.0000630018	0.0000000248
1	191868930	194107441	570	40	0.0001950634	0.0000000316
1	194107442	196176200	568	40	0.0000710211	0.0000000328
1	196176201	197311513	194	16	0.0000359226	0.0000000124
1	197311514	199239883	502	40	-0.0000715366	0.0000000352
1	199239884	200137648	295	35	-0.0002390019	0.0000000249
1	200137649	201589974	700	40	-0.0002003922	0.0000000461
1	201589975	203334733	609	40	-0.0000584566	0.0000000433
1	203334734	204681067	481	40	0.0000643917	0.0000000352
1	204681068	206073264	571	40	-0.0000052282	0.0000000413
1	206073265	208410363	632	40	-0.0000412428	0.0000000448
1	208410364	210787749	921	40	-0.0001135959	0.0000000454
1	210787750	212842329	682	40	0.0000180461	0.0000000426
1	212842330	214578265	603	40	-0.0000742147	0.0000000433
1	214578266	216243633	570	40	-0.0000181193	0.0000000354
1	216243634	218705512	1068	40	-0.0001165841	0.0000000423
1	218705513	219590570	280	34	0.0001084478	0.0000000208
1	219590571	221858230	676	40	-0.0000847592	0.0000000433
1	221858231	222230219	173	21	-0.0000945321	0.0000000150
1	222230220	224938519	447	40	-0.0000587283	0.0000000321
1	224938520	226810859	513	40	-0.0000740067	0.0000000423
1	226810860	229156247	686	40	0.0000315191	0.0000000404
1	229156248	230685254	527	40	-0.0000374286	0.0000000342
1	230685255	232090251	587	40	0.0001494469	0.0000000450
1	232090252	233429283	592	40	0.0000019228	0.0000000403
1	233429284	234599433	530	40	0.0003060914	0.0000000344
1	234599434	235819435	380	40	-0.0000482404	0.0000000279
1	235819436	237555627	709	40	0.0000414176	0.0000000474
1	237555628	238567806	422	40	0.0001857314	0.0000000289
1	238567807	239925313	487	40	0.0002476251	0.0000000328
1	239925314	240564090	339	40	0.0003637090	0.0000000302
1	240564091	241582219	508	40	0.0000114187	0.0000000388
1	241582220	242071601	217	38	0.0001114622	0.0000000298
1	242071602	244109498	615	40	-0.0000735628	0.0000000421
1	244109499	245506745	499	40	-0.0000055537	0.0000000434
1	245506746	247344517	704	40	0.0001392591	0.0000000444
1	247344518	249239465	394	40	0.0001710145	0.0000000295
2	10133	1781021	650	40	0.0001424976	0.0000000441
2	1781022	3973778	952	40	0.0000929391	0.0000000454
2	3973779	5708336	622	40	0.0000627902	0.0000000454
2	5708337	6836253	552	40	0.0000482709	0.0000000358
2	6836254	8422146	643	40	-0.0001371913	0.0000000440
2	8422147	10298468	659	40	0.0001366809	0.0000000441
2	10298469	12419149	966	40	-0.0001316599	0.0000000475
2	12419150	14335307	589	40	0.0000891964	0.0000000409
2	14335308	16329734	734	40	-0.0000839737	0.0000000422
2	16329735	18647422	844	40	-0.0000178782	0.0000000444
2	18647423	19692403	384	40	0.0001347315	0.0000000278
2	19692404	21050489	629	40	-0.0001947513	0.0000000404
2	21050490	23341382	611	40	-0.0000011418	0.0000000438
2	23341383	24686917	429	40	-0.0001397407	0.0000000387
2	24686918	26894984	551	40	0.0000128415	0.0000000364
2	26894985	28598776	414	33	-0.0000937822	0.0000000522
2	28598777	29217558	241	30	-0.0001916055	0.0000000184
2	29217559	30463710	633	40	-0.0000611187	0.0000000424
2	30463711	31550449	528	40	0.0001543379	0.0000000386
2	31550450	33363776	494	40	0.0000118257	0.0000000432
2	33363777	35345027	799	40	-0.0001153187	0.0000000456
2	35345028	36122005	290	30	-0.0000284338	0.0000000206
2	36122006	38132711	921	40	0.0001462526	0.0000000425
2	38132712	39031336	322	38	-0.0000733635	0.0000000291
2	39031337	40281482	298	31	0.0001747824	0.0000000243
2	40281483	43309589	1298	40	0.0000617249	0.0000000427
2	43309590	44313802	402	40	-0.0000268858	0.0000000341
2	44313803	46482633	1063	40	-0.0001528579	0.0000000454
2	46482634	47318771	414	40	-0.0000701336	0.0000000338
2	47318772	48213000	298	40	0.0002594045	0.0000000382
2	48213001	50022256	709	40	0.0004222123	0.0000000519
2	50022257	50818927	344	34	0.0000197314	0.0000000246
2	50818928	52491132	640	40	0.0000934310	0.0000000427
2	52491133	53508451	465	40	0.0000628966	0.0000000342
2	53508452	54685225	430	40	0.0000187347	0.0000000321
2	54685226	56203344	605	40	-0.0000429923	0.0000000422
2	56203345	57429099	427	40	0.0000326295	0.0000000357
2	57429100	58297314	272	29	0.0000466194	0.0000000282
2	58297315	60291999	736	40	0.0000668270	0.0000000439
2	60292000	62429043	582	40	0.0000962024	0.0000000413
2	62429044	64625912	581	40	-0.0000079257	0.0000000403
2	64625913	65933443	458	40	0.0001187780	0.0000000355
2	65933444	67226165	540	40	0.0001014894	0.0000000387
2	67226166	68010175	416	40	0.0004364551	0.0000000390
2	68010176	69139563	468	40	-0.0000611462	0.0000000350
2	69139564	70755197	526	40	0.0001042204	0.0000000378
2	70755198	73174847	794	40	0.0001853238	0.0000000420
2	73174848	75630085	710	40	-0.0000891593	0.0000000445
2	75630086	76913660	509	40	-0.0003567602	0.0000000381
2	76913661	78079263	381	40	0.0001058256	0.0000000305
2	78079264	80050402	818	40	-0.0000066970	0.0000000438
2	80050403	81620840	578	40	0.0000131732	0.0000000425
2	81620841	85140679	882	40	0.0000980448	0.0000000402
2	85140680	88038506	628	40	-0.0001777510	0.0000000359
2	88038507	89154525	242	30	0.0000573357	0.0000000178
2	89154526	95326451	4	2	-0.0000241904	0.0000000004
2	95326452	98995200	426	40	0.0001156934	0.0000000273
2	98995201	101822328	906	40	0.0001025903	0.0000000437
2	101822329	102688764	261	30	0.0001707761	0.0000000155
2	102688765	103588214	402	36	0.0002107607	0.0000000206
2	103588215	105125033	301	39	0.0001558531	0.0000000208
2	105125034	106210057	398	40	0.0000166226	0.0000000273
2	106210058	107408266	442	40	0.0000635253	0.0000000284
2	107408267	108429176	342	37	0.0001349904	0.0000000182
2	108429177	110572431	517	40	0.0000690385	0.0000000304
2	110572432	113921855	789	40	-0.0000461065	0.0000000499
2	113921856	116772469	748	40	0.0002309341	0.0000000439
2	116772470	118367465	393	37	-0.0001811260	0.0000000202
2	118367466	121303782	986	40	-0.0001123989	0.0000000421
2	121303783	123302905	576	40	0.0000104199	0.0000000370
2	123302906	124732249	429	40	0.0001521524	0.0000000227
2	124732250	125840920	378	40	-0.0000578997	0.0000000221
2	125840921	127373763	408	37	0.0000349857	0.0000000223
2	127373764	128034346	285	40	-0.0000473492	0.0000000217
2	128034347	129474440	427	40	0.0001109163	0.0000000293
2	129474441	130067169	220	26	0.0000585336	0.0000000165
2	130067170	130658084	201	25	-0.0000329838	0.0000000151
2	130658085	133042783	204	33	-0.0000334210	0.0000000162
2	133042784	135158577	908	40	-0.0000550892	0.0000000429
2	135158578	137042793	446	40	0.0001181821	0.0000000271
2	137042794	138698116	587	40	0.0000545142	0.0000000425
2	138698117	140100270	428	40	-0.0001905058	0.0000000230
2	140100271	141805350	562	40	0.0001047656	0.0000000378
2	141805351	142518601	293	33	0.0000563627	0.0000000227
2	142518602	144519483	644	40	0.0000095178	0.0000000405
2	144519484	146445569	436	40	0.0000337516	0.0000000307
2	146445570	147277161	146	15	-0.0000943511	0.0000000103
2	147277162	150210291	659	40	-0.0001200365	0.0000000396
2	150210292	151731461	459	40	-0.0001791750	0.0000000367
2	151731462	152486781	286	29	-0.0002071356	0.0000000193
2	152486782	154005055	478	40	0.0000216274	0.0000000335
2	154005056	155391134	481	40	-0.0002613684	0.0000000312
2	155391135	157560634	553	40	-0.0002232101	0.0000000393
2	157560635	158533217	169	25	0.0000168918	0.0000000180
2	158533218	159577081	325	38	0.0000517128	0.0000000197
2	159577082	161769732	718	40	0.0000621234	0.0000000470
2	161769733	163503550	382	36	0.0002212967	0.0000000240
2	163503551	164466637	187	22	0.0000585533	0.0000000130
2	164466638	165178839	174	20	-0.0000993738	0.0000000098
2	165178840	167160269	629	40	0.0002654731	0.0000000400
2	167160270	167355969	72	10	0.0000668010	0.0000000067
2	167355970	169968235	814	40	0.0000848925	0.0000000420
2	169968236	171226244	480	40	-0.0001339972	0.0000000333
2	171226245	173138904	570	40	0.0000213466	0.0000000635
2	173138905	175588928	823	40	-0.0000579580	0.0000000451
2	175588929	177363635	527	40	-0.0001371823	0.0000000324
2	177363636	178553182	463	40	-0.0001049407	0.0000000262
2	178553183	181312738	986	40	0.0001331821	0.0000000434
2	181312739	182266030	295	31	-0.0000643298	0.0000000220
2	182266031	184357607	600	40	-0.0002126178	0.0000000371
2	184357608	185280172	229	25	-0.0000812093	0.0000000163
2	185280173	189882064	935	40	-0.0000062316	0.0000000511
2	189882065	191973356	492	40	0.0001066732	0.0000000317
2	191973357	195861163	704	40	-0.0000357685	0.0000000425
2	195861164	196447455	149	19	-0.0000132614	0.0000000100
2	196447456	198078109	441	40	0.0000819436	0.0000000302
2	198078110	199311124	303	26	-0.0000612041	0.0000000194
2	199311125	201576283	617	40	-0.0002985624	0.0000000382
2	201576284	202818636	316	39	-0.0001318386	0.0000000230
2	202818637	205799240	740	40	-0.0000532819	0.0000000456
2	205799241	206735703	401	40	-0.0000053597	0.0000000319
2	206735704	208645398	653	40	0.0000123219	0.0000000457
2	208645399	209941528	332	39	-0.0002025500	0.0000000234
2	209941529	212379517	737	40	-0.0001137300	0.0000000422
2	212379518	214014281	620	40	0.0001607446	0.0000000452
2	214014282	215573794	440	40	-0.0001033661	0.0000000326
2	215573795	217715660	788	40	-0.0001107984	0.0000000492
2	217715661	218395479	274	36	-0.0000228772	0.0000000269
2	218395480	220454550	586	40	0.0000542481	0.0000000396
2	220454551	222521175	849	40	-0.0000700362	0.0000000449
2	222521176	224859418	771	40	-0.0000299812	0.0000000444
2	224859419	225840003	347	35	-0.0001772080	0.0000000197
2	225840004	228119841	725	40	0.0003648315	0.0000000424
2	228119842	229370786	441	40	0.0000582108	0.0000000288
2	229370787	231843388	930	40	-0.0002094568	0.0000000451
2	231843389	233550002	465	40	-0.0000863188	0.0000000339
2	233550003	235150986	788	40	-0.0000126974	0.0000000422
2	235150987	236043549	412	40	-0.0000891163	0.0000000351
2	236043550	237449031	463	40	-0.0000509058	0.0000000330
2	237449032	238760980	528	40	-0.0001091631	0.0000000356
2	238760981	239952642	394	40	0.0000506633	0.0000000326
2	239952643	241560083	643	40	-0.0000737920	0.0000000432
2	241560084	242149920	216	29	-0.0000454271	0.0000000148
2	242149921	243188919	126	14	0.0000160514	0.0000000103
3	60157	1441778	612	40	0.0000468091	0.0000000412
3	1441779	2992119	880	40	-0.0000984486	0.0000000401
3	2992120	4431646	756	40	-0.0001208736	0.0000000407
3	4431647	6083182	762	40	-0.0002652243	0.0000000461
3	6083183	7083386	414	40	-0.0000510191	0.0000000342
3	7083387	8648560	854	40	0.0001972485	0.0000000438
3	8648561	9543182	480	40	0.0003117293	0.0000000429
3	9543183	11019664	587	40	0.0001834132	0.0000000453
3	11019665	13070798	727	40	-0.0000749265	0.0000000487
3	13070799	14816899	781	40	-0.0000441724	0.0000000431
3	14816900	16282441	528	40	0.0000316384	0.0000000343
3	16282442	17891117	495	40	0.0002220362	0.0000000338
3	17891118	19125143	337	40	0.0001068385	0.0000000240
3	19125144	20091347	193	24	0.0000441832	0.0000000144
3	20091348	21643706	630	40	0.0000447250	0.0000000447
3	21643707	22204243	376	40	-0.0000768560	0.0000000282
3	22204244	23804864	525	40	0.0002338966	0.0000000387
3	23804865	25461557	743	40	0.0000282484	0.0000000436
3	25461558	26877768	463	40	-0.0003249817	0.0000000294
3	26877769	27840909	269	30	0.0000476859	0.0000000205
3	27840910	29142259	444	40	-0.0000961825	0.0000000325
3	29142260	30717954	680	40	-0.0000083267	0.0000000454
3	30717955	32351714	649	40	0.0000064738	0.0000000432
3	32351715	33255591	274	40	0.0001587110	0.0000000223
3	33255592	35283457	580	40	-0.0000891828	0.0000000394
3	35283458	36486841	403	40	0.0000972131	0.0000000272
3	36486842	38356115	584	40	0.0001865812	0.0000000362
3	38356116	40221297	654	40	-0.0000872046	0.0000000422
3	40221298	41064527	144	15	-0.0000321831	0.0000000098
3	41064528	42540001	448	40	0.0000866614	0.0000000336
3	42540002	45165152	701	40	-0.0000770631	0.0000000410
3	45165153	46657499	512	40	-0.0002007799	0.0000000321
3	46657500	47727211	176	17	-0.0000289201	0.0000000132
3	47727212	49316971	255	14	-0.0000371150	0.0000000123
3	49316972	51832014	438	24	-0.0000342675	0.0000000170
3	51832015	54081389	599	40	-0.0002130368	0.0000000379
3	54081390	55348859	655	40	-0.0001098873	0.0000000436
3	55348860	56433906	370	40	-0.0000688348	0.0000000302
3	56433907	58157518	539	40	-0.0000809173	0.0000000378
3	58157519	60272905	970	40	0.0000364407	0.0000000420
3	60272906	62355665	972	40	0.0000604379	0.0000000449
3	62355666	63669285	662	40	0.0000527120	0.0000000451
3	63669286	65273537	756	40	0.0001445309	0.0000000463
3	65273538	66270446	342	40	-0.0001845578	0.0000000276
3	66270447	68286913	619	40	-0.0001058290	0.0000000448
3	68286914	69276761	363	40	0.0001312405	0.0000000305
3	69276762	70449027	385	40	0.0000226268	0.0000000307
3	70449028	72529328	780	40	0.0000830916	0.0000000436
3	72529329	74321816	714	40	0.0000229104	0.0000000459
3	74321817	75704948	266	29	-0.0000311723	0.0000000200
3	75704949	77508834	482	40	0.0001487386	0.0000000327
3	77508835	79024540	403	40	-0.0002366823	0.0000000308
3	79024541	81427309	487	40	-0.0000672924	0.0000000295
3	81427310	82643885	294	27	-0.0000404377	0.0000000145
3	82643886	84367478	312	31	-0.0000212571	0.0000000195
3	84367479	85582230	250	22	-0.0000298489	0.0000000179
3	85582231	87409731	452	40	-0.0000773339	0.0000000272
3	87409732	88298372	185	18	0.0001431219	0.0000000158
3	88298373	94255315	459	40	0.0000077986	0.0000000289
3	94255316	95311970	216	18	0.0000424857	0.0000000139
3	95311971	98215949	561	40	-0.0001949146	0.0000000306
3	98215950	99373761	328	38	0.0000311833	0.0000000219
3	99373762	100592216	331	28	0.0000098569	0.0000000242
3	100592217	103084959	655	40	0.0000066746	0.0000000387
3	103084960	104581612	403	40	-0.0001153321	0.0000000224
3	104581613	106982810	704	40	-0.0001236897	0.0000000465
3	106982811	109522394	757	40	0.0000282327	0.0000000445
3	109522395	110513769	249	25	0.0000294637	0.0000000175
3	110513770	112815698	680	40	-0.0000285220	0.0000000409
3	112815699	113947862	371	40	-0.0000169988	0.0000000258
3	113947863	115447079	397	40	-0.0000113858	0.0000000275
3	115447080	116800152	518	40	0.0002032518	0.0000000332
3	116800153	118530250	556	40	-0.0000113018	0.0000000371
3	118530251	120523054	661	40	0.0001886591	0.0000000330
3	120523055	121974096	390	37	0.0000449737	0.0000000171
3	121974097	123517767	523	40	0.0000838444	0.0000000343
3	123517768	124936641	610	40	0.0000555974	0.0000000434
3	124936642	126214942	383	40	0.0000866236	0.0000000293
3	126214943	128194860	653	40	0.0001512694	0.0000000409
3	128194861	130244734	434	40	-0.0003046350	0.0000000276
3	130244735	131836515	531	40	-0.0000754476	0.0000000340
3	131836516	133252172	514	40	0.0003328140	0.0000000373
3	133252173	135456905	851	40	0.0000846691	0.0000000452
3	135456906	137371082	441	38	0.0000711723	0.0000000341
3	137371083	139954596	837	40	0.0000274993	0.0000000423
3	139954597	141339096	462	40	-0.0000023784	0.0000000304
3	141339097	143164627	617	40	0.0000220790	0.0000000437
3	143164628	144410815	382	40	0.0001238462	0.0000000263
3	144410816	145664618	351	40	-0.0001924498	0.0000000225
3	145664619	146726628	334	40	-0.0000583683	0.0000000225
3	146726629	149043236	664	40	-0.0000636570	0.0000000446
3	149043237	150252003	418	40	-0.0001591807	0.0000000363
3	150252004	151348729	362	40	0.0002940008	0.0000000255
3	151348730	153256570	562	40	0.0000074363	0.0000000405
3	153256571	154714217	406	40	0.0001053940	0.0000000211
3	154714218	156008699	327	40	0.0000734472	0.0000000245
3	156008700	157312027	444	40	-0.0004464249	0.0000000294
3	157312028	159477889	642	40	0.0001699609	0.0000000346
3	159477890	161524503	550	40	0.0001123100	0.0000000323
3	161524504	163253204	468	40	-0.0001006895	0.0000000253
3	163253205	165055468	436	36	-0.0000685437	0.0000000196
3	165055469	167117428	448	40	0.0000247780	0.0000000270
3	167117429	168580959	362	40	0.0000332586	0.0000000203
3	168580960	170964908	708	40	-0.0002400836	0.0000000457
3	170964909	172295730	503	40	0.0001177963	0.0000000353
3	172295731	173477284	369	40	-0.0000599213	0.0000000292
3	173477285	175116538	595	40	0.0000778848	0.0000000445
3	175116539	176320286	338	40	0.0001352813	0.0000000255
3	176320287	178107164	530	40	-0.0001820711	0.0000000335
3	178107165	179374585	383	40	-0.0001635053	0.0000000283
3	179374586	181511165	452	40	0.0000474219	0.0000000294
3	181511166	183769682	658	40	-0.0002289929	0.0000000490
3	183769683	185068254	409	40	0.0000719170	0.0000000348
3	185068255	186890343	648	40	-0.0001121185	0.0000000482
3	186890344	188856213	789	40	-0.0001486331	0.0000000470
3	188856214	190226606	620	40	0.0000106155	0.0000000430
3	190226607	192343813	729	40	0.0000320179	0.0000000454
3	192343814	194059670	493	40	-0.0001218308	0.0000000375
3	194059671	194786673	257	40	-0.0000591212	0.0000000185
3	194786674	195971407	223	36	-0.0001488433	0.0000000182
3	195971408	197075986	285	40	0.0000467137	0.0000000205
3	197075987	197946621	178	27	0.0000896201	0.0000000171
4	10240	694714	105	12	0.0000258710	0.0000000111
4	694715	1478710	219	24	-0.0001208453	0.0000000222
4	1478711	2842978	261	40	-0.0001703114	0.0000000227
4	2842979	3846039	260	38	-0.0001936489	0.0000000235
4	3846040	4684115	225	36	0.0000671894	0.0000000241
4	4684116	5502387	378	40	0.0000047803	0.0000000318
4	5502388	6773042	662	40	-0.0000425650	0.0000000437
4	6773043	7539691	400	40	0.0000744134	0.0000000342
4	7539692	8152234	350	40	0.0001202681	0.0000000293
4	8152235	9326478	236	38	0.0001803190	0.0000000217
4	9326479	10699151	486	37	0.0000984491	0.0000000312
4	10699152	12323033	638	40	-0.0000259978	0.0000000440
4	12323034	14272000	708	40	0.0000783225	0.0000000454
4	14272001	15147445	370	40	0.0000668630	0.0000000267
4	15147446	15927008	248	33	-0.0000807599	0.0000000219
4	15927009	17383321	656	40	-0.0001167089	0.0000000423
4	17383322	18841873	413	40	0.0001011794	0.0000000259
4	18841874	20544556	465	40	0.0001168849	0.0000000258
4	20544557	22319346	669	40	0.0000845875	0.0000000413
4	22319347	24135528	596	40	0.0001034881	0.0000000410
4	24135529	25609321	593	40	-0.0000670705	0.0000000418
4	25609322	27343721	555	40	0.0001467438	0.0000000434
4	27343722	27965867	199	28	0.0000893448	0.0000000167
4	27965868	29762207	527	40	0.0001815834	0.0000000320
4	29762208	30454534	151	23	-0.0000187958	0.0000000154
4	30454535	31782980	400	40	0.0000097433	0.0000000306
4	31782981	33172765	309	35	0.0000607570	0.0000000223
4	33172766	35151414	356	31	0.0000423321	0.0000000173
4	35151415	36020435	268	33	-0.0000310608	0.0000000166
4	36020436	37255046	430	40	0.0000263175	0.0000000266
4	37255047	38907021	786	40	-0.0000683192	0.0000000431
4	38907022	40202608	393	40	-0.0001955850	0.0000000246
4	40202609	42213057	707	40	-0.0000102669	0.0000000480
4	42213058	43965044	525	40	0.0000199791	0.0000000375
4	43965045	45189156	338	38	0.0002075683	0.0000000208
4	45189157	47411895	448	40	0.0002856494	0.0000000260
4	47411896	48123599	221	25	-0.0000613764	0.0000000128
4	48123600	53877432	482	39	-0.0000123463	0.0000000355
4	53877433	55429555	532	40	0.0000865208	0.0000000346
4	55429556	56547643	363	40	-0.0002748337	0.0000000270
4	56547644	58935007	844	40	0.0001012920	0.0000000443
4	58935008	60741086	452	40	0.0000357628	0.0000000291
4	60741087	62371762	420	40	-0.0000355563	0.0000000276
4	62371763	64341000	428	40	-0.0000494389	0.0000000314
4	64341001	66600491	503	40	0.0001942188	0.0000000269
4	66600492	68059496	381	40	0.0001952207	0.0000000198
4	68059497	68854764	244	31	0.0001693296	0.0000000151
4	68854765	71049151	520	40	-0.0000958641	0.0000000274
4	71049152	72140557	215	27	-0.0001293070	0.0000000166
4	72140558	74592389	488	40	0.0001974302	0.0000000297
4	74592390	77130706	726	40	-0.0000530860	0.0000000407
4	77130707	79093978	720	40	-0.0002987316	0.0000000448
4	79093979	80990296	560	40	0.0000330104	0.0000000307
4	80990297	82125314	241	28	0.0000798383	0.0000000184
4	82125315	83372592	357	40	-0.0000084164	0.0000000242
4	83372593	84799655	476	40	0.0000610576	0.0000000564
4	84799656	86930608	586	40	0.0000786873	0.0000000359
4	86930609	87534647	138	18	0.0000542763	0.0000000121
4	87534648	89238027	555	40	0.0000569371	0.0000000335
4	89238028	90231563	311	40	-0.0002082600	0.0000000232
4	90231564	91560676	333	40	-0.0000727411	0.0000000250
4	91560677	94233298	560	40	0.0000167315	0.0000000398
4	94233299	96182187	601	40	-0.0001774946	0.0000000472
4	96182188	97540702	485	40	0.0000892167	0.0000000311
4	97540703	99424066	396	35	0.0000171228	0.0000000171
4	99424067	100678359	411	40	-0.0001567157	0.0000000295
4	100678360	103221355	785	40	0.0003647071	0.0000000486
4	103221356	105305293	483	40	-0.0000800838	0.0000000316
4	105305294	107501304	576	40	0.0000799916	0.0000000332
4	107501305	108815347	359	40	0.0000664891	0.0000000225
4	108815348	111256566	758	40	-0.0000214903	0.0000000425
4	111256567	113870101	714	40	0.0000007307	0.0000000456
4	113870102	115666245	602	40	0.0001097610	0.0000000389
4	115666246	117276928	331	35	0.0000308897	0.0000000172
4	117276929	118479917	337	38	-0.0001325441	0.0000000224
4	118479918	119933511	417	40	0.0000232697	0.0000000244
4	119933512	120392683	146	16	-0.0000100638	0.0000000069
4	120392684	122657986	694	40	-0.0000058305	0.0000000444
4	122657987	124286480	376	37	-0.0001776109	0.0000000205
4	124286481	125210861	261	36	0.0000979688	0.0000000202
4	125210862	126480885	381	40	-0.0000816995	0.0000000281
4	126480886	127275476	221	31	-0.0000211618	0.0000000178
4	127275477	127830292	163	22	-0.0000438666	0.0000000121
4	127830293	128996664	195	15	-0.0000463903	0.0000000132
4	128996665	130591884	438	40	0.0000776989	0.0000000281
4	130591885	131283820	175	21	0.0001520044	0.0000000151
4	131283821	132954032	350	40	-0.0000774377	0.0000000256
4	132954033	134628433	364	39	0.0000494366	0.0000000266
4	134628434	136566406	423	40	-0.0000164538	0.0000000273
4	136566407	138541970	507	40	0.0002304190	0.0000000377
4	138541971	139556510	353	40	0.0002496335	0.0000000253
4	139556511	141084630	499	40	0.0000104858	0.0000000349
4	141084631	143443264	714	40	0.0000174398	0.0000000452
4	143443265	146178186	508	40	-0.0000358767	0.0000000262
4	146178187	148521872	593	40	0.0001118193	0.0000000399
4	148521873	150683579	520	40	-0.0002642678	0.0000000380
4	150683580	152782183	501	40	0.0000645247	0.0000000279
4	152782184	154477640	495	40	-0.0001084619	0.0000000376
4	154477641	155056125	205	28	0.0000224865	0.0000000206
4	155056126	157485096	798	40	-0.0000316513	0.0000000428
4	157485097	158743717	315	40	-0.0001222498	0.0000000263
4	158743718	161058863	505	40	0.0003396468	0.0000000376
4	161058864	161826434	263	33	0.0002091247	0.0000000226
4	161826435	163243678	432	40	-0.0000825889	0.0000000284
4	163243679	164478233	327	40	-0.0002524200	0.0000000268
4	164478234	165823447	411	40	-0.0001113989	0.0000000319
4	165823448	167018857	355	40	0.0000216929	0.0000000286
4	167018858	167852916	183	26	0.0001060842	0.0000000145
4	167852917	169676824	574	40	0.0000859658	0.0000000377
4	169676825	170776509	312	36	0.0001005496	0.0000000213
4	170776510	172558634	405	40	-0.0000368355	0.0000000287
4	172558635	174264131	389	40	-0.0000010051	0.0000000291
4	174264132	176570715	618	40	0.0000392530	0.0000000446
4	176570716	178991909	813	40	-0.0002223415	0.0000000448
4	178991910	180122042	314	40	-0.0000021303	0.0000000258
4	180122043	182066806	791	40	-0.0001287681	0.0000000426
4	182066807	183371274	707	40	0.0001652638	0.0000000431
4	183371275	184929454	570	40	-0.0001408897	0.0000000442
4	184929455	186909089	857	40	-0.0000294597	0.0000000449
4	186909090	188472980	594	40	0.0000466057	0.0000000437
4	188472981	189693510	403	40	0.0000285876	0.0000000334
4	189693511	191043593	286	40	0.0002890277	0.0000000233
5	11940	982251	229	26	0.0000256260	0.0000000175
5	982252	2132441	451	40	0.0002592128	0.0000000378
5	2132442	3361940	772	40	0.0000781591	0.0000000404
5	3361941	4632109	520	40	0.0001574155	0.0000000439
5	4632110	5973232	680	40	-0.0000471902	0.0000000432
5	5973233	7143217	569	40	-0.0001292998	0.0000000530
5	7143218	8446335	582	40	0.0002686740	0.0000000406
5	8446336	9718831	583	40	-0.0000824201	0.0000000390
5	9718832	11173270	717	40	-0.0001328544	0.0000000470
5	11173271	13464831	552	40	0.0000277272	0.0000000334
5	13464832	14757803	563	40	-0.0002008506	0.0000000387
5	14757804	16963612	750	40	0.0001349113	0.0000000440
5	16963613	18051591	262	40	-0.0000682993	0.0000000242
5	18051592	19917715	540	40	0.0000381486	0.0000000340
5	19917716	22152072	432	40	-0.0001016557	0.0000000261
5	22152073	23494323	396	40	-0.0000027586	0.0000000245
5	23494324	26184850	642	40	0.0000689934	0.0000000427
5	26184851	26857603	150	22	0.0000691980	0.0000000119
5	26857604	27984512	216	31	-0.0000758504	0.0000000157
5	27984513	29714819	400	40	-0.0000527308	0.0000000215
5	29714820	31390248	562	40	0.0002305916	0.0000000333
5	31390249	33500179	796	40	-0.0001031529	0.0000000427
5	33500180	35048969	530	40	-0.0000905324	0.0000000371
5	35048970	36433953	463	40	0.0000224002	0.0000000338
5	36433954	38802409	748	40	0.0000471841	0.0000000418
5	38802410	40287728	503	40	0.0001199175	0.0000000354
5	40287729	41888709	535	40	-0.0001627787	0.0000000275
5	41888710	43983498	402	30	0.0000651416	0.0000000241
5	43983499	50163397	409	29	0.0003106208	0.0000000215
5	50163398	52134621	552	40	-0.0000225193	0.0000000371
5	52134622	53703043	593	40	0.0002326668	0.0000000365
5	53703044	55417348	587	40	-0.0002200330	0.0000000344
5	55417349	56621101	490	40	0.0001942670	0.0000000345
5	56621102	57340072	264	36	-0.0002079826	0.0000000245
5	57340073	58524621	527	40	-0.0001682111	0.0000000332
5	58524622	60935906	677	40	0.0000040303	0.0000000372
5	60935907	61672994	265	27	-0.0000811695	0.0000000211
5	61672995	63218986	471	40	-0.0000144655	0.0000000273
5	63218987	63968303	173	19	-0.0000370109	0.0000000144
5	63968304	65911285	607	40	0.0002620509	0.0000000417
5	65911286	67850859	766	40	-0.0000410237	0.0000000448
5	67850860	71240455	442	40	0.0001435127	0.0000000247
5	71240456	73759325	942	40	-0.0001715275	0.0000000446
5	73759326	75798865	672	40	-0.0000705131	0.0000000415
5	75798866	77623331	701	40	-0.0000803276	0.0000000442
5	77623332	79393143	643	40	0.0000487122	0.0000000476
5	79393144	80481470	440	40	-0.0000440349	0.0000000308
5	80481471	82025647	496	40	-0.0001981475	0.0000000371
5	82025648	83972688	510	40	0.0000044281	0.0000000434
5	83972689	85767289	479	40	0.0000823969	0.0000000286
5	85767290	87389990	268	31	0.0000175099	0.0000000219
5	87389991	88891529	298	32	0.0001304769	0.0000000211
5	88891530	90422653	414	40	0.0000774002	0.0000000242
5	90422654	91840541	258	31	-0.0000560557	0.0000000194
5	91840542	93809983	403	40	0.0001523314	0.0000000234
5	93809984	95963518	666	40	0.0000021161	0.0000000418
5	95963519	97315600	405	40	-0.0000552487	0.0000000268
5	97315601	99260991	479	40	0.0000683918	0.0000000319
5	99260992	101578768	484	40	-0.0000099737	0.0000000298
5	101578769	103320004	469	40	0.0001194370	0.0000000282
5	103320005	104851482	406	40	-0.0000419088	0.0000000265
5	104851483	105893054	164	21	-0.0000756731	0.0000000147
5	105893055	107264195	546	40	-0.0001995537	0.0000000448
5	107264196	108633933	377	40	0.0005429708	0.0000000311
5	108633934	110821143	615	40	-0.0000537505	0.0000000415
5	110821144	111981561	410	40	-0.0000880556	0.0000000282
5	111981562	113396284	529	40	0.0001707102	0.0000000377
5	113396285	114830369	508	40	-0.0000879742	0.0000000360
5	114830370	115831046	421	40	-0.0001009190	0.0000000273
5	115831047	117346212	535	40	-0.0000360789	0.0000000425
5	117346213	118608819	358	40	0.0001540169	0.0000000349
5	118608820	119669041	326	38	-0.0000164781	0.0000000213
5	119669042	120452165	228	25	0.0000202086	0.0000000179
5	120452166	122556904	649	40	0.0000740795	0.0000000414
5	122556905	123798099	429	40	0.0001792651	0.0000000296
5	123798100	125785648	813	40	0.0000656898	0.0000000443
5	125785649	127344603	413	40	-0.0000334655	0.0000000289
5	127344604	129519024	643	40	-0.0000166817	0.0000000354
5	129519025	132139648	599	40	-0.0001895513	0.0000000323
5	132139649	134777400	885	40	0.0001153341	0.0000000449
5	134777401	136376049	575	40	-0.0000014811	0.0000000335
5	136376050	139265071	677	40	-0.0000032299	0.0000000349
5	139265072	140645970	347	31	0.0001022490	0.0000000211
5	140645971	142981247	893	40	0.0002208182	0.0000000509
5	142981248	144943353	615	40	0.0001307677	0.0000000382
5	144943354	147181997	712	40	0.0002798329	0.0000000520
5	147181998	148662623	536	40	-0.0000117477	0.0000000352
5	148662624	150561297	838	40	0.0002580090	0.0000000472
5	150561298	152867773	830	40	-0.0000562672	0.0000000415
5	152867774	153773087	425	40	0.0002436582	0.0000000248
5	153773088	155373504	547	40	0.0000065876	0.0000000423
5	155373505	156628699	369	40	-0.0000397842	0.0000000248
5	156628700	158825697	865	40	-0.0000246921	0.0000000460
5	158825698	159973943	400	40	0.0001034787	0.0000000312
5	159973944	161482132	512	40	0.0000120697	0.0000000354
5	161482133	162743907	349	40	0.0000236952	0.0000000243
5	162743908	163771581	367	40	-0.0000557464	0.0000000271
5	163771582	165642394	528	40	0.0000207971	0.0000000403
5	165642395	166847739	403	40	0.0000115969	0.0000000308
5	166847740	168525317	753	40	0.0000133337	0.0000000415
5	168525318	169505663	464	40	-0.0000840792	0.0000000342
5	169505664	171074291	645	40	-0.0001407605	0.0000000427
5	171074292	172678326	663	40	0.0003426138	0.0000000470
5	172678327	173642870	481	40	0.0001800131	0.0000000365
5	173642871	175450594	797	40	0.0000103624	0.0000000430
5	175450595	177251506	317	40	0.0000236702	0.0000000676
5	177251507	178413463	422	40	0.0000056897	0.0000000335
5	178413464	179401243	344	40	-0.0000443689	0.0000000269
5	179401244	180559932	316	40	-0.0000002312	0.0000000251
5	180559933	180885155	41	9	0.0001091620	0.0000000063
6	73924	1452361	667	40	0.0001707752	0.0000000433
6	1452362	2458935	429	40	-0.0001926237	0.0000000290
6	2458936	3573592	561	40	0.0001946028	0.0000000416
6	3573593	4617816	503	40	-0.0001291187	0.0000000364
6	4617817	5791471	576	40	0.0001841526	0.0000000400
6	5791472	6785206	585	40	0.0000076243	0.0000000474
6	6785207	7808935	510	40	0.0001059537	0.0000000410
6	7808936	9020025	485	40	0.0001188019	0.0000000349
6	9020026	10540316	600	40	0.0001105751	0.0000000416
6	10540317	11790815	559	40	-0.0003920500	0.0000000634
6	11790816	13209387	581	40	0.0000986505	0.0000000416
6	13209388	14802923	669	40	0.0002559332	0.0000000507
6	14802924	17386404	972	40	-0.0000563329	0.0000000438
6	17386405	19207486	629	40	0.0001726948	0.0000000379
6	19207487	21684064	1002	40	0.0000826694	0.0000000462
6	21684065	22748306	504	40	0.0000655810	0.0000000341
6	22748307	23936618	483	40	0.0000244019	0.0000000380
6	23936619	24852274	393	40	0.0000762127	0.0000000291
6	24852275	25684586	444	40	-0.0000662535	0.0000000290
6	25684587	26791232	474	35	-0.0001081932	0.0000000254
6	26791233	28017818	272	18	-0.0000164713	0.0000000161
6	28017819	28917607	298	19	-0.0000213392	0.0000000184
6	28917608	29737970	523	31	-0.0000336606	0.0000000300
6	29737971	30798167	904	40	-0.0000999363	0.0000000335
6	30798168	31571217	791	40	0.0000495225	0.0000000416
6	31571218	32682663	683	40	-0.0000192599	0.0000000519
6	32682664	33236496	620	40	0.0000300791	0.0000000276
6	33236497	35455755	742	40	-0.0000193960	0.0000000451
6	35455756	37572595	803	40	0.0000023742	0.0000000474
6	37572596	39295676	745	40	-0.0001700197	0.0000000456
6	39295677	40345114	392	40	-0.0000315848	0.0000000273
6	40345115	42038720	705	40	-0.0001190866	0.0000000452
6	42038721	43756168	431	40	-0.0002139895	0.0000000338
6	43756169	45406562	568	40	0.0002173426	0.0000000416
6	45406563	47311897	751	40	-0.0000199561	0.0000000409
6	47311898	48391124	349	38	0.0000704510	0.0000000238
6	48391125	50386144	490	40	-0.0002163636	0.0000000277
6	50386145	52210475	611	40	-0.0001319793	0.0000000379
6	52210476	53279101	422	40	-0.0001487953	0.0000000296
6	53279102	55468269	837	40	0.0002368876	0.0000000439
6	55468270	56105312	210	20	0.0000093550	0.0000000104
6	56105313	57599464	361	38	-0.0002887401	0.0000000265
6	57599465	61880511	119	9	-0.0000105307	0.0000000064
6	61880512	63552887	333	22	-0.0000465702	0.0000000243
6	63552888	65765741	439	40	-0.0000800282	0.0000000270
6	65765742	67329214	475	40	0.0001778845	0.0000000289
6	67329215	68849482	446	40	-0.0000008259	0.0000000252
6	68849483	69523447	216	26	-0.0000134530	0.0000000177
6	69523448	71609509	737	40	-0.0000360931	0.0000000401
6	71609510	73450096	626	40	-0.0001430840	0.0000000379
6	73450097	75462002	569	40	-0.0000112386	0.0000000350
6	75462003	77414880	442	40	-0.0001785639	0.0000000261
6	77414881	78957727	481	40	-0.0001788050	0.0000000264
6	78957728	80691169	567	40	0.0001460907	0.0000000352
6	80691170	81929221	363	27	0.0001559849	0.0000000181
6	81929222	83127148	347	40	0.0001224988	0.0000000232
6	83127149	85209988	553	40	-0.0001019307	0.0000000331
6	85209989	87069499	591	40	-0.0001422331	0.0000000314
6	87069500	88822139	535	40	-0.0000631157	0.0000000328
6	88822140	89973051	431	40	-0.0001912702	0.0000000330
6	89973052	91843195	722	40	0.0000016796	0.0000000393
6	91843196	93428643	464	40	-0.0000786236	0.0000000305
6	93428644	94118141	279	40	-0.0000504175	0.0000000191
6	94118142	94441174	74	8	0.0000468572	0.0000000038
6	94441175	97093510	609	40	0.0002626981	0.0000000391
6	97093511	97842283	228	26	-0.0000247322	0.0000000184
6	97842284	100630145	781	40	0.0000943560	0.0000000405
6	100630146	102636771	484	40	-0.0001023083	0.0000000314
6	102636772	103983394	324	32	0.0000945931	0.0000000194
6	103983395	106056732	653	40	-0.0001247914	0.0000000410
6	106056733	107450305	617	40	0.0000711055	0.0000000450
6	107450306	108464379	341	40	0.0000174884	0.0000000254
6	108464380	110304246	513	40	0.0001306561	0.0000000309
6	110304247	112345013	589	40	-0.0003616276	0.0000000430
6	112345014	114220832	622	40	0.0002254046	0.0000000382
6	114220833	116131395	468	40	-0.0001054051	0.0000000242
6	116131396	117672971	467	40	-0.0001509894	0.0000000276
6	117672972	118963114	365	39	0.0000769885	0.0000000215
6	118963115	119963277	318	36	-0.0000710002	0.0000000208
6	119963278	120512127	164	18	0.0001153366	0.0000000109
6	120512128	121905675	371	36	0.0000384638	0.0000000215
6	121905676	123856180	587	40	-0.0000644448	0.0000000315
6	123856181	125424382	576	40	-0.0000046086	0.0000000435
6	125424383	127540460	454	40	0.0001245510	0.0000000348
6	127540461	129861030	596	40	0.0002381943	0.0000000364
6	129861031	130935453	487	40	0.0001148852	0.0000000423
6	130935454	132765668	597	40	-0.0000993552	0.0000000388
6	132765669	134244242	577	40	-0.0001202919	0.0000000390
6	134244243	136224176	575	40	-0.0000521799	0.0000000390
6	136224177	137614217	335	40	-0.0001724128	0.0000000242
6	137614218	138822628	467	40	-0.0000073761	0.0000000306
6	138822629	139845435	370	40	0.0000299082	0.0000000266
6	139845436	142288478	522	40	0.0001947419	0.0000000302
6	142288479	145319809	1015	40	-0.0000687855	0.0000000430
6	145319810	146665423	308	26	-0.0000001763	0.0000000146
6	146665424	148920351	896	40	0.0000198336	0.0000000456
6	148920352	150253403	514	40	-0.0001014899	0.0000000307
6	150253404	151912702	868	40	-0.0000123343	0.0000000401
6	151912703	153094495	552	40	0.0002853002	0.0000000389
6	153094496	154974119	784	40	0.0002539974	0.0000000448
6	154974120	156763325	711	40	-0.0000568744	0.0000000441
6	156763326	158218718	365	40	-0.0000877187	0.0000000260
6	158218719	160580496	1025	40	-0.0001783247	0.0000000456
6	160580497	162169563	748	40	-0.0001795772	0.0000000450
6	162169564	162931202	366	40	-0.0002004664	0.0000000283
6	162931203	164383520	666	40	-0.0001642513	0.0000000437
6	164383521	165586863	533	40	-0.0000654809	0.0000000337
6	165586864	167024732	792	40	-0.0001900555	0.0000000468
6	167024733	168042834	421	40	-0.0001726950	0.0000000323
6	168042835	169382049	572	40	0.0001218243	0.0000000376
6	169382050	170330172	377	40	-0.0002260391	0.0000000285
6	170330173	171051269	232	30	0.0000017218	0.0000000181
7	16161	972751	87	14	-0.0000189972	0.0000000140
7	972752	1353066	98	16	-0.0000018488	0.0000000136
7	1353067	2062397	136	21	0.0001185721	0.0000000159
7	2062398	2772226	214	34	-0.0002179472	0.0000000213
7	2772227	4573427	837	40	-0.0000480473	0.0000000440
7	4573428	5416231	199	40	0.0000148993	0.0000000199
7	5416232	5854525	97	16	-0.0000141104	0.0000000104
7	5854526	6573856	138	22	0.0000653734	0.0000000122
7	6573857	7808751	412	40	0.0001926556	0.0000000329
7	7808752	9123422	713	40	-0.0001453615	0.0000000464
7	9123423	9987498	347	40	-0.0001523611	0.0000000273
7	9987499	11299197	460	40	-0.0001660176	0.0000000408
7	11299198	12635460	675	40	0.0000247371	0.0000000427
7	12635461	13884201	556	40	0.0001544859	0.0000000438
7	13884202	15143656	558	40	-0.0000144823	0.0000000420
7	15143657	16902068	738	40	0.0000712379	0.0000000421
7	16902069	19481546	1006	40	0.0001370347	0.0000000413
7	19481547	20124907	227	28	0.0000451555	0.0000000206
7	20124908	22507628	1179	40	0.0000538393	0.0000000476
7	22507629	23471441	309	40	0.0000296602	0.0000000264
7	23471442	25077258	693	40	0.0000747263	0.0000000479
7	25077259	25909554	442	40	-0.0000857090	0.0000000309
7	25909555	28360308	869	40	-0.0000084607	0.0000000447
7	28360309	31137288	1211	40	-0.0000309408	0.0000000459
7	31137289	33555767	976	40	0.0001409853	0.0000000438
7	33555768	36213537	990	40	-0.0000076039	0.0000000417
7	36213538	37555183	619	40	-0.0000951850	0.0000000427
7	37555184	38966702	623	40	-0.0000454361	0.0000000363
7	38966703	39862669	310	35	-0.0001798477	0.0000000237
7	39862670	42001810	607	40	0.0000645202	0.0000000422
7	42001811	43159073	397	40	0.0000921289	0.0000000265
7	43159074	44763827	460	40	0.0001287803	0.0000000276
7	44763828	45952921	342	40	-0.0000562427	0.0000000285
7	45952922	46986719	405	40	0.0000222510	0.0000000280
7	46986720	49212277	893	40	0.0001493518	0.0000000438
7	49212278	51675321	883	40	-0.0000089733	0.0000000460
7	51675322	53176311	616	40	0.0002799779	0.0000000383
7	53176312	54222975	356	39	-0.0000332582	0.0000000230
7	54222976	55691583	523	40	-0.0001066325	0.0000000353
7	55691584	57382637	240	27	-0.0001352856	0.0000000249
7	57382638	63307358	125	14	-0.0000529845	0.0000000106
7	63307359	63641124	52	5	-0.0000529527	0.0000000044
7	63641125	65689808	303	25	-0.0000972641	0.0000000167
7	65689809	68234073	686	40	-0.0001148954	0.0000000406
7	68234074	69085363	260	38	0.0002501869	0.0000000194
7	69085364	71874884	830	40	-0.0000339397	0.0000000431
7	71874885	73334601	147	22	0.0001207626	0.0000000103
7	73334602	76458563	336	40	-0.0001618241	0.0000000259
7	76458564	78093858	602	40	-0.0000160587	0.0000000402
7	78093859	79888068	637	40	0.0001557173	0.0000000458
7	79888069	82022685	706	40	-0.0000394032	0.0000000430
7	82022686	83801202	623	40	0.0000186862	0.0000000411
7	83801203	85572181	402	40	0.0000734314	0.0000000238
7	85572182	87825003	560	40	0.0001265645	0.0000000319
7	87825004	90661783	944	40	0.0001936623	0.0000000440
7	90661784	92493751	420	40	-0.0001087953	0.0000000262
7	92493752	93966600	342	40	-0.0000236477	0.0000000296
7	93966601	96073507	686	40	0.0001027015	0.0000000429
7	96073508	97099569	303	40	-0.0000755890	0.0000000188
7	97099570	98715473	407	40	-0.0000706805	0.0000000281
7	98715474	100196650	238	25	-0.0000695055	0.0000000145
7	100196651	101199252	242	36	0.0000571570	0.0000000218
7	101199253	103197509	377	40	0.0001900612	0.0000000281
7	103197510	104159524	469	40	-0.0000988650	0.0000000294
7	104159525	105682904	528	40	-0.0000429419	0.0000000392
7	105682905	107780177	733	40	0.0000081096	0.0000000476
7	107780178	109647593	544	40	-0.0000416067	0.0000000392
7	109647594	112618683	815	40	0.0000671818	0.0000000440
7	112618684	113712386	217	26	0.0000221484	0.0000000160
7	113712387	116780177	705	40	0.0000013249	0.0000000406
7	116780178	118351580	371	38	-0.0000123692	0.0000000198
7	118351581	121045272	436	40	0.0000056289	0.0000000242
7	121045273	121933629	227	28	-0.0000085570	0.0000000166
7	121933630	124156804	654	40	-0.0001240366	0.0000000408
7	124156805	124167551	6	2	-0.0000144251	0.0000000005
7	124167552	126519169	656	40	-0.0000095312	0.0000000328
7	126519170	126869220	139	18	0.0000962579	0.0000000124
7	126869221	128778385	589	40	0.0001068390	0.0000000368
7	128778386	130422413	463	40	-0.0001389005	0.0000000365
7	130422414	132805847	906	40	-0.0000005158	0.0000000469
7	132805848	134307595	440	35	0.0000019120	0.0000000315
7	134307596	135591082	496	40	-0.0002348174	0.0000000356
7	135591083	136876561	402	40	-0.0002004538	0.0000000285
7	136876562	138744678	597	40	0.0001079151	0.0000000458
7	138744679	139933176	323	40	-0.0000095217	0.0000000247
7	139933177	140235209	118	25	0.0000472950	0.0000000107
7	140235210	141226556	281	32	-0.0000189992	0.0000000197
7	141226557	142656309	435	40	-0.0002294248	0.0000000248
7	142656310	144968288	540	40	0.0000189241	0.0000000353
7	144968289	146427959	376	40	-0.0000686000	0.0000000241
7	146427960	147815317	563	40	0.0000395280	0.0000000374
7	147815318	149840657	602	40	-0.0001151782	0.0000000459
7	149840658	150711504	304	38	0.0001599759	0.0000000209
7	150711505	152249805	451	40	0.0002891519	0.0000000405
7	152249806	153674018	454	40	-0.0002689107	0.0000000344
7	153674019	154964729	531	40	-0.0000569746	0.0000000438
7	154964730	156065249	461	40	0.0000294520	0.0000000377
7	156065250	157634596	512	40	0.0003764178	0.0000000383
7	157634597	159128574	455	40	-0.0000990299	0.0000000324
8	10422	1044216	392	40	0.0001334734	0.0000000347
8	1044217	1163244	71	12	-0.0000542599	0.0000000096
8	1163245	2042941	453	40	0.0000132920	0.0000000403
8	2042942	2573278	252	40	-0.0000838298	0.0000000187
8	2573279	3392925	589	40	-0.0001913533	0.0000000415
8	3392926	3783016	421	40	-0.0001747532	0.0000000326
8	3783017	4480475	664	40	0.0000507674	0.0000000431
8	4480476	5146926	488	40	-0.0000949937	0.0000000401
8	5146927	6142796	748	40	0.0001314187	0.0000000440
8	6142797	7153078	538	40	-0.0000506836	0.0000000412
8	7153079	9154693	550	40	-0.0000050151	0.0000000405
8	9154694	9640786	236	24	-0.0000648543	0.0000000206
8	9640787	10463196	463	40	-0.0000082736	0.0000000410
8	10463197	11278997	383	40	0.0001828412	0.0000000314
8	11278998	13491774	790	40	0.0000235267	0.0000000426
8	13491775	13944991	245	30	-0.0000139453	0.0000000164
8	13944992	15991659	1073	40	-0.0000564183	0.0000000431
8	15991660	17387875	532	40	-0.0001783340	0.0000000449
8	17387876	17836398	266	34	0.0000187537	0.0000000212
8	17836399	19492839	961	40	-0.0000835572	0.0000000438
8	19492840	20060855	335	40	0.0000222033	0.0000000295
8	20060856	21661736	737	40	0.0000117869	0.0000000477
8	21661737	22897056	456	40	0.0000074384	0.0000000385
8	22897057	24674717	651	40	0.0001056972	0.0000000480
8	24674718	25483453	284	34	0.0000390660	0.0000000216
8	25483454	26682524	609	40	-0.0003000621	0.0000000414
8	26682525	28162391	729	40	0.0001500760	0.0000000422
8	28162392	29327895	364	40	0.0000098927	0.0000000267
8	29327896	31133728	528	40	0.0001402607	0.0000000396
8	31133729	31548359	120	20	0.0000235485	0.0000000106
8	31548360	32977217	479	40	0.0000530187	0.0000000339
8	32977218	35317231	527	40	0.0001167767	0.0000000270
8	35317232	37379388	357	40	-0.0000506050	0.0000000217
8	37379389	38938805	287	40	0.0001508072	0.0000000329
8	38938806	40703336	565	40	-0.0000058505	0.0000000355
8	40703337	41721453	374	40	0.0000603089	0.0000000272
8	41721454	42773822	190	22	-0.0000697950	0.0000000151
8	42773823	46841314	37	7	0.0000582252	0.0000000035
8	46841315	50082469	389	36	-0.0000851507	0.0000000293
8	50082470	53302929	771	40	0.0001022043	0.0000000414
8	53302930	54418043	342	40	-0.0000907742	0.0000000206
8	54418044	55945580	460	40	-0.0001262219	0.0000000305
8	55945581	56956382	348	40	0.0000160441	0.0000000231
8	56956383	59068650	647	40	-0.0000209624	0.0000000424
8	59068651	59728099	273	34	0.0000314891	0.0000000227
8	59728100	62329098	783	40	0.0004476605	0.0000000510
8	62329099	63349305	319	35	0.0000360826	0.0000000202
8	63349306	65232871	516	40	0.0000870479	0.0000000302
8	65232872	66489089	357	40	0.0000064022	0.0000000225
8	66489090	69863056	860	40	0.0000770968	0.0000000408
8	69863057	70867978	402	40	-0.0001548302	0.0000000285
8	70867979	72289453	439	40	-0.0001248756	0.0000000289
8	72289454	73817198	677	40	0.0002799582	0.0000000399
8	73817199	75445063	612	40	-0.0002415176	0.0000000399
8	75445064	76456541	291	38	-0.0001062441	0.0000000192
8	76456542	79132860	684	40	0.0000306676	0.0000000386
8	79132861	81956394	799	40	0.0000216651	0.0000000533
8	81956395	82693738	217	32	0.0000925779	0.0000000163
8	82693739	84225588	410	40	-0.0000197057	0.0000000220
8	84225589	85955618	355	39	-0.0001749370	0.0000000225
8	85955619	87411708	265	23	0.0000160009	0.0000000180
8	87411709	89085480	483	40	-0.0000039950	0.0000000311
8	89085481	90638161	382	39	0.0000502705	0.0000000243
8	90638162	93554385	667	40	-0.0000012029	0.0000000430
8	93554386	95005526	385	40	0.0000328059	0.0000000281
8	95005527	96534805	625	40	-0.0001531880	0.0000000441
8	96534806	99401580	1073	40	0.0002155734	0.0000000423
8	99401581	101620957	499	40	0.0002018544	0.0000000263
8	101620958	104123305	981	40	0.0000591589	0.0000000460
8	104123306	104988751	248	24	-0.0001923725	0.0000000158
8	104988752	107410753	813	40	-0.0001704848	0.0000000459
8	107410754	108648176	468	40	-0.0000203378	0.0000000285
8	108648177	109248172	201	22	0.0000890239	0.0000000147
8	109248173	110484313	347	29	0.0001815093	0.0000000241
8	110484314	111850846	287	33	0.0001050373	0.0000000202
8	111850847	113064319	232	19	-0.0000916329	0.0000000145
8	113064320	116096494	774	40	0.0001212807	0.0000000369
8	116096495	119685456	1142	40	0.0000589628	0.0000000432
8	119685457	121201699	523	40	0.0001025362	0.0000000373
8	121201700	124861458	1329	40	-0.0000277828	0.0000000428
8	124861459	125683718	331	40	0.0000573071	0.0000000226
8	125683719	126410916	253	40	0.0000573195	0.0000000215
8	126410917	128659110	904	40	-0.0000243674	0.0000000426
8	128659111	130381138	665	40	0.0000528057	0.0000000484
8	130381139	131639624	462	40	0.0001036072	0.0000000289
8	131639625	133351143	754	40	0.0001845559	0.0000000443
8	133351144	134570000	704	40	-0.0001341660	0.0000000440
8	134570001	136035604	747	40	0.0002844187	0.0000000459
8	136035605	137524150	538	40	0.0001871822	0.0000000358
8	137524151	139254829	732	40	0.0000637670	0.0000000425
8	139254830	140725642	739	40	0.0002263644	0.0000000442
8	140725643	143044913	818	40	0.0000916820	0.0000000463
8	143044914	144236880	361	40	-0.0000607712	0.0000000257
8	144236881	146303866	338	40	-0.0001185574	0.0000000337
9	10023	1079706	567	40	-0.0000712912	0.0000000450
9	1079707	1916876	598	40	0.0000083761	0.0000000392
9	1916877	3190063	756	40	0.0000836127	0.0000000449
9	3190064	4495327	728	40	-0.0001451797	0.0000000435
9	4495328	4884925	225	38	-0.0001050003	0.0000000203
9	4884926	6557588	548	40	0.0002075056	0.0000000464
9	6557589	7154922	292	37	0.0000122203	0.0000000259
9	7154923	8456298	920	40	-0.0000727074	0.0000000440
9	8456299	9166402	396	40	-0.0000212084	0.0000000344
9	9166403	10879252	824	40	-0.0000749473	0.0000000424
9	10879253	12276488	458	40	0.0000379049	0.0000000345
9	12276489	14836362	1244	40	-0.0001937636	0.0000000442
9	14836363	16659654	779	40	-0.0000968271	0.0000000444
9	16659655	18661050	927	40	0.0000776777	0.0000000446
9	18661051	20463533	811	40	0.0000501409	0.0000000428
9	20463534	22206558	684	40	0.0000822118	0.0000000404
9	22206559	24158517	597	40	0.0000566809	0.0000000478
9	24158518	25330809	293	40	0.0000474524	0.0000000302
9	25330810	26111756	270	40	0.0000600852	0.0000000207
9	26111757	28224282	932	40	0.0000510046	0.0000000416
9	28224283	28811583	248	35	0.0001269977	0.0000000209
9	28811584	30387391	549	40	0.0002322605	0.0000000349
9	30387392	31310382	244	23	-0.0000982172	0.0000000155
9	31310383	32019367	203	23	0.0000459080	0.0000000121
9	32019368	33578333	585	40	-0.0000464406	0.0000000461
9	33578334	34642242	285	27	-0.0001499384	0.0000000226
9	34642243	36743282	580	40	0.0001219319	0.0000000415
9	36743283	38641598	714	40	0.0000794276	0.0000000452
9	38641599	65472189	102	21	0.0000283400	0.0000000132
9	65472190	72512710	553	40	0.0000817139	0.0000000393
9	72512711	72753754	100	10	0.0000439033	0.0000000092
9	72753755	74253039	588	40	-0.0000467189	0.0000000333
9	74253040	76203945	561	40	-0.0000830411	0.0000000390
9	76203946	76973080	174	20	-0.0000555381	0.0000000125
9	76973081	78900182	797	40	0.0000288716	0.0000000424
9	78900183	79471207	286	40	-0.0000704023	0.0000000230
9	79471208	81079054	517	40	-0.0000631957	0.0000000366
9	81079055	82590927	628	40	-0.0000294777	0.0000000429
9	82590928	84211232	652	40	-0.0000169686	0.0000000416
9	84211233	85440800	320	40	-0.0002048088	0.0000000244
9	85440801	86938195	633	40	-0.0000157221	0.0000000434
9	86938196	88109332	487	40	0.0000494538	0.0000000312
9	88109333	88590416	111	14	-0.0000701860	0.0000000085
9	88590417	90136245	594	40	0.0001082753	0.0000000401
9	90136246	92528697	839	40	-0.0000395720	0.0000000455
9	92528698	94167202	611	40	-0.0000863820	0.0000000432
9	94167203	96671697	780	40	0.0000820517	0.0000000440
9	96671698	98922039	662	40	-0.0000831253	0.0000000465
9	98922040	101592858	852	40	0.0000425921	0.0000000411
9	101592859	104624436	955	40	0.0001696262	0.0000000428
9	104624437	105967975	564	40	-0.0001092208	0.0000000346
9	105967976	107581748	600	40	-0.0000385224	0.0000000306
9	107581749	109298753	596	40	0.0002172810	0.0000000394
9	109298754	110695061	567	40	-0.0000285593	0.0000000405
9	110695062	112778023	1091	40	0.0000001601	0.0000000428
9	112778024	114831081	907	40	-0.0000880861	0.0000000437
9	114831082	115693144	314	30	-0.0002373589	0.0000000230
9	115693145	117019800	629	40	0.0001507543	0.0000000435
9	117019801	117921959	463	40	-0.0001095763	0.0000000319
9	117921960	121321536	1452	40	-0.0000547986	0.0000000423
9	121321537	122260296	354	40	-0.0000081630	0.0000000316
9	122260297	124871321	766	40	0.0001384383	0.0000000433
9	124871322	126971886	662	40	0.0001472703	0.0000000467
9	126971887	129059664	546	40	-0.0001705122	0.0000000395
9	129059665	130055509	325	40	-0.0000021961	0.0000000231
9	130055510	132165469	490	40	0.0002107158	0.0000000366
9	132165470	133223216	315	40	0.0001607910	0.0000000294
9	133223217	134127887	336	40	-0.0000930511	0.0000000293
9	134127888	135298841	414	40	0.0001305758	0.0000000300
9	135298842	137041121	646	40	-0.0000341157	0.0000000491
9	137041122	137589363	198	38	0.0000114413	0.0000000196
9	137589364	138938977	605	40	-0.0000690126	0.0000000431
9	138938978	139500341	117	22	-0.0000047013	0.0000000111
9	139500342	141144795	230	32	-0.0000204982	0.0000000218
10	60523	751338	123	15	-0.0000231291	0.0000000099
10	751339	1523543	336	40	-0.0000008162	0.0000000254
10	1523544	2254499	437	40	-0.0001080153	0.0000000310
10	2254500	3352698	657	40	-0.0001374688	0.0000000429
10	3352699	4572273	603	40	-0.0000617857	0.0000000426
10	4572274	5983761	706	40	0.0001552404	0.0000000498
10	5983762	7171483	732	40	0.0000179331	0.0000000433
10	7171484	8774664	856	40	0.0001734119	0.0000000441
10	8774665	10249395	559	40	0.0001135066	0.0000000378
10	10249396	12586796	1019	40	-0.0001350388	0.0000000496
10	12586797	13321599	443	40	-0.0000506629	0.0000000366
10	13321600	15026067	944	40	0.0000909755	0.0000000407
10	15026068	16551766	548	40	-0.0000775402	0.0000000445
10	16551767	18537266	750	40	-0.0000460620	0.0000000437
10	18537267	19716877	528	40	-0.0000067454	0.0000000352
10	19716878	22772282	978	40	-0.0001181025	0.0000000436
10	22772283	23175131	125	14	0.0001445407	0.0000000132
10	23175132	25578595	752	40	-0.0002153720	0.0000000476
10	25578596	26888683	533	40	0.0000789062	0.0000000305
10	26888684	29323235	900	40	0.0000827882	0.0000000439
10	29323236	29783691	267	40	0.0001079839	0.0000000178
10	29783692	30458837	360	40	-0.0001091201	0.0000000286
10	30458838	31907518	453	40	0.0000401300	0.0000000289
10	31907519	33707967	627	40	-0.0000228861	0.0000000333
10	33707968	35109354	498	40	0.0001074662	0.0000000369
10	35109355	36572507	415	40	0.0000091375	0.0000000286
10	36572508	37790028	319	39	-0.0000397607	0.0000000214
10	37790029	42372578	198	13	0.0001314419	0.0000000080
10	42372579	43894770	297	34	0.0000285438	0.0000000199
10	43894771	44730074	292	34	0.0000557374	0.0000000180
10	44730075	48760449	665	40	0.0000556569	0.0000000423
10	48760450	50840914	655	40	-0.0000302612	0.0000000394
10	50840915	53616628	751	40	-0.0000542356	0.0000000432
10	53616629	55103571	675	40	0.0000225651	0.0000000446
10	55103572	57031139	762	40	0.0000095394	0.0000000431
10	57031140	57662145	178	18	-0.0000191099	0.0000000120
10	57662146	58959527	379	25	-0.0000224496	0.0000000163
10	58959528	60289986	415	40	0.0000315877	0.0000000219
10	60289987	61891408	579	40	0.0002067389	0.0000000437
10	61891409	62659678	298	34	0.0000127749	0.0000000185
10	62659679	63341694	160	19	-0.0000829241	0.0000000148
10	63341695	65794113	832	40	0.0000134143	0.0000000442
10	65794114	67549614	481	40	0.0000881587	0.0000000262
10	67549615	69900147	881	40	0.0002355806	0.0000000466
10	69900148	70195990	115	11	-0.0000051961	0.0000000166
10	70195991	72220849	883	40	0.0001018837	0.0000000448
10	72220850	73508511	729	40	-0.0000383180	0.0000000458
10	73508512	75422549	437	35	-0.0002164544	0.0000000240
10	75422550	78706813	836	40	-0.0000143438	0.0000000436
10	78706814	80876748	1005	40	-0.0000858060	0.0000000453
10	80876749	82414678	488	40	-0.0000981931	0.0000000375
10	82414679	84383744	704	40	-0.0000462806	0.0000000401
10	84383745	85458702	436	40	0.0000303556	0.0000000259
10	85458703	87937576	963	40	-0.0000026440	0.0000000481
10	87937577	89127063	270	35	-0.0002307478	0.0000000258
10	89127064	91013380	721	40	-0.0000817104	0.0000000435
10	91013381	92006580	376	40	-0.0000315875	0.0000000291
10	92006581	93335046	438	40	-0.0000727679	0.0000000271
10	93335047	95396367	662	40	-0.0000089707	0.0000000440
10	95396368	96221242	264	32	-0.0000044087	0.0000000186
10	96221243	97822356	580	40	0.0002066396	0.0000000308
10	97822357	100241301	909	40	-0.0000677590	0.0000000463
10	100241302	100668399	146	14	0.0000268780	0.0000000088
10	100668400	102949238	762	40	-0.0002637682	0.0000000478
10	102949239	104380409	306	28	0.0001801616	0.0000000232
10	104380410	106695047	761	40	0.0001490193	0.0000000526
10	106695048	108726685	672	40	0.0000987962	0.0000000413
10	108726686	110317704	620	40	0.0000304796	0.0000000460
10	110317705	112561492	659	40	-0.0000751119	0.0000000412
10	112561493	115328431	1010	40	-0.0001722064	0.0000000418
10	115328432	116421405	492	40	-0.0000548239	0.0000000400
10	116421406	119523933	985	40	-0.0001234845	0.0000000435
10	119523934	120591352	393	40	0.0000477146	0.0000000301
10	120591353	122407322	666	40	0.0000805419	0.0000000503
10	122407323	123231464	390	40	-0.0000629053	0.0000000331
10	123231465	123900544	278	40	0.0000901819	0.0000000199
10	123900545	125869345	849	40	-0.0000636582	0.0000000480
10	125869346	128001097	941	40	0.0002087251	0.0000000475
10	128001098	129154361	523	40	0.0001882859	0.0000000363
10	129154362	130844283	925	40	0.0002396678	0.0000000433
10	130844284	131741326	407	40	0.0000764484	0.0000000329
10	131741327	132580244	404	40	0.0003097912	0.0000000291
10	132580245	134336328	839	40	-0.0001198320	0.0000000451
10	134336329	134494672	39	6	0.0000759042	0.0000000052
10	134494673	135523864	272	38	-0.0002218343	0.0000000233
11	70855	1213589	251	40	0.0000383702	0.0000000182
11	1213590	3665480	785	40	0.0004190724	0.0000000455
11	3665481	4746708	424	40	0.0000546739	0.0000000302
11	4746709	6322868	970	40	0.0000591408	0.0000000466
11	6322869	7436700	538	40	-0.0000700765	0.0000000328
11	7436701	8333273	485	40	-0.0001457715	0.0000000407
11	8333274	9087316	271	29	0.0001271112	0.0000000203
11	9087317	10952026	633	40	-0.0000379452	0.0000000524
11	10952027	12564228	1088	40	-0.0000033525	0.0000000439
11	12564229	13373123	393	40	-0.0000642557	0.0000000278
11	13373124	15742551	767	40	0.0001040637	0.0000000453
11	15742552	17578401	591	40	0.0002280670	0.0000000367
11	17578402	19569534	776	40	0.0001129778	0.0000000424
11	19569535	21017137	767	40	-0.0002264586	0.0000000452
11	21017138	22374141	546	40	0.0000702968	0.0000000392
11	22374142	24088516	586	40	-0.0003146417	0.0000000396
11	24088517	26045752	652	40	0.0001558770	0.0000000436
11	26045753	27020460	353	40	0.0001730000	0.0000000222
11	27020461	28481592	399	40	-0.0000646576	0.0000000224
11	28481593	30141356	411	40	-0.0001482673	0.0000000265
11	30141357	32276900	625	40	0.0000006560	0.0000000430
11	32276901	33958738	543	40	0.0000326629	0.0000000457
11	33958739	35502604	807	40	-0.0000110047	0.0000000413
11	35502605	37116814	731	40	-0.0000607045	0.0000000453
11	37116815	39382002	403	40	0.0000457253	0.0000000249
11	39382003	42310002	910	40	-0.0002966774	0.0000000471
11	42310003	44693798	946	40	-0.0000248643	0.0000000405
11	44693799	47006136	701	40	0.0000809623	0.0000000437
11	47006137	49866049	472	25	-0.0001959270	0.0000000270
11	49866050	54695472	131	7	-0.0000136922	0.0000000043
11	54695473	55082656	6	3	0.0000040803	0.0000000007
11	55082657	58457494	1054	40	0.0000352922	0.0000000444
11	58457495	58780548	67	6	-0.0000829286	0.0000000055
11	58780549	62223770	969	40	-0.0000327728	0.0000000471
11	62223771	63804568	295	35	-0.0000104126	0.0000000243
11	63804569	65898630	489	40	0.0000230552	0.0000000367
11	65898631	68005824	316	35	0.0000353555	0.0000000176
11	68005825	69516129	457	40	-0.0000025201	0.0000000312
11	69516130	70926291	458	40	-0.0000491880	0.0000000343
11	70926292	72286016	295	35	-0.0000307677	0.0000000173
11	72286017	74412350	591	40	0.0000801593	0.0000000346
11	74412351	76797208	751	40	0.0000207276	0.0000000456
11	76797209	78355057	413	35	-0.0002207135	0.0000000322
11	78355058	80722372	1036	40	0.0000788909	0.0000000439
11	80722373	81266711	258	38	-0.0000250660	0.0000000214
11	81266712	84381271	1134	40	-0.0002064186	0.0000000432
11	84381272	86619300	763	40	0.0001833520	0.0000000435
11	86619301	87430234	301	35	0.0001484903	0.0000000214
11	87430235	89208935	552	40	-0.0001079672	0.0000000375
11	89208936	90966489	377	34	-0.0001388785	0.0000000241
11	90966490	92077143	344	38	-0.0001951399	0.0000000214
11	92077144	93276156	392	40	-0.0001172312	0.0000000249
11	93276157	94242259	269	26	0.0000170298	0.0000000201
11	94242260	95726040	569	40	0.0002064944	0.0000000433
11	95726041	97057057	490	40	0.0000763258	0.0000000364
11	97057058	98705064	549	40	0.0000569676	0.0000000388
11	98705065	100417168	750	40	-0.0000460887	0.0000000435
11	100417169	101331120	404	40	0.0003932781	0.0000000343
11	101331121	103959635	1061	40	0.0000116609	0.0000000465
11	103959636	104873283	282	23	-0.0000865197	0.0000000140
11	104873284	106520893	466	40	0.0001271813	0.0000000301
11	106520894	107844199	460	40	-0.0001362030	0.0000000347
11	107844200	108437036	135	11	-0.0001438313	0.0000000115
11	108437037	109866115	334	37	-0.0000415417	0.0000000231
11	109866116	111114396	480	40	0.0000258221	0.0000000305
11	111114397	112459487	381	38	-0.0001267300	0.0000000249
11	112459488	114257727	776	40	-0.0000544184	0.0000000474
11	114257728	114830665	226	27	-0.0000909439	0.0000000190
11	114830666	116383347	647	40	0.0000399329	0.0000000414
11	116383348	117747109	586	40	0.0000556591	0.0000000448
11	117747110	119215475	504	40	0.0001259840	0.0000000390
11	119215476	120766805	620	40	-0.0000937310	0.0000000471
11	120766806	121175942	197	22	0.0000320933	0.0000000171
11	121175943	122591909	462	40	-0.0001316689	0.0000000357
11	122591910	123500116	414	40	0.0000768796	0.0000000319
11	123500117	124495527	477	40	-0.0004389359	0.0000000267
11	124495528	126311319	786	40	-0.0000348068	0.0000000431
11	126311320	127316678	556	40	-0.0000395675	0.0000000378
11	127316679	128188536	304	39	0.0000674148	0.0000000225
11	128188537	130342574	845	40	0.0000950683	0.0000000459
11	130342575	131074611	361	40	-0.0001984622	0.0000000286
11	131074612	133000045	1080	40	-0.0001628460	0.0000000429
11	133000046	134205992	537	40	0.0002349900	0.0000000431
11	134205993	134946451	392	40	-0.0001514294	0.0000000315
12	61107	1080330	306	40	-0.0001693453	0.0000000270
12	1080331	2544785	474	40	-0.0001909889	0.0000000321
12	2544786	3677036	500	40	-0.0000627388	0.0000000395
12	3677037	4417678	381	40	-0.0000432895	0.0000000294
12	4417679	5321471	499	40	0.0000967426	0.0000000343
12	5321472	6419752	548	40	-0.0000107434	0.0000000368
12	6419753	8377535	163	28	0.0001015447	0.0000000136
12	8377536	9031394	0	0	0.0000000000	0.0000000000
12	9031395	10481533	215	29	-0.0000593581	0.0000000145
12	10481534	11754845	331	40	-0.0001240051	0.0000000237
12	11754846	12733527	431	40	0.0001503054	0.0000000342
12	12733528	15241483	1005	40	-0.0002932235	0.0000000420
12	15241484	16310459	244	34	-0.0000482243	0.0000000161
12	16310460	18087872	551	40	-0.0002062698	0.0000000403
12	18087873	20863942	919	40	0.0000803944	0.0000000470
12	20863943	23820633	1083	40	0.0002189176	0.0000000438
12	23820634	25371082	705	40	0.0000665681	0.0000000450
12	25371083	27799772	1014	40	-0.0000918143	0.0000000421
12	27799773	29651254	685	40	0.0002146074	0.0000000406
12	29651255	30512405	459	40	-0.0000502588	0.0000000290
12	30512406	32165591	627	40	-0.0000348365	0.0000000419
12	32165592	33076988	373	40	-0.0000224612	0.0000000262
12	33076989	37856716	350	24	0.0000170344	0.0000000186
12	37856717	39227168	135	7	0.0000050397	0.0000000083
12	39227169	40816184	494	40	-0.0000680721	0.0000000295
12	40816185	41658585	345	36	-0.0001579249	0.0000000182
12	41658586	43984473	895	40	0.0000018191	0.0000000412
12	43984474	46024228	461	40	0.0001772330	0.0000000267
12	46024229	47714792	465	40	0.0000953964	0.0000000284
12	47714793	49001865	536	40	-0.0000342035	0.0000000338
12	49001866	51776493	617	40	0.0000969733	0.0000000391
12	51776494	53039003	611	40	0.0001347192	0.0000000402
12	53039004	54778822	583	40	0.0001375141	0.0000000429
12	54778823	55665836	272	36	0.0000576427	0.0000000171
12	55665837	57548859	410	40	-0.0000992874	0.0000000354
12	57548860	59308665	453	40	-0.0001106432	0.0000000283
12	59308666	61123728	451	40	0.0000168713	0.0000000255
12	61123729	64032460	942	40	0.0000405528	0.0000000425
12	64032461	65559694	373	40	-0.0000121169	0.0000000289
12	65559695	67181143	505	40	0.0004350188	0.0000000450
12	67181144	67909728	321	40	0.0001036425	0.0000000183
12	67909729	69826541	804	40	-0.0000497096	0.0000000442
12	69826542	70957986	494	40	-0.0001073983	0.0000000295
12	70957987	72645074	561	40	0.0001304481	0.0000000345
12	72645075	73818453	302	30	0.0001055506	0.0000000194
12	73818454	76511313	757	40	0.0000260332	0.0000000470
12	76511314	78570569	745	40	-0.0000827743	0.0000000443
12	78570570	80448149	396	40	-0.0000781222	0.0000000274
12	80448150	81467766	307	35	-0.0000224516	0.0000000220
12	81467767	83502665	549	40	0.0000084994	0.0000000315
12	83502666	84303843	229	27	0.0000713629	0.0000000127
12	84303844	85990425	386	34	-0.0002343930	0.0000000193
12	85990426	89682121	715	40	-0.0000887117	0.0000000388
12	89682122	92066154	637	40	-0.0000862303	0.0000000362
12	92066155	94514566	894	40	-0.0000003428	0.0000000439
12	94514567	96020784	688	40	-0.0002087995	0.0000000441
12	96020785	97108838	452	40	-0.0001555751	0.0000000333
12	97108839	99305986	904	40	-0.0000791041	0.0000000439
12	99305987	101447640	647	40	-0.0000681941	0.0000000409
12	101447641	101862689	147	16	0.0000912698	0.0000000119
12	101862690	102964985	329	40	0.0000393728	0.0000000265
12	102964986	104848695	753	40	-0.0000987279	0.0000000490
12	104848696	106436212	835	40	0.0000605862	0.0000000422
12	106436213	106958747	228	32	0.0003714048	0.0000000217
12	106958748	109025900	717	40	-0.0002257236	0.0000000440
12	109025901	110336718	394	40	0.0001642743	0.0000000244
12	110336719	113263517	458	40	0.0000669393	0.0000000269
12	113263518	113986708	207	26	0.0000123875	0.0000000142
12	113986709	115036601	534	40	-0.0000778596	0.0000000353
12	115036602	115503215	193	35	0.0000487401	0.0000000191
12	115503216	117087470	740	40	-0.0001292425	0.0000000428
12	117087471	118135374	452	40	0.0003686894	0.0000000348
12	118135375	119754109	676	40	0.0000088419	0.0000000406
12	119754110	122007650	669	40	-0.0003771308	0.0000000488
12	122007651	124977979	678	40	-0.0003714632	0.0000000541
12	124977980	126445504	606	40	0.0000602707	0.0000000461
12	126445505	127875097	635	40	0.0001983935	0.0000000417
12	127875098	129237296	687	40	-0.0000147589	0.0000000451
12	129237297	130377920	676	40	0.0000158920	0.0000000411
12	130377921	131786750	728	40	0.0000067006	0.0000000556
12	131786751	132807033	282	40	-0.0001692791	0.0000000241
12	132807034	133841510	166	24	-0.0000154163	0.0000000147
13	19020013	20686719	284	35	0.0001465533	0.0000000234
13	20686720	22242173	576	40	0.0000894714	0.0000000403
13	22242174	23594701	656	40	0.0001803527	0.0000000425
13	23594702	24531936	505	40	0.0001562756	0.0000000348
13	24531937	25784361	637	40	-0.0001101436	0.0000000436
13	25784362	27284361	533	40	-0.0002334956	0.0000000375
13	27284362	29257550	842	40	-0.0000075677	0.0000000419
13	29257551	30483266	495	40	0.0000826720	0.0000000335
13	30483267	32301814	761	40	0.0001804563	0.0000000425
13	32301815	33776902	567	40	-0.0003857600	0.0000000398
13	33776903	35026463	447	40	0.0001214759	0.0000000269
13	35026464	36046366	220	30	-0.0000506374	0.0000000159
13	36046367	37498184	635	40	-0.0000841820	0.0000000451
13	37498185	38878162	540	40	-0.0000747481	0.0000000326
13	38878163	41069262	857	40	-0.0003241537	0.0000000493
13	41069263	43101026	626	40	-0.0000372549	0.0000000396
13	43101027	44901408	792	40	-0.0000663242	0.0000000432
13	44901409	46495213	516	40	-0.0000720283	0.0000000387
13	46495214	47431078	362	40	-0.0002189471	0.0000000251
13	47431079	49383961	603	40	-0.0000035967	0.0000000425
13	49383962	51591090	735	40	-0.0001821945	0.0000000510
13	51591091	53339621	445	40	0.0002113891	0.0000000322
13	53339622	54682863	521	40	-0.0000603376	0.0000000345
13	54682864	55817130	316	36	-0.0002010672	0.0000000188
13	55817131	57554216	290	22	0.0000390985	0.0000000132
13	57554217	58410625	201	20	-0.0000919410	0.0000000135
13	58410626	59302270	216	22	-0.0000902511	0.0000000182
13	59302271	60854777	538	40	0.0002673181	0.0000000336
13	60854778	61591948	277	34	0.0001572173	0.0000000370
13	61591949	63971558	619	40	0.0000817880	0.0000000409
13	63971559	65200601	294	30	-0.0002902049	0.0000000196
13	65200602	67844452	775	40	-0.0001241970	0.0000000446
13	67844453	70724515	877	40	-0.0001537751	0.0000000435
13	70724516	71526790	313	40	0.0000587441	0.0000000229
13	71526791	73934088	835	40	-0.0001079897	0.0000000472
13	73934089	75670142	721	40	0.0000185654	0.0000000413
13	75670143	77410554	773	40	-0.0001657364	0.0000000485
13	77410555	78808812	430	40	0.0000684618	0.0000000249
13	78808813	80585675	570	40	-0.0000787761	0.0000000407
13	80585676	82581813	607	40	0.0000486135	0.0000000373
13	82581814	84133143	390	35	-0.0001278850	0.0000000194
13	84133144	85610915	407	40	-0.0001744777	0.0000000285
13	85610916	88559881	751	40	-0.0002506084	0.0000000413
13	88559882	90521310	452	40	-0.0001908909	0.0000000293
13	90521311	93129690	848	40	0.0000817454	0.0000000451
13	93129691	93586454	120	16	0.0000124091	0.0000000106
13	93586455	96087557	1171	40	-0.0001563515	0.0000000425
13	96087558	97519209	355	38	-0.0000874937	0.0000000250
13	97519210	98938918	430	40	-0.0000655615	0.0000000325
13	98938919	100574094	767	40	-0.0001944734	0.0000000448
13	100574095	102300522	760	40	-0.0000626714	0.0000000440
13	102300523	104066709	899	40	-0.0001591405	0.0000000478
13	104066710	104844113	295	40	-0.0000801425	0.0000000210
13	104844114	106247553	607	40	0.0001768849	0.0000000424
13	106247554	106749999	268	40	-0.0000059669	0.0000000219
13	106750000	108189876	602	40	-0.0001021985	0.0000000428
13	108189877	109121209	425	40	0.0000798459	0.0000000343
13	109121210	109815111	320	40	-0.0000234358	0.0000000228
13	109815112	111232072	736	40	0.0001160079	0.0000000437
13	111232073	112247591	459	40	-0.0000289315	0.0000000314
13	112247592	113572487	449	40	0.0002460039	0.0000000364
13	113572488	115109852	403	40	-0.0000101402	0.0000000276
14	19002084	21589401	584	40	0.0000781149	0.0000000467
14	21589402	23018664	696	40	-0.0000283512	0.0000000444
14	23018665	24905122	664	40	-0.0000284301	0.0000000458
14	24905123	26135685	551	40	-0.0001461710	0.0000000328
14	26135686	28466532	687	40	0.0002052410	0.0000000427
14	28466533	29972144	374	40	-0.0000372144	0.0000000249
14	29972145	32383264	588	40	0.0001494436	0.0000000418
14	32383265	34846250	1247	40	-0.0000112681	0.0000000415
14	34846251	35859592	241	30	0.0000167557	0.0000000218
14	35859593	38667724	854	40	0.0000069119	0.0000000431
14	38667725	40341989	538	40	-0.0000139320	0.0000000358
14	40341990	41615501	346	31	-0.0002214288	0.0000000183
14	41615502	43137388	414	36	0.0000882966	0.0000000232
14	43137389	44543226	355	40	0.0001167275	0.0000000268
14	44543227	46081895	365	40	-0.0004199167	0.0000000343
14	46081896	46749129	188	16	0.0000572976	0.0000000105
14	46749130	48573585	584	40	0.0000774757	0.0000000386
14	48573586	49005470	111	13	0.0000793728	0.0000000067
14	49005471	50507759	462	40	0.0001769978	0.0000000314
14	50507760	51493571	362	40	-0.0000321423	0.0000000311
14	51493572	53474382	840	40	-0.0001083323	0.0000000414
14	53474383	53997830	175	19	0.0001187242	0.0000000125
14	53997831	55233680	439	40	-0.0000145697	0.0000000316
14	55233681	56216879	292	27	0.0000305930	0.0000000195
14	56216880	57481261	659	40	-0.0000150229	0.0000000441
14	57481262	59448335	695	40	-0.0002334687	0.0000000450
14	59448336	61680423	606	40	0.0000469064	0.0000000351
14	61680424	63790014	802	40	0.0000918056	0.0000000443
14	63790015	65220297	351	34	0.0001137682	0.0000000257
14	65220298	66399554	407	40	0.0003072961	0.0000000272
14	66399555	67992316	371	33	0.0000189121	0.0000000202
14	67992317	71131956	1224	40	0.0000229739	0.0000000430
14	71131957	72889614	664	40	0.0000048416	0.0000000418
14	72889615	76444766	1143	40	0.0000821227	0.0000000438
14	76444767	77229471	351	40	0.0000343175	0.0000000273
14	77229472	78561944	632	40	0.0000049188	0.0000000416
14	78561945	80186578	604	40	0.0000688887	0.0000000393
14	80186579	81579713	506	40	0.0000990693	0.0000000372
14	81579714	83138096	467	40	0.0000236016	0.0000000310
14	83138097	84241632	376	40	0.0003571817	0.0000000244
14	84241633	85746318	465	40	-0.0001032170	0.0000000347
14	85746319	86647001	304	35	-0.0000333360	0.0000000216
14	86647002	87635340	304	40	-0.0001675796	0.0000000210
14	87635341	89497642	595	40	0.0000136299	0.0000000395
14	89497643	91296859	691	40	0.0000394965	0.0000000427
14	91296860	93132298	672	40	-0.0000065687	0.0000000431
14	93132299	94325284	413	40	0.0000412086	0.0000000264
14	94325285	95750866	870	40	-0.0000200210	0.0000000458
14	95750867	96262414	376	40	-0.0001273116	0.0000000271
14	96262415	98341161	832	40	0.0000325751	0.0000000447
14	98341162	99138531	363	40	-0.0000440634	0.0000000213
14	99138532	101534306	885	40	-0.0000012525	0.0000000465
14	101534307	103012101	426	40	-0.0000494705	0.0000000314
14	103012102	105001722	468	40	0.0002072168	0.0000000317
14	105001723	106340357	154	26	0.0001806809	0.0000000154
14	106340358	107289453	38	5	-0.0000179858	0.0000000024
15	20001200	21131603	6	2	0.0000156308	0.0000000004
15	21131604	24195126	294	40	-0.0000949952	0.0000000246
15	24195127	25108589	193	27	-0.0000766993	0.0000000152
15	25108590	27298111	825	40	0.0000526745	0.0000000410
15	27298112	29338501	449	40	-0.0000391722	0.0000000355
15	29338502	30165567	286	40	-0.0000227249	0.0000000248
15	30165568	31591820	297	40	-0.0002126242	0.0000000245
15	31591821	32441810	253	36	-0.0000894297	0.0000000195
15	32441811	34015424	715	40	0.0001693938	0.0000000418
15	34015425	35083250	398	40	0.0000773147	0.0000000319
15	35083251	37456501	914	40	0.0001367160	0.0000000416
15	37456502	38530776	346	40	0.0000446241	0.0000000261
15	38530777	40384131	769	40	-0.0000795861	0.0000000416
15	40384132	41177513	233	28	-0.0000715242	0.0000000168
15	41177514	42776398	427	40	0.0003583041	0.0000000451
15	42776399	44198048	271	17	0.0000315228	0.0000000187
15	44198049	46618786	477	40	0.0001815601	0.0000000281
15	46618787	48136047	582	40	-0.0001598391	0.0000000370
15	48136048	50008042	440	40	-0.0002349100	0.0000000265
15	50008043	51677559	600	40	-0.0002617572	0.0000000389
15	51677560	53069095	402	38	0.0000930203	0.0000000243
15	53069096	54508527	623	40	-0.0000643498	0.0000000394
15	54508528	55136268	251	31	-0.0000128445	0.0000000204
15	55136269	56901772	531	40	-0.0001488129	0.0000000455
15	56901773	58441365	619	40	-0.0000317180	0.0000000430
15	58441366	59694115	496	40	0.0000602870	0.0000000402
15	59694116	61265835	660	40	0.0001016434	0.0000000441
15	61265836	63215221	892	40	0.0000376626	0.0000000440
15	63215222	65104667	488	40	0.0000626115	0.0000000348
15	65104668	67094766	616	40	0.0000121885	0.0000000418
15	67094767	69017998	738	40	0.0001186308	0.0000000455
15	69017999	70133340	271	40	0.0001026351	0.0000000217
15	70133341	71922648	700	40	-0.0000409422	0.0000000462
15	71922649	73628713	355	31	0.0000839335	0.0000000228
15	73628714	76398623	586	40	0.0002392364	0.0000000450
15	76398624	78516052	521	40	-0.0002047477	0.0000000309
15	78516053	80860977	976	40	-0.0001132620	0.0000000390
15	80860978	84260467	901	40	0.0000329914	0.0000000436
15	84260468	86652904	766	40	0.0001259306	0.0000000445
15	86652905	88369942	756	40	-0.0000128780	0.0000000425
15	88369943	90475550	713	40	-0.0002865023	0.0000000608
15	90475551	92164391	613	40	0.0000015512	0.0000000411
15	92164392	93780901	805	40	-0.0000502696	0.0000000420
15	93780902	94924329	564	40	-0.0000837359	0.0000000448
15	94924330	96141595	575	40	-0.0001266513	0.0000000420
15	96141596	98030909	737	40	-0.0001744848	0.0000000435
15	98030910	99244058	555	40	-0.0000953440	0.0000000436
15	99244059	100636846	544	40	0.0000267368	0.0000000504
15	100636847	101552693	401	40	0.0000136976	0.0000000323
15	101552694	102520965	427	40	0.0000908595	0.0000000369
16	60054	1207205	286	40	0.0002180617	0.0000000261
16	1207206	2764828	358	40	0.0000812635	0.0000000238
16	2764829	4001195	299	40	-0.0001910964	0.0000000271
16	4001196	5118344	369	40	0.0000135037	0.0000000336
16	5118345	5891579	343	40	0.0000090213	0.0000000280
16	5891580	6893550	698	40	0.0000803135	0.0000000439
16	6893551	7529120	469	40	-0.0002872295	0.0000000378
16	7529121	8338518	527	40	0.0000399415	0.0000000416
16	8338519	9799418	691	40	-0.0000374248	0.0000000443
16	9799419	10426031	367	38	0.0000995247	0.0000000220
16	10426032	11520160	437	40	-0.0000039203	0.0000000363
16	11520161	12613097	393	40	-0.0001026908	0.0000000534
16	12613098	13154436	307	40	0.0002204804	0.0000000235
16	13154437	14464001	548	40	0.0001640075	0.0000000387
16	14464002	16154059	312	40	0.0000039974	0.0000000252
16	16154060	17644748	389	40	-0.0000904258	0.0000000288
16	17644749	18643606	174	28	0.0000158252	0.0000000176
16	18643607	20150570	411	40	0.0000597963	0.0000000328
16	20150571	22448903	429	40	0.0000032076	0.0000000301
16	22448904	24136874	497	40	-0.0000370813	0.0000000329
16	24136875	25986861	740	40	-0.0001962521	0.0000000430
16	25986862	27445754	638	40	-0.0000589326	0.0000000431
16	27445755	29036612	335	40	-0.0000413808	0.0000000191
16	29036613	31382942	265	32	0.0001983602	0.0000000225
16	31382943	46399472	122	16	0.0000133706	0.0000000169
16	46399473	49007925	299	33	0.0000064010	0.0000000207
16	49007926	52035822	1076	40	-0.0000563943	0.0000000461
16	52035823	53382571	449	40	0.0001160609	0.0000000299
16	53382572	55903773	1167	40	0.0001376015	0.0000000424
16	55903774	57664329	624	40	0.0001072202	0.0000000412
16	57664330	59045404	505	40	0.0001512246	0.0000000369
16	59045405	60745693	498	40	0.0000315730	0.0000000375
16	60745694	62229848	358	40	0.0000028905	0.0000000210
16	62229849	63691588	436	40	0.0000824150	0.0000000351
16	63691589	65938565	803	40	0.0000336274	0.0000000446
16	65938566	68841362	643	40	0.0000624266	0.0000000442
16	68841363	71054027	382	39	0.0001421358	0.0000000280
16	71054028	72935149	449	38	0.0000996301	0.0000000282
16	72935150	74971502	786	40	0.0000084927	0.0000000422
16	74971503	75977953	217	28	0.0000484211	0.0000000216
16	75977954	77523677	680	40	-0.0001144744	0.0000000456
16	77523678	78456291	634	40	0.0000345902	0.0000000424
16	78456292	79134814	556	40	0.0001507084	0.0000000474
16	79134815	80297373	767	40	-0.0000280221	0.0000000449
16	80297374	81772535	782	40	0.0003191521	0.0000000454
16	81772536	82747727	580	40	0.0000166182	0.0000000427
16	82747728	83477207	603	40	-0.0000296412	0.0000000449
16	83477208	84445882	707	40	-0.0000126726	0.0000000440
16	84445883	85148684	462	40	0.0002286223	0.0000000414
16	85148685	86156598	472	40	-0.0000253875	0.0000000426
16	86156599	86815410	521	40	-0.0000891321	0.0000000413
16	86815411	87647348	355	40	-0.0002471158	0.0000000298
16	87647349	89041164	352	40	0.0000280639	0.0000000404
16	89041165	90292811	307	34	-0.0001546277	0.0000000355
17	56	1172398	304	40	0.0001215437	0.0000000262
17	1172399	1928730	249	40	0.0002699573	0.0000000238
17	1928731	3702311	625	40	-0.0001248803	0.0000000446
17	3702312	4696260	355	40	0.0002449388	0.0000000287
17	4696261	5741333	385	40	-0.0001538587	0.0000000364
17	5741334	7317397	625	40	0.0000306038	0.0000000448
17	7317398	8306424	311	40	0.0002933265	0.0000000270
17	8306425	9965920	644	40	0.0000329149	0.0000000414
17	9965921	11102814	468	40	0.0000931467	0.0000000327
17	11102815	12534768	546	40	-0.0000826524	0.0000000410
17	12534769	13180371	293	40	0.0000791929	0.0000000244
17	13180372	13894636	364	40	-0.0000255959	0.0000000293
17	13894637	15019096	591	40	0.0000167946	0.0000000429
17	15019097	16412341	320	40	-0.0002345315	0.0000000270
17	16412342	18856319	554	40	-0.0000924630	0.0000000339
17	18856320	21290356	377	40	0.0001506918	0.0000000251
17	21290357	27334243	505	40	0.0001132838	0.0000000360
17	27334244	29786490	491	39	-0.0000402155	0.0000000261
17	29786491	31538424	541	40	0.0001001925	0.0000000427
17	31538425	32912797	827	40	-0.0001100070	0.0000000439
17	32912798	34469035	507	40	-0.0000704163	0.0000000330
17	34469036	36809343	506	40	0.0002201858	0.0000000399
17	36809344	38877403	441	40	-0.0002356373	0.0000000400
17	38877404	39899809	322	34	-0.0000843309	0.0000000193
17	39899810	41772086	371	39	0.0002218192	0.0000000363
17	41772087	43056904	340	37	0.0000096652	0.0000000257
17	43056905	45876021	597	40	0.0001450886	0.0000000390
17	45876022	47517399	535	40	-0.0000841325	0.0000000338
17	47517400	49898956	758	40	-0.0001602785	0.0000000421
17	49898957	50719054	279	26	0.0001401592	0.0000000152
17	50719055	51826117	307	33	0.0000808270	0.0000000206
17	51826118	53599431	607	40	0.0000551979	0.0000000406
17	53599432	55357540	589	40	-0.0001518724	0.0000000435
17	55357541	57487511	682	40	0.0001372865	0.0000000477
17	57487512	59312754	244	22	-0.0000195883	0.0000000138
17	59312755	61545588	439	40	-0.0003086206	0.0000000365
17	61545589	63148127	304	36	-0.0001192506	0.0000000198
17	63148128	64800429	616	40	-0.0004041302	0.0000000397
17	64800430	67858769	935	40	-0.0001525363	0.0000000447
17	67858770	69387816	644	40	0.0000399389	0.0000000413
17	69387817	72672202	1410	40	-0.0002750727	0.0000000460
17	72672203	74375559	408	40	0.0001172465	0.0000000299
17	74375560	76263412	715	40	0.0000280747	0.0000000461
17	76263413	77298635	457	40	0.0002057941	0.0000000406
17	77298636	78837587	528	40	-0.0001008903	0.0000000397
17	78837588	80034407	237	40	0.0000283996	0.0000000184
17	80034408	81194907	307	35	0.0002450770	0.0000000220
18	10644	912485	395	40	0.0000688344	0.0000000302
18	912486	1942910	364	40	-0.0001531645	0.0000000248
18	1942911	3891657	757	40	-0.0000347831	0.0000000426
18	3891658	5834179	773	40	-0.0000677764	0.0000000393
18	5834180	7090484	566	40	-0.0003118917	0.0000000418
18	7090485	8498930	576	40	0.0000521360	0.0000000424
18	8498931	11075912	1252	40	0.0001316995	0.0000000459
18	11075913	11905439	246	40	0.0000003064	0.0000000211
18	11905440	14440798	739	40	-0.0001915192	0.0000000454
18	14440799	19485843	158	16	0.0001718194	0.0000000119
18	19485844	20649471	297	34	0.0000806136	0.0000000274
18	20649472	22996650	809	40	0.0001178874	0.0000000425
18	22996651	24026190	307	34	-0.0000255428	0.0000000232
18	24026191	25927681	779	40	0.0001373220	0.0000000457
18	25927682	26875586	245	26	0.0000880510	0.0000000162
18	26875587	27866477	268	27	-0.0000232294	0.0000000154
18	27866478	30264065	880	40	-0.0003986849	0.0000000464
18	30264066	31780066	345	36	-0.0000976981	0.0000000207
18	31780067	33861963	599	40	0.0000767416	0.0000000367
18	33861964	35075249	482	40	-0.0001224674	0.0000000314
18	35075250	36365489	492	40	-0.0000947788	0.0000000265
18	36365490	37684366	350	33	0.0000594812	0.0000000227
18	37684367	39892647	758	40	-0.0000174932	0.0000000411
18	39892648	42922105	928	40	0.0000361045	0.0000000433
18	42922106	44299245	684	40	0.0000130074	0.0000000423
18	44299246	45939731	580	40	0.0001917801	0.0000000397
18	45939732	47730583	763	40	0.0000895031	0.0000000425
18	47730584	51062184	1174	40	0.0001063176	0.0000000428
18	51062185	51554174	172	15	-0.0000559807	0.0000000108
18	51554175	55213837	1112	40	0.0001245427	0.0000000482
18	55213838	56530219	604	40	-0.0000662167	0.0000000412
18	56530220	57630482	579	40	0.0000907665	0.0000000452
18	57630483	59020750	434	40	-0.0000508474	0.0000000326
18	59020751	60277714	542	40	0.0000003500	0.0000000423
18	60277715	61820251	571	40	0.0002197015	0.0000000383
18	61820252	63463401	511	40	0.0000302197	0.0000000318
18	63463402	64252800	239	22	0.0000641355	0.0000000149
18	64252801	66125816	717	40	-0.0002310807	0.0000000433
18	66125817	67175819	325	40	0.0000759214	0.0000000240
18	67175820	68621178	452	40	-0.0001039119	0.0000000304
18	68621179	69621617	381	40	0.0002777118	0.0000000294
18	69621618	71038473	561	40	-0.0000041005	0.0000000441
18	71038474	71971461	491	40	0.0002256288	0.0000000394
18	71971462	73526986	655	40	0.0000251868	0.0000000485
18	73526987	74813814	589	40	-0.0000667567	0.0000000419
18	74813815	75976316	590	40	0.0001865156	0.0000000449
18	75976317	77149990	408	40	-0.0001393204	0.0000000259
18	77149991	78017157	261	38	0.0001434721	0.0000000252
19	80840	610728	90	21	0.0000008432	0.0000000147
19	610729	2098395	270	40	0.0000494037	0.0000000308
19	2098396	3019659	228	40	-0.0000042683	0.0000000202
19	3019660	4348966	297	40	-0.0000834579	0.0000000276
19	4348967	5811851	397	40	-0.0000337574	0.0000000351
19	5811852	6684884	201	38	0.0000241085	0.0000000207
19	6684885	8347512	508	40	-0.0002301533	0.0000000410
19	8347513	9238392	263	40	-0.0000726294	0.0000000166
19	9238393	11284027	492	40	0.0001605046	0.0000000349
19	11284028	13471126	412	40	-0.0000735687	0.0000000344
19	13471127	14486346	198	38	-0.0000478117	0.0000000183
19	14486347	15648609	361	40	0.0002967574	0.0000000283
19	15648610	16374415	355	40	0.0004084767	0.0000000282
19	16374416	18409861	538	40	0.0000441523	0.0000000397
19	18409862	19877470	323	40	-0.0000589859	0.0000000229
19	19877471	20905756	121	19	-0.0000304728	0.0000000147
19	20905757	22732895	309	37	0.0000045894	0.0000000260
19	22732896	23467745	127	13	-0.0001318165	0.0000000150
19	23467746	28557892	267	27	0.0000458344	0.0000000236
19	28557893	29790946	463	40	-0.0000191409	0.0000000361
19	29790947	30727953	331	40	0.0000007787	0.0000000270
19	30727954	32746519	641	40	0.0001208554	0.0000000451
19	32746520	34262951	507	40	-0.0002517274	0.0000000389
19	34262952	36469294	653	40	-0.0001061980	0.0000000455
19	36469295	37527032	233	20	0.0001093551	0.0000000149
19	37527033	40170618	630	40	0.0001073645	0.0000000418
19	40170619	40984600	185	24	-0.0000186928	0.0000000153
19	40984601	42131572	297	40	0.0002557109	0.0000000288
19	42131573	43862454	167	21	0.0000094925	0.0000000183
19	43862455	44744107	291	40	0.0001967138	0.0000000188
19	44744108	46102696	358	40	-0.0000081735	0.0000000295
19	46102697	47150081	291	40	0.0002400614	0.0000000262
19	47150082	49282226	589	40	0.0000014307	0.0000000431
19	49282227	51532566	612	40	-0.0000025245	0.0000000475
19	51532567	52985289	629	40	0.0000835911	0.0000000452
19	52985290	54602361	480	40	-0.0001621539	0.0000000453
19	54602362	55728079	347	40	0.0001193681	0.0000000281
19	55728080	57521334	670	40	0.0003950911	0.0000001162
19	57521335	59118838	534	40	0.0001927376	0.0000000394
20	60479	697599	269	40	-0.0001172876	0.0000000201
20	697600	2469500	992	40	0.0001299161	0.0000000419
20	2469501	3828412	497	40	-0.0002147627	0.0000000378
20	3828413	5477849	788	40	-0.0002137428	0.0000000442
20	5477850	7084072	732	40	-0.0001364372	0.0000000638
20	7084073	8117010	405	40	0.0000813363	0.0000000305
20	8117011	9730920	776	40	0.0004128648	0.0000000463
20	9730921	11249535	725	40	-0.0001051018	0.0000000439
20	11249536	12447498	499	40	0.0001335298	0.0000000333
20	12447499	13689863	545	40	0.0000905752	0.0000000358
20	13689864	15958358	974	40	-0.0000644113	0.0000000426
20	15958359	17487231	942	40	0.0000017161	0.0000000442
20	17487232	18972202	613	40	-0.0000424457	0.0000000414
20	18972203	20959709	887	40	-0.0002834412	0.0000000460
20	20959710	22491455	389	39	-0.0001104642	0.0000000249
20	22491456	23293789	342	40	0.0001438323	0.0000000244
20	23293790	24717723	518	40	0.0000916320	0.0000000337
20	24717724	25344230	220	21	-0.0000419760	0.0000000111
20	25344231	31614822	579	40	0.0000841529	0.0000000311
20	31614823	32813440	291	29	0.0000583762	0.0000000213
20	32813441	34960445	457	30	0.0001224532	0.0000000309
20	34960446	36909529	488	40	-0.0000575894	0.0000000339
20	36909530	38436760	502	40	0.0001237201	0.0000000296
20	38436761	39610855	463	40	0.0001045173	0.0000000342
20	39610856	40585688	281	33	-0.0002202811	0.0000000237
20	40585689	41615459	575	40	-0.0000348053	0.0000000430
20	41615460	42680175	391	40	-0.0000960387	0.0000000319
20	42680176	44839055	770	40	-0.0000220383	0.0000000474
20	44839056	47199979	1016	40	0.0000123610	0.0000000453
20	47199980	49239657	759	40	-0.0001128812	0.0000000472
20	49239658	52472548	1337	40	-0.0000282957	0.0000000431
20	52472549	54055265	611	40	0.0001912623	0.0000000459
20	54055266	56447958	1136	40	0.0001278033	0.0000000426
20	56447959	58406571	877	40	-0.0000852931	0.0000000448
20	58406572	59561723	533	40	0.0000197712	0.0000000384
20	59561724	61301854	738	40	0.0000404616	0.0000000417
20	61301855	62190179	293	40	-0.0000469194	0.0000000361
20	62190180	62965162	234	37	-0.0000404791	0.0000000189
21	9411243	15950981	280	40	0.0000692435	0.0000000239
21	15950982	18053164	651	40	0.0001580664	0.0000000440
21	18053165	19480374	436	40	-0.0002568905	0.0000000336
21	19480375	20962338	608	40	0.0000390829	0.0000000435
21	20962339	22072763	355	40	0.0002353425	0.0000000287
21	22072764	23362874	519	40	0.0000346758	0.0000000337
21	23362875	24696230	351	40	0.0000045707	0.0000000241
21	24696231	26469121	643	40	-0.0001429128	0.0000000469
21	26469122	27271018	220	25	0.0002535781	0.0000000183
21	27271019	29125225	861	40	-0.0000260729	0.0000000468
21	29125226	31197024	688	40	-0.0002331243	0.0000000407
21	31197025	32668641	437	40	-0.0000465569	0.0000000259
21	32668642	34376998	654	40	-0.0001795101	0.0000000464
21	34376999	35225464	289	40	0.0000721706	0.0000000243
21	35225465	36524372	558	40	0.0001312835	0.0000000450
21	36524373	37870778	535	40	0.0000158533	0.0000000345
21	37870779	38711703	311	38	0.0000130112	0.0000000181
21	38711704	40482901	830	40	-0.0001318962	0.0000000489
21	40482902	41389526	497	40	0.0000168431	0.0000000304
21	41389527	43321527	1005	40	-0.0001371304	0.0000000425
21	43321528	44506267	689	40	0.0000069976	0.0000000463
21	44506268	46177104	562	40	-0.0001009237	0.0000000451
21	46177105	47492225	497	40	-0.0000250658	0.0000000376
21	47492226	48119751	239	25	0.0001232856	0.0000000157
22	16050408	17674294	210	37	0.0000661121	0.0000000184
22	17674295	18296087	252	40	0.0000213443	0.0000000207
22	18296088	19912357	530	40	0.0000354616	0.0000000418
22	19912358	22357324	585	40	-0.0000087748	0.0000000459
22	22357325	23712646	328	40	0.0001870650	0.0000000236
22	23712647	24984203	356	40	-0.0002508113	0.0000000255
22	24984204	26791627	737	40	-0.0001848449	0.0000000429
22	26791628	27834751	728	40	-0.0000316367	0.0000000437
22	27834752	29651798	566	40	0.0002175161	0.0000000552
22	29651799	31439917	550	40	0.0001020039	0.0000000383
22	31439918	32664985	353	33	0.0002176778	0.0000000253
22	32664986	34494913	917	40	-0.0001309265	0.0000000419
22	34494914	35530984	489	40	-0.0000399202	0.0000000279
22	35530985	37570268	824	40	0.0000381483	0.0000000422
22	37570269	39307893	532	40	0.0002478181	0.0000000547
22	39307894	40545796	334	40	0.0002389574	0.0000000296
22	40545797	42690817	463	33	0.0001002415	0.0000000279
22	42690818	43714199	403	40	0.0000206099	0.0000000295
22	43714200	44995307	700	40	-0.0000637123	0.0000000450
22	44995308	46470494	608	40	0.0000523746	0.0000000457
22	46470495	47596317	452	40	-0.0000387322	0.0000000384
22	47596318	48903702	735	40	0.0000622407	0.0000000442
22	48903703	49824533	605	40	-0.0000439125	0.0000000413
22	49824534	51243297	390	40	-0.0002757694	0.0000000308
