chr	start	end	num_snp	k	local_h2g	var
1	10583	1892606	94	17	0.0000127596	0.000000015762
1	1892607	3582735	424	21	0.0004590381	0.000000094793
1	3582736	4380810	266	21	0.0000641351	0.000000047695
1	4380811	5913892	866	21	0.0000675801	0.000000108301
1	5913893	7247334	427	21	0.0003104185	0.000000083217
1	7247335	9365198	697	21	-0.0000076554	0.000000105302
1	9365199	10806983	349	21	0.0002120563	0.000000059838
1	10806984	11777840	255	21	0.0005281717	0.000000063957
1	11777841	12779465	280	21	0.0002707405	0.000000059635
1	12779466	14891510	616	21	0.0001431739	0.000000111314
1	14891511	16897729	684	21	0.0000848054	0.000000108987
1	16897730	18662898	657	21	0.0000169205	0.000000106282
1	18662899	20469148	702	21	0.0001849096	0.000000112977
1	20469149	21736587	460	21	0.0001765587	0.000000080735
1	21736588	23086882	523	21	0.0004022357	0.000000108507
1	23086883	23920589	221	21	0.0002004567	0.000000042736
1	23920590	25516844	519	21	0.0002304019	0.000000099655
1	25516845	27401866	413	21	0.0001321785	0.000000062180
1	27401867	30161880	547	21	-0.0000352025	0.000000078017
1	30161881	32438684	930	21	0.0000839235	0.000000108952
1	32438685	34799757	675	21	0.0001330399	0.000000110910
1	34799758	37549182	545	21	0.0005516580	0.000000107527
1	37549183	38731846	369	21	0.0000968461	0.000000061206
1	38731847	40200566	446	21	0.0015032943	0.000000130550
1	40200567	41975326	553	21	0.0001070768	0.000000085650
1	41975327	43758456	542	21	0.0002959738	0.000000088537
1	43758457	44969182	371	21	0.0000653015	0.000000053188
1	44969183	46899500	457	21	0.0006643311	0.000000077104
1	46899501	48002575	297	21	0.0001018997	0.000000044823
1	48002576	48978187	344	21	0.0002423493	0.000000065481
1	48978188	49894176	247	21	-0.0000463453	0.000000037517
1	49894177	51713725	260	21	-0.0000243811	0.000000028958
1	51713726	54226261	562	21	0.0002845576	0.000000099577
1	54226262	56413116	834	21	0.0001542669	0.000000111756
1	56413117	57021727	270	21	0.0001962045	0.000000044830
1	57021728	58865398	844	21	0.0002106694	0.000000114004
1	58865399	59890408	383	21	0.0001617138	0.000000061863
1	59890409	61922364	670	21	0.0003195457	0.000000118343
1	61922365	63455088	529	21	0.0000976149	0.000000089032
1	63455089	65041703	656	21	0.0001406580	0.000000094969
1	65041704	66939403	648	21	0.0003857580	0.000000108525
1	66939404	68477894	684	21	0.0001579217	0.000000094987
1	68477895	69687615	386	21	0.0002441313	0.000000068531
1	69687616	71372469	518	21	0.0001360122	0.000000080216
1	71372470	71684404	82	10	-0.0000126579	0.000000009236
1	71684405	74326906	558	21	0.0000558891	0.000000069654
1	74326907	76728134	726	21	0.0001917765	0.000000096333
1	76728135	79661197	944	21	0.0001174958	0.000000110290
1	79661198	81354190	475	21	0.0000397589	0.000000072043
1	81354191	83991747	971	21	0.0002036998	0.000000113726
1	83991748	84844494	313	21	0.0000047727	0.000000040364
1	84844495	86454750	652	21	0.0004393551	0.000000116522
1	86454751	88128630	567	21	0.0002313990	0.000000094795
1	88128631	90066302	522	21	0.0002484111	0.000000087306
1	90066303	91886316	556	21	0.0001016948	0.000000084996
1	91886317	93536458	508	21	0.0003060198	0.000000077631
1	93536459	94506190	255	21	0.0002127606	0.000000039947
1	94506191	96150892	650	21	0.0000201087	0.000000100730
1	96150893	97885248	604	21	0.0004062413	0.000000091163
1	97885249	99800603	639	21	0.0001815319	0.000000093034
1	99800604	100826404	339	21	0.0001407789	0.000000048435
1	100826405	102041015	447	21	0.0001860382	0.000000070509
1	102041016	102898744	276	21	0.0001213859	0.000000042906
1	102898745	103914210	200	21	-0.0000042420	0.000000024489
1	103914211	106087841	454	21	0.0001273012	0.000000071407
1	106087842	108409664	726	21	0.0000199723	0.000000106403
1	108409665	110303930	564	21	0.0003364422	0.000000092560
1	110303931	111741736	570	21	0.0001488204	0.000000104725
1	111741737	113273305	719	21	0.0003183816	0.000000118297
1	113273306	114873844	511	21	0.0002119897	0.000000087177
1	114873845	115880592	344	21	0.0003411278	0.000000058857
1	115880593	118839066	833	21	0.0000189624	0.000000106363
1	118839067	144977493	563	21	0.0001558251	0.000000086485
1	144977494	148361252	432	21	0.0001259694	0.000000068986
1	148361253	151538880	349	21	0.0003149739	0.000000058659
1	151538881	153180828	468	21	0.0000316573	0.000000060327
1	153180829	154770402	454	21	0.0000649407	0.000000068288
1	154770403	156336132	307	21	0.0002620964	0.000000057615
1	156336133	158027411	597	21	0.0001595634	0.000000098403
1	158027412	159913047	679	21	0.0001757993	0.000000112614
1	159913048	162346720	872	21	0.0001798782	0.000000112777
1	162346721	165191701	1190	21	0.0001018253	0.000000109666
1	165191702	166460516	531	21	0.0002283448	0.000000098011
1	166460517	169086323	1097	21	-0.0000113056	0.000000105157
1	169086324	170557775	558	21	0.0001231032	0.000000074266
1	170557776	173097906	902	21	0.0000935276	0.000000109335
1	173097907	175089767	411	21	0.0002371754	0.000000048926
1	175089768	177433380	781	21	0.0001086045	0.000000109936
1	177433381	178944308	492	21	0.0002172586	0.000000078002
1	178944309	178954469	2	1	-0.0000007791	0.000000000355
1	178954470	181144120	749	21	0.0006051581	0.000000127444
1	181144121	182755355	599	21	0.0003252335	0.000000111072
1	182755356	184595512	630	21	0.0002971091	0.000000096963
1	184595513	186810022	523	21	0.0000181314	0.000000070535
1	186810023	188759944	618	21	0.0001466574	0.000000090539
1	188759945	189904129	217	17	0.0001542547	0.000000029530
1	189904130	191868929	538	21	0.0000567028	0.000000064953
1	191868930	194107441	583	21	-0.0000228646	0.000000079166
1	194107442	196176200	579	21	0.0001657339	0.000000078780
1	196176201	197311513	196	16	0.0000901203	0.000000024391
1	197311514	199239883	504	21	0.0003385598	0.000000086293
1	199239884	200137648	301	21	0.0004304550	0.000000060511
1	200137649	201589974	707	21	0.0001103898	0.000000110007
1	201589975	203334733	611	21	0.0000765600	0.000000105018
1	203334734	204681067	482	21	0.0002006362	0.000000084532
1	204681068	206073264	577	21	0.0001783746	0.000000100497
1	206073265	208410363	632	21	0.0000368867	0.000000107077
1	208410364	210787749	928	21	0.0001957744	0.000000113410
1	210787750	212842329	697	21	0.0001092025	0.000000109960
1	212842330	214578265	607	21	0.0003181526	0.000000113508
1	214578266	216243633	589	21	0.0000885039	0.000000092672
1	216243634	218705512	1078	21	0.0000924035	0.000000109290
1	218705513	219590570	280	21	0.0003609283	0.000000054023
1	219590571	221858230	690	21	-0.0000075064	0.000000103714
1	221858231	222230219	174	21	0.0001691148	0.000000035577
1	222230220	224938519	454	21	0.0001609835	0.000000075336
1	224938520	226810859	517	21	0.0006816871	0.000000103854
1	226810860	229156247	693	21	0.0001531720	0.000000104672
1	229156248	230685254	528	21	0.0000007074	0.000000088289
1	230685255	232090251	588	21	0.0004579611	0.000000112297
1	232090252	233429283	606	21	0.0000069699	0.000000105885
1	233429284	234599433	535	21	-0.0000085381	0.000000090373
1	234599434	235819435	381	21	0.0001158439	0.000000068800
1	235819436	237555627	720	21	0.0004989117	0.000000125492
1	237555628	238567806	425	21	0.0001303003	0.000000076722
1	238567807	239925313	488	21	-0.0000181537	0.000000081777
1	239925314	240564090	339	21	0.0005823244	0.000000078519
1	240564091	241582219	511	21	0.0000194722	0.000000097544
1	241582220	242071601	220	21	0.0008901751	0.000000073276
1	242071602	244109498	620	21	0.0000562428	0.000000105117
1	244109499	245506745	503	21	0.0004817381	0.000000106750
1	245506746	247344517	707	21	0.0001939952	0.000000113339
1	247344518	249239465	398	21	0.0001692096	0.000000072422
2	10133	1781021	660	21	0.0001532819	0.000000111717
2	1781022	3973778	964	21	0.0003838596	0.000000120907
2	3973779	5708336	628	21	0.0001718664	0.000000112457
2	5708337	6836253	565	21	0.0001481298	0.000000094374
2	6836254	8422146	650	21	0.0002221259	0.000000114461
2	8422147	10298468	664	21	0.0002548778	0.000000115766
2	10298469	12419149	971	21	0.0002226905	0.000000114483
2	12419150	14335307	591	21	0.0001913570	0.000000100340
2	14335308	16329734	745	21	0.0001084090	0.000000109928
2	16329735	18647422	856	21	0.0002227630	0.000000114486
2	18647423	19692403	384	21	0.0000253758	0.000000063069
2	19692404	21050489	630	21	0.0000994989	0.000000104798
2	21050490	23341382	621	21	0.0001020381	0.000000109674
2	23341383	24686917	441	21	0.0008286449	0.000000099869
2	24686918	26894984	560	21	0.0000918701	0.000000090357
2	26894985	28598776	416	21	0.0015720978	0.000000118567
2	28598777	29217558	243	21	0.0001786215	0.000000044960
2	29217559	30463710	636	21	0.0001120872	0.000000110075
2	30463711	31550449	529	21	0.0000986150	0.000000098894
2	31550450	33363776	495	21	0.0002997641	0.000000103981
2	33363777	35345027	804	21	0.0003124456	0.000000118060
2	35345028	36122005	291	21	0.0000721249	0.000000048220
2	36122006	38132711	931	21	0.0000784671	0.000000108735
2	38132712	39031336	326	21	0.0001873323	0.000000068203
2	39031337	40281482	303	21	0.0002192512	0.000000062023
2	40281483	43309589	1310	21	0.0000642148	0.000000108167
2	43309590	44313802	402	21	0.0003375609	0.000000084729
2	44313803	46482633	1070	21	0.0002632837	0.000000116101
2	46482634	47318771	417	21	0.0001364138	0.000000089467
2	47318772	48213000	300	21	0.0009223204	0.000000094756
2	48213001	50022256	714	21	0.0007093894	0.000000133881
2	50022257	50818927	345	21	0.0000754348	0.000000060570
2	50818928	52491132	648	21	0.0002048624	0.000000113772
2	52491133	53508451	466	21	0.0000434161	0.000000080261
2	53508452	54685225	435	21	0.0000781851	0.000000078576
2	54685226	56203344	613	21	0.0000303542	0.000000106817
2	56203345	57429099	428	21	0.0000677171	0.000000077723
2	57429100	58297314	272	21	0.0003868477	0.000000060665
2	58297315	60291999	741	21	0.0000935789	0.000000109337
2	60292000	62429043	587	21	0.0001460241	0.000000110743
2	62429044	64625912	583	21	0.0001023708	0.000000102875
2	64625913	65933443	463	21	0.0002169177	0.000000087592
2	65933444	67226165	554	21	0.0001966816	0.000000095637
2	67226166	68010175	422	21	0.0007750675	0.000000097528
2	68010176	69139563	471	21	0.0002656688	0.000000082529
2	69139564	70755197	534	21	0.0001719048	0.000000086684
2	70755198	73174847	801	21	0.0000440673	0.000000107364
2	73174848	75630085	714	21	0.0001657756	0.000000112215
2	75630086	76913660	514	21	0.0000828232	0.000000089554
2	76913661	78079263	391	21	0.0001415353	0.000000077385
2	78079264	80050402	824	21	0.0002071905	0.000000113865
2	80050403	81620840	578	21	-0.0000103127	0.000000103374
2	81620841	85140679	891	21	0.0001274113	0.000000096229
2	85140680	88038506	633	21	-0.0000251704	0.000000087037
2	88038507	89154525	245	21	0.0001361146	0.000000040812
2	89154526	95326451	4	2	-0.0000026442	0.000000000668
2	95326452	98995200	426	21	0.0002146587	0.000000069928
2	98995201	101822328	906	21	0.0002402328	0.000000115182
2	101822329	102688764	261	21	-0.0000030456	0.000000035521
2	102688765	103588214	406	21	-0.0000192451	0.000000044815
2	103588215	105125033	304	21	0.0000297253	0.000000046961
2	105125034	106210057	404	21	0.0001206777	0.000000069206
2	106210058	107408266	443	21	0.0000200535	0.000000067801
2	107408267	108429176	355	21	0.0000131534	0.000000045679
2	108429177	110572431	527	21	0.0000726178	0.000000079011
2	110572432	113921855	791	21	0.0004037104	0.000000121698
2	113921856	116772469	758	21	0.0001738955	0.000000112538
2	116772470	118367465	397	21	-0.0000456983	0.000000048165
2	118367466	121303782	992	21	0.0000219930	0.000000106484
2	121303783	123302905	576	21	-0.0000220800	0.000000090952
2	123302906	124732249	430	21	0.0000371803	0.000000055873
2	124732250	125840920	381	21	0.0000436237	0.000000058248
2	125840921	127373763	409	21	0.0001085096	0.000000053216
2	127373764	128034346	287	21	0.0001362514	0.000000050130
2	128034347	129474440	433	21	0.0002326216	0.000000071497
2	129474441	130067169	222	21	0.0002064207	0.000000038066
2	130067170	130658084	203	21	0.0001384804	0.000000035385
2	130658085	133042783	209	21	-0.0000617136	0.000000030951
2	133042784	135158577	914	21	0.0001595839	0.000000111968
2	135158578	137042793	456	21	0.0002279621	0.000000065761
2	137042794	138698116	595	21	0.0002123065	0.000000099159
2	138698117	140100270	434	21	0.0001001155	0.000000054776
2	140100271	141805350	567	21	0.0001178132	0.000000092723
2	141805351	142518601	298	21	0.0001702526	0.000000055869
2	142518602	144519483	656	21	0.0002128451	0.000000106597
2	144519484	146445569	439	21	0.0003381150	0.000000081064
2	146445570	147277161	151	15	0.0000587381	0.000000024759
2	147277162	150210291	660	21	0.0001782248	0.000000096463
2	150210292	151731461	472	21	0.0003161415	0.000000083010
2	151731462	152486781	286	21	0.0002059414	0.000000046865
2	152486782	154005055	481	21	0.0003068884	0.000000085036
2	154005056	155391134	485	21	0.0000456406	0.000000077940
2	155391135	157560634	554	21	0.0002204245	0.000000091258
2	157560635	158533217	172	21	0.0002224920	0.000000039719
2	158533218	159577081	330	21	0.0000094586	0.000000051609
2	159577082	161769732	721	21	0.0003825557	0.000000116300
2	161769733	163503550	389	21	0.0002289812	0.000000056724
2	163503551	164466637	192	21	0.0000730646	0.000000031787
2	164466638	165178839	175	20	-0.0000779926	0.000000023397
2	165178840	167160269	630	21	0.0000672066	0.000000093834
2	167160270	167355969	73	10	0.0000930120	0.000000014180
2	167355970	169968235	828	21	0.0000991612	0.000000109559
2	169968236	171226244	486	21	0.0003207146	0.000000086457
2	171226245	173138904	572	21	0.0016894280	0.000000163348
2	173138905	175588928	839	21	0.0001159879	0.000000110230
2	175588929	177363635	531	21	0.0001173534	0.000000083418
2	177363636	178553182	475	21	0.0000624018	0.000000066681
2	178553183	181312738	1007	21	0.0000804107	0.000000108812
2	181312739	182266030	297	21	0.0002449691	0.000000050684
2	182266031	184357607	614	21	0.0000078708	0.000000094609
2	184357608	185280172	232	21	0.0002466219	0.000000042510
2	185280173	189882064	954	21	0.0004880927	0.000000125061
2	189882065	191973356	497	21	0.0001277894	0.000000076187
2	191973357	195861163	714	21	0.0000132136	0.000000106134
2	195861164	196447455	152	20	0.0000583313	0.000000024542
2	196447456	198078109	446	21	0.0002990799	0.000000067090
2	198078110	199311124	304	21	0.0003176659	0.000000047570
2	199311125	201576283	626	21	0.0000142573	0.000000092845
2	201576284	202818636	316	21	0.0001977688	0.000000055280
2	202818637	205799240	743	21	0.0001083545	0.000000109926
2	205799241	206735703	404	21	0.0001905947	0.000000081074
2	206735704	208645398	656	21	0.0001426092	0.000000111291
2	208645399	209941528	333	21	0.0000414445	0.000000052875
2	209941529	212379517	740	21	0.0000787314	0.000000108745
2	212379518	214014281	624	21	0.0002876121	0.000000117071
2	214014282	215573794	442	21	0.0002912660	0.000000082023
2	215573795	217715660	793	21	0.0005285959	0.000000126676
2	217715661	218395479	276	21	0.0002887781	0.000000057414
2	218395480	220454550	590	21	0.0003713653	0.000000099028
2	220454551	222521175	852	21	0.0001329257	0.000000110905
2	222521176	224859418	784	21	0.0001556334	0.000000111810
2	224859419	225840003	349	21	0.0001089231	0.000000049466
2	225840004	228119841	728	21	0.0002793169	0.000000109018
2	228119842	229370786	452	21	0.0000795162	0.000000066501
2	229370787	231843388	931	21	0.0002326974	0.000000114882
2	231843389	233550002	467	21	0.0002450546	0.000000081493
2	233550003	235150986	795	21	0.0000993928	0.000000109569
2	235150987	236043549	414	21	0.0002745612	0.000000088125
2	236043550	237449031	470	21	0.0001881102	0.000000085350
2	237449032	238760980	534	21	0.0000277301	0.000000088918
2	238760981	239952642	410	21	0.0001344791	0.000000072555
2	239952643	241560083	645	21	0.0001640535	0.000000112146
2	241560084	242149920	216	21	0.0001217876	0.000000038196
2	242149921	243188919	128	15	0.0000091659	0.000000019401
3	60157	1441778	617	21	0.0000410826	0.000000107245
3	1441779	2992119	890	21	-0.0000228811	0.000000104695
3	2992120	4431646	767	21	-0.0000159091	0.000000104973
3	4431647	6083182	767	21	0.0002487443	0.000000115521
3	6083183	7083386	421	21	0.0002710926	0.000000087768
3	7083387	8648560	858	21	0.0002183776	0.000000114311
3	8648561	9543182	485	21	0.0005232334	0.000000107955
3	9543183	11019664	591	21	0.0003065876	0.000000117827
3	11019665	13070798	733	21	0.0004929311	0.000000125254
3	13070799	14816899	784	21	0.0000720232	0.000000108478
3	14816900	16282441	529	21	0.0001342727	0.000000085629
3	16282442	17891117	500	21	0.0000993139	0.000000080508
3	17891118	19125143	339	21	0.0000310259	0.000000054361
3	19125144	20091347	196	21	-0.0000194821	0.000000033232
3	20091348	21643706	637	21	0.0001079271	0.000000109909
3	21643707	22204243	379	21	0.0000716957	0.000000067695
3	22204244	23804864	526	21	0.0001137895	0.000000094123
3	23804865	25461557	745	21	0.0000454441	0.000000107418
3	25461558	26877768	468	21	0.0000899083	0.000000075553
3	26877769	27840909	270	21	0.0000592346	0.000000045835
3	27840910	29142259	449	21	0.0000139050	0.000000077993
3	29142260	30717954	682	21	0.0001985866	0.000000113522
3	30717955	32351714	654	21	0.0001195319	0.000000110371
3	32351715	33255591	276	21	0.0001354941	0.000000055334
3	33255592	35283457	583	21	0.0001593714	0.000000091931
3	35283458	36486841	408	21	0.0000449485	0.000000066204
3	36486842	38356115	596	21	0.0000972372	0.000000093688
3	38356116	40221297	657	21	0.0003247853	0.000000105650
3	40221298	41064527	149	15	0.0000116549	0.000000022100
3	41064528	42540001	450	21	0.0003430213	0.000000082124
3	42540002	45165152	706	21	0.0001196021	0.000000104919
3	45165153	46657499	515	21	0.0001466300	0.000000079765
3	46657500	47727211	176	17	0.0001594860	0.000000029937
3	47727212	49316971	257	15	0.0001928852	0.000000029243
3	49316972	51832014	439	21	0.0001924728	0.000000042216
3	51832015	54081389	607	21	0.0000182255	0.000000089653
3	54081390	55348859	663	21	0.0001511440	0.000000111631
3	55348860	56433906	370	21	0.0003261436	0.000000074346
3	56433907	58157518	543	21	0.0004158817	0.000000095056
3	58157519	60272905	974	21	0.0000785294	0.000000108737
3	60272906	62355665	979	21	0.0002174879	0.000000114276
3	62355666	63669285	665	21	0.0001645038	0.000000112164
3	63669286	65273537	759	21	0.0002494813	0.000000115551
3	65273538	66270446	345	21	0.0000202172	0.000000066514
3	66270447	68286913	635	21	0.0001078441	0.000000109906
3	68286914	69276761	367	21	0.0000096033	0.000000065233
3	69276762	70449027	391	21	0.0001351688	0.000000074312
3	70449028	72529328	789	21	0.0001425946	0.000000111291
3	72529329	74321816	719	21	0.0003613649	0.000000120010
3	74321817	75704948	271	21	0.0001334808	0.000000046693
3	75704949	77508834	483	21	0.0000647235	0.000000081108
3	77508835	79024540	406	21	0.0002379278	0.000000074501
3	79024541	81427309	489	21	0.0004267982	0.000000074488
3	81427310	82643885	295	21	0.0000153079	0.000000037891
3	82643886	84367478	314	21	0.0001444463	0.000000049412
3	84367479	85582230	253	21	0.0000694761	0.000000036335
3	85582231	87409731	452	21	0.0001318738	0.000000065364
3	87409732	88298372	188	18	0.0002744286	0.000000033663
3	88298373	94255315	463	21	0.0001619508	0.000000070843
3	94255316	95311970	216	18	0.0001644499	0.000000032150
3	95311971	98215949	564	21	-0.0000088856	0.000000072068
3	98215950	99373761	329	21	0.0003309888	0.000000056995
3	99373762	100592216	332	21	0.0004076337	0.000000056076
3	100592217	103084959	656	21	0.0002728192	0.000000099556
3	103084960	104581612	411	21	0.0000118974	0.000000056991
3	104581613	106982810	707	21	0.0002728180	0.000000116481
3	106982811	109522394	763	21	0.0002195855	0.000000114359
3	109522395	110513769	250	21	0.0002330377	0.000000037489
3	110513770	112815698	694	21	0.0001460781	0.000000104842
3	112815699	113947862	375	21	0.0002168476	0.000000061083
3	113947863	115447079	403	21	0.0000408890	0.000000071005
3	115447080	116800152	521	21	0.0000203435	0.000000081103
3	116800153	118530250	567	21	0.0000661880	0.000000097154
3	118530251	120523054	667	21	-0.0000384029	0.000000085178
3	120523055	121974096	390	21	-0.0000241953	0.000000039840
3	121974097	123517767	526	21	0.0002549368	0.000000086688
3	123517768	124936641	625	21	0.0001994772	0.000000102909
3	124936642	126214942	385	21	0.0004152614	0.000000071266
3	126214943	128194860	671	21	0.0001114481	0.000000104594
3	128194861	130244734	436	21	0.0001171812	0.000000065851
3	130244735	131836515	545	21	0.0000111840	0.000000073082
3	131836516	133252172	515	21	0.0004827588	0.000000090055
3	133252173	135456905	863	21	0.0000539228	0.000000107756
3	135456906	137371082	441	21	0.0006479011	0.000000081754
3	137371083	139954596	841	21	0.0001376854	0.000000111095
3	139954597	141339096	476	21	0.0000440403	0.000000079409
3	141339097	143164627	622	21	0.0002457013	0.000000108809
3	143164628	144410815	388	21	0.0001206349	0.000000062999
3	144410816	145664618	353	21	0.0002096062	0.000000054074
3	145664619	146726628	336	21	0.0000825952	0.000000052191
3	146726629	149043236	681	21	0.0000636333	0.000000108143
3	149043237	150252003	424	21	0.0002829230	0.000000082996
3	150252004	151348729	364	21	0.0001021202	0.000000063118
3	151348730	153256570	566	21	0.0003877336	0.000000101899
3	153256571	154714217	407	21	0.0000119133	0.000000050445
3	154714218	156008699	332	21	0.0000978394	0.000000055950
3	156008700	157312027	451	21	0.0002835568	0.000000071802
3	157312028	159477889	642	21	0.0000168634	0.000000080525
3	159477890	161524503	568	21	0.0001789515	0.000000074751
3	161524504	163253204	473	21	-0.0000200101	0.000000059559
3	163253205	165055468	437	21	0.0000766131	0.000000049232
3	165055469	167117428	454	21	0.0001688377	0.000000065975
3	167117429	168580959	362	21	0.0000543052	0.000000051072
3	168580960	170964908	719	21	0.0003113406	0.000000118016
3	170964909	172295730	505	21	0.0000697529	0.000000089256
3	172295731	173477284	378	21	0.0002021797	0.000000072223
3	173477285	175116538	600	21	0.0000674073	0.000000108294
3	175116539	176320286	339	21	0.0000419330	0.000000050582
3	176320287	178107164	536	21	-0.0000436593	0.000000085635
3	178107165	179374585	385	21	0.0002956275	0.000000067803
3	179374586	181511165	463	21	0.0001297146	0.000000075830
3	181511166	183769682	662	21	0.0005843083	0.000000121615
3	183769683	185068254	413	21	0.0002618251	0.000000081289
3	185068255	186890343	654	21	0.0002082362	0.000000113907
3	186890344	188856213	799	21	0.0002050046	0.000000113778
3	188856214	190226606	625	21	0.0001482513	0.000000111516
3	190226607	192343813	739	21	0.0003479178	0.000000119474
3	192343814	194059670	504	21	0.0001832235	0.000000095325
3	194059671	194786673	262	21	0.0000346281	0.000000047363
3	194786674	195971407	226	21	-0.0000669719	0.000000036909
3	195971408	197075986	287	21	0.0000898609	0.000000051011
3	197075987	197946621	180	21	0.0001400949	0.000000035449
4	10240	694714	105	12	-0.0000308818	0.000000016428
4	694715	1478710	221	21	0.0003279445	0.000000047155
4	1478711	2842978	264	21	0.0001242397	0.000000049446
4	2842979	3846039	260	21	0.0002085433	0.000000054450
4	3846040	4684115	226	21	0.0001692144	0.000000047276
4	4684116	5502387	388	21	0.0002822212	0.000000083621
4	5502388	6773042	668	21	0.0001187978	0.000000110342
4	6773043	7539691	400	21	0.0001903715	0.000000085220
4	7539692	8152234	356	21	0.0000501681	0.000000070507
4	8152235	9326478	238	21	0.0001470974	0.000000048061
4	9326479	10699151	512	21	0.0002725383	0.000000079761
4	10699152	12323033	644	21	0.0001216563	0.000000110456
4	12323034	14272000	712	21	0.0001666847	0.000000112251
4	14272001	15147445	383	21	-0.0000031924	0.000000063866
4	15147446	15927008	250	21	0.0002142321	0.000000049677
4	15927009	17383321	663	21	0.0001446965	0.000000111374
4	17383322	18841873	420	21	0.0000306232	0.000000065421
4	18841874	20544556	468	21	-0.0000071502	0.000000063709
4	20544557	22319346	669	21	-0.0000653012	0.000000103004
4	22319347	24135528	604	21	0.0002184491	0.000000104564
4	24135529	25609321	603	21	0.0000844109	0.000000108288
4	25609322	27343721	558	21	0.0001344888	0.000000105286
4	27343722	27965867	199	21	0.0001889745	0.000000040643
4	27965868	29762207	528	21	-0.0000290752	0.000000078260
4	29762208	30454534	157	21	0.0003825978	0.000000038330
4	30454535	31782980	405	21	0.0001843878	0.000000072809
4	31782981	33172765	311	21	0.0001459240	0.000000055117
4	33172766	35151414	357	21	0.0000448983	0.000000042777
4	35151415	36020435	273	21	0.0000734339	0.000000038747
4	36020436	37255046	431	21	0.0000763516	0.000000062310
4	37255047	38907021	789	21	0.0000243093	0.000000106576
4	38907022	40202608	399	21	0.0000531323	0.000000059262
4	40202609	42213057	712	21	0.0004077105	0.000000121857
4	42213058	43965044	528	21	0.0003203476	0.000000090382
4	43965045	45189156	340	21	0.0001356159	0.000000048439
4	45189157	47411895	453	21	0.0000986480	0.000000065758
4	47411896	48123599	221	21	0.0000647404	0.000000030242
4	48123600	53877432	483	21	0.0004055054	0.000000078778
4	53877433	55429555	536	21	0.0001110892	0.000000085810
4	55429556	56547643	365	21	0.0002719166	0.000000067502
4	56547644	58935007	847	21	0.0001840740	0.000000112944
4	58935008	60741086	454	21	0.0002078350	0.000000071373
4	60741087	62371762	426	21	0.0001222256	0.000000067979
4	62371763	64341000	432	21	0.0002808745	0.000000078793
4	64341001	66600491	504	21	-0.0000071051	0.000000067155
4	66600492	68059496	385	21	-0.0000307176	0.000000052128
4	68059497	68854764	246	21	0.0000328982	0.000000033256
4	68854765	71049151	523	21	0.0001603363	0.000000064998
4	71049152	72140557	218	21	0.0001677464	0.000000035726
4	72140558	74592389	488	21	0.0002006823	0.000000075180
4	74592390	77130706	730	21	0.0001344374	0.000000103023
4	77130707	79093978	728	21	0.0001085000	0.000000109932
4	79093979	80990296	562	21	0.0001393196	0.000000076211
4	80990297	82125314	243	21	0.0002608467	0.000000046148
4	82125315	83372592	359	21	0.0001391318	0.000000059698
4	83372593	84799655	483	21	0.0017295715	0.000000139748
4	84799656	86930608	591	21	0.0001585149	0.000000087253
4	86930609	87534647	138	18	0.0000877222	0.000000022496
4	87534648	89238027	567	21	0.0000811848	0.000000088158
4	89238028	90231563	319	21	0.0002137305	0.000000058010
4	90231564	91560676	339	21	0.0001462770	0.000000053034
4	91560677	94233298	567	21	0.0002099813	0.000000099961
4	94233299	96182187	606	21	0.0005491281	0.000000121800
4	96182188	97540702	487	21	0.0000363310	0.000000079541
4	97540703	99424066	403	21	-0.0000836789	0.000000042476
4	99424067	100678359	412	21	0.0003859096	0.000000072655
4	100678360	103221355	796	21	0.0004755743	0.000000124562
4	103221356	105305293	488	21	0.0002968901	0.000000077054
4	105305294	107501304	581	21	0.0000583648	0.000000080197
4	107501305	108815347	360	21	0.0002590201	0.000000060012
4	108815348	111256566	765	21	0.0001807110	0.000000112810
4	111256567	113870101	717	21	0.0001395656	0.000000111170
4	113870102	115666245	604	21	0.0000104069	0.000000101476
4	115666246	117276928	336	21	0.0000206865	0.000000042857
4	117276929	118479917	337	21	0.0001473699	0.000000053915
4	118479918	119933511	419	21	0.0001918262	0.000000061996
4	119933512	120392683	148	16	-0.0000741326	0.000000015720
4	120392684	122657986	701	21	0.0002153006	0.000000114188
4	122657987	124286480	382	21	0.0000032881	0.000000048215
4	124286481	125210861	263	21	0.0000435872	0.000000041277
4	125210862	126480885	387	21	0.0002079649	0.000000069234
4	126480886	127275476	222	21	0.0002517377	0.000000044967
4	127275477	127830292	163	21	0.0000001457	0.000000025873
4	127830293	128996664	195	15	0.0000588496	0.000000030212
4	128996665	130591884	442	21	0.0002353798	0.000000073109
4	130591885	131283820	183	21	0.0001345677	0.000000034417
4	131283821	132954032	353	21	0.0000778748	0.000000059604
4	132954033	134628433	371	21	0.0002691771	0.000000062521
4	134628434	136566406	424	21	0.0001045821	0.000000062150
4	136566407	138541970	511	21	0.0002059449	0.000000089358
4	138541971	139556510	353	21	0.0000299070	0.000000058767
4	139556511	141084630	501	21	0.0000336833	0.000000087378
4	141084631	143443264	716	21	0.0001617216	0.000000112053
4	143443265	146178186	510	21	0.0000470148	0.000000064783
4	146178187	148521872	614	21	0.0001105888	0.000000097575
4	148521873	150683579	523	21	0.0002793571	0.000000088535
4	150683580	152782183	516	21	0.0000841986	0.000000062621
4	152782184	154477640	497	21	0.0000948157	0.000000090252
4	154477641	155056125	205	21	0.0001423835	0.000000037986
4	155056126	157485096	800	21	0.0001439709	0.000000111345
4	157485097	158743717	316	21	0.0002753750	0.000000059608
4	158743718	161058863	518	21	0.0002774008	0.000000081472
4	161058864	161826434	263	21	0.0001816264	0.000000051507
4	161826435	163243678	436	21	0.0001131359	0.000000070845
4	163243679	164478233	329	21	0.0003291660	0.000000063630
4	164478234	165823447	415	21	0.0001276864	0.000000076183
4	165823448	167018857	360	21	0.0001561450	0.000000068466
4	167018858	167852916	185	21	0.0001913013	0.000000034626
4	167852917	169676824	577	21	0.0000229326	0.000000095882
4	169676825	170776509	313	21	0.0000904972	0.000000051037
4	170776510	172558634	412	21	0.0002904125	0.000000073787
4	172558635	174264131	391	21	0.0003907150	0.000000073058
4	174264132	176570715	622	21	0.0003052364	0.000000117773
4	176570716	178991909	816	21	0.0001986833	0.000000113526
4	178991910	180122042	318	21	0.0001617174	0.000000060380
4	180122043	182066806	804	21	0.0000488671	0.000000107555
4	182066807	183371274	707	21	0.0001969298	0.000000113456
4	183371275	184929454	576	21	0.0000162175	0.000000106254
4	184929455	186909089	860	21	0.0001657990	0.000000112215
4	186909090	188472980	608	21	0.0000968922	0.000000109469
4	188472981	189693510	405	21	0.0001581876	0.000000079787
4	189693511	191043593	287	21	0.0001255507	0.000000052633
5	11940	982251	229	21	0.0001037894	0.000000038919
5	982252	2132441	454	21	0.0001871968	0.000000094815
5	2132442	3361940	778	21	-0.0000418790	0.000000103938
5	3361941	4632109	530	21	0.0007215265	0.000000113613
5	4632110	5973232	690	21	0.0001826927	0.000000112889
5	5973233	7143217	574	21	0.0009993873	0.000000133169
5	7143218	8446335	584	21	0.0003561962	0.000000104659
5	8446336	9718831	597	21	0.0000653239	0.000000095325
5	9718832	11173270	727	21	0.0002967854	0.000000117436
5	11173271	13464831	561	21	0.0000253782	0.000000087492
5	13464832	14757803	582	21	0.0001149421	0.000000095062
5	14757804	16963612	751	21	0.0001795100	0.000000112762
5	16963613	18051591	265	21	0.0002130601	0.000000054002
5	18051592	19917715	543	21	0.0002588750	0.000000085969
5	19917716	22152072	439	21	0.0000895377	0.000000064114
5	22152073	23494323	403	21	0.0001433144	0.000000061559
5	23494324	26184850	647	21	0.0001645755	0.000000106484
5	26184851	26857603	150	21	0.0000152427	0.000000023245
5	26857604	27984512	217	21	0.0000486109	0.000000036126
5	27984513	29714819	400	21	0.0000175308	0.000000055518
5	29714820	31390248	568	21	0.0000471628	0.000000085920
5	31390249	33500179	802	21	0.0000668576	0.000000108272
5	33500180	35048969	541	21	0.0001227404	0.000000094256
5	35048970	36433953	476	21	0.0004540837	0.000000085230
5	36433954	38802409	749	21	0.0000279388	0.000000106721
5	38802410	40287728	532	21	0.0003620747	0.000000083530
5	40287729	41888709	539	21	0.0000551288	0.000000063606
5	41888710	43983498	406	21	0.0001745017	0.000000057509
5	43983499	50163397	413	21	0.0000412658	0.000000048252
5	50163398	52134621	556	21	0.0002997291	0.000000092643
5	52134622	53703043	596	21	0.0000057209	0.000000093626
5	53703044	55417348	588	21	0.0000653135	0.000000085756
5	55417349	56621101	493	21	0.0002397082	0.000000084989
5	56621102	57340072	264	21	0.0005490706	0.000000058975
5	57340073	58524621	529	21	0.0001112070	0.000000082954
5	58524622	60935906	678	21	-0.0000313096	0.000000094172
5	60935907	61672994	266	21	0.0002149799	0.000000045778
5	61672995	63218986	476	21	0.0002446917	0.000000071332
5	63218987	63968303	174	19	0.0001522692	0.000000031064
5	63968304	65911285	612	21	0.0004153043	0.000000101662
5	65911286	67850859	769	21	0.0001549897	0.000000111785
5	67850860	71240455	443	21	-0.0000633810	0.000000061480
5	71240456	73759325	949	21	0.0000771222	0.000000108681
5	73759326	75798865	675	21	0.0000614013	0.000000104641
5	75798866	77623331	708	21	0.0001114666	0.000000110050
5	77623332	79393143	645	21	0.0002775651	0.000000116442
5	79393144	80481470	443	21	0.0001408563	0.000000078228
5	80481471	82025647	496	21	0.0002092089	0.000000091697
5	82025648	83972688	518	21	0.0003529924	0.000000106324
5	83972689	85767289	490	21	0.0000355530	0.000000073614
5	85767290	87389990	269	21	0.0002838953	0.000000053676
5	87389991	88891529	301	21	0.0001974436	0.000000049013
5	88891530	90422653	419	21	0.0000218672	0.000000060365
5	90422654	91840541	263	21	0.0000736065	0.000000043084
5	91840542	93809983	406	21	0.0001011612	0.000000059253
5	93809984	95963518	685	21	0.0001400208	0.000000111188
5	95963519	97315600	407	21	0.0001957458	0.000000061304
5	97315601	99260991	479	21	0.0002032375	0.000000074850
5	99260992	101578768	497	21	0.0000550261	0.000000070268
5	101578769	103320004	475	21	0.0001473367	0.000000071124
5	103320005	104851482	407	21	0.0001161625	0.000000067310
5	104851483	105893054	164	21	0.0000642249	0.000000032048
5	105893055	107264195	547	21	0.0002875087	0.000000112968
5	107264196	108633933	378	21	0.0003060434	0.000000073978
5	108633934	110821143	618	21	0.0002435963	0.000000103541
5	110821144	111981561	415	21	0.0000084738	0.000000072104
5	111981562	113396284	535	21	0.0001476527	0.000000091465
5	113396285	114830369	512	21	0.0002753466	0.000000089474
5	114830370	115831046	423	21	0.0000285175	0.000000069216
5	115831047	117346212	543	21	0.0001479466	0.000000104013
5	117346213	118608819	366	21	0.0004805738	0.000000082184
5	118608820	119669041	326	21	-0.0000572846	0.000000050654
5	119669042	120452165	228	21	0.0001486142	0.000000043569
5	120452166	122556904	653	21	0.0000607090	0.000000108027
5	122556905	123798099	434	21	0.0000912988	0.000000074305
5	123798100	125785648	818	21	0.0000603925	0.000000108014
5	125785649	127344603	421	21	0.0002156589	0.000000071039
5	127344604	129519024	644	21	0.0000688398	0.000000088554
5	129519025	132139648	600	21	0.0001792086	0.000000074977
5	132139649	134777400	891	21	0.0002369209	0.000000115050
5	134777401	136376049	583	21	0.0001377972	0.000000086430
5	136376050	139265071	683	21	0.0000239426	0.000000089435
5	139265072	140645970	349	21	0.0001140561	0.000000046548
5	140645971	142981247	907	21	0.0005935709	0.000000129265
5	142981248	144943353	618	21	0.0002096654	0.000000096153
5	144943354	147181997	728	21	0.0004631835	0.000000124068
5	147181998	148662623	545	21	0.0000137508	0.000000083045
5	148662624	150561297	841	21	0.0002218313	0.000000114449
5	150561298	152867773	834	21	0.0000183964	0.000000106112
5	152867774	153773087	425	21	0.0000855340	0.000000058211
5	153773088	155373504	554	21	0.0004351140	0.000000103116
5	155373505	156628699	371	21	0.0001215442	0.000000059848
5	156628700	158825697	867	21	0.0002672989	0.000000116261
5	158825698	159973943	409	21	0.0001611206	0.000000075558
5	159973944	161482132	513	21	0.0004221683	0.000000087869
5	161482133	162743907	350	21	0.0000856411	0.000000058427
5	162743908	163771581	373	21	0.0001453490	0.000000066112
5	163771582	165642394	533	21	0.0002420454	0.000000105278
5	165642395	166847739	413	21	-0.0000761969	0.000000076169
5	166847740	168525317	757	21	-0.0000466517	0.000000103748
5	168525318	169505663	472	21	0.0001663863	0.000000088448
5	169505664	171074291	646	21	0.0000921603	0.000000109280
5	171074292	172678326	664	21	0.0004214240	0.000000122404
5	172678327	173642870	484	21	0.0002941305	0.000000091980
5	173642871	175450594	802	21	0.0001611441	0.000000112030
5	175450595	177251506	334	21	0.0030557519	0.000000171741
5	177251507	178413463	427	21	0.0002330953	0.000000086698
5	178413464	179401243	348	21	0.0001725228	0.000000068686
5	179401244	180559932	320	21	0.0001445409	0.000000058432
5	180559933	180885155	41	9	0.0000257293	0.000000008003
6	73924	1452361	669	21	0.0000770820	0.000000108679
6	1452362	2458935	430	21	-0.0000112127	0.000000071975
6	2458936	3573592	567	21	0.0000795223	0.000000101288
6	3573593	4617816	508	21	0.0002446614	0.000000093327
6	4617817	5791471	582	21	0.0000727628	0.000000104186
6	5791472	6785206	589	21	0.0003342503	0.000000118929
6	6785207	7808935	511	21	0.0003650085	0.000000104339
6	7808936	9020025	494	21	0.0002156714	0.000000082287
6	9020026	10540316	605	21	0.0001815524	0.000000108974
6	10540317	11790815	562	21	0.0015902634	0.000000158720
6	11790816	13209387	589	21	0.0002614875	0.000000105377
6	13209388	14802923	672	21	0.0005370926	0.000000127014
6	14802924	17386404	982	21	0.0001343655	0.000000110963
6	17386405	19207486	634	21	0.0002176316	0.000000094469
6	19207487	21684064	1014	21	0.0001821608	0.000000112868
6	21684065	22748306	513	21	-0.0001025306	0.000000085519
6	22748307	23936618	484	21	0.0002125060	0.000000095821
6	23936619	24852274	399	21	-0.0000251924	0.000000071855
6	24852275	25684586	447	21	0.0000162486	0.000000070894
6	25684587	26791232	475	21	0.0001463949	0.000000057661
6	26791233	28017818	275	19	0.0002197638	0.000000039611
6	28017819	28917607	317	21	0.0003078391	0.000000041253
6	28917608	29737970	526	21	0.0004202272	0.000000067866
6	29737971	30798167	909	21	0.0002988194	0.000000080587
6	30798168	31571217	795	21	0.0006802224	0.000000099417
6	31571218	32682663	695	21	0.0014486879	0.000000130135
6	32682664	33236496	628	21	0.0001091007	0.000000073278
6	33236497	35455755	750	21	0.0002593281	0.000000115943
6	35455756	37572595	817	21	0.0003476327	0.000000119463
6	37572596	39295676	758	21	0.0001063909	0.000000109848
6	39295677	40345114	400	21	0.0001872574	0.000000070342
6	40345115	42038720	710	21	0.0002059556	0.000000113816
6	42038721	43756168	441	21	0.0003463450	0.000000082906
6	43756169	45406562	570	21	0.0003017226	0.000000107429
6	45406563	47311897	756	21	-0.0000071480	0.000000105322
6	47311898	48391124	355	21	0.0002846945	0.000000056208
6	48391125	50386144	492	21	0.0003183746	0.000000068491
6	50386145	52210475	621	21	0.0003263102	0.000000099679
6	52210476	53279101	427	21	0.0001049074	0.000000067293
6	53279102	55468269	853	21	0.0002173982	0.000000114044
6	55468270	56105312	211	20	0.0000478521	0.000000025939
6	56105313	57599464	366	21	0.0003078543	0.000000061734
6	57599465	61880511	119	9	0.0000078949	0.000000012012
6	61880512	63552887	334	21	0.0002983207	0.000000048040
6	63552888	65765741	442	21	0.0001622216	0.000000064221
6	65765742	67329214	481	21	-0.0000055470	0.000000069162
6	67329215	68849482	460	21	0.0000427923	0.000000063759
6	68849483	69523447	217	21	0.0002541580	0.000000040357
6	69523448	71609509	740	21	0.0001660589	0.000000105638
6	71609510	73450096	629	21	0.0000049854	0.000000092700
6	73450097	75462002	572	21	0.0002136147	0.000000087461
6	75462003	77414880	447	21	0.0001748977	0.000000064510
6	77414881	78957727	485	21	0.0002303550	0.000000063098
6	78957728	80691169	580	21	0.0001219515	0.000000088671
6	80691170	81929221	369	21	0.0000502441	0.000000041747
6	81929222	83127148	348	21	0.0000533873	0.000000052506
6	83127149	85209988	555	21	0.0000621250	0.000000077720
6	85209989	87069499	592	21	0.0001181843	0.000000074938
6	87069500	88822139	538	21	0.0001855678	0.000000078046
6	88822140	89973051	431	21	0.0003185546	0.000000081370
6	89973052	91843195	730	21	-0.0000733109	0.000000102685
6	91843196	93428643	465	21	0.0001199691	0.000000076964
6	93428644	94118141	281	21	0.0001231125	0.000000045040
6	94118142	94441174	83	8	-0.0000108864	0.000000009109
6	94441175	97093510	614	21	0.0002532822	0.000000096775
6	97093511	97842283	228	21	0.0002186662	0.000000039364
6	97842284	100630145	785	21	-0.0000174948	0.000000104910
6	100630146	102636771	489	21	0.0001489443	0.000000078985
6	102636772	103983394	330	21	0.0000340909	0.000000045465
6	103983395	106056732	657	21	0.0001225226	0.000000100521
6	106056733	107450305	620	21	0.0002434856	0.000000114855
6	107450306	108464379	342	21	0.0000132592	0.000000055561
6	108464380	110304246	532	21	0.0000395392	0.000000071818
6	110304247	112345013	612	21	0.0006284412	0.000000115490
6	112345014	114220832	625	21	0.0002469483	0.000000098082
6	114220833	116131395	475	21	0.0000968577	0.000000061632
6	116131396	117672971	468	21	0.0000292078	0.000000063649
6	117672972	118963114	368	21	-0.0000497369	0.000000048425
6	118963115	119963277	319	21	0.0002104784	0.000000053691
6	119963278	120512127	164	18	0.0001634973	0.000000028085
6	120512128	121905675	377	21	0.0002490063	0.000000055214
6	121905676	123856180	597	21	0.0000604523	0.000000079403
6	123856181	125424382	591	21	0.0000180122	0.000000106325
6	125424383	127540460	458	21	0.0003914465	0.000000081450
6	127540461	129861030	606	21	0.0000788366	0.000000093179
6	129861031	130935453	491	21	0.0007539223	0.000000109585
6	130935454	132765668	599	21	0.0001117988	0.000000096503
6	132765669	134244242	582	21	0.0001252699	0.000000094803
6	134244243	136224176	580	21	-0.0000244676	0.000000100766
6	136224177	137614217	335	21	-0.0000234780	0.000000055590
6	137614218	138822628	473	21	-0.0000510485	0.000000075413
6	138822629	139845435	381	21	0.0001145076	0.000000069822
6	139845436	142288478	526	21	0.0001273298	0.000000080527
6	142288479	145319809	1031	21	0.0000831616	0.000000108922
6	145319810	146665423	310	21	0.0000510262	0.000000036016
6	146665424	148920351	911	21	0.0001656166	0.000000112208
6	148920352	150253403	515	21	-0.0000318618	0.000000073988
6	150253404	151912702	875	21	-0.0000635871	0.000000103073
6	151912703	153094495	556	21	0.0002372450	0.000000095471
6	153094496	154974119	788	21	0.0001599042	0.000000111981
6	154974120	156763325	717	21	0.0001548586	0.000000111779
6	156763326	158218718	369	21	-0.0000119209	0.000000062019
6	158218719	160580496	1028	21	0.0002721022	0.000000116452
6	160580497	162169563	756	21	0.0001748163	0.000000112575
6	162169564	162931202	370	21	0.0001217927	0.000000070542
6	162931203	164383520	669	21	0.0001822392	0.000000112871
6	164383521	165586863	535	21	0.0000576513	0.000000085010
6	165586864	167024732	798	21	0.0002968598	0.000000117439
6	167024733	168042834	421	21	0.0003224374	0.000000081524
6	168042835	169382049	577	21	0.0001008861	0.000000097189
6	169382050	170330172	392	21	0.0003039246	0.000000068982
6	170330173	171051269	234	21	0.0001222289	0.000000041908
7	16161	972751	87	14	0.0004376957	0.000000033091
7	972752	1353066	99	16	0.0001819679	0.000000024613
7	1353067	2062397	138	21	0.0001718697	0.000000032443
7	2062398	2772226	214	21	0.0002101716	0.000000047239
7	2772227	4573427	843	21	0.0002083869	0.000000113913
7	4573428	5416231	199	21	0.0001334820	0.000000044003
7	5416232	5854525	98	16	0.0000968765	0.000000021859
7	5854526	6573856	139	21	0.0001193318	0.000000029765
7	6573857	7808751	412	21	0.0000762586	0.000000078062
7	7808752	9123422	719	21	0.0002770827	0.000000116651
7	9123423	9987498	353	21	0.0000688792	0.000000067368
7	9987499	11299197	467	21	0.0003777513	0.000000101057
7	11299198	12635460	690	21	-0.0000300048	0.000000104411
7	12635461	13884201	560	21	0.0001188842	0.000000110346
7	13884202	15143656	569	21	0.0000819760	0.000000108875
7	15143657	16902068	747	21	0.0001239583	0.000000110548
7	16902069	19481546	1017	21	0.0000433361	0.000000107334
7	19481547	20124907	227	21	0.0002610284	0.000000050283
7	20124908	22507628	1185	21	0.0002997217	0.000000117553
7	22507629	23471441	309	21	0.0001531507	0.000000060253
7	23471442	25077258	697	21	0.0003840974	0.000000120916
7	25077259	25909554	445	21	0.0002772023	0.000000082334
7	25909555	28360308	880	21	0.0001653527	0.000000112198
7	28360309	31137288	1231	21	0.0001870853	0.000000113064
7	31137289	33555767	984	21	0.0001252430	0.000000110599
7	33555768	36213537	1005	21	0.0000789529	0.000000108754
7	36213538	37555183	626	21	0.0000811439	0.000000108841
7	37555184	38966702	631	21	0.0000329613	0.000000092695
7	38966703	39862669	313	21	0.0001127479	0.000000048992
7	39862670	42001810	608	21	0.0003317087	0.000000104580
7	42001811	43159073	400	21	0.0000290098	0.000000066002
7	43159074	44763827	466	21	0.0000620554	0.000000071411
7	44763828	45952921	348	21	0.0001559877	0.000000063123
7	45952922	46986719	409	21	0.0001168480	0.000000064342
7	46986720	49212277	895	21	0.0002433801	0.000000115308
7	49212278	51675321	885	21	0.0003169649	0.000000118241
7	51675322	53176311	630	21	0.0001019860	0.000000097681
7	53176312	54222975	372	21	0.0001887284	0.000000055761
7	54222976	55691583	527	21	0.0000894772	0.000000086275
7	55691584	57382637	242	21	0.0006616782	0.000000059099
7	57382638	63307358	126	14	0.0001995743	0.000000026503
7	63307359	63641124	53	6	0.0000350275	0.000000008760
7	63641125	65689808	306	21	0.0000765181	0.000000040927
7	65689809	68234073	703	21	0.0001273499	0.000000105907
7	68234074	69085363	263	21	0.0001459361	0.000000047808
7	69085364	71874884	834	21	0.0001191797	0.000000110357
7	71874885	73334601	149	21	0.0000091434	0.000000023005
7	73334602	76458563	345	21	0.0002407322	0.000000064568
7	76458564	78093858	604	21	-0.0000325588	0.000000102715
7	78093859	79888068	641	21	0.0002760355	0.000000113874
7	79888069	82022685	711	21	-0.0000260342	0.000000104570
7	82022686	83801202	624	21	0.0001342973	0.000000105278
7	83801203	85572181	402	21	0.0000607587	0.000000054483
7	85572182	87825003	563	21	0.0002437962	0.000000079922
7	87825004	90661783	953	21	0.0001565600	0.000000111847
7	90661784	92493751	423	21	0.0001065733	0.000000062868
7	92493752	93966600	349	21	0.0003709015	0.000000074621
7	93966601	96073507	691	21	0.0002221645	0.000000114462
7	96073508	97099569	307	21	0.0000519734	0.000000048049
7	97099570	98715473	415	21	0.0000468874	0.000000066281
7	98715474	100196650	248	21	0.0000942452	0.000000035473
7	100196651	101199252	245	21	0.0002977224	0.000000053184
7	101199253	103197509	382	21	0.0002193065	0.000000069684
7	103197510	104159524	473	21	0.0000631319	0.000000076886
7	104159525	105682904	535	21	0.0002200665	0.000000095232
7	105682905	107780177	738	21	0.0003779974	0.000000120673
7	107780178	109647593	551	21	0.0001963731	0.000000088978
7	109647594	112618683	827	21	0.0001840051	0.000000112941
7	112618684	113712386	219	21	0.0000533449	0.000000034063
7	113712387	116780177	709	21	0.0001051919	0.000000101182
7	116780178	118351580	372	21	0.0000288637	0.000000046718
7	118351581	121045272	436	21	0.0000914044	0.000000060565
7	121045273	121933629	228	21	0.0002212472	0.000000039670
7	121933630	124156804	660	21	0.0002227812	0.000000097121
7	124156805	124167551	6	2	-0.0000142504	0.000000000406
7	124167552	126519169	658	21	0.0000901570	0.000000083216
7	126519170	126869220	139	18	0.0001988375	0.000000026874
7	126869221	128778385	591	21	0.0004327495	0.000000095726
7	128778386	130422413	468	21	0.0004843787	0.000000091644
7	130422414	132805847	918	21	0.0001984405	0.000000113516
7	132805848	134307595	440	21	0.0004364660	0.000000077433
7	134307596	135591082	500	21	0.0003593552	0.000000088209
7	135591083	136876561	407	21	0.0001310990	0.000000068116
7	136876562	138744678	607	21	-0.0000140947	0.000000105045
7	138744679	139933176	327	21	0.0002322466	0.000000060637
7	139933177	140235209	118	21	0.0000987333	0.000000023729
7	140235210	141226556	281	21	0.0002097118	0.000000047841
7	141226557	142656309	442	21	0.0000882552	0.000000058319
7	142656310	144968288	551	21	0.0001378848	0.000000084014
7	144968289	146427959	379	21	0.0000028253	0.000000057269
7	146427960	147815317	568	21	0.0001940815	0.000000096871
7	147815318	149840657	611	21	0.0001627442	0.000000112094
7	149840658	150711504	308	21	0.0002015790	0.000000050423
7	150711505	152249805	453	21	0.0002514479	0.000000095370
7	152249806	153674018	456	21	0.0001161166	0.000000087334
7	153674019	154964729	537	21	0.0002585132	0.000000107964
7	154964730	156065249	471	21	0.0002987689	0.000000095035
7	156065250	157634596	519	21	0.0000403303	0.000000094107
7	157634597	159128574	458	21	0.0002358832	0.000000081129
8	10422	1044216	396	21	0.0003075565	0.000000091413
8	1044217	1163244	71	12	0.0000819311	0.000000016505
8	1163245	2042941	455	21	0.0002331697	0.000000100436
8	2042942	2573278	257	21	0.0000557660	0.000000050501
8	2573279	3392925	594	21	0.0000786031	0.000000108740
8	3392926	3783016	424	21	0.0000693441	0.000000085033
8	3783017	4480475	667	21	0.0000660669	0.000000108240
8	4480476	5146926	491	21	0.0001208161	0.000000102255
8	5146927	6142796	753	21	0.0001329878	0.000000110908
8	6142797	7153078	541	21	0.0001562587	0.000000110467
8	7153079	9154693	554	21	0.0000250555	0.000000106606
8	9154694	9640786	237	21	0.0000227487	0.000000043977
8	9640787	10463196	463	21	0.0002301657	0.000000101660
8	10463197	11278997	387	21	-0.0000660340	0.000000068930
8	11278998	13491774	800	21	0.0002029726	0.000000113697
8	13491775	13944991	251	21	0.0000266205	0.000000044546
8	13944992	15991659	1082	21	0.0000688171	0.000000108350
8	15991660	17387875	547	21	0.0000665938	0.000000108261
8	17387876	17836398	270	21	0.0000693866	0.000000052929
8	17836399	19492839	964	21	0.0001927562	0.000000113290
8	19492840	20060855	335	21	0.0002023607	0.000000067943
8	20060856	21661736	746	21	0.0001393669	0.000000111162
8	21661737	22897056	458	21	0.0003167629	0.000000097522
8	22897057	24674717	655	21	0.0001881748	0.000000113107
8	24674718	25483453	287	21	0.0000647339	0.000000045013
8	25483454	26682524	616	21	0.0001430385	0.000000105173
8	26682525	28162391	736	21	0.0000867573	0.000000109065
8	28162392	29327895	367	21	0.0002297461	0.000000066895
8	29327896	31133728	540	21	0.0003585960	0.000000099851
8	31133729	31548359	125	20	0.0002143707	0.000000027886
8	31548360	32977217	484	21	0.0004100813	0.000000085434
8	32977218	35317231	535	21	0.0000053857	0.000000060566
8	35317232	37379388	359	21	0.0000701761	0.000000056122
8	37379389	38938805	287	21	0.0007817989	0.000000080065
8	38938806	40703336	583	21	0.0001154207	0.000000089076
8	40703337	41721453	381	21	0.0000702649	0.000000069145
8	41721454	42773822	192	21	0.0001761165	0.000000033622
8	42773823	46841314	43	7	0.0000831433	0.000000010261
8	46841315	50082469	395	21	0.0003588342	0.000000070094
8	50082470	53302929	782	21	0.0001238446	0.000000100573
8	53302930	54418043	344	21	-0.0000100991	0.000000049784
8	54418044	55945580	474	21	0.0000932433	0.000000067689
8	55945581	56956382	353	21	0.0000859101	0.000000055056
8	56956383	59068650	663	21	0.0001595796	0.000000106059
8	59068651	59728099	275	21	0.0003652214	0.000000055229
8	59728100	62329098	787	21	0.0006157638	0.000000130150
8	62329099	63349305	328	21	0.0002735945	0.000000053061
8	63349306	65232871	516	21	0.0001601018	0.000000075517
8	65232872	66489089	361	21	0.0000067020	0.000000051079
8	66489090	69863056	863	21	0.0000198793	0.000000106400
8	69863057	70867978	403	21	0.0000518683	0.000000068631
8	70867979	72289453	440	21	0.0002427963	0.000000071043
8	72289454	73817198	687	21	0.0000197113	0.000000103207
8	73817199	75445063	616	21	0.0001858789	0.000000099450
8	75445064	76456541	291	21	0.0001933741	0.000000048231
8	76456542	79132860	687	21	0.0001833696	0.000000095553
8	79132861	81956394	803	21	0.0006015791	0.000000129584
8	81956395	82693738	217	21	-0.0000131633	0.000000030826
8	82693739	84225588	415	21	0.0000292929	0.000000051763
8	84225589	85955618	356	21	0.0001263777	0.000000053294
8	85955619	87411708	266	21	0.0002107214	0.000000041707
8	87411709	89085480	483	21	0.0001619348	0.000000075374
8	89085481	90638161	393	21	0.0001792002	0.000000061496
8	90638162	93554385	674	21	0.0003177652	0.000000110323
8	93554386	95005526	385	21	0.0001275162	0.000000064764
8	95005527	96534805	625	21	0.0003227375	0.000000112557
8	96534806	99401580	1100	21	0.0000827184	0.000000108904
8	99401581	101620957	503	21	0.0001905257	0.000000064916
8	101620958	104123305	986	21	0.0002098137	0.000000113970
8	104123306	104988751	249	21	0.0000622399	0.000000033191
8	104988752	107410753	819	21	0.0002234674	0.000000114514
8	107410754	108648176	469	21	0.0001368079	0.000000069631
8	108648177	109248172	204	21	0.0002383642	0.000000034055
8	109248173	110484313	350	21	0.0003199796	0.000000051578
8	110484314	111850846	287	21	0.0001757990	0.000000042995
8	111850847	113064319	232	19	0.0001453736	0.000000033017
8	113064320	116096494	781	21	-0.0000347354	0.000000088216
8	116096495	119685456	1153	21	0.0002547458	0.000000115761
8	119685457	121201699	527	21	0.0004297431	0.000000088387
8	121201700	124861458	1334	21	0.0001450384	0.000000111388
8	124861459	125683718	333	21	0.0001686465	0.000000055176
8	125683719	126410916	254	21	0.0003605070	0.000000057121
8	126410917	128659110	910	21	0.0001752725	0.000000112593
8	128659111	130381138	672	21	0.0002758307	0.000000116601
8	130381139	131639624	464	21	0.0000132668	0.000000072947
8	131639625	133351143	758	21	0.0001824503	0.000000112879
8	133351144	134570000	706	21	0.0002463259	0.000000115425
8	134570001	136035604	752	21	0.0002056600	0.000000113804
8	136035605	137524150	551	21	0.0003007409	0.000000093787
8	137524151	139254829	736	21	0.0000624229	0.000000107411
8	139254830	140725642	748	21	0.0001853009	0.000000112993
8	140725643	143044913	821	21	0.0002783437	0.000000116701
8	143044914	144236880	365	21	0.0001506173	0.000000062485
8	144236881	146303866	338	21	0.0001315778	0.000000063859
9	10023	1079706	574	21	0.0001734639	0.000000112521
9	1079707	1916876	598	21	-0.0001017411	0.000000101552
9	1916877	3190063	762	21	0.0002642096	0.000000116138
9	3190064	4495327	735	21	0.0001367154	0.000000111056
9	4495328	4884925	227	21	0.0001681353	0.000000049308
9	4884926	6557588	556	21	0.0001801081	0.000000112786
9	6557589	7154922	292	21	0.0001585223	0.000000059831
9	7154923	8456298	923	21	0.0001052374	0.000000109802
9	8456299	9166402	399	21	0.0001514613	0.000000082798
9	9166403	10879252	836	21	-0.0000027823	0.000000105496
9	10879253	12276488	463	21	0.0001386696	0.000000083825
9	12276489	14836362	1254	21	0.0000607099	0.000000108027
9	14836363	16659654	800	21	0.0001253847	0.000000110605
9	16659655	18661050	938	21	0.0001560728	0.000000111828
9	18661051	20463533	821	21	0.0000302696	0.000000106814
9	20463534	22206558	685	21	0.0000536031	0.000000107744
9	22206559	24158517	600	21	0.0004642851	0.000000123884
9	24158518	25330809	295	21	0.0002161648	0.000000066144
9	25330810	26111756	271	21	0.0000370940	0.000000053757
9	26111757	28224282	945	21	0.0000419040	0.000000107277
9	28224283	28811583	250	21	0.0001651446	0.000000048567
9	28811584	30387391	550	21	0.0002910461	0.000000085934
9	30387392	31310382	245	21	0.0000383132	0.000000035105
9	31310383	32019367	206	21	-0.0000240424	0.000000026334
9	32019368	33578333	587	21	0.0006298265	0.000000116665
9	33578334	34642242	285	21	0.0005183420	0.000000053236
9	34642243	36743282	583	21	0.0002048543	0.000000103123
9	36743283	38641598	716	21	0.0003024674	0.000000117663
9	38641599	65472189	102	21	0.0002755090	0.000000029295
9	65472190	72512710	563	21	0.0001396375	0.000000093591
9	72512711	72753754	100	10	0.0001411046	0.000000018835
9	72753755	74253039	594	21	0.0000752379	0.000000086593
9	74253040	76203945	570	21	0.0002177060	0.000000090046
9	76203946	76973080	179	21	0.0001744637	0.000000033152
9	76973081	78900182	799	21	0.0000663377	0.000000108251
9	78900183	79471207	290	21	0.0000438601	0.000000053603
9	79471208	81079054	522	21	0.0001412459	0.000000097674
9	81079055	82590927	628	21	0.0000163890	0.000000106260
9	82590928	84211232	653	21	0.0000375211	0.000000107103
9	84211233	85440800	327	21	0.0000431237	0.000000058865
9	85440801	86938195	635	21	0.0002233677	0.000000109505
9	86938196	88109332	498	21	0.0002279097	0.000000084520
9	88109333	88590416	113	14	0.0002066448	0.000000022801
9	88590417	90136245	597	21	0.0001319477	0.000000104053
9	90136246	92528697	851	21	0.0002184899	0.000000114316
9	92528698	94167202	620	21	0.0002299596	0.000000110902
9	94167203	96671697	787	21	0.0001560038	0.000000111825
9	96671698	98922039	665	21	0.0004737486	0.000000114276
9	98922040	101592858	859	21	0.0000171915	0.000000106292
9	101592859	104624436	962	21	0.0000937364	0.000000109343
9	104624437	105967975	567	21	0.0001941993	0.000000089774
9	105967976	107581748	602	21	-0.0000239674	0.000000076489
9	107581749	109298753	601	21	0.0002143009	0.000000104174
9	109298754	110695061	571	21	0.0001796651	0.000000103922
9	110695062	112778023	1098	21	0.0000268188	0.000000106676
9	112778024	114831081	908	21	0.0000338787	0.000000106958
9	114831082	115693144	314	21	0.0003069883	0.000000055838
9	115693145	117019800	634	21	0.0000195160	0.000000106385
9	117019801	117921959	464	21	0.0000610838	0.000000079209
9	117921960	121321536	1463	21	0.0000683023	0.000000108330
9	121321537	122260296	356	21	0.0005754257	0.000000078245
9	122260297	124871321	772	21	0.0000403785	0.000000107217
9	124871322	126971886	685	21	0.0003302208	0.000000118769
9	126971887	129059664	563	21	0.0003099405	0.000000099696
9	129059665	130055509	326	21	0.0001949398	0.000000059793
9	130055510	132165469	497	21	0.0001333399	0.000000086033
9	132165470	133223216	318	21	0.0002674690	0.000000064355
9	133223217	134127887	336	21	0.0001493217	0.000000065201
9	134127888	135298841	433	21	0.0001733980	0.000000073882
9	135298842	137041121	652	21	0.0004149611	0.000000122146
9	137041122	137589363	199	21	0.0000621224	0.000000040358
9	137589364	138938977	616	21	0.0000622364	0.000000108088
9	138938978	139500341	118	21	0.0001321558	0.000000026649
9	139500342	141144795	231	21	0.0000901113	0.000000042909
10	60523	751338	125	15	0.0000700466	0.000000025205
10	751339	1523543	338	21	0.0000814646	0.000000062087
10	1523544	2254499	440	21	0.0000202182	0.000000076493
10	2254500	3352698	665	21	0.0001459788	0.000000111426
10	3352699	4572273	608	21	0.0001118437	0.000000109381
10	4572274	5983761	710	21	0.0005650290	0.000000128128
10	5983762	7171483	742	21	0.0000127581	0.000000106116
10	7171484	8774664	864	21	0.0000835749	0.000000108938
10	8774665	10249395	565	21	0.0000935394	0.000000089758
10	10249396	12586796	1031	21	0.0001981765	0.000000113506
10	12586797	13321599	444	21	0.0000727819	0.000000088489
10	13321600	15026067	949	21	-0.0000074389	0.000000105311
10	15026068	16551766	562	21	0.0002372504	0.000000113923
10	16551767	18537266	772	21	0.0000246677	0.000000106590
10	18537267	19716877	531	21	0.0000695717	0.000000086589
10	19716878	22772282	986	21	0.0000425296	0.000000107302
10	22772283	23175131	126	14	0.0002279535	0.000000030625
10	23175132	25578595	764	21	0.0001790998	0.000000112746
10	25578596	26888683	535	21	0.0001239103	0.000000073865
10	26888684	29323235	905	21	0.0001262375	0.000000110639
10	29323236	29783691	268	21	-0.0000359126	0.000000041658
10	29783692	30458837	361	21	0.0001372835	0.000000069865
10	30458838	31907518	479	21	-0.0000270433	0.000000070912
10	31907519	33707967	628	21	0.0000595097	0.000000086410
10	33707968	35109354	498	21	0.0002344897	0.000000087411
10	35109355	36572507	422	21	0.0003113142	0.000000073544
10	36572508	37790028	321	21	0.0002323301	0.000000054137
10	37790029	42372578	198	13	0.0000747257	0.000000019195
10	42372579	43894770	299	21	0.0001383134	0.000000049378
10	43894771	44730074	292	21	0.0001527733	0.000000046833
10	44730075	48760449	673	21	0.0001346104	0.000000110972
10	48760450	50840914	666	21	0.0001769839	0.000000099768
10	50840915	53616628	753	21	0.0000933793	0.000000109329
10	53616629	55103571	681	21	0.0000528902	0.000000107487
10	55103572	57031139	762	21	0.0001520972	0.000000111669
10	57031140	57662145	178	18	0.0001298164	0.000000023755
10	57662146	58959527	381	21	-0.0000052308	0.000000036874
10	58959528	60289986	420	21	0.0000956181	0.000000052916
10	60289987	61891408	584	21	0.0002805661	0.000000107488
10	61891409	62659678	303	21	-0.0000058673	0.000000043886
10	62659679	63341694	161	19	0.0002516680	0.000000033975
10	63341695	65794113	848	21	0.0002673707	0.000000116264
10	65794114	67549614	481	21	-0.0000681997	0.000000061074
10	67549615	69900147	895	21	0.0002836159	0.000000116911
10	69900148	70195990	115	11	0.0005658108	0.000000037341
10	70195991	72220849	894	21	0.0002415700	0.000000115236
10	72220850	73508511	743	21	0.0001484967	0.000000111526
10	73508512	75422549	438	21	0.0000927172	0.000000052382
10	75422550	78706813	839	21	0.0001400089	0.000000111188
10	78706814	80876748	1016	21	0.0002850226	0.000000116967
10	80876749	82414678	491	21	0.0002337503	0.000000089141
10	82414679	84383744	715	21	-0.0000665950	0.000000102953
10	84383745	85458702	438	21	0.0002070501	0.000000064083
10	85458703	87937576	980	21	0.0001978539	0.000000113493
10	87937577	89127063	272	21	0.0005485381	0.000000063305
10	89127064	91013380	727	21	0.0000728215	0.000000108510
10	91013381	92006580	376	21	0.0003358551	0.000000070459
10	92006581	93335046	444	21	0.0001136787	0.000000067426
10	93335047	95396367	664	21	0.0002945815	0.000000108271
10	95396368	96221242	264	21	0.0000661564	0.000000045070
10	96221243	97822356	583	21	0.0002111879	0.000000077111
10	97822357	100241301	917	21	0.0003927405	0.000000121261
10	100241302	100668399	147	14	0.0000893672	0.000000021962
10	100668400	102949238	764	21	0.0003559610	0.000000119566
10	102949239	104380409	306	21	0.0002983462	0.000000048041
10	104380410	106695047	763	21	0.0006276869	0.000000130625
10	106695048	108726685	673	21	0.0000961384	0.000000101950
10	108726686	110317704	638	21	0.0003874974	0.000000114230
10	110317705	112561492	662	21	0.0001256447	0.000000104028
10	112561493	115328431	1022	21	0.0000684643	0.000000108336
10	115328432	116421405	494	21	0.0005120088	0.000000099314
10	116421406	119523933	995	21	0.0000458155	0.000000107433
10	119523934	120591352	404	21	0.0000503547	0.000000070515
10	120591353	122407322	678	21	0.0004185249	0.000000122288
10	122407323	123231464	390	21	0.0003037430	0.000000075174
10	123231465	123900544	279	21	0.0000623405	0.000000050132
10	123900545	125869345	855	21	0.0004128575	0.000000122063
10	125869346	128001097	953	21	0.0003832017	0.000000120881
10	128001098	129154361	525	21	-0.0000346400	0.000000086438
10	129154362	130844283	933	21	0.0001411486	0.000000111233
10	130844284	131741326	415	21	0.0003324217	0.000000081054
10	131741327	132580244	412	21	0.0000689929	0.000000067802
10	132580245	134336328	844	21	0.0000756678	0.000000108623
10	134336329	134494672	39	6	0.0000703273	0.000000008585
10	134494673	135523864	276	21	0.0001143844	0.000000050100
11	70855	1213589	252	21	0.0000153122	0.000000041608
11	1213590	3665480	789	21	0.0000824734	0.000000108894
11	3665481	4746708	425	21	0.0000566774	0.000000075105
11	4746709	6322868	982	21	0.0001367271	0.000000111057
11	6322869	7436700	541	21	-0.0000123459	0.000000080464
11	7436701	8333273	488	21	0.0001241090	0.000000095650
11	8333274	9087316	272	21	0.0001367960	0.000000050151
11	9087317	10952026	639	21	0.0005087015	0.000000125883
11	10952027	12564228	1095	21	0.0002242657	0.000000114546
11	12564229	13373123	400	21	0.0001802263	0.000000069849
11	13373124	15742551	770	21	0.0001230314	0.000000108688
11	15742552	17578401	597	21	0.0001805192	0.000000093438
11	17578402	19569534	782	21	0.0000610395	0.000000108040
11	19569535	21017137	783	21	0.0002131049	0.000000114101
11	21017138	22374141	546	21	0.0000871066	0.000000094402
11	22374142	24088516	589	21	0.0001219029	0.000000091996
11	24088517	26045752	653	21	0.0001168801	0.000000110266
11	26045753	27020460	354	21	0.0000777884	0.000000051791
11	27020461	28481592	404	21	0.0000650928	0.000000054865
11	28481593	30141356	411	21	0.0002196012	0.000000070552
11	30141357	32276900	627	21	0.0008160107	0.000000109628
11	32276901	33958738	552	21	0.0006739442	0.000000108617
11	33958739	35502604	809	21	0.0000427211	0.000000107310
11	35502605	37116814	737	21	0.0001629790	0.000000112103
11	37116815	39382002	416	21	0.0000670347	0.000000059175
11	39382003	42310002	913	21	0.0002986657	0.000000117511
11	42310003	44693798	960	21	-0.0000178192	0.000000104897
11	44693799	47006136	706	21	0.0002078755	0.000000113893
11	47006137	49866049	477	21	0.0002709397	0.000000059013
11	49866050	54695472	131	7	-0.0000344677	0.000000008574
11	54695473	55082656	6	3	-0.0000155211	0.000000000549
11	55082657	58457494	1056	21	0.0001922515	0.000000108719
11	58457495	58780548	67	6	0.0000905822	0.000000012120
11	58780549	62223770	981	21	0.0003666955	0.000000120223
11	62223771	63804568	299	21	0.0003903378	0.000000057884
11	63804569	65898630	492	21	0.0000552315	0.000000078977
11	65898631	68005824	316	21	-0.0000592566	0.000000041983
11	68005825	69516129	459	21	0.0001445695	0.000000077071
11	69516130	70926291	460	21	0.0001036868	0.000000086398
11	70926292	72286016	303	21	0.0000387691	0.000000040674
11	72286017	74412350	596	21	0.0001018956	0.000000088316
11	74412351	76797208	759	21	0.0002098748	0.000000113972
11	76797209	78355057	415	21	0.0004370099	0.000000070855
11	78355058	80722372	1056	21	0.0001433512	0.000000111321
11	80722373	81266711	259	21	0.0002868630	0.000000052963
11	81266712	84381271	1163	21	0.0001079571	0.000000109910
11	84381272	86619300	771	21	0.0001633031	0.000000111888
11	86619301	87430234	309	21	0.0001530407	0.000000048296
11	87430235	89208935	563	21	0.0000129424	0.000000093913
11	89208936	90966489	378	21	0.0001933216	0.000000055523
11	90966490	92077143	345	21	0.0000051336	0.000000051438
11	92077144	93276156	396	21	0.0001100296	0.000000060241
11	93276157	94242259	269	21	0.0004000832	0.000000050824
11	94242260	95726040	588	21	0.0001887659	0.000000102932
11	95726041	97057057	494	21	0.0002714981	0.000000095723
11	97057058	98705064	555	21	0.0000595653	0.000000099365
11	98705065	100417168	756	21	0.0001481586	0.000000111512
11	100417169	101331120	404	21	0.0006860415	0.000000086466
11	101331121	103959635	1080	21	0.0002499785	0.000000115571
11	103959636	104873283	283	21	0.0002404846	0.000000037986
11	104873284	106520893	466	21	0.0001989350	0.000000070162
11	106520894	107844199	466	21	0.0001553634	0.000000080111
11	107844200	108437036	135	11	0.0001915784	0.000000023201
11	108437037	109866115	340	21	0.0001701560	0.000000059024
11	109866116	111114396	488	21	0.0001370591	0.000000074603
11	111114397	112459487	381	21	0.0001567764	0.000000059127
11	112459488	114257727	783	21	0.0003553401	0.000000119770
11	114257728	114830665	228	21	0.0001927389	0.000000040178
11	114830666	116383347	651	21	0.0001056228	0.000000109817
11	116383348	117747109	598	21	0.0001455851	0.000000111410
11	117747110	119215475	512	21	0.0003629588	0.000000096922
11	119215476	120766805	621	21	0.0004368910	0.000000123020
11	120766806	121175942	197	21	0.0003165956	0.000000041599
11	121175943	122591909	463	21	0.0002093142	0.000000089051
11	122591910	123500116	415	21	0.0001767363	0.000000081396
11	123500117	124495527	479	21	0.0001523715	0.000000064256
11	124495528	126311319	796	21	0.0001695231	0.000000112364
11	126311320	127316678	558	21	0.0001180327	0.000000089401
11	127316679	128188536	307	21	0.0001709935	0.000000054011
11	128188537	130342574	847	21	0.0002695380	0.000000116350
11	130342575	131074611	363	21	0.0002619457	0.000000072230
11	131074612	133000045	1086	21	0.0000560450	0.000000107841
11	133000046	134205992	544	21	0.0000505381	0.000000104663
11	134205993	134946451	396	21	0.0000704738	0.000000072395
12	61107	1080330	309	21	0.0002855459	0.000000066767
12	1080331	2544785	482	21	0.0000314383	0.000000083086
12	2544786	3677036	505	21	0.0001866061	0.000000099703
12	3677037	4417678	383	21	0.0001060901	0.000000071645
12	4417679	5321471	501	21	-0.0000045112	0.000000087636
12	5321472	6419752	551	21	0.0001059346	0.000000099860
12	6419753	8377535	166	21	0.0000413205	0.000000028103
12	8377536	9031394	0	0	-0.0001875654	-0.000000000000
12	9031395	10481533	215	21	0.0000191482	0.000000032305
12	10481534	11754845	332	21	0.0004033985	0.000000062156
12	11754846	12733527	434	21	-0.0000205334	0.000000081021
12	12733528	15241483	1020	21	0.0001049626	0.000000109791
12	15241484	16310459	251	21	-0.0000265945	0.000000038298
12	16310460	18087872	554	21	0.0002989529	0.000000104398
12	18087873	20863942	928	21	0.0002641050	0.000000116134
12	20863943	23820633	1099	21	0.0001349800	0.000000110987
12	23820634	25371082	713	21	0.0002314000	0.000000114830
12	25371083	27799772	1019	21	0.0000781233	0.000000108721
12	27799773	29651254	691	21	0.0001243433	0.000000101945
12	29651255	30512405	461	21	0.0001712064	0.000000074011
12	30512406	32165591	630	21	0.0000860767	0.000000104263
12	32165592	33076988	378	21	0.0001109811	0.000000062404
12	33076989	37856716	355	21	-0.0000473518	0.000000038925
12	37856717	39227168	135	7	0.0000734940	0.000000019942
12	39227169	40816184	497	21	0.0000820428	0.000000070044
12	40816185	41658585	352	21	0.0000589387	0.000000045408
12	41658586	43984473	897	21	0.0000319071	0.000000106879
12	43984474	46024228	475	21	0.0000758377	0.000000064640
12	46024229	47714792	465	21	0.0000231950	0.000000069654
12	47714793	49001865	540	21	0.0000794791	0.000000082353
12	49001866	51776493	628	21	0.0002634542	0.000000096735
12	51776494	53039003	632	21	0.0003098548	0.000000101922
12	53039004	54778822	587	21	0.0002268424	0.000000099067
12	54778823	55665836	273	21	0.0000116848	0.000000041465
12	55665837	57548859	419	21	0.0006248665	0.000000083828
12	57548860	59308665	463	21	0.0001832177	0.000000070182
12	59308666	61123728	451	21	-0.0000142915	0.000000060641
12	61123729	64032460	945	21	0.0001007613	0.000000109623
12	64032461	65559694	375	21	0.0001506811	0.000000065469
12	65559695	67181143	512	21	0.0008722253	0.000000112080
12	67181144	67909728	322	21	0.0000600232	0.000000045450
12	67909729	69826541	812	21	0.0001196864	0.000000110378
12	69826542	70957986	496	21	0.0002224714	0.000000076045
12	70957987	72645074	565	21	0.0001793001	0.000000088079
12	72645075	73818453	302	21	0.0000936635	0.000000045742
12	73818454	76511313	760	21	0.0003725422	0.000000120456
12	76511314	78570569	755	21	0.0001635020	0.000000112124
12	78570570	80448149	401	21	0.0002286628	0.000000067278
12	80448150	81467766	307	21	0.0002170936	0.000000051244
12	81467767	83502665	557	21	0.0001022777	0.000000079970
12	83502666	84303843	230	21	0.0001046895	0.000000030400
12	84303844	85990425	392	21	-0.0000050923	0.000000043916
12	85990426	89682121	749	21	0.0001311993	0.000000097498
12	89682122	92066154	642	21	0.0002423215	0.000000087503
12	92066155	94514566	901	21	0.0000467968	0.000000107472
12	94514567	96020784	690	21	0.0002278330	0.000000114688
12	96020785	97108838	453	21	0.0002185264	0.000000082401
12	97108839	99305986	927	21	0.0000490435	0.000000107562
12	99305987	101447640	652	21	0.0000278688	0.000000103078
12	101447641	101862689	148	16	0.0001016253	0.000000026048
12	101862690	102964985	334	21	0.0002109409	0.000000061906
12	102964986	104848695	758	21	0.0005493199	0.000000127502
12	104848696	106436212	845	21	0.0000667100	0.000000108266
12	106436213	106958747	230	21	0.0003358924	0.000000049730
12	106958748	109025900	740	21	0.0001568484	0.000000111174
12	109025901	110336718	399	21	0.0000356516	0.000000061551
12	110336719	113263517	462	21	0.0001743381	0.000000067260
12	113263518	113986708	211	21	-0.0000643221	0.000000029827
12	113986709	115036601	539	21	0.0000934491	0.000000088424
12	115036602	115503215	193	21	0.0002111998	0.000000041521
12	115503216	117087470	745	21	0.0001250875	0.000000110593
12	117087471	118135374	457	21	0.0000770562	0.000000083356
12	118135375	119754109	681	21	-0.0000478644	0.000000103699
12	119754110	122007650	675	21	0.0003277582	0.000000116163
12	122007651	124977979	693	21	0.0008605048	0.000000138303
12	124977980	126445504	614	21	0.0002273378	0.000000114668
12	126445505	127875097	638	21	0.0002230512	0.000000109719
12	127875098	129237296	692	21	0.0001309307	0.000000110826
12	129237297	130377920	677	21	0.0000627108	0.000000108107
12	130377921	131786750	730	21	0.0008948132	0.000000141272
12	131786751	132807033	290	21	0.0003060829	0.000000058099
12	132807034	133841510	168	21	0.0001757567	0.000000033405
13	19020013	20686719	288	21	0.0001699556	0.000000049588
13	20686720	22242173	579	21	0.0001889078	0.000000100467
13	22242174	23594701	664	21	0.0000149925	0.000000106205
13	23594702	24531936	506	21	0.0001409062	0.000000090310
13	24531937	25784361	641	21	0.0001548479	0.000000111779
13	25784362	27284361	541	21	0.0002090596	0.000000091691
13	27284362	29257550	848	21	0.0000011164	0.000000105652
13	29257551	30483266	501	21	0.0000933470	0.000000081148
13	30483267	32301814	767	21	0.0000772980	0.000000108688
13	32301815	33776902	576	21	0.0004809144	0.000000104048
13	33776903	35026463	453	21	-0.0000671960	0.000000068450
13	35026464	36046366	220	21	0.0000556352	0.000000038044
13	36046367	37498184	644	21	0.0002173449	0.000000114270
13	37498185	38878162	543	21	0.0002103734	0.000000080769
13	38878163	41069262	866	21	0.0003187556	0.000000118312
13	41069263	43101026	627	21	0.0001973890	0.000000098119
13	43101027	44901408	800	21	0.0000157746	0.000000106236
13	44901409	46495213	528	21	0.0003492497	0.000000098814
13	46495214	47431078	362	21	0.0001412124	0.000000059992
13	47431079	49383961	615	21	0.0003547356	0.000000106842
13	49383962	51591090	743	21	0.0005057459	0.000000125765
13	51591091	53339621	449	21	0.0001649580	0.000000078532
13	53339622	54682863	523	21	0.0000611189	0.000000084927
13	54682864	55817130	319	21	0.0001890432	0.000000049512
13	55817131	57554216	297	21	0.0000120130	0.000000031616
13	57554217	58410625	203	21	0.0001197374	0.000000027968
13	58410626	59302270	216	21	0.0003950312	0.000000041851
13	59302271	60854777	551	21	0.0001287059	0.000000085628
13	60854778	61591948	284	21	0.0014100868	0.000000097775
13	61591949	63971558	635	21	0.0001829914	0.000000103378
13	63971559	65200601	301	21	0.0003010747	0.000000046504
13	65200602	67844452	782	21	0.0002374470	0.000000115071
13	67844453	70724515	886	21	0.0001704159	0.000000112400
13	70724516	71526790	315	21	0.0000013766	0.000000050869
13	71526791	73934088	841	21	0.0002650465	0.000000116171
13	73934089	75670142	733	21	0.0000463787	0.000000107456
13	75670143	77410554	782	21	0.0003299871	0.000000118760
13	77410555	78808812	435	21	0.0000229391	0.000000059981
13	78808813	80585675	573	21	0.0005368030	0.000000104938
13	80585676	82581813	607	21	0.0001130406	0.000000099019
13	82581814	84133143	391	21	0.0001778533	0.000000049069
13	84133144	85610915	411	21	0.0003055193	0.000000069471
13	85610916	88559881	755	21	0.0001209523	0.000000106333
13	88559882	90521310	465	21	0.0003065714	0.000000071645
13	90521311	93129690	858	21	0.0002694170	0.000000116345
13	93129691	93586454	121	16	0.0000843465	0.000000023563
13	93586455	96087557	1196	21	0.0001158247	0.000000110224
13	96087558	97519209	357	21	0.0000577786	0.000000058172
13	97519210	98938918	432	21	0.0001722479	0.000000083405
13	98938919	100574094	783	21	0.0001425247	0.000000111288
13	100574095	102300522	766	21	0.0000562110	0.000000107848
13	102300523	104066709	925	21	0.0003065168	0.000000117824
13	104066710	104844113	307	21	-0.0000096814	0.000000048331
13	104844114	106247553	621	21	0.0000148039	0.000000106197
13	106247554	106749999	271	21	0.0000292542	0.000000044026
13	106750000	108189876	605	21	0.0000912816	0.000000109245
13	108189877	109121209	432	21	0.0003013813	0.000000087000
13	109121210	109815111	327	21	0.0000894969	0.000000057944
13	109815112	111232072	751	21	0.0001817993	0.000000112853
13	111232073	112247591	459	21	0.0000279086	0.000000079426
13	112247592	113572487	458	21	0.0002233617	0.000000089609
13	113572488	115109852	408	21	0.0000555678	0.000000069641
14	19002084	21589401	586	21	0.0002684648	0.000000116307
14	21589402	23018664	698	21	0.0001781835	0.000000112709
14	23018665	24905122	692	21	0.0000614644	0.000000108057
14	24905123	26135685	556	21	0.0002240892	0.000000085682
14	26135686	28466532	691	21	0.0001399821	0.000000111187
14	28466533	29972144	379	21	0.0000860450	0.000000062055
14	29972145	32383264	589	21	0.0002071520	0.000000106822
14	32383265	34846250	1254	21	0.0000062522	0.000000105856
14	34846251	35859592	246	21	0.0004248227	0.000000054067
14	35859593	38667724	874	21	0.0000311233	0.000000106848
14	38667725	40341989	542	21	0.0003351481	0.000000092729
14	40341990	41615501	347	21	0.0000021316	0.000000040880
14	41615502	43137388	415	21	0.0000690951	0.000000058832
14	43137389	44543226	356	21	0.0001548565	0.000000064568
14	44543227	46081895	379	21	0.0006827476	0.000000081220
14	46081896	46749129	188	16	0.0001857122	0.000000027157
14	46749130	48573585	585	21	0.0001828792	0.000000100227
14	48573586	49005470	112	13	0.0000216993	0.000000015916
14	49005471	50507759	462	21	0.0000917573	0.000000078896
14	50507760	51493571	365	21	0.0003521090	0.000000074304
14	51493572	53474382	845	21	0.0001052007	0.000000109800
14	53474383	53997830	176	19	0.0000786115	0.000000028160
14	53997831	55233680	447	21	0.0000453370	0.000000079022
14	55233681	56216879	292	21	0.0000980035	0.000000044669
14	56216880	57481261	665	21	0.0001590808	0.000000111948
14	57481262	59448335	707	21	0.0001229386	0.000000110507
14	59448336	61680423	608	21	0.0002097433	0.000000090171
14	61680424	63790014	811	21	0.0001326257	0.000000110893
14	63790015	65220297	351	21	0.0002738701	0.000000065032
14	65220298	66399554	407	21	0.0001535701	0.000000069007
14	66399555	67992316	418	21	0.0001838417	0.000000050137
14	67992317	71131956	1239	21	0.0001010005	0.000000109633
14	71131957	72889614	677	21	0.0001156161	0.000000108848
14	72889615	76444766	1152	21	0.0002021072	0.000000113663
14	76444767	77229471	351	21	0.0001278424	0.000000063711
14	77229472	78561944	637	21	0.0001211030	0.000000107929
14	78561945	80186578	610	21	0.0001420287	0.000000104455
14	80186579	81579713	509	21	0.0001625875	0.000000086094
14	81579714	83138096	472	21	0.0000708307	0.000000075014
14	83138097	84241632	378	21	0.0000696880	0.000000060768
14	84241633	85746318	469	21	0.0002860887	0.000000088364
14	85746319	86647001	305	21	0.0000610733	0.000000050501
14	86647002	87635340	304	21	0.0001074625	0.000000052755
14	87635341	89497642	606	21	0.0002700851	0.000000093895
14	89497643	91296859	696	21	0.0000864264	0.000000109052
14	91296860	93132298	673	21	0.0001919620	0.000000113258
14	93132299	94325284	413	21	0.0000286038	0.000000065126
14	94325285	95750866	874	21	0.0000510425	0.000000107642
14	95750867	96262414	376	21	0.0001469640	0.000000066176
14	96262415	98341161	836	21	0.0001428705	0.000000111302
14	98341162	99138531	369	21	0.0000430208	0.000000055470
14	99138532	101534306	894	21	0.0002256489	0.000000114601
14	101534307	103012101	431	21	0.0000811644	0.000000076948
14	103012102	105001722	473	21	0.0001218226	0.000000078344
14	105001723	106340357	155	21	0.0002350760	0.000000035947
14	106340358	107289453	38	5	-0.0000041056	0.000000006243
15	20001200	21131603	6	2	0.0000006942	0.000000001186
15	21131604	24195126	294	21	0.0001690493	0.000000060247
15	24195127	25108589	193	21	0.0000652584	0.000000033514
15	25108590	27298111	852	21	-0.0000167870	0.000000104938
15	27298112	29338501	466	21	0.0002440179	0.000000088449
15	29338502	30165567	292	21	0.0003616495	0.000000062601
15	30165568	31591820	298	21	0.0001247408	0.000000056382
15	31591821	32441810	261	21	0.0000344451	0.000000042157
15	32441811	34015424	726	21	0.0000580740	0.000000107922
15	34015425	35083250	402	21	0.0003287176	0.000000079394
15	35083251	37456501	930	21	0.0000378697	0.000000107117
15	37456502	38530776	346	21	0.0001396440	0.000000064605
15	38530777	40384131	777	21	0.0000620622	0.000000108081
15	40384132	41177513	233	21	0.0000768157	0.000000040115
15	41177514	42776398	430	21	0.0010385334	0.000000108844
15	42776399	44198048	272	17	0.0002029384	0.000000039151
15	44198049	46618786	496	21	-0.0000044425	0.000000069639
15	46618787	48136047	584	21	0.0001436877	0.000000093085
15	48136048	50008042	444	21	0.0001528549	0.000000066409
15	50008043	51677559	610	21	0.0002410309	0.000000093625
15	51677560	53069095	404	21	0.0002679434	0.000000064586
15	53069096	54508527	629	21	0.0000039868	0.000000099862
15	54508528	55136268	253	21	0.0000501018	0.000000048393
15	55136269	56901772	535	21	0.0002396211	0.000000102934
15	56901773	58441365	625	21	0.0000691487	0.000000108363
15	58441366	59694115	511	21	0.0001198662	0.000000102217
15	59694116	61265835	665	21	0.0001498556	0.000000111580
15	61265836	63215221	914	21	0.0002225536	0.000000114478
15	63215222	65104667	490	21	0.0003565197	0.000000089627
15	65104668	67094766	617	21	0.0000738773	0.000000107868
15	67094767	69017998	744	21	0.0001447164	0.000000111375
15	69017999	70133340	295	21	0.0001622924	0.000000055134
15	70133341	71922648	701	21	0.0002197471	0.000000114366
15	71922649	73628713	366	21	0.0002225045	0.000000056049
15	73628714	76398623	595	21	0.0003834572	0.000000115655
15	76398624	78516052	528	21	0.0001731253	0.000000077986
15	78516053	80860977	981	21	-0.0000680431	0.000000102895
15	80860978	84260467	907	21	0.0001880274	0.000000113101
15	84260468	86652904	772	21	0.0001412470	0.000000111237
15	86652905	88369942	764	21	0.0000653402	0.000000108211
15	88369943	90475550	715	21	0.0012455059	0.000000155250
15	90475551	92164391	621	21	-0.0000652122	0.000000103008
15	92164392	93780901	808	21	0.0000899793	0.000000109194
15	93780902	94924329	568	21	0.0002827504	0.000000116877
15	94924330	96141595	580	21	0.0000814788	0.000000108855
15	96141596	98030909	743	21	0.0001448335	0.000000111380
15	98030910	99244058	561	21	0.0001109958	0.000000110031
15	99244059	100636846	546	21	0.0005084980	0.000000122226
15	100636847	101552693	404	21	0.0001245533	0.000000078452
15	101552694	102520965	429	21	0.0000372331	0.000000082655
16	60054	1207205	289	21	-0.0000011945	0.000000054353
16	1207206	2764828	360	21	-0.0000558762	0.000000059420
16	2764829	4001195	300	21	0.0003398819	0.000000070193
16	4001196	5118344	374	21	0.0001383813	0.000000078130
16	5118345	5891579	346	21	0.0000499809	0.000000068341
16	5891580	6893550	699	21	0.0002017661	0.000000113649
16	6893551	7529120	480	21	0.0001530935	0.000000098818
16	7529121	8338518	535	21	0.0000733633	0.000000104664
16	8338519	9799418	707	21	0.0001018268	0.000000109666
16	9799419	10426031	368	21	-0.0000506874	0.000000057490
16	10426032	11520160	438	21	0.0000431584	0.000000083772
16	11520161	12613097	396	21	0.0014695169	0.000000134698
16	12613098	13154436	307	21	0.0001628288	0.000000057258
16	13154437	14464001	558	21	0.0000101764	0.000000096949
16	14464002	16154059	313	21	0.0002567079	0.000000062238
16	16154060	17644748	392	21	0.0001277375	0.000000074450
16	17644749	18643606	174	21	0.0001841905	0.000000038003
16	18643607	20150570	419	21	0.0002165403	0.000000073868
16	20150571	22448903	433	21	0.0002804134	0.000000072962
16	22448904	24136874	505	21	0.0000348899	0.000000083223
16	24136875	25986861	746	21	0.0000421416	0.000000107287
16	25986862	27445754	644	21	0.0001415079	0.000000111247
16	27445755	29036612	335	21	0.0000304540	0.000000048243
16	29036613	31382942	267	21	0.0003452809	0.000000056519
16	31382943	46399472	122	16	0.0004683890	0.000000037094
16	46399473	49007925	299	21	0.0002874531	0.000000050706
16	49007926	52035822	1082	21	0.0003283208	0.000000118693
16	52035823	53382571	452	21	0.0002437761	0.000000072368
16	53382572	55903773	1179	21	0.0001108289	0.000000110025
16	55903774	57664329	633	21	0.0000058400	0.000000105840
16	57664330	59045404	509	21	0.0001093957	0.000000095065
16	59045405	60745693	500	21	0.0001126125	0.000000087636
16	60745694	62229848	359	21	0.0000800083	0.000000052089
16	62229849	63691588	441	21	0.0003156149	0.000000084946
16	63691589	65938565	807	21	0.0001802212	0.000000112790
16	65938566	68841362	675	21	0.0002790288	0.000000111949
16	68841363	71054027	385	21	0.0001545704	0.000000066905
16	71054028	72935149	452	21	-0.0000518670	0.000000066676
16	72935150	74971502	790	21	0.0000464307	0.000000107458
16	74971503	75977953	227	21	0.0002377007	0.000000047501
16	75977954	77523677	681	21	0.0002046849	0.000000113765
16	77523678	78456291	642	21	0.0000316828	0.000000106870
16	78456292	79134814	560	21	0.0003083455	0.000000117897
16	79134815	80297373	781	21	0.0002190367	0.000000114337
16	80297374	81772535	787	21	0.0001769190	0.000000112659
16	81772536	82747727	584	21	0.0000360614	0.000000107045
16	82747728	83477207	605	21	-0.0000348076	0.000000104220
16	83477208	84445882	711	21	0.0002149430	0.000000114174
16	84445883	85148684	463	21	0.0000984160	0.000000096642
16	85148685	86156598	473	21	0.0001757979	0.000000102191
16	86156599	86815410	526	21	-0.0000435927	0.000000103870
16	86815411	87647348	360	21	0.0001723685	0.000000077305
16	87647349	89041164	354	21	0.0007226842	0.000000097184
16	89041165	90292811	313	21	0.0005327056	0.000000078469
17	56	1172398	307	21	0.0001350104	0.000000063782
17	1172399	1928730	250	21	0.0003768108	0.000000058182
17	1928731	3702311	635	21	0.0002541055	0.000000115735
17	3702312	4696260	358	21	0.0000131359	0.000000060873
17	4696261	5741333	390	21	0.0005535928	0.000000085078
17	5741334	7317397	629	21	0.0002148142	0.000000114169
17	7317398	8306424	315	21	0.0001372192	0.000000062379
17	8306425	9965920	652	21	0.0000012613	0.000000105657
17	9965921	11102814	470	21	0.0001216814	0.000000083590
17	11102815	12534768	552	21	0.0001081311	0.000000104689
17	12534769	13180371	299	21	0.0001379582	0.000000059440
17	13180372	13894636	366	21	0.0000700063	0.000000070430
17	13894637	15019096	599	21	0.0001381258	0.000000110884
17	15019097	16412341	320	21	0.0002758417	0.000000064052
17	16412342	18856319	564	21	0.0000326567	0.000000085122
17	18856320	21290356	380	21	0.0002002863	0.000000067007
17	21290357	27334243	508	21	0.0000670841	0.000000087819
17	27334244	29786490	500	21	0.0001581015	0.000000062994
17	29786491	31538424	544	21	0.0002214630	0.000000100194
17	31538425	32912797	828	21	0.0001557440	0.000000111815
17	32912798	34469035	509	21	0.0000905747	0.000000084113
17	34469036	36809343	513	21	0.0002886442	0.000000097293
17	36809344	38877403	445	21	0.0007250173	0.000000097060
17	38877404	39899809	324	21	0.0000283867	0.000000041090
17	39899810	41772086	375	21	0.0009637063	0.000000084316
17	41772087	43056904	340	21	0.0004746800	0.000000066023
17	43056905	45876021	600	21	0.0003963513	0.000000094280
17	45876022	47517399	535	21	0.0001693183	0.000000082413
17	47517400	49898956	768	21	-0.0000192072	0.000000104842
17	49898957	50719054	285	21	0.0000459149	0.000000041990
17	50719055	51826117	308	21	0.0000512265	0.000000042613
17	51826118	53599431	615	21	0.0000132076	0.000000099551
17	53599432	55357540	607	21	0.0004381934	0.000000112861
17	55357541	57487511	684	21	0.0002887074	0.000000117114
17	57487512	59312754	245	21	0.0001054927	0.000000031849
17	59312755	61545588	441	21	0.0002624227	0.000000080878
17	61545589	63148127	305	21	0.0002558181	0.000000050698
17	63148128	64800429	633	21	0.0001676546	0.000000103669
17	64800430	67858769	943	21	0.0001946723	0.000000113366
17	67858770	69387816	646	21	0.0002181631	0.000000108618
17	69387817	72672202	1424	21	0.0001992251	0.000000113548
17	72672203	74375559	411	21	0.0000159537	0.000000071099
17	74375560	76263412	721	21	0.0001432416	0.000000111316
17	76263413	77298635	463	21	0.0002346447	0.000000101615
17	77298636	78837587	529	21	0.0001560019	0.000000100055
17	78837588	80034407	239	21	-0.0000323446	0.000000041799
17	80034408	81194907	310	21	-0.0000403338	0.000000045443
18	10644	912485	398	21	0.0002085252	0.000000077872
18	912486	1942910	365	21	0.0001635669	0.000000060453
18	1942911	3891657	762	21	-0.0000077060	0.000000105300
18	3891658	5834179	782	21	-0.0000853378	0.000000102206
18	5834180	7090484	573	21	0.0001586858	0.000000106023
18	7090485	8498930	579	21	0.0002130955	0.000000108869
18	8498931	11075912	1262	21	0.0002528307	0.000000115684
18	11075913	11905439	253	21	0.0001668171	0.000000049672
18	11905440	14440798	744	21	0.0001745037	0.000000112562
18	14440799	19485843	158	16	0.0001355483	0.000000026181
18	19485844	20649471	299	21	0.0006146626	0.000000069465
18	20649472	22996650	824	21	0.0001012062	0.000000109641
18	22996651	24026190	313	21	0.0002057815	0.000000060012
18	24026191	25927681	785	21	0.0001953034	0.000000113391
18	25927682	26875586	246	21	0.0000409895	0.000000036030
18	26875587	27866477	269	21	0.0001480475	0.000000041899
18	27866478	30264065	884	21	0.0002697255	0.000000116358
18	30264066	31780066	345	21	0.0000807351	0.000000051279
18	31780067	33861963	613	21	0.0001365535	0.000000093024
18	33861964	35075249	483	21	0.0000708594	0.000000080036
18	35075250	36365489	493	21	-0.0000605492	0.000000062881
18	36365490	37684366	352	21	0.0001342017	0.000000050466
18	37684367	39892647	772	21	0.0001039199	0.000000107017
18	39892648	42922105	930	21	0.0001327942	0.000000110900
18	42922106	44299245	692	21	0.0000699840	0.000000108397
18	44299246	45939731	595	21	-0.0000044194	0.000000097269
18	45939732	47730583	785	21	0.0001068007	0.000000109864
18	47730584	51062184	1182	21	0.0001760824	0.000000112625
18	51062185	51554174	174	15	0.0000952479	0.000000026198
18	51554175	55213837	1115	21	0.0003991789	0.000000121517
18	55213838	56530219	609	21	0.0000360596	0.000000104767
18	56530220	57630482	581	21	0.0000703748	0.000000106135
18	57630483	59020750	436	21	0.0002041263	0.000000078348
18	59020751	60277714	543	21	0.0004855642	0.000000104677
18	60277715	61820251	576	21	0.0002378287	0.000000094828
18	61820252	63463401	520	21	0.0001707914	0.000000080942
18	63463402	64252800	242	21	0.0001348231	0.000000037075
18	64252801	66125816	729	21	0.0001200605	0.000000110392
18	66125817	67175819	326	21	0.0001509500	0.000000061225
18	67175820	68621178	463	21	-0.0000143661	0.000000081045
18	68621179	69621617	383	21	0.0001271875	0.000000067104
18	69621618	71038473	563	21	0.0002528578	0.000000104359
18	71038474	71971461	491	21	0.0001133907	0.000000095447
18	71971462	73526986	659	21	0.0001972112	0.000000113467
18	73526987	74813814	593	21	0.0000658360	0.000000108231
18	74813815	75976316	592	21	0.0001496447	0.000000109976
18	75976317	77149990	411	21	0.0000691145	0.000000063946
18	77149991	78017157	265	21	0.0004768328	0.000000061928
19	80840	610728	91	21	0.0003250492	0.000000029451
19	610729	2098395	270	21	0.0004821204	0.000000071372
19	2098396	3019659	230	21	0.0000032705	0.000000043623
19	3019660	4348966	301	21	0.0002089458	0.000000065646
19	4348967	5811851	401	21	0.0000198872	0.000000077354
19	5811852	6684884	202	21	0.0000952616	0.000000040020
19	6684885	8347512	511	21	0.0000808280	0.000000095494
19	8347513	9238392	263	21	0.0000934662	0.000000039744
19	9238393	11284027	498	21	0.0002133837	0.000000083507
19	11284028	13471126	418	21	0.0003738183	0.000000083779
19	13471127	14486346	200	21	0.0002540950	0.000000044034
19	14486347	15648609	365	21	0.0002047764	0.000000068466
19	15648610	16374415	362	21	0.0002606677	0.000000057558
19	16374416	18409861	547	21	-0.0000040736	0.000000100219
19	18409862	19877470	327	21	0.0000393700	0.000000054269
19	19877471	20905756	129	20	0.0002536501	0.000000031638
19	20905757	22732895	310	21	0.0004586503	0.000000059337
19	22732896	23467745	127	13	0.0005890627	0.000000039850
19	23467746	28557892	276	21	0.0005405622	0.000000055960
19	28557893	29790946	467	21	0.0004001926	0.000000089393
19	29790947	30727953	332	21	0.0002780604	0.000000066046
19	30727954	32746519	641	21	0.0002182037	0.000000114304
19	32746520	34262951	510	21	0.0003616548	0.000000099085
19	34262952	36469294	659	21	0.0000848246	0.000000108988
19	36469295	37527032	233	20	0.0002268428	0.000000036433
19	37527033	40170618	636	21	0.0001281037	0.000000103448
19	40170619	40984600	186	21	0.0002381789	0.000000037489
19	40984601	42131572	301	21	0.0004491174	0.000000067744
19	42131573	43862454	167	21	0.0003465437	0.000000038523
19	43862455	44744107	298	21	0.0000060359	0.000000043524
19	44744108	46102696	361	21	0.0001559777	0.000000069961
19	46102697	47150081	291	21	0.0001940689	0.000000058494
19	47150082	49282226	591	21	0.0001475541	0.000000104449
19	49282227	51532566	613	21	0.0002277904	0.000000114686
19	51532567	52985289	640	21	0.0002206706	0.000000114403
19	52985290	54602361	484	21	0.0003234704	0.000000103581
19	54602362	55728079	354	21	0.0000297214	0.000000064527
19	55728080	57521334	675	21	0.0047934492	0.000000296660
19	57521335	59118838	544	21	0.0002117199	0.000000099359
20	60479	697599	270	21	0.0000538093	0.000000050633
20	697600	2469500	1003	21	0.0000153878	0.000000106221
20	2469501	3828412	497	21	0.0002448580	0.000000094664
20	3828413	5477849	800	21	0.0001388404	0.000000111141
20	5477850	7084072	736	21	0.0012886090	0.000000156967
20	7084073	8117010	408	21	0.0003634334	0.000000072404
20	8117011	9730920	778	21	0.0002057853	0.000000113809
20	9730921	11249535	730	21	0.0002760816	0.000000116611
20	11249536	12447498	499	21	0.0002075558	0.000000079787
20	12447499	13689863	550	21	0.0001277842	0.000000093343
20	13689864	15958358	985	21	0.0000902104	0.000000109203
20	15958359	17487231	944	21	0.0001677820	0.000000112295
20	17487232	18972202	615	21	0.0001522702	0.000000105767
20	18972203	20959709	890	21	0.0001292099	0.000000110757
20	20959710	22491455	407	21	0.0001175051	0.000000056307
20	22491456	23293789	360	21	0.0001942140	0.000000061667
20	23293790	24717723	528	21	0.0002950511	0.000000091356
20	24717724	25344230	222	21	0.0000009043	0.000000027723
20	25344231	31614822	597	21	0.0000762712	0.000000080908
20	31614823	32813440	293	21	0.0000935150	0.000000045321
20	32813441	34960445	461	21	0.0005446095	0.000000070049
20	34960446	36909529	490	21	0.0001753892	0.000000075258
20	36909530	38436760	513	21	0.0000116763	0.000000073536
20	38436761	39610855	467	21	0.0001380946	0.000000084022
20	39610856	40585688	290	21	0.0001475060	0.000000049741
20	40585689	41615459	582	21	-0.0000427166	0.000000102766
20	41615460	42680175	394	21	0.0001139703	0.000000070878
20	42680176	44839055	785	21	0.0004839013	0.000000124894
20	44839056	47199979	1025	21	0.0001302005	0.000000110797
20	47199980	49239657	761	21	0.0004733987	0.000000124476
20	49239658	52472548	1344	21	0.0001610978	0.000000112028
20	52472549	54055265	613	21	0.0002555010	0.000000115791
20	54055266	56447958	1141	21	0.0000423813	0.000000107296
20	56447959	58406571	885	21	0.0001234103	0.000000110526
20	58406572	59561723	540	21	0.0002449535	0.000000098002
20	59561724	61301854	750	21	0.0000318696	0.000000106877
20	61301855	62190179	293	21	0.0008595933	0.000000086948
20	62190180	62965162	235	21	0.0000674217	0.000000042426
21	9411243	15950981	280	21	0.0001779798	0.000000053869
21	15950982	18053164	655	21	0.0001264063	0.000000110645
21	18053165	19480374	437	21	0.0001341112	0.000000083205
21	19480375	20962338	609	21	0.0001818361	0.000000112855
21	20962339	22072763	355	21	0.0002769938	0.000000070260
21	22072764	23362874	525	21	0.0000629819	0.000000085001
21	23362875	24696230	354	21	0.0000514728	0.000000057710
21	24696231	26469121	650	21	0.0001679849	0.000000110252
21	26469122	27271018	222	21	0.0002223829	0.000000044013
21	27271019	29125225	871	21	0.0001955933	0.000000113403
21	29125226	31197024	692	21	0.0001877897	0.000000103119
21	31197025	32668641	453	21	0.0001354121	0.000000062733
21	32668642	34376998	663	21	0.0002382501	0.000000115103
21	34376999	35225464	289	21	0.0001406470	0.000000055328
21	35225465	36524372	568	21	0.0001702493	0.000000112393
21	36524373	37870778	538	21	0.0001308905	0.000000089248
21	37870779	38711703	313	21	0.0000219661	0.000000043946
21	38711704	40482901	840	21	0.0005118399	0.000000126008
21	40482902	41389526	498	21	0.0001082239	0.000000076933
21	41389527	43321527	1010	21	0.0000652683	0.000000108209
21	43321528	44506267	690	21	0.0002848807	0.000000116962
21	44506268	46177104	573	21	0.0001806832	0.000000112352
21	46177105	47492225	502	21	-0.0000267120	0.000000084977
21	47492226	48119751	240	21	-0.0000030089	0.000000036550
22	16050408	17674294	213	21	0.0000272192	0.000000039598
22	17674295	18296087	256	21	0.0001319269	0.000000049334
22	18296088	19912357	534	21	0.0003473844	0.000000102968
22	19912358	22357324	595	21	0.0005988505	0.000000113194
22	22357325	23712646	334	21	0.0000619326	0.000000056641
22	23712647	24984203	360	21	0.0002208767	0.000000058713
22	24984204	26791627	744	21	0.0000870871	0.000000109078
22	26791628	27834751	737	21	0.0000822392	0.000000108885
22	27834752	29651798	578	21	0.0005625050	0.000000127341
22	29651799	31439917	550	21	0.0003166765	0.000000092876
22	31439918	32664985	355	21	0.0001797257	0.000000060247
22	32664986	34494913	928	21	-0.0000014660	0.000000105549
22	34494914	35530984	493	21	0.0000706747	0.000000069377
22	35530985	37570268	837	21	0.0000144815	0.000000106184
22	37570269	39307893	533	21	0.0010991690	0.000000138494
22	39307894	40545796	336	21	0.0003743896	0.000000073264
22	40545797	42690817	464	21	0.0002093406	0.000000066726
22	42690818	43714199	405	21	0.0000380817	0.000000070244
22	43714200	44995307	701	21	0.0000891581	0.000000109161
22	44995308	46470494	621	21	0.0001575177	0.000000111885
22	46470495	47596317	453	21	0.0004030406	0.000000097189
22	47596318	48903702	738	21	0.0001405009	0.000000111207
22	48903703	49824533	611	21	0.0000458727	0.000000107436
22	49824534	51243297	391	21	0.0002430741	0.000000077294
