chr	start	end	num_snp	k	local_h2g	var
1	10583	1892606	94	17	-0.0000165729	0.000000001869
1	1892607	3582735	410	40	-0.0000049255	0.000000009700
1	3582736	4380810	256	40	-0.0000201097	0.000000005568
1	4380811	5913892	842	40	0.0000978536	0.000000015147
1	5913893	7247334	416	40	0.0001757204	0.000000011735
1	7247335	9365198	676	40	0.0001718561	0.000000016240
1	9365199	10806983	340	40	0.0000270179	0.000000007218
1	10806984	11777840	247	40	0.0000434283	0.000000006287
1	11777841	12779465	269	40	0.0000509496	0.000000007106
1	12779466	14891510	600	40	0.0000251984	0.000000014074
1	14891511	16897729	650	40	0.0000310064	0.000000013940
1	16897730	18662898	629	40	0.0000766245	0.000000014834
1	18662899	20469148	683	40	0.0000815919	0.000000014907
1	20469149	21736587	445	40	0.0000228265	0.000000009863
1	21736588	23086882	501	40	0.0001752108	0.000000014170
1	23086883	23920589	218	28	-0.0000218367	0.000000004372
1	23920590	25516844	507	40	-0.0000398617	0.000000010996
1	25516845	27401866	402	40	0.0000730842	0.000000008525
1	27401867	30161880	531	40	0.0001283021	0.000000012077
1	30161881	32438684	886	40	0.0000749630	0.000000014809
1	32438685	34799757	658	40	-0.0000253828	0.000000013300
1	34799758	37549182	533	40	0.0000488754	0.000000011756
1	37549183	38731846	361	40	0.0000524223	0.000000008248
1	38731847	40200566	436	40	0.0000490179	0.000000009921
1	40200567	41975326	538	40	0.0000275621	0.000000010865
1	41975327	43758456	519	40	0.0000057440	0.000000009748
1	43758457	44969182	359	35	0.0000576410	0.000000007478
1	44969183	46899500	446	38	0.0000650170	0.000000007614
1	46899501	48002575	290	33	-0.0000290423	0.000000005083
1	48002576	48978187	331	40	0.0000945251	0.000000008622
1	48978188	49894176	243	28	0.0000370733	0.000000005839
1	49894177	51713725	254	25	0.0000449740	0.000000004621
1	51713726	54226261	552	40	0.0000848739	0.000000012644
1	54226262	56413116	809	40	0.0000289649	0.000000014130
1	56413117	57021727	259	30	0.0000355530	0.000000005435
1	57021728	58865398	822	40	0.0000446348	0.000000014361
1	58865399	59890408	370	40	-0.0000093396	0.000000007064
1	59890409	61922364	657	40	0.0001386393	0.000000015749
1	61922365	63455088	512	40	0.0000060010	0.000000010959
1	63455089	65041703	633	40	0.0000281138	0.000000011807
1	65041704	66939403	634	40	0.0000431386	0.000000012715
1	66939404	68477894	668	40	0.0000991894	0.000000012883
1	68477895	69687615	374	40	0.0001637457	0.000000009998
1	69687616	71372469	505	40	0.0001034042	0.000000011271
1	71372470	71684404	82	10	-0.0000142450	0.000000001144
1	71684405	74326906	545	40	-0.0000180224	0.000000008631
1	74326907	76728134	714	40	0.0001079668	0.000000013095
1	76728135	79661197	920	40	0.0000239101	0.000000014055
1	79661198	81354190	453	40	0.0000604892	0.000000009871
1	81354191	83991747	944	40	0.0000679190	0.000000014705
1	83991748	84844494	305	34	0.0001056566	0.000000006931
1	84844495	86454750	633	40	0.0000024615	0.000000012665
1	86454751	88128630	548	40	0.0000121189	0.000000011049
1	88128631	90066302	509	40	0.0000188660	0.000000010353
1	90066303	91886316	543	40	0.0000782411	0.000000011640
1	91886317	93536458	494	40	0.0000717429	0.000000009708
1	93536459	94506190	252	26	0.0000024390	0.000000004267
1	94506191	96150892	631	40	0.0000192769	0.000000013078
1	96150893	97885248	587	40	0.0001120342	0.000000011453
1	97885249	99800603	622	40	0.0000593797	0.000000011938
1	99800604	100826404	331	36	0.0000311904	0.000000006161
1	100826405	102041015	438	40	0.0001009383	0.000000009838
1	102041016	102898744	271	36	0.0000011449	0.000000005119
1	102898745	103914210	197	21	0.0000009675	0.000000003348
1	103914211	106087841	443	40	-0.0000006948	0.000000008613
1	106087842	108409664	716	40	0.0000676908	0.000000014702
1	108409665	110303930	555	40	0.0000604304	0.000000011240
1	110303931	111741736	553	40	0.0000893544	0.000000013865
1	111741737	113273305	702	40	0.0000189952	0.000000013983
1	113273306	114873844	503	40	0.0000146645	0.000000010483
1	114873845	115880592	337	36	0.0000492856	0.000000006782
1	115880593	118839066	820	40	0.0000488125	0.000000014423
1	118839067	144977493	549	40	0.0001904119	0.000000013158
1	144977494	148361252	424	40	0.0000846958	0.000000009680
1	148361253	151538880	347	34	0.0000440125	0.000000006895
1	151538881	153180828	463	40	0.0000530525	0.000000008667
1	153180829	154770402	440	40	0.0001373113	0.000000010566
1	154770403	156336132	302	38	0.0001284671	0.000000008194
1	156336133	158027411	593	40	0.0000763789	0.000000013096
1	158027412	159913047	654	40	0.0000717716	0.000000014431
1	159913048	162346720	851	40	0.0000087642	0.000000013832
1	162346721	165191701	1166	40	0.0000733868	0.000000014786
1	165191702	166460516	519	40	0.0000457051	0.000000012094
1	166460517	169086323	1072	40	0.0000477203	0.000000014407
1	169086324	170557775	550	40	0.0000018031	0.000000009170
1	170557776	173097906	874	40	-0.0000029239	0.000000013659
1	173097907	175089767	405	32	0.0000128539	0.000000005536
1	175089768	177433380	758	40	0.0000970895	0.000000014915
1	177433381	178944308	475	40	0.0001420096	0.000000011183
1	178944309	178954469	2	1	0.0000027154	0.000000000094
1	178954470	181144120	726	40	0.0000411197	0.000000013786
1	181144121	182755355	583	40	-0.0000491159	0.000000011766
1	182755356	184595512	610	40	0.0001024628	0.000000012574
1	184595513	186810022	512	40	0.0000465583	0.000000009857
1	186810023	188759944	603	40	0.0000544003	0.000000011755
1	188759945	189904129	209	16	0.0000166484	0.000000003389
1	189904130	191868929	530	40	0.0000300051	0.000000008792
1	191868930	194107441	558	40	0.0000774459	0.000000011491
1	194107442	196176200	560	40	0.0001002391	0.000000010895
1	196176201	197311513	189	16	0.0000183800	0.000000003034
1	197311514	199239883	492	40	0.0000995081	0.000000011022
1	199239884	200137648	296	35	0.0000007150	0.000000005793
1	200137649	201589974	685	40	0.0000163249	0.000000013943
1	201589975	203334733	592	40	0.0000877786	0.000000014227
1	203334734	204681067	471	40	0.0000619538	0.000000010851
1	204681068	206073264	564	40	-0.0000215452	0.000000011651
1	206073265	208410363	608	40	0.0000752824	0.000000014428
1	208410364	210787749	896	40	0.0001489664	0.000000015902
1	210787750	212842329	679	40	0.0000772555	0.000000014843
1	212842330	214578265	598	40	0.0000383750	0.000000013498
1	214578266	216243633	575	40	0.0000791685	0.000000012752
1	216243634	218705512	1059	40	-0.0000509623	0.000000012950
1	218705513	219590570	273	33	-0.0000189924	0.000000005013
1	219590571	221858230	676	40	0.0000802458	0.000000014446
1	221858231	222230219	170	21	-0.0000006069	0.000000003869
1	222230220	224938519	445	40	0.0000502934	0.000000009830
1	224938520	226810859	500	40	0.0000985909	0.000000011392
1	226810860	229156247	679	40	0.0000606900	0.000000013607
1	229156248	230685254	518	40	0.0000277591	0.000000011774
1	230685255	232090251	577	40	0.0000253128	0.000000012452
1	232090252	233429283	592	40	-0.0000220574	0.000000013156
1	233429284	234599433	519	40	0.0000225631	0.000000012027
1	234599434	235819435	373	40	0.0000987908	0.000000009916
1	235819436	237555627	700	40	0.0000499895	0.000000014440
1	237555628	238567806	418	40	0.0000981261	0.000000010782
1	238567807	239925313	479	40	0.0000569372	0.000000011600
1	239925314	240564090	324	40	0.0000618863	0.000000008114
1	240564091	241582219	502	40	-0.0000032795	0.000000012333
1	241582220	242071601	215	38	0.0000643205	0.000000006049
1	242071602	244109498	605	40	0.0000848531	0.000000014377
1	244109499	245506745	490	40	0.0000121438	0.000000011406
1	245506746	247344517	684	40	0.0000353229	0.000000014224
1	247344518	249239465	378	40	0.0000890383	0.000000009690
2	10133	1781021	660	40	0.0000829993	0.000000014928
2	1781022	3973778	963	40	0.0001058492	0.000000015265
2	3973779	5708336	626	40	0.0000798220	0.000000014881
2	5708337	6836253	565	40	0.0000544394	0.000000012415
2	6836254	8422146	650	40	0.0000422606	0.000000014326
2	8422147	10298468	663	40	0.0000700432	0.000000014736
2	10298469	12419149	969	40	0.0000322706	0.000000014179
2	12419150	14335307	590	40	0.0000212772	0.000000012420
2	14335308	16329734	742	40	0.0000386250	0.000000014273
2	16329735	18647422	855	40	0.0000143948	0.000000013915
2	18647423	19692403	383	40	-0.0000160939	0.000000008058
2	19692404	21050489	630	40	0.0000377632	0.000000013681
2	21050490	23341382	620	40	0.0000761132	0.000000014826
2	23341383	24686917	441	40	0.0000741627	0.000000009990
2	24686918	26894984	559	40	0.0000450053	0.000000012028
2	26894985	28598776	415	33	0.0000630447	0.000000008486
2	28598777	29217558	243	30	0.0000016038	0.000000005180
2	29217559	30463710	635	40	0.0000460088	0.000000014382
2	30463711	31550449	527	40	0.0001668704	0.000000014817
2	31550450	33363776	494	40	0.0000740109	0.000000013116
2	33363777	35345027	801	40	-0.0000029725	0.000000013658
2	35345028	36122005	290	30	0.0000301478	0.000000006554
2	36122006	38132711	920	40	0.0000172482	0.000000013957
2	38132712	39031336	326	38	0.0000031573	0.000000008177
2	39031337	40281482	303	32	0.0000252318	0.000000007546
2	40281483	43309589	1306	40	-0.0000022303	0.000000013669
2	43309590	44313802	399	40	0.0000142658	0.000000009600
2	44313803	46482633	1065	40	0.0000465583	0.000000014390
2	46482634	47318771	415	40	0.0000141532	0.000000011216
2	47318772	48213000	299	40	0.0000496919	0.000000008508
2	48213001	50022256	712	40	0.0001600844	0.000000016066
2	50022257	50818927	345	34	0.0000563888	0.000000008552
2	50818928	52491132	647	40	0.0000912682	0.000000015050
2	52491133	53508451	464	40	0.0000861475	0.000000011592
2	53508452	54685225	433	40	0.0000689026	0.000000010954
2	54685226	56203344	613	40	0.0000452188	0.000000014370
2	56203345	57429099	428	40	0.0000820390	0.000000011148
2	57429100	58297314	272	29	0.0000862453	0.000000007408
2	58297315	60291999	737	40	0.0002053016	0.000000016734
2	60292000	62429043	586	40	0.0001601598	0.000000015957
2	62429044	64625912	583	40	0.0000648735	0.000000013834
2	64625913	65933443	462	40	0.0000001645	0.000000010406
2	65933444	67226165	552	40	-0.0000357130	0.000000010974
2	67226166	68010175	422	40	0.0000218592	0.000000009219
2	68010176	69139563	468	40	-0.0000023418	0.000000009519
2	69139564	70755197	533	40	0.0000882427	0.000000011815
2	70755198	73174847	797	40	-0.0000604794	0.000000012809
2	73174848	75630085	714	40	0.0000262483	0.000000014090
2	75630086	76913660	514	40	0.0000059344	0.000000011424
2	76913661	78079263	390	40	-0.0000319445	0.000000009028
2	78079264	80050402	822	40	-0.0000377713	0.000000013144
2	80050403	81620840	578	40	0.0000291474	0.000000013912
2	81620841	85140679	890	40	0.0000674358	0.000000012937
2	85140680	88038506	631	40	-0.0000109659	0.000000011367
2	88038507	89154525	243	30	0.0001030842	0.000000006321
2	89154526	95326451	4	2	-0.0000060965	0.000000000019
2	95326452	98995200	425	40	0.0001069346	0.000000009789
2	98995201	101822328	904	40	0.0001150686	0.000000015401
2	101822329	102688764	259	30	0.0000031367	0.000000004876
2	102688765	103588214	406	36	-0.0000116854	0.000000005992
2	103588215	105125033	303	40	0.0000099896	0.000000006339
2	105125034	106210057	404	40	0.0000156254	0.000000008826
2	106210058	107408266	442	40	-0.0000169921	0.000000008674
2	107408267	108429176	355	40	0.0001186861	0.000000007859
2	108429177	110572431	524	40	0.0000532320	0.000000010805
2	110572432	113921855	787	40	0.0000565687	0.000000014537
2	113921856	116772469	757	40	0.0000591296	0.000000014575
2	116772470	118367465	394	37	0.0001219990	0.000000008508
2	118367466	121303782	989	40	0.0000462704	0.000000014385
2	121303783	123302905	576	40	0.0000487658	0.000000012743
2	123302906	124732249	427	40	0.0000115247	0.000000007426
2	124732250	125840920	381	40	0.0000340331	0.000000008086
2	125840921	127373763	409	37	0.0000361091	0.000000007133
2	127373764	128034346	258	40	0.0000816183	0.000000006686
2	128034347	129474440	433	40	0.0000432231	0.000000008959
2	129474441	130067169	221	26	-0.0000209210	0.000000003760
2	130067170	130658084	201	26	-0.0000226583	0.000000003761
2	130658085	133042783	207	33	0.0000368404	0.000000005046
2	133042784	135158577	911	40	0.0000758694	0.000000014823
2	135158578	137042793	455	40	0.0000761292	0.000000008706
2	137042794	138698116	594	40	0.0000045840	0.000000011954
2	138698117	140100270	434	40	0.0000795558	0.000000008019
2	140100271	141805350	567	40	0.0000803173	0.000000012742
2	141805351	142518601	297	33	0.0001528067	0.000000008853
2	142518602	144519483	655	40	0.0001772703	0.000000015411
2	144519484	146445569	438	40	0.0000570063	0.000000009847
2	146445570	147277161	151	15	0.0000162157	0.000000003328
2	147277162	150210291	660	40	0.0000770897	0.000000012859
2	150210292	151731461	471	40	0.0000249352	0.000000009730
2	151731462	152486781	285	29	0.0000184571	0.000000005537
2	152486782	154005055	481	40	0.0000474602	0.000000010364
2	154005056	155391134	485	40	0.0001385973	0.000000012119
2	155391135	157560634	552	40	0.0000845559	0.000000012090
2	157560635	158533217	172	25	0.0000222610	0.000000004559
2	158533218	159577081	329	39	0.0000874065	0.000000008162
2	159577082	161769732	720	40	0.0000329471	0.000000013638
2	161769733	163503550	388	36	0.0000884216	0.000000007713
2	163503551	164466637	192	23	0.0000426281	0.000000004587
2	164466638	165178839	173	20	0.0001040685	0.000000005138
2	165178840	167160269	629	40	0.0001254037	0.000000013792
2	167160270	167355969	73	10	-0.0000074171	0.000000001353
2	167355970	169968235	827	40	0.0000642073	0.000000014650
2	169968236	171226244	486	40	0.0000102439	0.000000009924
2	171226245	173138904	571	40	0.0001035773	0.000000014075
2	173138905	175588928	839	40	0.0001176828	0.000000015440
2	175588929	177363635	530	40	0.0000728138	0.000000011478
2	177363636	178553182	471	40	-0.0000022146	0.000000008508
2	178553183	181312738	1004	40	0.0001150453	0.000000015401
2	181312739	182266030	296	31	-0.0000061254	0.000000005447
2	182266031	184357607	613	40	0.0000285335	0.000000012747
2	184357608	185280172	232	25	0.0000113637	0.000000004643
2	185280173	189882064	952	40	0.0001043035	0.000000015242
2	189882065	191973356	495	40	0.0001190068	0.000000011145
2	191973357	195861163	710	40	0.0000589616	0.000000014573
2	195861164	196447455	151	20	-0.0000076858	0.000000002922
2	196447456	198078109	445	40	0.0000585796	0.000000008256
2	198078110	199311124	304	26	0.0000077262	0.000000004889
2	199311125	201576283	626	40	0.0000319507	0.000000012550
2	201576284	202818636	316	39	0.0000679518	0.000000007411
2	202818637	205799240	743	40	-0.0000040496	0.000000013642
2	205799241	206735703	404	40	0.0001773927	0.000000012362
2	206735704	208645398	653	40	0.0000326932	0.000000014185
2	208645399	209941528	332	39	0.0000027576	0.000000006915
2	209941529	212379517	738	40	0.0000389965	0.000000014278
2	212379518	214014281	623	40	0.0002120484	0.000000016834
2	214014282	215573794	442	40	0.0002144565	0.000000012525
2	215573795	217715660	791	40	0.0000549364	0.000000014513
2	217715661	218395479	276	36	0.0000351082	0.000000006737
2	218395480	220454550	589	40	0.0000068460	0.000000011191
2	220454551	222521175	848	40	0.0000118887	0.000000013878
2	222521176	224859418	782	40	0.0000042205	0.000000013764
2	224859419	225840003	348	36	0.0000434169	0.000000006723
2	225840004	228119841	726	40	0.0000301319	0.000000013211
2	228119842	229370786	450	40	0.0000652622	0.000000009394
2	229370787	231843388	928	40	0.0000493126	0.000000014430
2	231843389	233550002	467	40	-0.0000061392	0.000000009436
2	233550003	235150986	787	40	-0.0000121021	0.000000013523
2	235150987	236043549	413	40	0.0000079726	0.000000010302
2	236043550	237449031	466	40	0.0000381196	0.000000010802
2	237449032	238760980	533	40	0.0000488264	0.000000012222
2	238760981	239952642	409	40	-0.0000182570	0.000000008655
2	239952643	241560083	642	40	0.0000209591	0.000000014012
2	241560084	242149920	213	29	0.0001444408	0.000000006603
2	242149921	243188919	128	15	-0.0000037374	0.000000002573
3	60157	1441778	616	40	0.0000611944	0.000000014606
3	1441779	2992119	886	40	0.0000693639	0.000000014726
3	2992120	4431646	765	40	0.0000301551	0.000000014147
3	4431647	6083182	762	40	-0.0000255416	0.000000013325
3	6083183	7083386	421	40	0.0000471457	0.000000010880
3	7083387	8648560	857	40	0.0000366215	0.000000014243
3	8648561	9543182	483	40	-0.0000722394	0.000000010353
3	9543183	11019664	589	40	0.0000221680	0.000000014029
3	11019665	13070798	733	40	-0.0000042464	0.000000013639
3	13070799	14816899	783	40	-0.0000161439	0.000000013464
3	14816900	16282441	528	40	0.0000883930	0.000000011872
3	16282442	17891117	500	40	0.0000932336	0.000000011505
3	17891118	19125143	339	40	0.0002029920	0.000000010139
3	19125144	20091347	196	25	0.0000501808	0.000000005378
3	20091348	21643706	636	40	0.0000515210	0.000000014463
3	21643707	22204243	378	40	0.0000892642	0.000000009939
3	22204244	23804864	526	40	0.0001094912	0.000000013365
3	23804865	25461557	744	40	0.0001159214	0.000000015414
3	25461558	26877768	467	40	0.0000123367	0.000000009736
3	26877769	27840909	270	30	0.0000056343	0.000000005975
3	27840910	29142259	447	40	-0.0000307291	0.000000009758
3	29142260	30717954	679	40	0.0000698467	0.000000014734
3	30717955	32351714	651	40	0.0000400647	0.000000014294
3	32351715	33255591	276	40	0.0000440737	0.000000007387
3	33255592	35283457	582	40	0.0000599725	0.000000012112
3	35283458	36486841	408	40	0.0001456814	0.000000010744
3	36486842	38356115	595	40	0.0000125683	0.000000011934
3	38356116	40221297	656	40	-0.0000314824	0.000000011641
3	40221298	41064527	149	15	-0.0000185211	0.000000002708
3	41064528	42540001	449	40	0.0001209196	0.000000010899
3	42540002	45165152	704	40	0.0001066129	0.000000014615
3	45165153	46657499	514	40	0.0001249728	0.000000011617
3	46657500	47727211	176	17	0.0001232607	0.000000005067
3	47727212	49316971	255	15	0.0002152741	0.000000006150
3	49316972	51832014	436	25	0.0004235233	0.000000010932
3	51832015	54081389	605	40	0.0001853174	0.000000014346
3	54081390	55348859	661	40	0.0000472274	0.000000014400
3	55348860	56433906	370	40	0.0000027092	0.000000008253
3	56433907	58157518	542	40	-0.0000265041	0.000000009958
3	58157519	60272905	972	40	0.0001249846	0.000000015548
3	60272906	62355665	976	40	0.0000090865	0.000000013836
3	62355666	63669285	664	40	0.0000249015	0.000000014070
3	63669286	65273537	756	40	0.0000160881	0.000000013940
3	65273538	66270446	343	40	0.0000269880	0.000000009103
3	66270447	68286913	635	40	0.0000117887	0.000000013876
3	68286914	69276761	365	40	0.0001316035	0.000000010564
3	69276762	70449027	389	40	0.0000170824	0.000000009395
3	70449028	72529328	787	40	0.0000705648	0.000000014744
3	72529329	74321816	716	40	0.0000602189	0.000000014591
3	74321817	75704948	271	31	0.0001043200	0.000000007156
3	75704949	77508834	481	40	0.0000023563	0.000000010356
3	77508835	79024540	405	40	0.0001034290	0.000000010203
3	79024541	81427309	487	40	0.0000541097	0.000000008518
3	81427310	82643885	294	27	0.0000213884	0.000000005362
3	82643886	84367478	314	32	0.0001398734	0.000000007980
3	84367479	85582230	253	22	0.0001160431	0.000000006294
3	85582231	87409731	450	40	0.0000183252	0.000000008319
3	87409732	88298372	187	18	-0.0000152511	0.000000002892
3	88298373	94255315	460	40	-0.0000002825	0.000000008564
3	94255316	95311970	215	18	0.0000242671	0.000000003854
3	95311971	98215949	562	40	0.0000747139	0.000000010711
3	98215950	99373761	328	39	-0.0000361531	0.000000005387
3	99373762	100592216	332	28	0.0000031933	0.000000005476
3	100592217	103084959	654	40	0.0000111725	0.000000011776
3	103084960	104581612	410	40	0.0000952040	0.000000008960
3	104581613	106982810	706	40	0.0000978193	0.000000015147
3	106982811	109522394	762	40	-0.0000177846	0.000000013439
3	109522395	110513769	249	25	0.0000440325	0.000000004499
3	110513770	112815698	691	40	0.0000179281	0.000000013141
3	112815699	113947862	375	40	-0.0000121675	0.000000006886
3	113947863	115447079	403	40	0.0000430421	0.000000009860
3	115447080	116800152	518	40	0.0000577099	0.000000011392
3	116800153	118530250	566	40	0.0001404681	0.000000014400
3	118530251	120523054	667	40	0.0000549302	0.000000012202
3	120523055	121974096	388	37	0.0000189940	0.000000005790
3	121974097	123517767	523	40	0.0000161997	0.000000010341
3	123517768	124936641	622	40	0.0000453826	0.000000013023
3	124936642	126214942	384	40	0.0000614619	0.000000008244
3	126214943	128194860	669	40	0.0000556712	0.000000013863
3	128194861	130244734	435	40	0.0000550752	0.000000008970
3	130244735	131836515	544	40	0.0000613694	0.000000010541
3	131836516	133252172	514	40	0.0000345187	0.000000009926
3	133252173	135456905	862	40	0.0000279898	0.000000014115
3	135456906	137371082	440	38	0.0000251882	0.000000007901
3	137371083	139954596	841	40	0.0001899330	0.000000016507
3	139954597	141339096	475	40	0.0000741598	0.000000011333
3	141339097	143164627	621	40	-0.0000060229	0.000000012815
3	143164628	144410815	387	40	0.0000407632	0.000000008376
3	144410816	145664618	351	40	0.0000229069	0.000000006529
3	145664619	146726628	336	40	-0.0000165171	0.000000006358
3	146726629	149043236	681	40	0.0000319800	0.000000014174
3	149043237	150252003	424	40	-0.0000371662	0.000000008978
3	150252004	151348729	363	40	0.0000149891	0.000000008106
3	151348730	153256570	565	40	0.0001298743	0.000000013281
3	153256571	154714217	407	40	0.0000231804	0.000000007079
3	154714218	156008699	330	40	0.0001081843	0.000000008578
3	156008700	157312027	450	40	0.0000055362	0.000000008158
3	157312028	159477889	642	40	0.0000942721	0.000000011932
3	159477890	161524503	567	40	0.0000097896	0.000000009151
3	161524504	163253204	472	40	0.0000205678	0.000000008352
3	163253205	165055468	435	35	0.0000842728	0.000000007488
3	165055469	167117428	451	40	0.0000480011	0.000000008647
3	167117429	168580959	362	40	0.0000492717	0.000000007327
3	168580960	170964908	719	40	0.0000540203	0.000000014500
3	170964909	172295730	505	40	0.0000415554	0.000000011977
3	172295731	173477284	377	40	0.0001023825	0.000000010051
3	173477285	175116538	598	40	0.0000452704	0.000000014371
3	175116539	176320286	337	40	-0.0000004415	0.000000006540
3	176320287	178107164	533	40	0.0000215638	0.000000011710
3	178107165	179374585	385	40	0.0000040628	0.000000007589
3	179374586	181511165	463	40	-0.0000238858	0.000000009037
3	181511166	183769682	660	40	0.0000457979	0.000000013470
3	183769683	185068254	412	40	0.0000599737	0.000000010302
3	185068255	186890343	652	40	-0.0000166013	0.000000013457
3	186890344	188856213	797	40	0.0000576395	0.000000014553
3	188856214	190226606	619	40	-0.0000575944	0.000000012852
3	190226607	192343813	738	40	-0.0000010362	0.000000013687
3	192343814	194059670	503	40	0.0000460321	0.000000012208
3	194059671	194786673	262	40	0.0000181968	0.000000006487
3	194786674	195971407	225	37	0.0000431394	0.000000005983
3	195971408	197075986	286	40	-0.0000034733	0.000000006332
3	197075987	197946621	180	27	0.0001121816	0.000000005747
4	10240	694714	105	12	0.0000060757	0.000000002527
4	694715	1478710	221	25	-0.0000352717	0.000000004147
4	1478711	2842978	261	40	0.0000458000	0.000000006649
4	2842979	3846039	256	36	0.0000460083	0.000000006815
4	3846040	4684115	225	36	0.0000087148	0.000000005612
4	4684116	5502387	387	40	0.0000107768	0.000000009740
4	5502388	6773042	668	40	-0.0000064398	0.000000013607
4	6773043	7539691	398	40	0.0001692989	0.000000012709
4	7539692	8152234	355	40	0.0000726737	0.000000010160
4	8152235	9326478	238	39	-0.0000104221	0.000000005575
4	9326479	10699151	509	38	0.0000024910	0.000000009180
4	10699152	12323033	641	40	0.0001484571	0.000000015894
4	12323034	14272000	710	40	-0.0000015316	0.000000013679
4	14272001	15147445	381	40	0.0000245558	0.000000008903
4	15147446	15927008	249	33	0.0000636925	0.000000006531
4	15927009	17383321	658	40	-0.0000514044	0.000000012943
4	17383322	18841873	419	40	0.0000125769	0.000000008754
4	18841874	20544556	468	40	-0.0000179036	0.000000008277
4	20544557	22319346	668	40	0.0000902198	0.000000015034
4	22319347	24135528	603	40	0.0000744570	0.000000013590
4	24135529	25609321	601	40	0.0000307194	0.000000014046
4	25609322	27343721	558	40	0.0000042837	0.000000013077
4	27343722	27965867	199	28	-0.0000387171	0.000000003960
4	27965868	29762207	527	40	0.0001158483	0.000000012168
4	29762208	30454534	157	23	0.0000372821	0.000000003747
4	30454535	31782980	402	40	0.0000940563	0.000000010065
4	31782981	33172765	311	36	0.0000085026	0.000000006781
4	33172766	35151414	355	31	0.0000108100	0.000000005697
4	35151415	36020435	273	34	0.0000588669	0.000000005751
4	36020436	37255046	431	40	0.0000511483	0.000000008693
4	37255047	38907021	786	40	0.0000422704	0.000000014326
4	38907022	40202608	399	40	0.0001332716	0.000000009631
4	40202609	42213057	712	40	0.0001007804	0.000000015190
4	42213058	43965044	528	40	0.0000797388	0.000000011443
4	43965045	45189156	339	38	0.0000196105	0.000000006126
4	45189157	47411895	453	40	0.0002035689	0.000000011269
4	47411896	48123599	221	25	-0.0000102283	0.000000003645
4	48123600	53877432	481	39	0.0000778783	0.000000009525
4	53877433	55429555	534	40	0.0000219933	0.000000011030
4	55429556	56547643	363	40	0.0000913075	0.000000008903
4	56547644	58935007	843	40	-0.0000250305	0.000000013332
4	58935008	60741086	450	40	0.0000357043	0.000000008958
4	60741087	62371762	425	40	0.0000714664	0.000000009485
4	62371763	64341000	432	40	0.0001087488	0.000000010610
4	64341001	66600491	502	40	-0.0000120038	0.000000008774
4	66600492	68059496	385	40	0.0001105457	0.000000008804
4	68059497	68854764	245	31	0.0000522761	0.000000005137
4	68854765	71049151	438	40	0.0000218129	0.000000006868
4	71049152	72140557	218	27	0.0000058039	0.000000004072
4	72140558	74592389	485	40	-0.0000272285	0.000000008523
4	74592390	77130706	728	40	0.0001635653	0.000000015098
4	77130707	79093978	725	40	0.0000325239	0.000000014100
4	79093979	80990296	560	40	0.0000894980	0.000000010655
4	80990297	82125314	242	29	-0.0000408001	0.000000004283
4	82125315	83372592	359	40	0.0000384750	0.000000007851
4	83372593	84799655	483	40	0.0000740785	0.000000010537
4	84799656	86930608	587	40	-0.0000350387	0.000000010079
4	86930609	87534647	138	18	0.0000121879	0.000000002807
4	87534648	89238027	567	40	-0.0000156157	0.000000010942
4	89238028	90231563	318	40	0.0000486301	0.000000007400
4	90231564	91560676	338	40	0.0000202077	0.000000006681
4	91560677	94233298	565	40	0.0000439941	0.000000012591
4	94233299	96182187	606	40	0.0000507298	0.000000013763
4	96182188	97540702	485	40	0.0000316656	0.000000010761
4	97540703	99424066	403	36	0.0000127088	0.000000006379
4	99424067	100678359	410	40	0.0000317953	0.000000008107
4	100678360	103221355	795	40	0.0000697393	0.000000014732
4	103221356	105305293	487	40	0.0000400507	0.000000009268
4	105305294	107501304	580	40	0.0000271791	0.000000010695
4	107501305	108815347	359	40	0.0000098257	0.000000006828
4	108815348	111256566	765	40	0.0000398585	0.000000014291
4	111256567	113870101	716	40	0.0000612637	0.000000014607
4	113870102	115666245	602	40	0.0001069648	0.000000014703
4	115666246	117276928	336	36	0.0000345123	0.000000006210
4	117276929	118479917	337	38	0.0000172673	0.000000006746
4	118479918	119933511	418	40	-0.0000097248	0.000000007168
4	119933512	120392683	148	16	0.0000452604	0.000000003240
4	120392684	122657986	698	40	0.0000580782	0.000000014560
4	122657987	124286480	381	37	0.0000701643	0.000000007526
4	124286481	125210861	263	36	-0.0000169487	0.000000005125
4	125210862	126480885	387	40	0.0000388188	0.000000008730
4	126480886	127275476	218	31	-0.0000118636	0.000000004519
4	127275477	127830292	162	22	0.0000486649	0.000000004241
4	127830293	128996664	194	15	0.0000039708	0.000000003854
4	128996665	130591884	442	40	0.0000506195	0.000000009260
4	130591885	131283820	183	22	-0.0000166135	0.000000003742
4	131283821	132954032	351	40	0.0000605378	0.000000008477
4	132954033	134628433	369	39	0.0000418712	0.000000007573
4	134628434	136566406	424	40	0.0000850984	0.000000009030
4	136566407	138541970	510	40	0.0000685807	0.000000011690
4	138541971	139556510	352	40	0.0000507074	0.000000008441
4	139556511	141084630	501	40	0.0000968051	0.000000012738
4	141084631	143443264	714	40	0.0000103233	0.000000013855
4	143443265	146178186	509	40	0.0000529269	0.000000009185
4	146178187	148521872	612	40	0.0000110319	0.000000012324
4	148521873	150683579	522	40	0.0000377448	0.000000010796
4	150683580	152782183	514	40	0.0000187373	0.000000008188
4	152782184	154477640	497	40	0.0000854628	0.000000012625
4	154477641	155056125	205	28	0.0000260512	0.000000004805
4	155056126	157485096	795	40	0.0000991407	0.000000015166
4	157485097	158743717	316	40	0.0000230644	0.000000006914
4	158743718	161058863	518	40	0.0000432606	0.000000010000
4	161058864	161826434	263	33	0.0000464844	0.000000006686
4	161826435	163243678	435	40	0.0000494772	0.000000009544
4	163243679	164478233	328	40	0.0000798519	0.000000007969
4	164478234	165823447	412	40	0.0000873781	0.000000010706
4	165823448	167018857	359	40	0.0000311911	0.000000008755
4	167018858	167852916	185	26	-0.0000219296	0.000000003391
4	167852917	169676824	575	40	0.0000129478	0.000000012572
4	169676825	170776509	311	36	-0.0000094699	0.000000006271
4	170776510	172558634	410	40	-0.0000063240	0.000000008229
4	172558635	174264131	390	40	0.0000638979	0.000000008635
4	174264132	176570715	621	40	0.0000103842	0.000000013855
4	176570716	178991909	813	40	0.0000698627	0.000000014734
4	178991910	180122042	317	40	0.0000508007	0.000000008005
4	180122043	182066806	803	40	0.0000145552	0.000000013917
4	182066807	183371274	707	40	0.0000070269	0.000000013806
4	183371275	184929454	575	40	0.0001053623	0.000000015258
4	184929455	186909089	858	40	0.0000660003	0.000000014677
4	186909090	188472980	608	40	0.0000253140	0.000000014076
4	188472981	189693510	404	40	-0.0000110455	0.000000009555
4	189693511	191043593	284	40	0.0000466798	0.000000007043
5	11940	982251	229	26	0.0000037501	0.000000004803
5	982252	2132441	454	40	0.0000111903	0.000000011639
5	2132442	3361940	776	40	-0.0000183088	0.000000013432
5	3361941	4632109	528	40	0.0000149654	0.000000011393
5	4632110	5973232	688	40	0.0000481852	0.000000014414
5	5973233	7143217	569	40	0.0000073436	0.000000012187
5	7143218	8446335	581	40	0.0001156882	0.000000013511
5	8446336	9718831	597	40	0.0000087171	0.000000012262
5	9718832	11173270	727	40	-0.0000050877	0.000000013627
5	11173271	13464831	559	40	0.0000439748	0.000000012013
5	13464832	14757803	582	40	0.0001418845	0.000000013953
5	14757804	16963612	749	40	-0.0000132739	0.000000013506
5	16963613	18051591	262	40	0.0000141865	0.000000006346
5	18051592	19917715	543	40	0.0000622100	0.000000010938
5	19917716	22152072	435	40	0.0000118297	0.000000008196
5	22152073	23494323	402	40	0.0000567901	0.000000008339
5	23494324	26184850	646	40	0.0000421637	0.000000013636
5	26184851	26857603	150	22	0.0000880916	0.000000004414
5	26857604	27984512	217	32	0.0000554080	0.000000005482
5	27984513	29714819	395	40	0.0000614239	0.000000008134
5	29714820	31390248	568	40	0.0000017985	0.000000011089
5	31390249	33500179	800	40	0.0000451806	0.000000014369
5	33500180	35048969	538	40	0.0000116157	0.000000011810
5	35048970	36433953	472	40	-0.0000213895	0.000000008581
5	36433954	38802409	748	40	0.0000681543	0.000000014709
5	38802410	40287728	532	40	0.0000222849	0.000000009527
5	40287729	41888709	537	40	-0.0000051368	0.000000008110
5	41888710	43983498	405	31	0.0000210459	0.000000007102
5	43983499	50163397	411	30	0.0002183626	0.000000009491
5	50163398	52134621	556	40	0.0000378619	0.000000011209
5	52134622	53703043	592	40	0.0000187260	0.000000012382
5	53703044	55417348	588	40	0.0000707161	0.000000011996
5	55417349	56621101	493	40	0.0000495731	0.000000010724
5	56621102	57340072	264	36	-0.0000247697	0.000000004710
5	57340073	58524621	528	40	-0.0000177928	0.000000010114
5	58524622	60935906	678	40	0.0000708164	0.000000013509
5	60935907	61672994	265	27	0.0000609745	0.000000005973
5	61672995	63218986	474	40	0.0001167250	0.000000009934
5	63218987	63968303	174	19	-0.0000020189	0.000000003413
5	63968304	65911285	611	40	0.0000752910	0.000000012311
5	65911286	67850859	768	40	0.0000159828	0.000000013938
5	67850860	71240455	441	40	0.0000288269	0.000000008911
5	71240456	73759325	944	40	0.0000609764	0.000000014603
5	73759326	75798865	672	40	0.0000789324	0.000000014399
5	75798866	77623331	707	40	0.0000449457	0.000000014366
5	77623332	79393143	644	40	0.0000828632	0.000000014898
5	79393144	80481470	439	40	0.0000028460	0.000000009596
5	80481471	82025647	494	40	0.0000267148	0.000000011347
5	82025648	83972688	518	40	0.0000356975	0.000000012605
5	83972689	85767289	489	40	0.0000605910	0.000000010475
5	85767290	87389990	269	31	0.0000716675	0.000000006812
5	87389991	88891529	300	32	0.0000476877	0.000000006268
5	88891530	90422653	419	40	0.0000654971	0.000000008932
5	90422654	91840541	261	32	0.0000720234	0.000000006517
5	91840542	93809983	406	40	0.0000906453	0.000000008756
5	93809984	95963518	684	40	0.0000379060	0.000000014262
5	95963519	97315600	406	40	0.0000140706	0.000000007409
5	97315601	99260991	476	40	0.0000979428	0.000000010286
5	99260992	101578768	496	40	0.0000045770	0.000000009128
5	101578769	103320004	473	40	0.0000289335	0.000000009104
5	103320005	104851482	404	40	-0.0000181621	0.000000008082
5	104851483	105893054	163	21	0.0000098106	0.000000004158
5	105893055	107264195	546	40	0.0001013516	0.000000014703
5	107264196	108633933	376	40	0.0000679825	0.000000009242
5	108633934	110821143	614	40	0.0001509282	0.000000014471
5	110821144	111981561	413	40	0.0000380596	0.000000010061
5	111981562	113396284	535	40	0.0000687067	0.000000012268
5	113396285	114830369	508	40	0.0000651264	0.000000011310
5	114830370	115831046	423	40	0.0000405687	0.000000009659
5	115831047	117346212	542	40	0.0000037533	0.000000012849
5	117346213	118608819	365	40	0.0000763927	0.000000009531
5	118608820	119669041	325	37	0.0000915560	0.000000008469
5	119669042	120452165	227	24	0.0000545060	0.000000005905
5	120452166	122556904	652	40	0.0000724070	0.000000014771
5	122556905	123798099	433	40	-0.0000142736	0.000000009152
5	123798100	125785648	817	40	0.0000455419	0.000000014375
5	125785649	127344603	419	40	0.0000310390	0.000000008780
5	127344604	129519024	642	40	0.0000196019	0.000000011571
5	129519025	132139648	599	40	0.0000125674	0.000000009219
5	132139649	134777400	888	40	0.0001446897	0.000000015839
5	134777401	136376049	583	40	0.0000512980	0.000000011435
5	136376050	139265071	682	40	0.0001136500	0.000000013289
5	139265072	140645970	349	31	0.0000134286	0.000000005899
5	140645971	142981247	905	40	0.0000018141	0.000000013729
5	142981248	144943353	617	40	0.0000440967	0.000000012152
5	144943354	147181997	727	40	-0.0000017606	0.000000013676
5	147181998	148662623	545	40	0.0000389368	0.000000011445
5	148662624	150561297	839	40	0.0000970176	0.000000015135
5	150561298	152867773	832	40	0.0000874605	0.000000014966
5	152867774	153773087	423	40	0.0000298543	0.000000007806
5	153773088	155373504	554	40	0.0000523351	0.000000012054
5	155373505	156628699	371	40	0.0000090549	0.000000007526
5	156628700	158825697	862	40	0.0000485490	0.000000014419
5	158825698	159973943	409	40	0.0000812574	0.000000010396
5	159973944	161482132	511	40	0.0000596141	0.000000010296
5	161482133	162743907	349	40	0.0000289825	0.000000007793
5	162743908	163771581	373	40	-0.0000192227	0.000000007793
5	163771582	165642394	533	40	0.0001763790	0.000000015095
5	165642395	166847739	413	40	0.0000776765	0.000000011605
5	166847740	168525317	756	40	0.0001121212	0.000000015358
5	168525318	169505663	472	40	0.0000536262	0.000000011579
5	169505664	171074291	646	40	0.0000950602	0.000000015106
5	171074292	172678326	662	40	0.0000562841	0.000000014533
5	172678327	173642870	482	40	-0.0000254547	0.000000010193
5	173642871	175450594	798	40	0.0000319826	0.000000014174
5	175450595	177251506	333	40	0.0000592712	0.000000007693
5	177251507	178413463	425	40	0.0000576600	0.000000011035
5	178413464	179401243	346	40	0.0000208215	0.000000008520
5	179401244	180559932	320	40	0.0000739160	0.000000008182
5	180559933	180885155	41	9	0.0000286704	0.000000001396
6	73924	1452361	665	40	0.0000315693	0.000000014168
6	1452362	2458935	428	40	-0.0000075617	0.000000009470
6	2458936	3573592	563	40	-0.0000072027	0.000000012632
6	3573593	4617816	505	40	-0.0000134170	0.000000010754
6	4617817	5791471	578	40	0.0000618718	0.000000014010
6	5791472	6785206	589	40	0.0000251730	0.000000014074
6	6785207	7808935	509	40	0.0000293070	0.000000012154
6	7808936	9020025	494	40	0.0000294879	0.000000010208
6	9020026	10540316	601	40	0.0000325257	0.000000013604
6	10540317	11790815	542	40	0.0000157091	0.000000012173
6	11790816	13209387	586	40	0.0000114044	0.000000012522
6	13209388	14802923	671	40	0.0000157007	0.000000013934
6	14802924	17386404	982	40	0.0001061944	0.000000015270
6	17386405	19207486	633	40	0.0000294091	0.000000011688
6	19207487	21684064	1012	40	0.0001438866	0.000000015827
6	21684065	22748306	513	40	0.0000338540	0.000000012248
6	22748307	23936618	483	40	0.0000704259	0.000000012513
6	23936619	24852274	397	40	0.0000253527	0.000000009983
6	24852275	25684586	446	40	0.0000852477	0.000000010565
6	25684587	26791232	474	35	0.0000741569	0.000000008049
6	26791233	28017818	273	19	0.0000229050	0.000000004541
6	28017819	28917607	187	14	0.0000180448	0.000000002432
6	28917608	29737970	28	4	0.0000024721	0.000000000415
6	29737971	30798167	1	0	-0.0000000000	0.000000000027
6	30798168	31571217	104	18	0.0000542483	0.000000003047
6	31571218	32682663	96	12	0.0000975216	0.000000003276
6	32682664	33236496	176	26	0.0000601004	0.000000004491
6	33236497	35455755	699	40	0.0001141611	0.000000015168
6	35455756	37572595	817	40	0.0001047062	0.000000015248
6	37572596	39295676	756	40	0.0000494227	0.000000014432
6	39295677	40345114	400	40	0.0001016294	0.000000009903
6	40345115	42038720	709	40	-0.0000232664	0.000000013359
6	42038721	43756168	441	40	0.0000378832	0.000000009757
6	43756169	45406562	568	40	0.0000432843	0.000000013075
6	45406563	47311897	753	40	0.0000429457	0.000000014336
6	47311898	48391124	355	38	0.0000154473	0.000000006310
6	48391125	50386144	491	40	0.0000331498	0.000000007963
6	50386145	52210475	621	40	0.0000324846	0.000000011871
6	52210476	53279101	426	40	0.0001319820	0.000000010378
6	53279102	55468269	852	40	0.0000736614	0.000000014762
6	55468270	56105312	210	20	0.0000433769	0.000000003918
6	56105313	57599464	345	37	0.0000869023	0.000000007636
6	57599465	61880511	116	9	0.0000260259	0.000000001980
6	61880512	63552887	334	22	0.0000543836	0.000000005740
6	63552888	65765741	442	40	0.0001447648	0.000000009882
6	65765742	67329214	480	40	0.0000439988	0.000000009874
6	67329215	68849482	460	40	-0.0000004449	0.000000008288
6	68849483	69523447	216	26	0.0000063301	0.000000004215
6	69523448	71609509	739	40	0.0000147409	0.000000013121
6	71609510	73450096	627	40	0.0000442305	0.000000012759
6	73450097	75462002	570	40	-0.0000094601	0.000000010292
6	75462003	77414880	445	40	0.0000777028	0.000000008812
6	77414881	78957727	485	40	0.0000667981	0.000000008241
6	78957728	80691169	577	40	-0.0000076594	0.000000010867
6	80691170	81929221	366	27	0.0000307734	0.000000005828
6	81929222	83127148	348	40	0.0001366917	0.000000008807
6	83127149	85209988	555	40	-0.0000384029	0.000000009398
6	85209989	87069499	592	40	0.0000103477	0.000000009487
6	87069500	88822139	536	40	0.0000298878	0.000000009803
6	88822140	89973051	430	40	-0.0000110713	0.000000008952
6	89973052	91843195	729	40	-0.0000582555	0.000000012842
6	91843196	93428643	464	40	0.0001203799	0.000000011330
6	93428644	94118141	281	40	-0.0000113803	0.000000005288
6	94118142	94441174	83	8	-0.0000186368	0.000000001052
6	94441175	97093510	614	40	0.0000338690	0.000000011892
6	97093511	97842283	228	26	0.0000861260	0.000000005472
6	97842284	100630145	784	40	0.0000691597	0.000000014723
6	100630146	102636771	488	40	0.0000593960	0.000000010567
6	102636772	103983394	329	32	0.0000496212	0.000000006678
6	103983395	106056732	657	40	0.0000436496	0.000000013135
6	106056733	107450305	618	40	0.0000263216	0.000000013981
6	107450306	108464379	342	40	0.0000218946	0.000000007716
6	108464380	110304246	529	40	0.0000474947	0.000000010008
6	110304247	112345013	609	40	-0.0000025714	0.000000011793
6	112345014	114220832	625	40	0.0000354003	0.000000012106
6	114220833	116131395	473	40	-0.0000054085	0.000000007614
6	116131396	117672971	466	40	-0.0000008036	0.000000008310
6	117672972	118963114	368	39	0.0000230694	0.000000007132
6	118963115	119963277	317	36	-0.0000059127	0.000000006023
6	119963278	120512127	164	18	-0.0000231683	0.000000002640
6	120512128	121905675	374	36	0.0000152350	0.000000006280
6	121905676	123856180	595	40	0.0000475995	0.000000010859
6	123856181	125424382	591	40	0.0000710266	0.000000014751
6	125424383	127540460	458	40	0.0000191069	0.000000009069
6	127540461	129861030	605	40	0.0001357769	0.000000013780
6	129861031	130935453	489	40	0.0000705408	0.000000011499
6	130935454	132765668	596	40	-0.0000438489	0.000000011349
6	132765669	134244242	580	40	-0.0000274272	0.000000011317
6	134244243	136224176	580	40	0.0000312476	0.000000013695
6	136224177	137614217	333	40	-0.0000531579	0.000000006746
6	137614218	138822628	473	40	-0.0000389137	0.000000009665
6	138822629	139845435	379	40	0.0000478173	0.000000009383
6	139845436	142288478	526	40	0.0000739350	0.000000011083
6	142288479	145319809	1030	40	0.0000380356	0.000000014264
6	145319810	146665423	310	26	0.0000875715	0.000000005929
6	146665424	148920351	909	40	0.0000344431	0.000000014211
6	148920352	150253403	514	40	-0.0000144915	0.000000009724
6	150253404	151912702	871	40	0.0000372821	0.000000014253
6	151912703	153094495	552	40	0.0001923319	0.000000014120
6	153094496	154974119	787	40	0.0000280801	0.000000014117
6	154974120	156763325	714	40	0.0000191306	0.000000013985
6	156763326	158218718	369	40	0.0001259984	0.000000010207
6	158218719	160580496	1024	40	0.0000569251	0.000000014543
6	160580497	162169563	754	40	0.0001017556	0.000000015205
6	162169564	162931202	369	40	0.0000812780	0.000000009931
6	162931203	164383520	667	40	0.0001327826	0.000000015663
6	164383521	165586863	534	40	0.0000061341	0.000000010988
6	165586864	167024732	796	40	0.0000021599	0.000000013734
6	167024733	168042834	420	40	0.0000312388	0.000000009576
6	168042835	169382049	576	40	0.0000025213	0.000000012226
6	169382050	170330172	390	40	0.0000218079	0.000000007933
6	170330173	171051269	233	30	-0.0000188233	0.000000004743
7	16161	972751	87	14	-0.0000005096	0.000000002186
7	972752	1353066	99	16	0.0000094435	0.000000002550
7	1353067	2062397	137	21	0.0000673424	0.000000004488
7	2062398	2772226	211	34	0.0001417090	0.000000007298
7	2772227	4573427	839	40	0.0000874091	0.000000014993
7	4573428	5416231	199	40	0.0000809884	0.000000006458
7	5416232	5854525	98	16	0.0000195507	0.000000002780
7	5854526	6573856	138	22	-0.0000039759	0.000000003357
7	6573857	7808751	411	40	0.0000005481	0.000000009918
7	7808752	9123422	717	40	0.0000152036	0.000000013927
7	9123423	9987498	352	40	0.0000516401	0.000000009357
7	9987499	11299197	466	40	0.0000853001	0.000000012541
7	11299198	12635460	688	40	0.0000755858	0.000000014818
7	12635461	13884201	559	40	0.0000113990	0.000000013870
7	13884202	15143656	567	40	0.0000858694	0.000000014970
7	15143657	16902068	745	40	0.0000078466	0.000000013818
7	16902069	19481546	1014	40	-0.0000198037	0.000000013410
7	19481547	20124907	227	28	0.0000493290	0.000000006155
7	20124908	22507628	1181	40	0.0000841305	0.000000014945
7	22507629	23471441	309	40	0.0000340477	0.000000007785
7	23471442	25077258	696	40	-0.0000233161	0.000000013358
7	25077259	25909554	444	40	-0.0000216009	0.000000009126
7	25909555	28360308	878	40	0.0000626882	0.000000014628
7	28360309	31137288	1225	40	-0.0000638926	0.000000012759
7	31137289	33555767	979	40	0.0000405941	0.000000014302
7	33555768	36213537	1004	40	0.0000182849	0.000000013972
7	36213538	37555183	626	40	0.0000692612	0.000000014725
7	37555184	38966702	629	40	0.0000141746	0.000000012123
7	38966703	39862669	313	35	-0.0000176059	0.000000005769
7	39862670	42001810	606	40	0.0000030744	0.000000011959
7	42001811	43159073	399	40	0.0001249060	0.000000010492
7	43159074	44763827	466	40	0.0000620712	0.000000010086
7	44763828	45952921	347	40	0.0000999004	0.000000009084
7	45952922	46986719	407	40	0.0001446231	0.000000010099
7	46986720	49212277	891	40	0.0000405311	0.000000014301
7	49212278	51675321	882	40	-0.0000137036	0.000000013500
7	51675322	53176311	630	40	0.0000255352	0.000000012620
7	53176312	54222975	370	40	0.0000364166	0.000000007001
7	54222976	55691583	526	40	0.0000500899	0.000000011637
7	55691584	57382637	241	28	0.0000952276	0.000000005878
7	57382638	63307358	123	14	0.0000111695	0.000000002657
7	63307359	63641124	52	6	0.0000068161	0.000000001102
7	63641125	65689808	306	26	0.0000008128	0.000000005168
7	65689809	68234073	698	40	0.0000376946	0.000000013680
7	68234074	69085363	263	38	0.0000523224	0.000000006472
7	69085364	71874884	833	40	0.0000668745	0.000000014690
7	71874885	73334601	148	23	-0.0000045169	0.000000003023
7	73334602	76458563	344	40	0.0000069826	0.000000007468
7	76458564	78093858	604	40	0.0001168803	0.000000015235
7	78093859	79888068	639	40	0.0000810976	0.000000014542
7	79888069	82022685	709	40	0.0000781025	0.000000014856
7	82022686	83801202	624	40	0.0000340060	0.000000013516
7	83801203	85572181	400	40	0.0000758951	0.000000008102
7	85572182	87825003	562	40	0.0000073247	0.000000009415
7	87825004	90661783	952	40	0.0001502068	0.000000015920
7	90661784	92493751	422	40	0.0000627538	0.000000008783
7	92493752	93966600	349	40	0.0000727514	0.000000009094
7	93966601	96073507	691	40	-0.0000087402	0.000000013573
7	96073508	97099569	306	40	0.0000135291	0.000000006419
7	97099570	98715473	414	40	0.0000514810	0.000000009327
7	98715474	100196650	247	26	0.0000594462	0.000000005215
7	100196651	101199252	245	37	0.0000748258	0.000000006722
7	101199253	103197509	382	40	0.0000800021	0.000000009338
7	103197510	104159524	470	40	0.0000854791	0.000000011061
7	104159525	105682904	535	40	0.0001240957	0.000000013196
7	105682905	107780177	736	40	0.0000502987	0.000000014445
7	107780178	109647593	551	40	0.0000993030	0.000000012171
7	109647594	112618683	824	40	-0.0000065454	0.000000013605
7	112618684	113712386	217	26	0.0000299372	0.000000004781
7	113712387	116780177	708	40	0.0003863678	0.000000018333
7	116780178	118351580	372	38	-0.0000250084	0.000000005796
7	118351581	121045272	436	40	0.0000390837	0.000000008215
7	121045273	121933629	228	28	0.0000375171	0.000000004783
7	121933630	124156804	655	40	0.0001376068	0.000000013532
7	124156805	124167551	6	2	-0.0000069369	0.000000000033
7	124167552	126519169	658	40	0.0000736190	0.000000011600
7	126519170	126869220	139	18	0.0000210293	0.000000002937
7	126869221	128778385	590	40	0.0000658241	0.000000011347
7	128778386	130422413	467	40	0.0000532000	0.000000010393
7	130422414	132805847	913	40	0.0000115850	0.000000013873
7	132805848	134307595	438	35	0.0000241514	0.000000008377
7	134307596	135591082	499	40	0.0000218645	0.000000010096
7	135591083	136876561	406	40	0.0000375637	0.000000008958
7	136876562	138744678	605	40	0.0001055132	0.000000015260
7	138744679	139933176	326	40	0.0000869852	0.000000008211
7	139933177	140235209	118	25	0.0000361685	0.000000003269
7	140235210	141226556	281	32	0.0000038094	0.000000005430
7	141226557	142656309	359	40	0.0001030460	0.000000007356
7	142656310	144968288	548	40	0.0000582717	0.000000011236
7	144968289	146427959	376	40	0.0000438810	0.000000008231
7	146427960	147815317	566	40	-0.0000479259	0.000000010959
7	147815318	149840657	611	40	0.0000608934	0.000000014601
7	149840658	150711504	307	38	0.0000344776	0.000000006236
7	150711505	152249805	451	40	0.0000909737	0.000000012515
7	152249806	153674018	455	40	0.0000059689	0.000000010958
7	153674019	154964729	535	40	0.0000083076	0.000000012834
7	154964730	156065249	469	40	0.0000779399	0.000000012075
7	156065250	157634596	519	40	-0.0000105750	0.000000011950
7	157634597	159128574	457	40	0.0000580853	0.000000010383
8	10422	1044216	396	40	0.0000949539	0.000000011859
8	1044217	1163244	71	12	-0.0000117995	0.000000001668
8	1163245	2042941	455	40	0.0000286279	0.000000012364
8	2042942	2573278	256	40	-0.0000155849	0.000000006262
8	2573279	3392925	592	40	-0.0000122916	0.000000013521
8	3392926	3783016	424	40	0.0001269049	0.000000012715
8	3783017	4480475	661	40	0.0000273314	0.000000014106
8	4480476	5146926	490	40	0.0000523341	0.000000013456
8	5146927	6142796	752	40	-0.0000374895	0.000000013148
8	6142797	7153078	539	40	0.0000228142	0.000000013819
8	7153079	9154693	554	40	0.0000050801	0.000000013777
8	9154694	9640786	237	25	-0.0000217511	0.000000005517
8	9640787	10463196	463	40	0.0000210208	0.000000012416
8	10463197	11278997	383	40	0.0000425429	0.000000010044
8	11278998	13491774	797	40	0.0000833464	0.000000014933
8	13491775	13944991	251	30	0.0000420008	0.000000006511
8	13944992	15991659	1082	40	0.0001173495	0.000000015435
8	15991660	17387875	545	40	-0.0000209794	0.000000013392
8	17387876	17836398	268	35	0.0000235919	0.000000007058
8	17836399	19492839	958	40	0.0000496644	0.000000014436
8	19492840	20060855	332	40	0.0000309598	0.000000008423
8	20060856	21661736	746	40	0.0000036307	0.000000013756
8	21661737	22897056	456	40	0.0001285883	0.000000013042
8	22897057	24674717	654	40	0.0000716347	0.000000014760
8	24674718	25483453	286	35	0.0000183347	0.000000005999
8	25483454	26682524	614	40	0.0000235558	0.000000013279
8	26682525	28162391	734	40	-0.0000027514	0.000000013661
8	28162392	29327895	367	40	0.0000404668	0.000000008345
8	29327896	31133728	537	40	0.0000223732	0.000000011557
8	31133729	31548359	125	20	0.0000039452	0.000000002740
8	31548360	32977217	483	40	-0.0000213451	0.000000008856
8	32977218	35317231	532	40	0.0000689411	0.000000009010
8	35317232	37379388	358	40	0.0000187839	0.000000007424
8	37379389	38938805	287	40	0.0000048678	0.000000006700
8	38938806	40703336	582	40	0.0000819261	0.000000012326
8	40703337	41721453	380	40	0.0000404336	0.000000009411
8	41721454	42773822	191	22	0.0000180819	0.000000003926
8	42773823	46841314	43	7	0.0000004565	0.000000000981
8	46841315	50082469	393	36	0.0000025715	0.000000007540
8	50082470	53302929	778	40	0.0000364474	0.000000013002
8	53302930	54418043	343	40	0.0000984480	0.000000008188
8	54418044	55945580	474	40	-0.0000278910	0.000000008130
8	55945581	56956382	351	40	0.0000499307	0.000000007665
8	56956383	59068650	663	40	0.0000023185	0.000000013020
8	59068651	59728099	275	34	-0.0000407433	0.000000004937
8	59728100	62329098	784	40	0.0000533726	0.000000014490
8	62329099	63349305	327	35	0.0000461757	0.000000006382
8	63349306	65232871	515	40	0.0000124261	0.000000009354
8	65232872	66489089	361	40	0.0000751117	0.000000007954
8	66489090	69863056	863	40	0.0000136865	0.000000013904
8	69863057	70867978	403	40	-0.0000207067	0.000000008564
8	70867979	72289453	439	40	0.0000197136	0.000000008476
8	72289454	73817198	684	40	0.0000358369	0.000000013818
8	73817199	75445063	614	40	0.0000750761	0.000000013159
8	75445064	76456541	290	38	0.0000272109	0.000000005911
8	76456542	79132860	686	40	0.0000454767	0.000000012255
8	79132861	81956394	803	40	0.0000527256	0.000000014481
8	81956395	82693738	217	32	0.0000190550	0.000000004566
8	82693739	84225588	414	40	0.0000765360	0.000000007947
8	84225589	85955618	356	39	0.0000185551	0.000000006793
8	85955619	87411708	266	24	0.0000455811	0.000000005229
8	87411709	89085480	482	40	0.0001192169	0.000000010901
8	89085481	90638161	392	40	0.0000079815	0.000000007429
8	90638162	93554385	673	40	0.0001849069	0.000000015441
8	93554386	95005526	385	40	0.0000065030	0.000000008090
8	95005527	96534805	623	40	0.0000453168	0.000000013628
8	96534806	99401580	1099	40	0.0001557098	0.000000016002
8	99401581	101620957	503	40	-0.0000170126	0.000000007443
8	101620958	104123305	986	40	0.0000397393	0.000000014289
8	104123306	104988751	248	24	0.0000588594	0.000000005043
8	104988752	107410753	818	40	0.0001351162	0.000000015697
8	107410754	108648176	468	40	-0.0000011285	0.000000008524
8	108648177	109248172	204	23	0.0000180778	0.000000003654
8	109248173	110484313	350	31	0.0000433878	0.000000005932
8	110484314	111850846	287	33	0.0000399522	0.000000005500
8	111850847	113064319	231	19	0.0000025201	0.000000003779
8	113064320	116096494	779	40	0.0000424144	0.000000012375
8	116096495	119685456	1149	40	0.0000257453	0.000000014082
8	119685457	121201699	525	40	-0.0000005048	0.000000009410
8	121201700	124861458	1331	40	0.0000168865	0.000000013951
8	124861459	125683718	332	40	-0.0000070072	0.000000006443
8	125683719	126410916	253	40	0.0001433546	0.000000007922
8	126410917	128659110	909	40	0.0000730448	0.000000014781
8	128659111	130381138	670	40	-0.0000336310	0.000000013205
8	130381139	131639624	463	40	0.0000043465	0.000000009645
8	131639625	133351143	757	40	0.0000139831	0.000000013909
8	133351144	134570000	704	40	0.0000121183	0.000000013881
8	134570001	136035604	750	40	0.0000946835	0.000000015100
8	136035605	137524150	551	40	0.0000728543	0.000000011863
8	137524151	139254829	735	40	0.0000584243	0.000000014482
8	139254830	140725642	746	40	0.0000730135	0.000000014780
8	140725643	143044913	820	40	0.0000084623	0.000000013827
8	143044914	144236880	363	40	0.0000708559	0.000000008574
8	144236881	146303866	337	40	0.0000385201	0.000000008425
9	10023	1079706	573	40	0.0000143711	0.000000013914
9	1079707	1916876	597	40	0.0000027327	0.000000013742
9	1916877	3190063	761	40	0.0000255866	0.000000014080
9	3190064	4495327	734	40	0.0000464376	0.000000014388
9	4495328	4884925	227	39	0.0000309176	0.000000006238
9	4884926	6557588	553	40	-0.0000125299	0.000000013490
9	6557589	7154922	292	37	0.0000649737	0.000000008159
9	7154923	8456298	922	40	0.0000547549	0.000000014511
9	8456299	9166402	398	40	0.0000371726	0.000000010678
9	9166403	10879252	833	40	0.0000796923	0.000000014879
9	10879253	12276488	463	40	0.0001699521	0.000000012856
9	12276489	14836362	1250	40	0.0000989109	0.000000015163
9	14836363	16659654	796	40	0.0000421967	0.000000014325
9	16659655	18661050	933	40	0.0000501875	0.000000014443
9	18661051	20463533	820	40	0.0000475909	0.000000014405
9	20463534	22206558	683	40	0.0000878184	0.000000014999
9	22206559	24158517	598	40	0.0000264137	0.000000014065
9	24158518	25330809	294	40	0.0000226237	0.000000008027
9	25330810	26111756	270	40	0.0000790624	0.000000008176
9	26111757	28224282	944	40	-0.0000254748	0.000000013326
9	28224283	28811583	248	36	0.0001086373	0.000000007275
9	28811584	30387391	549	40	0.0001087410	0.000000011432
9	30387392	31310382	244	23	0.0000570430	0.000000005398
9	31310383	32019367	205	24	0.0000131593	0.000000003908
9	32019368	33578333	583	40	0.0000318617	0.000000012411
9	33578334	34642242	285	27	0.0000205466	0.000000004778
9	34642243	36743282	581	40	0.0000824236	0.000000013598
9	36743283	38641598	715	40	-0.0000080837	0.000000013583
9	38641599	65472189	102	21	0.0000022548	0.000000002580
9	65472190	72512710	563	40	0.0000499560	0.000000012294
9	72512711	72753754	100	10	0.0000217868	0.000000002162
9	72753755	74253039	594	40	0.0001295762	0.000000012919
9	74253040	76203945	569	40	0.0000179951	0.000000010971
9	76203946	76973080	179	22	0.0000579457	0.000000004459
9	76973081	78900182	796	40	0.0000102948	0.000000013854
9	78900183	79471207	287	40	0.0000131748	0.000000007096
9	79471208	81079054	522	40	0.0000261043	0.000000012436
9	81079055	82590927	627	40	0.0001084725	0.000000015304
9	82590928	84211232	651	40	0.0001153298	0.000000015405
9	84211233	85440800	327	40	-0.0000053130	0.000000007588
9	85440801	86938195	635	40	0.0000794461	0.000000014269
9	86938196	88109332	496	40	0.0000275637	0.000000010399
9	88109333	88590416	112	14	0.0000859082	0.000000003268
9	88590417	90136245	597	40	0.0000459235	0.000000013554
9	90136246	92528697	847	40	0.0000242936	0.000000014061
9	92528698	94167202	620	40	0.0000150705	0.000000013456
9	94167203	96671697	787	40	-0.0000101237	0.000000013553
9	96671698	98922039	663	40	0.0000176934	0.000000012697
9	98922040	101592858	856	40	0.0000480976	0.000000014412
9	101592859	104624436	958	40	-0.0000308854	0.000000013246
9	104624437	105967975	567	40	0.0000203510	0.000000011115
9	105967976	107581748	601	40	0.0000650417	0.000000011199
9	107581749	109298753	599	40	0.0000701661	0.000000013499
9	109298754	110695061	568	40	0.0000228398	0.000000012883
9	110695062	112778023	1092	40	0.0000189944	0.000000013983
9	112778024	114831081	907	40	-0.0000107731	0.000000013543
9	114831082	115693144	312	30	0.0000478097	0.000000006596
9	115693145	117019800	634	40	0.0000076706	0.000000013815
9	117019801	117921959	464	40	-0.0000101433	0.000000010007
9	117921960	121321536	1458	40	0.0001190113	0.000000015460
9	121321537	122260296	355	40	0.0001439665	0.000000009542
9	122260297	124871321	770	40	0.0000850238	0.000000014958
9	124871322	126971886	683	40	0.0000427999	0.000000014334
9	126971887	129059664	562	40	0.0000048155	0.000000011518
9	129059665	130055509	323	40	0.0000393478	0.000000007563
9	130055510	132165469	494	40	0.0000154268	0.000000010823
9	132165470	133223216	315	40	0.0000107882	0.000000007306
9	133223217	134127887	336	40	0.0001569219	0.000000010253
9	134127888	135298841	431	40	0.0000703783	0.000000009935
9	135298842	137041121	650	40	-0.0000011153	0.000000013686
9	137041122	137589363	198	38	-0.0000064059	0.000000005035
9	137589364	138938977	613	40	-0.0000055407	0.000000013620
9	138938978	139500341	116	21	-0.0000210750	0.000000002589
9	139500342	141144795	231	32	0.0000348027	0.000000005860
10	60523	751338	125	15	-0.0000016269	0.000000003066
10	751339	1523543	337	40	0.0000049652	0.000000007931
10	1523544	2254499	436	40	0.0000209335	0.000000010301
10	2254500	3352698	664	40	0.0000224814	0.000000014034
10	3352699	4572273	608	40	0.0001054792	0.000000015177
10	4572274	5983761	707	40	-0.0000091652	0.000000013567
10	5983762	7171483	739	40	0.0000536722	0.000000014495
10	7171484	8774664	862	40	0.0000273470	0.000000014106
10	8774665	10249395	563	40	0.0000875618	0.000000012547
10	10249396	12586796	1028	40	0.0000821358	0.000000014915
10	12586797	13321599	443	40	0.0000280551	0.000000011641
10	13321600	15026067	946	40	0.0000099228	0.000000013849
10	15026068	16551766	561	40	0.0000302121	0.000000014011
10	16551767	18537266	768	40	0.0000390130	0.000000014278
10	18537267	19716877	530	40	0.0000617088	0.000000011918
10	19716878	22772282	982	40	0.0001091420	0.000000015314
10	22772283	23175131	126	14	0.0000077635	0.000000003095
10	23175132	25578595	764	40	-0.0000182831	0.000000013432
10	25578596	26888683	534	40	0.0000461702	0.000000009851
10	26888684	29323235	903	40	0.0000570080	0.000000014544
10	29323236	29783691	268	40	-0.0000241143	0.000000005482
10	29783692	30458837	360	40	0.0000803768	0.000000009754
10	30458838	31907518	476	40	0.0000716560	0.000000010556
10	31907519	33707967	628	40	0.0000633226	0.000000011997
10	33707968	35109354	498	40	0.0001121717	0.000000011976
10	35109355	36572507	422	40	0.0000269522	0.000000008583
10	36572508	37790028	321	40	-0.0000061323	0.000000005992
10	37790029	42372578	197	13	0.0000540336	0.000000003043
10	42372579	43894770	297	34	0.0000402598	0.000000006485
10	43894771	44730074	289	34	0.0000067423	0.000000005610
10	44730075	48760449	671	40	0.0000893151	0.000000014994
10	48760450	50840914	662	40	-0.0000028275	0.000000012092
10	50840915	53616628	752	40	0.0000624648	0.000000014625
10	53616629	55103571	679	40	0.0000304486	0.000000014097
10	55103572	57031139	762	40	0.0000524349	0.000000014476
10	57031140	57662145	177	18	0.0000635190	0.000000003509
10	57662146	58959527	381	25	0.0000146249	0.000000005263
10	58959528	60289986	419	40	-0.0000132759	0.000000006433
10	60289987	61891408	584	40	0.0000604575	0.000000013466
10	61891409	62659678	302	34	0.0000526686	0.000000006723
10	62659679	63341694	161	19	0.0000335214	0.000000003800
10	63341695	65794113	846	40	0.0000810977	0.000000014900
10	65794114	67549614	479	40	0.0000059396	0.000000008574
10	67549615	69900147	894	40	-0.0000332003	0.000000013212
10	69900148	70195990	114	11	-0.0000101698	0.000000001936
10	70195991	72220849	892	40	0.0000325372	0.000000014183
10	72220850	73508511	740	40	-0.0000072860	0.000000013595
10	73508512	75422549	437	35	0.0000123077	0.000000006728
10	75422550	78706813	836	40	0.0001085376	0.000000015305
10	78706814	80876748	1012	40	-0.0000102504	0.000000013551
10	80876749	82414678	489	40	0.0000806947	0.000000011677
10	82414679	84383744	715	40	0.0000326786	0.000000014185
10	84383745	85458702	437	40	0.0000709656	0.000000008521
10	85458703	87937576	976	40	0.0000636991	0.000000014643
10	87937577	89127063	270	35	0.0000644165	0.000000006596
10	89127064	91013380	726	40	0.0000230544	0.000000014043
10	91013381	92006580	376	40	0.0000240208	0.000000008020
10	92006581	93335046	441	40	0.0000283012	0.000000008794
10	93335047	95396367	662	40	-0.0000057537	0.000000012461
10	95396368	96221242	264	32	-0.0000206217	0.000000005452
10	96221243	97822356	582	40	0.0000521198	0.000000009912
10	97822357	100241301	914	40	0.0000750028	0.000000014810
10	100241302	100668399	147	14	0.0000294033	0.000000002979
10	100668400	102949238	761	40	0.0000843761	0.000000014865
10	102949239	104380409	306	28	0.0000900189	0.000000006264
10	104380410	106695047	759	40	0.0002161176	0.000000016894
10	106695048	108726685	672	40	0.0001493216	0.000000014971
10	108726686	110317704	637	40	0.0000893633	0.000000014168
10	110317705	112561492	660	40	0.0000736979	0.000000013964
10	112561493	115328431	1020	40	0.0000503088	0.000000014445
10	115328432	116421405	493	40	0.0000685596	0.000000011443
10	116421406	119523933	991	40	0.0001067763	0.000000015279
10	119523934	120591352	402	40	0.0000418996	0.000000009679
10	120591353	122407322	676	40	0.0000213002	0.000000014017
10	122407323	123231464	389	40	0.0000198230	0.000000008697
10	123231465	123900544	276	40	0.0000397882	0.000000006942
10	123900545	125869345	854	40	0.0000143536	0.000000013914
10	125869346	128001097	950	40	0.0001036666	0.000000015233
10	128001098	129154361	525	40	0.0000097670	0.000000011673
10	129154362	130844283	931	40	0.0000046567	0.000000013771
10	130844284	131741326	414	40	0.0001093446	0.000000010619
10	131741327	132580244	411	40	-0.0000245680	0.000000008288
10	132580245	134336328	839	40	0.0000571152	0.000000014546
10	134336329	134494672	39	6	-0.0000128368	0.000000000623
10	134494673	135523864	276	39	0.0000712536	0.000000007215
11	70855	1213589	251	40	0.0001454861	0.000000007681
11	1213590	3665480	787	40	-0.0000041151	0.000000013641
11	3665481	4746708	422	40	-0.0000083270	0.000000009459
11	4746709	6322868	977	40	0.0000142974	0.000000013913
11	6322869	7436700	540	40	0.0000107889	0.000000010810
11	7436701	8333273	487	40	-0.0000275399	0.000000011452
11	8333274	9087316	272	30	0.0000055167	0.000000006137
11	9087317	10952026	637	40	0.0001156196	0.000000015410
11	10952027	12564228	1093	40	-0.0000090916	0.000000013568
11	12564229	13373123	399	40	0.0002200023	0.000000011593
11	13373124	15742551	770	40	0.0000821002	0.000000014694
11	15742552	17578401	596	40	0.0000523703	0.000000012082
11	17578402	19569534	781	40	0.0000429431	0.000000014336
11	19569535	21017137	780	40	0.0000539192	0.000000014498
11	21017138	22374141	545	40	0.0000477595	0.000000012591
11	22374142	24088516	586	40	-0.0000202260	0.000000011093
11	24088517	26045752	650	40	0.0000983063	0.000000015154
11	26045753	27020460	354	40	0.0000328730	0.000000007058
11	27020461	28481592	403	40	0.0000735434	0.000000008122
11	28481593	30141356	410	40	0.0001438434	0.000000010388
11	30141357	32276900	625	40	0.0000514936	0.000000010944
11	32276901	33958738	550	40	0.0001293718	0.000000012642
11	33958739	35502604	804	40	0.0000403793	0.000000014298
11	35502605	37116814	734	40	0.0000184269	0.000000013974
11	37116815	39382002	414	40	-0.0000218534	0.000000007235
11	39382003	42310002	912	40	0.0000790303	0.000000014869
11	42310003	44693798	960	40	0.0001474106	0.000000015879
11	44693799	47006136	704	40	0.0000763937	0.000000014830
11	47006137	49866049	471	25	-0.0000084241	0.000000006395
11	49866050	54695472	129	7	0.0000243726	0.000000001712
11	54695473	55082656	6	3	0.0000085766	0.000000000288
11	55082657	58457494	1051	40	0.0000657186	0.000000014067
11	58457495	58780548	67	6	0.0000229689	0.000000001529
11	58780549	62223770	976	40	0.0000868094	0.000000014984
11	62223771	63804568	299	36	0.0000655671	0.000000006722
11	63804569	65898630	491	40	0.0001008354	0.000000011644
11	65898631	68005824	316	35	0.0000604505	0.000000006892
11	68005825	69516129	457	40	0.0000037537	0.000000009500
11	69516130	70926291	457	40	0.0000204146	0.000000011089
11	70926292	72286016	301	35	0.0000071231	0.000000005397
11	72286017	74412350	595	40	0.0001061018	0.000000012628
11	74412351	76797208	756	40	0.0001325642	0.000000015660
11	76797209	78355057	413	36	0.0000348452	0.000000007715
11	78355058	80722372	1055	40	0.0000358512	0.000000014232
11	80722373	81266711	258	38	0.0000100177	0.000000005794
11	81266712	84381271	1161	40	0.0000168312	0.000000013951
11	84381272	86619300	770	40	0.0001532160	0.000000015937
11	86619301	87430234	307	36	-0.0000060253	0.000000005585
11	87430235	89208935	557	40	0.0001359776	0.000000014196
11	89208936	90966489	376	34	0.0000090563	0.000000006544
11	90966490	92077143	345	38	0.0000219013	0.000000007224
11	92077144	93276156	395	40	0.0000775628	0.000000008645
11	93276157	94242259	268	26	0.0000235386	0.000000005095
11	94242260	95726040	587	40	0.0000097324	0.000000012580
11	95726041	97057057	493	40	0.0000875372	0.000000012436
11	97057058	98705064	552	40	-0.0000202024	0.000000012330
11	98705065	100417168	754	40	0.0000642014	0.000000014650
11	100417169	101331120	404	40	0.0001063065	0.000000009507
11	101331121	103959635	1076	40	0.0000383033	0.000000014268
11	103959636	104873283	283	23	0.0000731324	0.000000004982
11	104873284	106520893	465	40	0.0000984140	0.000000009746
11	106520894	107844199	465	40	0.0000076986	0.000000009914
11	107844200	108437036	134	11	-0.0000006700	0.000000002130
11	108437037	109866115	340	38	0.0000183165	0.000000007308
11	109866116	111114396	486	40	0.0001176383	0.000000010905
11	111114397	112459487	380	38	0.0000518484	0.000000007884
11	112459488	114257727	779	40	0.0000828677	0.000000014926
11	114257728	114830665	224	27	-0.0000156503	0.000000004164
11	114830666	116383347	647	40	0.0001320330	0.000000015652
11	116383348	117747109	596	40	0.0000221957	0.000000014030
11	117747110	119215475	511	40	0.0000224636	0.000000011174
11	119215476	120766805	619	40	0.0000332883	0.000000014194
11	120766806	121175942	197	22	-0.0000129199	0.000000003796
11	121175943	122591909	463	40	0.0001114974	0.000000012296
11	122591910	123500116	415	40	0.0000486424	0.000000010573
11	123500117	124495527	477	40	0.0000836956	0.000000009009
11	124495528	126311319	796	40	-0.0000065739	0.000000013605
11	126311320	127316678	557	40	0.0000157881	0.000000011350
11	127316679	128188536	306	40	0.0000715092	0.000000007437
11	128188537	130342574	846	40	0.0000060213	0.000000013791
11	130342575	131074611	362	40	0.0000750355	0.000000009346
11	131074612	133000045	1084	40	0.0000327451	0.000000014186
11	133000046	134205992	540	40	0.0000553755	0.000000014052
11	134205993	134946451	395	40	0.0000209505	0.000000009534
12	61107	1080330	305	40	0.0000318761	0.000000007808
12	1080331	2544785	481	40	0.0000040113	0.000000010819
12	2544786	3677036	504	40	0.0000941545	0.000000013441
12	3677037	4417678	383	40	-0.0000036775	0.000000008925
12	4417679	5321471	500	40	0.0000422951	0.000000012153
12	5321472	6419752	551	40	-0.0000173567	0.000000012235
12	6419753	8377535	166	28	0.0000730578	0.000000004709
12	8377536	9031394	0	0	-0.0000156975	-0.000000000000
12	9031395	10481533	214	29	-0.0000023971	0.000000004277
12	10481534	11754845	331	40	0.0000597989	0.000000007128
12	11754846	12733527	433	40	0.0000340653	0.000000011263
12	12733528	15241483	1020	40	0.0001076239	0.000000015291
12	15241484	16310459	251	36	0.0000416924	0.000000005961
12	16310460	18087872	553	40	0.0000778949	0.000000013228
12	18087873	20863942	926	40	0.0000651402	0.000000014664
12	20863943	23820633	1091	40	0.0000181675	0.000000013970
12	23820634	25371082	712	40	-0.0000106255	0.000000013545
12	25371083	27799772	1017	40	0.0000535186	0.000000014492
12	27799773	29651254	690	40	-0.0000295484	0.000000012220
12	29651255	30512405	461	40	0.0000080936	0.000000009071
12	30512406	32165591	630	40	0.0000927599	0.000000014493
12	32165592	33076988	378	40	-0.0000304187	0.000000007327
12	33076989	37856716	353	24	0.0000084288	0.000000005662
12	37856717	39227168	135	7	0.0000217690	0.000000002677
12	39227169	40816184	495	40	0.0000046283	0.000000008938
12	40816185	41658585	349	36	0.0000779667	0.000000006986
12	41658586	43984473	896	40	0.0000907779	0.000000015043
12	43984474	46024228	475	40	0.0000585305	0.000000009103
12	46024229	47714792	463	40	0.0001332197	0.000000011053
12	47714793	49001865	538	40	0.0000513544	0.000000011189
12	49001866	51776493	625	40	0.0000646802	0.000000012236
12	51776494	53039003	629	40	0.0000346654	0.000000012205
12	53039004	54778822	584	40	0.0000311781	0.000000012264
12	54778823	55665836	270	35	0.0000364618	0.000000006048
12	55665837	57548859	416	40	0.0000629724	0.000000008813
12	57548860	59308665	460	40	0.0000692901	0.000000009399
12	59308666	61123728	451	40	0.0000763187	0.000000009311
12	61123729	64032460	944	40	-0.0000194494	0.000000013415
12	64032461	65559694	372	40	-0.0000231622	0.000000007571
12	65559695	67181143	511	40	-0.0000102877	0.000000010060
12	67181144	67909728	321	40	0.0000578818	0.000000006663
12	67909729	69826541	811	40	-0.0000055973	0.000000013619
12	69826542	70957986	494	40	-0.0000312015	0.000000008464
12	70957987	72645074	564	40	0.0000290656	0.000000011107
12	72645075	73818453	301	30	0.0000723688	0.000000006740
12	73818454	76511313	759	40	-0.0000013105	0.000000013683
12	76511314	78570569	753	40	0.0000672079	0.000000014695
12	78570570	80448149	401	40	-0.0000049617	0.000000007730
12	80448150	81467766	306	35	0.0000165719	0.000000006000
12	81467767	83502665	556	40	0.0000329909	0.000000010506
12	83502666	84303843	230	27	0.0000914506	0.000000004952
12	84303844	85990425	391	34	0.0000777963	0.000000007120
12	85990426	89682121	745	40	0.0000438565	0.000000012698
12	89682122	92066154	640	40	0.0001113306	0.000000011909
12	92066155	94514566	900	40	0.0000348563	0.000000014217
12	94514567	96020784	690	40	0.0000384766	0.000000014270
12	96020785	97108838	451	40	0.0000108814	0.000000009906
12	97108839	99305986	925	40	0.0000736787	0.000000014790
12	99305987	101447640	650	40	0.0000281287	0.000000013649
12	101447641	101862689	148	16	-0.0000235677	0.000000002688
12	101862690	102964985	334	40	0.0000056653	0.000000007285
12	102964986	104848695	755	40	0.0000721585	0.000000014768
12	104848696	106436212	843	40	-0.0000030282	0.000000013657
12	106436213	106958747	230	33	0.0000570257	0.000000005806
12	106958748	109025900	737	40	-0.0000019322	0.000000013536
12	109025901	110336718	399	40	0.0000455902	0.000000008721
12	110336719	113263517	461	40	0.0000193883	0.000000008335
12	113263518	113986708	210	27	0.0000101249	0.000000004543
12	113986709	115036601	537	40	0.0000289741	0.000000011545
12	115036602	115503215	193	35	-0.0000207880	0.000000004224
12	115503216	117087470	745	40	0.0000654641	0.000000014669
12	117087471	118135374	455	40	0.0000385650	0.000000011137
12	118135375	119754109	680	40	-0.0000124228	0.000000013519
12	119754110	122007650	669	40	0.0000980675	0.000000014710
12	122007651	124977979	693	40	0.0001028996	0.000000015029
12	124977980	126445504	614	40	0.0000002836	0.000000013706
12	126445505	127875097	636	40	-0.0000214742	0.000000012752
12	127875098	129237296	689	40	0.0000172714	0.000000013957
12	129237297	130377920	675	40	-0.0000099592	0.000000013555
12	130377921	131786750	727	40	0.0000694615	0.000000014728
12	131786751	132807033	288	40	0.0000030950	0.000000006210
12	132807034	133841510	167	24	0.0000605879	0.000000004498
13	19020013	20686719	285	34	0.0000155097	0.000000005957
13	20686720	22242173	578	40	-0.0000158050	0.000000011900
13	22242174	23594701	664	40	0.0000282225	0.000000014119
13	23594702	24531936	504	40	0.0000662937	0.000000012068
13	24531937	25784361	639	40	-0.0000222048	0.000000013374
13	25784362	27284361	539	40	0.0000505751	0.000000011699
13	27284362	29257550	843	40	0.0000044400	0.000000013768
13	29257551	30483266	500	40	0.0000587344	0.000000011106
13	30483267	32301814	766	40	0.0000296146	0.000000014139
13	32301815	33776902	574	40	0.0000317180	0.000000011585
13	33776903	35026463	452	40	-0.0000530395	0.000000008635
13	35026464	36046366	220	30	-0.0000212733	0.000000004571
13	36046367	37498184	641	40	0.0000934858	0.000000015055
13	37498185	38878162	539	40	0.0000969907	0.000000010985
13	38878163	41069262	865	40	-0.0000057575	0.000000013617
13	41069263	43101026	626	40	0.0000599877	0.000000012689
13	43101027	44901408	797	40	0.0000256368	0.000000014081
13	44901409	46495213	528	40	0.0000806090	0.000000012362
13	46495214	47431078	359	40	-0.0000244832	0.000000006895
13	47431079	49383961	614	40	0.0000550319	0.000000012946
13	49383962	51591090	739	40	0.0000435306	0.000000014345
13	51591091	53339621	449	40	-0.0000049406	0.000000009481
13	53339622	54682863	522	40	0.0000466840	0.000000011531
13	54682864	55817130	319	36	0.0000733260	0.000000006782
13	55817131	57554216	296	22	0.0000091038	0.000000004392
13	57554217	58410625	203	21	0.0000189420	0.000000003477
13	58410626	59302270	215	22	0.0000405725	0.000000004176
13	59302271	60854777	550	40	0.0000706069	0.000000011665
13	60854778	61591948	284	35	0.0000579350	0.000000006555
13	61591949	63971558	632	40	0.0000575408	0.000000013340
13	63971559	65200601	301	31	-0.0000067996	0.000000004621
13	65200602	67844452	782	40	0.0001281088	0.000000015594
13	67844453	70724515	883	40	0.0001589806	0.000000016050
13	70724516	71526790	315	40	0.0000037237	0.000000006902
13	71526791	73934088	837	40	0.0000802342	0.000000014887
13	73934089	75670142	729	40	-0.0000000169	0.000000013702
13	75670143	77410554	782	40	-0.0000250251	0.000000013333
13	77410555	78808812	434	40	0.0000064272	0.000000007979
13	78808813	80585675	571	40	0.0000723577	0.000000012020
13	80585676	82581813	606	40	0.0000879468	0.000000013652
13	82581814	84133143	391	35	0.0000884852	0.000000007005
13	84133144	85610915	409	40	0.0000215048	0.000000008010
13	85610916	88559881	752	40	0.0001172184	0.000000014910
13	88559882	90521310	463	40	0.0000458921	0.000000008643
13	90521311	93129690	854	40	0.0000148855	0.000000013922
13	93129691	93586454	121	16	0.0000042553	0.000000002853
13	93586455	96087557	1194	40	0.0000573862	0.000000014550
13	96087558	97519209	357	38	0.0000496940	0.000000008235
13	97519210	98938918	432	40	0.0000391820	0.000000010707
13	98938919	100574094	781	40	0.0001378482	0.000000015738
13	100574095	102300522	765	40	0.0000485311	0.000000014419
13	102300523	104066709	921	40	0.0000217145	0.000000014023
13	104066710	104844113	307	40	-0.0000349720	0.000000006058
13	104844114	106247553	620	40	-0.0000203492	0.000000013402
13	106247554	106749999	270	40	-0.0000453012	0.000000005115
13	106750000	108189876	605	40	0.0000170559	0.000000013954
13	108189877	109121209	431	40	0.0000765700	0.000000011067
13	109121210	109815111	326	40	0.0000495465	0.000000008014
13	109815112	111232072	750	40	-0.0000177748	0.000000013440
13	111232073	112247591	457	40	0.0000301846	0.000000010739
13	112247592	113572487	457	40	0.0000157454	0.000000010883
13	113572488	115109852	357	40	0.0001156039	0.000000009370
14	19002084	21589401	586	40	0.0000278764	0.000000014114
14	21589402	23018664	696	40	0.0000641959	0.000000014650
14	23018665	24905122	692	40	0.0000757452	0.000000014821
14	24905123	26135685	553	40	0.0000005491	0.000000010138
14	26135686	28466532	690	40	0.0000331800	0.000000014192
14	28466533	29972144	378	40	0.0001622889	0.000000010223
14	29972145	32383264	588	40	0.0001540270	0.000000015095
14	32383265	34846250	1247	40	-0.0000125522	0.000000013517
14	34846251	35859592	245	29	-0.0000245365	0.000000004713
14	35859593	38667724	872	40	-0.0000008666	0.000000013689
14	38667725	40341989	538	40	0.0000780514	0.000000011610
14	40341990	41615501	347	32	0.0001251483	0.000000007381
14	41615502	43137388	414	36	0.0001117424	0.000000009149
14	43137389	44543226	355	40	0.0000173598	0.000000008059
14	44543227	46081895	379	40	-0.0000176200	0.000000007024
14	46081896	46749129	188	16	0.0000060037	0.000000002825
14	46749130	48573585	584	40	0.0000861471	0.000000013405
14	48573586	49005470	112	13	0.0000313630	0.000000002547
14	49005471	50507759	461	40	0.0000612029	0.000000010868
14	50507760	51493571	364	40	0.0000679956	0.000000009051
14	51493572	53474382	845	40	0.0000803380	0.000000014889
14	53474383	53997830	175	19	-0.0000160430	0.000000003206
14	53997831	55233680	445	40	0.0000329842	0.000000010671
14	55233681	56216879	292	27	0.0000324471	0.000000006016
14	56216880	57481261	663	40	0.0001463601	0.000000015864
14	57481262	59448335	707	40	0.0000662651	0.000000014681
14	59448336	61680423	608	40	-0.0000081424	0.000000010668
14	61680424	63790014	807	40	-0.0000263918	0.000000013312
14	63790015	65220297	350	34	0.0000164576	0.000000007499
14	65220298	66399554	406	40	-0.0000197644	0.000000008113
14	66399555	67992316	418	33	-0.0000257214	0.000000005431
14	67992317	71131956	1238	40	0.0000142887	0.000000013913
14	71131957	72889614	675	40	0.0000976053	0.000000014923
14	72889615	76444766	1152	40	0.0001157210	0.000000015411
14	76444767	77229471	349	40	0.0000445218	0.000000008486
14	77229472	78561944	637	40	-0.0000011492	0.000000013382
14	78561945	80186578	608	40	0.0000079811	0.000000012939
14	80186579	81579713	508	40	0.0000525635	0.000000011261
14	81579714	83138096	472	40	-0.0000236698	0.000000009232
14	83138097	84241632	378	40	-0.0000557540	0.000000006953
14	84241633	85746318	467	40	0.0001155198	0.000000011889
14	85746319	86647001	305	36	0.0000474191	0.000000007191
14	86647002	87635340	303	40	-0.0000129852	0.000000006328
14	87635341	89497642	604	40	0.0000318631	0.000000011423
14	89497643	91296859	695	40	0.0000440160	0.000000014352
14	91296860	93132298	670	40	0.0000319999	0.000000014175
14	93132299	94325284	411	40	0.0000931931	0.000000009888
14	94325285	95750866	870	40	-0.0000316921	0.000000013234
14	95750867	96262414	374	40	0.0000576483	0.000000008871
14	96262415	98341161	834	40	-0.0000322915	0.000000013225
14	98341162	99138531	369	40	0.0000728777	0.000000008303
14	99138532	101534306	893	40	0.0000463736	0.000000014387
14	101534307	103012101	428	40	-0.0000005745	0.000000009710
14	103012102	105001722	470	40	0.0002720074	0.000000013676
14	105001723	106340357	155	27	-0.0000099509	0.000000003513
14	106340358	107289453	38	5	0.0000145037	0.000000001106
15	20001200	21131603	5	2	-0.0000014171	0.000000000114
15	21131604	24195126	293	40	0.0000881833	0.000000008474
15	24195127	25108589	192	27	0.0000164062	0.000000004473
15	25108590	27298111	849	40	0.0000173233	0.000000013958
15	27298112	29338501	465	40	-0.0000025297	0.000000010339
15	29338502	30165567	291	40	0.0000961575	0.000000007909
15	30165568	31591820	297	40	0.0000174163	0.000000007158
15	31591821	32441810	258	37	-0.0000027046	0.000000005471
15	32441811	34015424	725	40	0.0001865655	0.000000016457
15	34015425	35083250	402	40	-0.0000335981	0.000000008347
15	35083251	37456501	927	40	0.0000050436	0.000000013777
15	37456502	38530776	345	40	0.0000286995	0.000000008308
15	38530777	40384131	774	40	-0.0000027600	0.000000013661
15	40384132	41177513	232	28	0.0000222320	0.000000005348
15	41177514	42776398	429	40	0.0001034895	0.000000010532
15	42776399	44198048	271	17	0.0000698817	0.000000005260
15	44198049	46618786	494	40	0.0001296568	0.000000011165
15	46618787	48136047	581	40	0.0002163067	0.000000014639
15	48136048	50008042	444	40	0.0000534948	0.000000008865
15	50008043	51677559	609	40	0.0000896466	0.000000012385
15	51677560	53069095	400	39	0.0001174752	0.000000008879
15	53069096	54508527	629	40	0.0000454598	0.000000013657
15	54508528	55136268	253	32	-0.0000202467	0.000000005975
15	55136269	56901772	535	40	0.0000871838	0.000000013503
15	56901773	58441365	624	40	0.0000058969	0.000000013789
15	58441366	59694115	510	40	0.0000555747	0.000000013532
15	59694116	61265835	665	40	0.0000718779	0.000000014764
15	61265836	63215221	911	40	0.0000783975	0.000000014860
15	63215222	65104667	487	40	0.0000314186	0.000000010374
15	65104668	67094766	615	40	0.0000230783	0.000000013960
15	67094767	69017998	739	40	0.0000543738	0.000000014505
15	69017999	70133340	294	40	0.0000734328	0.000000007656
15	70133341	71922648	696	40	0.0000618160	0.000000014615
15	71922649	73628713	363	32	0.0000377657	0.000000006885
15	73628714	76398623	595	40	0.0000808321	0.000000014262
15	76398624	78516052	528	40	0.0000135222	0.000000009644
15	78516053	80860977	980	40	-0.0000181911	0.000000013433
15	80860978	84260467	903	40	0.0000585987	0.000000014567
15	84260468	86652904	771	40	0.0000247256	0.000000014067
15	86652905	88369942	764	40	0.0000045630	0.000000013769
15	88369943	90475550	712	40	0.0000059526	0.000000013790
15	90475551	92164391	618	40	0.0000366208	0.000000014243
15	92164392	93780901	805	40	0.0000329516	0.000000014189
15	93780902	94924329	564	40	-0.0000307488	0.000000013248
15	94924330	96141595	579	40	0.0000406661	0.000000014303
15	96141596	98030909	743	40	0.0002520074	0.000000017424
15	98030910	99244058	559	40	0.0000714341	0.000000014757
15	99244059	100636846	543	40	0.0000576291	0.000000014057
15	100636847	101552693	402	40	-0.0000207432	0.000000009385
15	101552694	102520965	427	40	0.0000437579	0.000000011296
16	60054	1207205	288	40	0.0000725805	0.000000008353
16	1207206	2764828	360	40	0.0000457503	0.000000008915
16	2764829	4001195	299	40	0.0000052824	0.000000007662
16	4001196	5118344	372	40	-0.0000127088	0.000000009394
16	5118345	5891579	346	40	0.0000611116	0.000000009743
16	5891580	6893550	697	40	0.0000835903	0.000000014937
16	6893551	7529120	479	40	0.0000374444	0.000000012659
16	7529121	8338518	535	40	0.0000093809	0.000000013372
16	8338519	9799418	702	40	0.0000672926	0.000000014696
16	9799419	10426031	368	38	0.0000754925	0.000000009080
16	10426032	11520160	438	40	0.0000588629	0.000000011684
16	11520161	12613097	393	40	0.0001357939	0.000000012023
16	12613098	13154436	304	40	0.0000551683	0.000000007633
16	13154437	14464001	556	40	0.0000801432	0.000000013757
16	14464002	16154059	312	40	0.0000456653	0.000000007684
16	16154060	17644748	392	40	0.0000188157	0.000000009503
16	17644749	18643606	173	28	0.0000473123	0.000000004873
16	18643607	20150570	419	40	0.0000427412	0.000000009335
16	20150571	22448903	431	40	-0.0000065977	0.000000008170
16	22448904	24136874	498	40	0.0000818659	0.000000011831
16	24136875	25986861	745	40	0.0000801035	0.000000014885
16	25986862	27445754	641	40	-0.0000129445	0.000000013511
16	27445755	29036612	334	40	-0.0000019408	0.000000006300
16	29036613	31382942	266	33	0.0000310041	0.000000006267
16	31382943	46399472	121	16	0.0000170145	0.000000002824
16	46399473	49007925	299	33	0.0000525577	0.000000006121
16	49007926	52035822	1076	40	0.0000417648	0.000000014319
16	52035823	53382571	451	40	0.0001414377	0.000000010462
16	53382572	55903773	1178	40	-0.0000023394	0.000000013668
16	55903774	57664329	632	40	0.0001303793	0.000000015628
16	57664330	59045404	508	40	0.0000222807	0.000000012215
16	59045405	60745693	495	40	0.0001110011	0.000000012508
16	60745694	62229848	358	40	0.0000791700	0.000000007768
16	62229849	63691588	441	40	-0.0000059488	0.000000009521
16	63691589	65938565	806	40	0.0000313312	0.000000014165
16	65938566	68841362	675	40	0.0001373963	0.000000015153
16	68841363	71054027	381	40	-0.0000038812	0.000000008046
16	71054028	72935149	452	38	0.0000612726	0.000000010047
16	72935150	74971502	787	40	-0.0000099168	0.000000013556
16	74971503	75977953	226	30	0.0000482153	0.000000005867
16	75977954	77523677	679	40	-0.0000093718	0.000000013564
16	77523678	78456291	639	40	-0.0000191071	0.000000013420
16	78456292	79134814	559	40	0.0000455606	0.000000014375
16	79134815	80297373	780	40	0.0000642665	0.000000014651
16	80297374	81772535	787	40	0.0000407787	0.000000014304
16	81772536	82747727	584	40	0.0000299055	0.000000014144
16	82747728	83477207	603	40	0.0000386503	0.000000014273
16	83477208	84445882	710	40	0.0000288102	0.000000014128
16	84445883	85148684	462	40	-0.0000336053	0.000000011610
16	85148685	86156598	472	40	0.0000435348	0.000000013051
16	86156599	86815410	524	40	-0.0000085325	0.000000013576
16	86815411	87647348	359	40	0.0000461988	0.000000010044
16	87647349	89041164	353	40	0.0000013768	0.000000009109
16	89041165	90292811	313	34	0.0001979914	0.000000010612
17	56	1172398	304	40	0.0000493933	0.000000008476
17	1172399	1928730	250	40	-0.0000087970	0.000000005735
17	1928731	3702311	634	40	0.0000120974	0.000000013881
17	3702312	4696260	357	40	-0.0000690350	0.000000007031
17	4696261	5741333	388	40	0.0000876338	0.000000009724
17	5741334	7317397	626	40	0.0000273111	0.000000014105
17	7317398	8306424	314	40	-0.0000274788	0.000000007234
17	8306425	9965920	652	40	0.0000783402	0.000000014859
17	9965921	11102814	469	40	0.0000573044	0.000000011249
17	11102815	12534768	551	40	0.0000752511	0.000000014152
17	12534769	13180371	299	40	0.0000044762	0.000000007322
17	13180372	13894636	365	40	0.0000340798	0.000000009481
17	13894637	15019096	597	40	-0.0000179099	0.000000013383
17	15019097	16412341	319	40	0.0000944503	0.000000008512
17	16412342	18856319	563	40	0.0001458857	0.000000013160
17	18856320	21290356	374	40	0.0000503269	0.000000008490
17	21290357	27334243	506	40	0.0000935885	0.000000012526
17	27334244	29786490	499	39	0.0001392322	0.000000009637
17	29786491	31538424	543	40	0.0001426454	0.000000014074
17	31538425	32912797	824	40	0.0000645839	0.000000014656
17	32912798	34469035	506	40	0.0001231505	0.000000012385
17	34469036	36809343	509	40	0.0000291928	0.000000011630
17	36809344	38877403	445	40	0.0000705584	0.000000010129
17	38877404	39899809	324	34	0.0000090603	0.000000005562
17	39899810	41772086	373	39	0.0001033658	0.000000007715
17	41772087	43056904	340	37	0.0000996582	0.000000007851
17	43056905	45876021	379	40	0.0001048225	0.000000008774
17	45876022	47517399	535	40	0.0000490003	0.000000010743
17	47517400	49898956	765	40	0.0000736065	0.000000014789
17	49898957	50719054	285	27	0.0000434066	0.000000006095
17	50719055	51826117	308	34	0.0001105600	0.000000007139
17	51826118	53599431	612	40	0.0000652611	0.000000013867
17	53599432	55357540	606	40	0.0000269868	0.000000012834
17	55357541	57487511	680	40	0.0000769458	0.000000014838
17	57487512	59312754	244	22	0.0000276373	0.000000004176
17	59312755	61545588	440	40	0.0000592148	0.000000010208
17	61545589	63148127	304	36	0.0001560043	0.000000007809
17	63148128	64800429	631	40	0.0000697996	0.000000013631
17	64800430	67858769	942	40	0.0000244413	0.000000014063
17	67858770	69387816	646	40	-0.0000396574	0.000000012428
17	69387817	72672202	1422	40	0.0000328529	0.000000014187
17	72672203	74375559	410	40	-0.0000187964	0.000000009058
17	74375560	76263412	720	40	0.0000644224	0.000000014653
17	76263413	77298635	462	40	-0.0000297073	0.000000011613
17	77298636	78837587	528	40	0.0000198491	0.000000012564
17	78837588	80034407	238	40	0.0001343701	0.000000007817
17	80034408	81194907	309	35	0.0000265731	0.000000006720
18	10644	912485	395	40	0.0000015226	0.000000009220
18	912486	1942910	365	40	0.0000339431	0.000000007757
18	1942911	3891657	760	40	0.0000147001	0.000000013919
18	3891658	5834179	779	40	-0.0000227995	0.000000013365
18	5834180	7090484	570	40	0.0000556064	0.000000013780
18	7090485	8498930	576	40	0.0000694711	0.000000014039
18	8498931	11075912	1255	40	0.0000162579	0.000000013942
18	11075913	11905439	253	40	0.0000081443	0.000000005957
18	11905440	14440798	744	40	0.0000465505	0.000000014390
18	14440799	19485843	157	16	-0.0000078724	0.000000002729
18	19485844	20649471	298	35	0.0000129649	0.000000006301
18	20649472	22996650	819	40	0.0000244605	0.000000014063
18	22996651	24026190	313	35	0.0000377091	0.000000007539
18	24026191	25927681	783	40	-0.0000075197	0.000000013591
18	25927682	26875586	245	26	0.0000469865	0.000000005358
18	26875587	27866477	269	27	0.0000808443	0.000000006102
18	27866478	30264065	881	40	0.0001844912	0.000000016427
18	30264066	31780066	343	36	0.0000499900	0.000000007201
18	31780067	33861963	611	40	0.0000705531	0.000000012515
18	33861964	35075249	480	40	0.0000420297	0.000000010750
18	35075250	36365489	490	40	0.0000822484	0.000000009918
18	36365490	37684366	350	33	0.0000367846	0.000000006625
18	37684367	39892647	772	40	0.0001273222	0.000000015252
18	39892648	42922105	929	40	0.0000085470	0.000000013828
18	42922106	44299245	690	40	-0.0000287713	0.000000013277
18	44299246	45939731	593	40	0.0000753850	0.000000013796
18	45939732	47730583	783	40	0.0000637857	0.000000014644
18	47730584	51062184	1180	40	0.0000966856	0.000000015130
18	51062185	51554174	174	15	0.0000381699	0.000000003651
18	51554175	55213837	1109	40	0.0001030822	0.000000015224
18	55213838	56530219	605	40	0.0000043044	0.000000013435
18	56530220	57630482	581	40	0.0000696837	0.000000014456
18	57630483	59020750	436	40	0.0000170036	0.000000009586
18	59020751	60277714	542	40	0.0000645083	0.000000012151
18	60277715	61820251	576	40	0.0000750555	0.000000012335
18	61820252	63463401	519	40	0.0001033157	0.000000011352
18	63463402	64252800	240	22	-0.0000275316	0.000000003934
18	64252801	66125816	728	40	0.0000371706	0.000000014251
18	66125817	67175819	325	40	0.0000310817	0.000000007851
18	67175820	68621178	462	40	0.0000790076	0.000000011899
18	68621179	69621617	382	40	0.0000778454	0.000000009443
18	69621618	71038473	560	40	0.0000413736	0.000000012854
18	71038474	71971461	491	40	-0.0000313374	0.000000011451
18	71971462	73526986	658	40	-0.0000174370	0.000000013445
18	73526987	74813814	591	40	0.0000355222	0.000000014227
18	74813815	75976316	591	40	0.0000600807	0.000000014369
18	75976317	77149990	411	40	0.0001692327	0.000000010681
18	77149991	78017157	265	38	0.0001445750	0.000000007968
19	80840	610728	90	21	0.0001011533	0.000000003764
19	610729	2098395	269	40	-0.0000105512	0.000000006882
19	2098396	3019659	230	40	-0.0000173772	0.000000005636
19	3019660	4348966	301	40	0.0001127540	0.000000009356
19	4348967	5811851	398	40	0.0000231199	0.000000010388
19	5811852	6684884	202	39	0.0000050689	0.000000005013
19	6684885	8347512	511	40	0.0000149620	0.000000012299
19	8347513	9238392	263	40	0.0000516437	0.000000005672
19	9238393	11284027	498	40	0.0000282280	0.000000010354
19	11284028	13471126	417	40	0.0000215143	0.000000009488
19	13471127	14486346	199	38	0.0000328238	0.000000005095
19	14486347	15648609	363	40	0.0000125675	0.000000008234
19	15648610	16374415	361	40	0.0000345160	0.000000006891
19	16374416	18409861	546	40	0.0000225168	0.000000013374
19	18409862	19877470	327	40	0.0000670769	0.000000008081
19	19877471	20905756	129	20	0.0000082678	0.000000003103
19	20905757	22732895	310	37	0.0000310028	0.000000006049
19	22732896	23467745	127	13	-0.0000104111	0.000000002149
19	23467746	28557892	275	27	0.0000037270	0.000000004748
19	28557893	29790946	467	40	0.0000016095	0.000000009769
19	29790947	30727953	331	40	0.0001081648	0.000000008960
19	30727954	32746519	640	40	0.0000895611	0.000000015025
19	32746520	34262951	508	40	0.0000488094	0.000000011810
19	34262952	36469294	657	40	0.0000305862	0.000000014154
19	36469295	37527032	232	20	0.0000056590	0.000000003852
19	37527033	40170618	635	40	0.0000422508	0.000000013445
19	40170619	40984600	186	24	-0.0000295349	0.000000003415
19	40984601	42131572	300	40	0.0000166409	0.000000006956
19	42131573	43862454	166	21	0.0000885518	0.000000004719
19	43862455	44744107	297	40	0.0000657946	0.000000006834
19	44744108	46102696	360	40	0.0001066903	0.000000010059
19	46102697	47150081	291	40	-0.0000019408	0.000000006818
19	47150082	49282226	587	40	0.0000564347	0.000000013599
19	49282227	51532566	611	40	0.0000413981	0.000000014313
19	51532567	52985289	639	40	-0.0000227030	0.000000013367
19	52985290	54602361	480	40	-0.0000011762	0.000000011786
19	54602362	55728079	352	40	-0.0000300151	0.000000007962
19	55728080	57521334	671	40	-0.0000132923	0.000000013506
19	57521335	59118838	542	40	-0.0000106054	0.000000011702
20	60479	697599	270	40	0.0000472292	0.000000007243
20	697600	2469500	1002	40	0.0000222842	0.000000014031
20	2469501	3828412	496	40	0.0000778121	0.000000012293
20	3828413	5477849	799	40	-0.0000353727	0.000000013180
20	5477850	7084072	735	40	-0.0000246325	0.000000013338
20	7084073	8117010	408	40	0.0000255500	0.000000008152
20	8117011	9730920	776	40	-0.0000013454	0.000000013682
20	9730921	11249535	729	40	0.0000789215	0.000000014868
20	11249536	12447498	499	40	-0.0000007632	0.000000009488
20	12447499	13689863	548	40	0.0000060094	0.000000011645
20	13689864	15958358	984	40	0.0001171915	0.000000015433
20	15958359	17487231	942	40	0.0001001892	0.000000015182
20	17487232	18972202	614	40	0.0001755543	0.000000015578
20	18972203	20959709	889	40	0.0000153887	0.000000013929
20	20959710	22491455	407	39	0.0000886077	0.000000008262
20	22491456	23293789	360	40	0.0000353396	0.000000007777
20	23293790	24717723	527	40	0.0001094689	0.000000012129
20	24717724	25344230	222	22	0.0000876583	0.000000005087
20	25344231	31614822	594	40	0.0001515444	0.000000012475
20	31614823	32813440	293	29	-0.0000096990	0.000000005504
20	32813441	34960445	461	32	0.0000975753	0.000000007985
20	34960446	36909529	490	40	0.0000650697	0.000000010048
20	36909530	38436760	509	40	0.0000569557	0.000000010504
20	38436761	39610855	465	40	0.0000365848	0.000000010889
20	39610856	40585688	289	33	0.0000069362	0.000000006049
20	40585689	41615459	582	40	0.0000277168	0.000000013974
20	41615460	42680175	392	40	0.0000697097	0.000000009870
20	42680176	44839055	783	40	0.0000552446	0.000000014518
20	44839056	47199979	1024	40	0.0000142911	0.000000013913
20	47199980	49239657	759	40	0.0000128957	0.000000013893
20	49239658	52472548	1341	40	0.0000970776	0.000000015136
20	52472549	54055265	612	40	0.0000775097	0.000000014847
20	54055266	56447958	1139	40	0.0000246163	0.000000014066
20	56447959	58406571	883	40	0.0000438380	0.000000014349
20	58406572	59561723	540	40	0.0000848424	0.000000012836
20	59561724	61301854	748	40	0.0001320749	0.000000015653
20	61301855	62190179	293	40	0.0001141248	0.000000008802
20	62190180	62965162	234	38	0.0000216099	0.000000005693
21	9411243	15950981	276	40	-0.0000100036	0.000000006099
21	15950982	18053164	654	40	0.0000300229	0.000000014145
21	18053165	19480374	433	40	0.0000433375	0.000000010878
21	19480375	20962338	606	40	0.0000165913	0.000000013947
21	20962339	22072763	354	40	-0.0000269313	0.000000007542
21	22072764	23362874	524	40	0.0000290074	0.000000011271
21	23362875	24696230	354	40	0.0000924502	0.000000008838
21	24696231	26469121	648	40	0.0000320292	0.000000013900
21	26469122	27271018	221	25	0.0000474371	0.000000005474
21	27271019	29125225	868	40	-0.0000043197	0.000000013638
21	29125226	31197024	691	40	0.0000350604	0.000000013009
21	31197025	32668641	450	40	0.0000036735	0.000000007693
21	32668642	34376998	661	40	-0.0000030065	0.000000013658
21	34376999	35225464	287	40	-0.0000010087	0.000000006641
21	35225465	36524372	565	40	0.0000687049	0.000000014689
21	36524373	37870778	536	40	0.0001039943	0.000000012569
21	37870779	38711703	313	39	0.0000407414	0.000000006438
21	38711704	40482901	840	40	0.0000220779	0.000000014028
21	40482902	41389526	498	40	0.0000726899	0.000000010708
21	41389527	43321527	1001	40	0.0000517332	0.000000014466
21	43321528	44506267	688	40	0.0000387024	0.000000014274
21	44506268	46177104	569	40	-0.0000094461	0.000000013425
21	46177105	47492225	502	40	0.0000660370	0.000000012284
21	47492226	48119751	239	25	0.0000602173	0.000000005853
22	16050408	17674294	212	37	0.0000230014	0.000000005550
22	17674295	18296087	255	40	0.0000074699	0.000000006084
22	18296088	19912357	534	40	0.0000329916	0.000000012181
22	19912358	22357324	594	40	0.0000735522	0.000000012779
22	22357325	23712646	333	40	0.0000078679	0.000000007372
22	23712647	24984203	359	40	0.0000141011	0.000000006945
22	24984204	26791627	743	40	0.0000587800	0.000000014570
22	26791628	27834751	735	40	0.0000856634	0.000000014967
22	27834752	29651798	574	40	0.0000624961	0.000000014432
22	29651799	31439917	548	40	0.0001479490	0.000000012751
22	31439918	32664985	355	33	0.0000448098	0.000000007808
22	32664986	34494913	928	40	0.0000343711	0.000000014210
22	34494914	35530984	492	40	0.0002887921	0.000000013128
22	35530985	37570268	833	40	0.0000202087	0.000000014001
22	37570269	39307893	530	40	0.0000285482	0.000000012720
22	39307894	40545796	336	40	0.0001082587	0.000000009426
22	40545797	42690817	463	34	0.0001869195	0.000000010558
22	42690818	43714199	404	40	0.0000034282	0.000000009166
22	43714200	44995307	700	40	0.0000372632	0.000000014252
22	44995308	46470494	618	40	0.0000454984	0.000000014374
22	46470495	47596317	453	40	0.0000512832	0.000000011462
22	47596318	48903702	738	40	0.0000821824	0.000000014916
22	48903703	49824533	610	40	0.0000622987	0.000000014622
22	49824534	51243297	390	40	0.0000305201	0.000000009456
