chr	start	end	num_snp	k	local_rho	var
1	10583	1892606	97	18	-0.0000145985	0.0000000038
1	1892607	3582735	440	40	0.0001720705	0.0000000193
1	3582736	4380810	273	40	0.0001336697	0.0000000081
1	4380811	5913892	870	40	0.0000882965	0.0000000081
1	5913893	7247334	430	40	0.0000157149	0.0000000078
1	7247335	9365198	701	40	0.0000068577	0.0000000135
1	9365199	10806983	352	40	-0.0000690413	0.0000000096
1	10806984	11777840	259	40	-0.0000780139	0.0000000080
1	11777841	12779465	282	40	0.0000487388	0.0000000048
1	12779466	14891510	618	40	0.0001134758	0.0000000106
1	14891511	16897729	690	40	-0.0001187230	0.0000000091
1	16897730	18662898	666	40	-0.0000643454	0.0000000170
1	18662899	20469148	713	40	0.0000611328	0.0000000134
1	20469149	21736587	461	40	-0.0001450848	0.0000000136
1	21736588	23086882	523	40	-0.0000336056	0.0000000130
1	23086883	23920589	222	28	0.0000303049	0.0000000110
1	23920590	25516844	522	40	0.0000686752	0.0000000133
1	25516845	27401866	413	40	-0.0002457506	0.0000000155
1	27401867	30161880	552	40	-0.0000818429	0.0000000114
1	30161881	32438684	936	40	-0.0001275901	0.0000000141
1	32438685	34799757	675	40	-0.0000293517	0.0000000105
1	34799758	37549182	552	40	-0.0000203713	0.0000000103
1	37549183	38731846	373	40	-0.0000748582	0.0000000103
1	38731847	40200566	447	40	0.0000272527	0.0000000082
1	40200567	41975326	555	40	-0.0002461692	0.0000000179
1	41975327	43758456	543	40	0.0001391757	0.0000000132
1	43758457	44969182	371	35	0.0000322266	0.0000000062
1	44969183	46899500	458	38	-0.0000323561	0.0000000110
1	46899501	48002575	297	33	0.0000392742	0.0000000108
1	48002576	48978187	344	40	-0.0001610587	0.0000000091
1	48978188	49894176	247	28	-0.0000009590	0.0000000033
1	49894177	51713725	260	25	-0.0000034422	0.0000000078
1	51713726	54226261	563	40	-0.0000806068	0.0000000129
1	54226262	56413116	838	40	0.0002445929	0.0000000133
1	56413117	57021727	272	31	0.0000299582	0.0000000065
1	57021728	58865398	850	40	0.0001266029	0.0000000099
1	58865399	59890408	383	40	-0.0001032804	0.0000000077
1	59890409	61922364	671	40	-0.0000390404	0.0000000103
1	61922365	63455088	534	40	0.0000447141	0.0000000095
1	63455089	65041703	657	40	-0.0000747093	0.0000000087
1	65041704	66939403	649	40	0.0000733100	0.0000000128
1	66939404	68477894	687	40	0.0000857565	0.0000000119
1	68477895	69687615	389	40	0.0002158996	0.0000000059
1	69687616	71372469	520	40	0.0000057858	0.0000000082
1	71372470	71684404	82	10	0.0000329547	0.0000000014
1	71684405	74326906	559	40	0.0000237210	0.0000000072
1	74326907	76728134	726	40	0.0001228509	0.0000000119
1	76728135	79661197	949	40	-0.0001074058	0.0000000126
1	79661198	81354190	475	40	-0.0000159397	0.0000000075
1	81354191	83991747	972	40	-0.0000000564	0.0000000097
1	83991748	84844494	314	35	0.0000566900	0.0000000062
1	84844495	86454750	652	40	-0.0000240621	0.0000000129
1	86454751	88128630	572	40	-0.0000306132	0.0000000117
1	88128631	90066302	523	40	-0.0003413781	0.0000000133
1	90066303	91886316	563	40	0.0000202135	0.0000000090
1	91886317	93536458	508	40	0.0001359420	0.0000000129
1	93536459	94506190	255	26	-0.0000542267	0.0000000055
1	94506191	96150892	651	40	0.0002145325	0.0000000113
1	96150893	97885248	605	40	-0.0000955660	0.0000000083
1	97885249	99800603	640	40	0.0000125111	0.0000000082
1	99800604	100826404	339	37	-0.0002090633	0.0000000055
1	100826405	102041015	447	40	0.0000332298	0.0000000077
1	102041016	102898744	278	36	0.0001443103	0.0000000055
1	102898745	103914210	201	21	0.0001454704	0.0000000080
1	103914211	106087841	455	40	0.0000159267	0.0000000075
1	106087842	108409664	726	40	0.0000458566	0.0000000079
1	108409665	110303930	564	40	-0.0001254307	0.0000000098
1	110303931	111741736	571	40	-0.0000258744	0.0000000096
1	111741737	113273305	721	40	0.0002237482	0.0000000145
1	113273306	114873844	511	40	-0.0000325618	0.0000000080
1	114873845	115880592	346	37	0.0000807556	0.0000000065
1	115880593	118839066	838	40	0.0000306184	0.0000000111
1	118839067	144977493	567	40	-0.0001429581	0.0000000246
1	144977494	148361252	432	40	-0.0000755816	0.0000000132
1	148361253	151538880	349	34	0.0003350613	0.0000000261
1	151538881	153180828	467	40	0.0001335807	0.0000000082
1	153180829	154770402	460	40	0.0001137904	0.0000000075
1	154770403	156336132	307	38	-0.0000702324	0.0000000081
1	156336133	158027411	599	40	-0.0000055135	0.0000000118
1	158027412	159913047	685	40	0.0000788563	0.0000000088
1	159913048	162346720	874	40	0.0001045761	0.0000000126
1	162346721	165191701	1200	40	0.0001077022	0.0000000101
1	165191702	166460516	533	40	0.0001703646	0.0000000117
1	166460517	169086323	1107	40	0.0000502420	0.0000000118
1	169086324	170557775	560	40	0.0000619262	0.0000000090
1	170557776	173097906	902	40	-0.0000316402	0.0000000291
1	173097907	175089767	411	32	-0.0000517050	0.0000000069
1	175089768	177433380	784	40	0.0001480123	0.0000000183
1	177433381	178944308	492	40	0.0000649681	0.0000000075
1	178944309	178954469	2	1	0.0000166978	0.0000000003
1	178954470	181144120	752	40	0.0000460809	0.0000000111
1	181144121	182755355	600	40	-0.0000133165	0.0000000104
1	182755356	184595512	628	40	0.0001516456	0.0000000281
1	184595513	186810022	524	40	0.0001775613	0.0000000089
1	186810023	188759944	619	40	0.0000875715	0.0000000063
1	188759945	189904129	220	18	-0.0001892263	0.0000000036
1	189904130	191868929	538	40	0.0000291538	0.0000000071
1	191868930	194107441	584	40	0.0001232108	0.0000000068
1	194107442	196176200	579	40	-0.0000473426	0.0000000060
1	196176201	197311513	197	16	-0.0000037152	0.0000000033
1	197311514	199239883	504	40	-0.0000128085	0.0000000081
1	199239884	200137648	301	36	0.0000940992	0.0000000078
1	200137649	201589974	711	40	-0.0000439152	0.0000000096
1	201589975	203334733	617	40	-0.0000692512	0.0000000100
1	203334734	204681067	485	40	-0.0001285718	0.0000000109
1	204681068	206073264	578	40	0.0000347305	0.0000000098
1	206073265	208410363	633	40	0.0001797897	0.0000000118
1	208410364	210787749	932	40	0.0002054358	0.0000000124
1	210787750	212842329	698	40	0.0001132863	0.0000000156
1	212842330	214578265	614	40	-0.0000026745	0.0000000096
1	214578266	216243633	595	40	-0.0000457290	0.0000000172
1	216243634	218705512	1083	40	-0.0001381911	0.0000000173
1	218705513	219590570	282	34	0.0000729844	0.0000000162
1	219590571	221858230	690	40	-0.0001259059	0.0000000195
1	221858231	222230219	174	21	0.0000239040	0.0000000045
1	222230220	224938519	464	40	-0.0001760105	0.0000000101
1	224938520	226810859	519	40	-0.0001316787	0.0000000093
1	226810860	229156247	695	40	-0.0000166583	0.0000000182
1	229156248	230685254	530	40	0.0000240046	0.0000000088
1	230685255	232090251	590	40	-0.0000242518	0.0000000092
1	232090252	233429283	608	40	0.0000644170	0.0000000101
1	233429284	234599433	536	40	0.0000574785	0.0000000092
1	234599434	235819435	385	40	-0.0001649211	0.0000000090
1	235819436	237555627	735	40	-0.0001109551	0.0000000116
1	237555628	238567806	428	40	-0.0000814655	0.0000000070
1	238567807	239925313	490	40	0.0000900235	0.0000000077
1	239925314	240564090	343	40	0.0000866728	0.0000000057
1	240564091	241582219	521	40	0.0000121569	0.0000000110
1	241582220	242071601	220	38	-0.0000128355	0.0000000050
1	242071602	244109498	622	40	0.0000318669	0.0000000120
1	244109499	245506745	520	40	-0.0000625166	0.0000000087
1	245506746	247344517	711	40	0.0000303729	0.0000000108
1	247344518	249239465	400	40	0.0000526867	0.0000000070
2	10133	1781021	663	40	-0.0000244588	0.0000000155
2	1781022	3973778	968	40	0.0000339886	0.0000000090
2	3973779	5708336	631	40	-0.0000967572	0.0000000096
2	5708337	6836253	565	40	-0.0000448681	0.0000000091
2	6836254	8422146	655	40	-0.0001156760	0.0000000100
2	8422147	10298468	674	40	0.0000134673	0.0000000140
2	10298469	12419149	974	40	0.0002632169	0.0000000147
2	12419150	14335307	593	40	-0.0000515344	0.0000000090
2	14335308	16329734	748	40	-0.0000356131	0.0000000098
2	16329735	18647422	860	40	0.0001966164	0.0000000136
2	18647423	19692403	385	40	-0.0000111593	0.0000000096
2	19692404	21050489	640	40	0.0000148783	0.0000000160
2	21050490	23341382	624	40	-0.0000666887	0.0000000109
2	23341383	24686917	441	40	-0.0000208641	0.0000000162
2	24686918	26894984	560	40	0.0000921373	0.0000000305
2	26894985	28598776	416	33	0.0001754866	0.0000000102
2	28598777	29217558	248	32	0.0000177363	0.0000000061
2	29217559	30463710	637	40	0.0000465242	0.0000000088
2	30463711	31550449	533	40	-0.0001255643	0.0000000114
2	31550450	33363776	495	40	-0.0002408893	0.0000000155
2	33363777	35345027	807	40	-0.0000222318	0.0000000144
2	35345028	36122005	291	30	0.0000692469	0.0000000054
2	36122006	38132711	934	40	0.0000733073	0.0000000175
2	38132712	39031336	326	38	0.0000658707	0.0000000077
2	39031337	40281482	303	32	0.0000428695	0.0000000064
2	40281483	43309589	1310	40	-0.0000429930	0.0000000135
2	43309590	44313802	403	40	0.0002180637	0.0000000105
2	44313803	46482633	1071	40	-0.0002008570	0.0000000169
2	46482634	47318771	419	40	0.0001172639	0.0000000212
2	47318772	48213000	300	40	-0.0001305161	0.0000000084
2	48213001	50022256	715	40	-0.0000559135	0.0000000102
2	50022257	50818927	345	34	0.0000162289	0.0000000055
2	50818928	52491132	648	40	-0.0000465910	0.0000000083
2	52491133	53508451	466	40	-0.0000032093	0.0000000080
2	53508452	54685225	435	40	-0.0000443097	0.0000000080
2	54685226	56203344	613	40	-0.0003075464	0.0000000426
2	56203345	57429099	428	40	-0.0002274827	0.0000000164
2	57429100	58297314	272	29	0.0000222343	0.0000000047
2	58297315	60291999	741	40	0.0000520626	0.0000000103
2	60292000	62429043	587	40	-0.0000964905	0.0000000135
2	62429044	64625912	583	40	-0.0000630796	0.0000000095
2	64625913	65933443	464	40	-0.0001038147	0.0000000086
2	65933444	67226165	555	40	0.0000000925	0.0000000098
2	67226166	68010175	423	40	0.0000448558	0.0000000071
2	68010176	69139563	472	40	0.0001654700	0.0000000117
2	69139564	70755197	535	40	0.0000231501	0.0000000116
2	70755198	73174847	803	40	-0.0000763450	0.0000000171
2	73174848	75630085	724	40	0.0000272616	0.0000000132
2	75630086	76913660	515	40	0.0000948542	0.0000000085
2	76913661	78079263	394	40	-0.0000647581	0.0000000065
2	78079264	80050402	825	40	-0.0000014237	0.0000000096
2	80050403	81620840	579	40	0.0001637019	0.0000000096
2	81620841	85140679	891	40	0.0000887076	0.0000000088
2	85140680	88038506	634	40	0.0000741007	0.0000000138
2	88038507	89154525	245	30	0.0000129587	0.0000000103
2	89154526	95326451	4	2	0.0000365049	0.0000000006
2	95326452	98995200	427	40	0.0001263648	0.0000000099
2	98995201	101822328	907	40	-0.0001367034	0.0000000112
2	101822329	102688764	261	30	-0.0000154284	0.0000000050
2	102688765	103588214	406	36	0.0000440983	0.0000000062
2	103588215	105125033	304	40	-0.0000245589	0.0000000051
2	105125034	106210057	406	40	0.0001159663	0.0000000104
2	106210058	107408266	444	40	0.0001917569	0.0000000081
2	107408267	108429176	355	40	0.0000000856	0.0000000050
2	108429177	110572431	530	40	-0.0000666883	0.0000000111
2	110572432	113921855	797	40	-0.0001201397	0.0000000124
2	113921856	116772469	758	40	0.0001486598	0.0000000105
2	116772470	118367465	397	37	0.0001204678	0.0000000062
2	118367466	121303782	992	40	0.0001195359	0.0000000105
2	121303783	123302905	578	40	-0.0001270414	0.0000000134
2	123302906	124732249	430	40	0.0000006387	0.0000000058
2	124732250	125840920	381	40	0.0000684238	0.0000000055
2	125840921	127373763	409	37	0.0001079006	0.0000000078
2	127373764	128034346	288	40	-0.0001541232	0.0000000065
2	128034347	129474440	433	40	0.0003098006	0.0000000102
2	129474441	130067169	222	26	-0.0001433956	0.0000000037
2	130067170	130658084	203	26	0.0000262889	0.0000000040
2	130658085	133042783	214	35	0.0000455904	0.0000000035
2	133042784	135158577	916	40	0.0000124394	0.0000000120
2	135158578	137042793	457	40	0.0002485529	0.0000000087
2	137042794	138698116	595	40	0.0001741674	0.0000000092
2	138698117	140100270	436	40	-0.0001838793	0.0000000063
2	140100271	141805350	568	40	-0.0000279458	0.0000000081
2	141805351	142518601	299	33	0.0001031030	0.0000000045
2	142518602	144519483	657	40	-0.0000195158	0.0000000094
2	144519484	146445569	439	40	-0.0001389139	0.0000000102
2	146445570	147277161	151	15	-0.0000062227	0.0000000032
2	147277162	150210291	661	40	-0.0000716771	0.0000000094
2	150210292	151731461	474	40	-0.0000591143	0.0000000075
2	151731462	152486781	286	29	-0.0000718422	0.0000000059
2	152486782	154005055	481	40	0.0000037946	0.0000000073
2	154005056	155391134	486	40	-0.0000423163	0.0000000080
2	155391135	157560634	554	40	0.0000597129	0.0000000088
2	157560635	158533217	172	25	0.0000441286	0.0000000051
2	158533218	159577081	331	39	0.0000456346	0.0000000078
2	159577082	161769732	721	40	-0.0000014197	0.0000000140
2	161769733	163503550	390	36	0.0000026757	0.0000000061
2	163503551	164466637	192	23	0.0000311340	0.0000000053
2	164466638	165178839	177	21	-0.0000829796	0.0000000028
2	165178840	167160269	630	40	0.0000895702	0.0000000086
2	167160270	167355969	73	10	-0.0000764089	0.0000000016
2	167355970	169968235	830	40	-0.0001098271	0.0000000127
2	169968236	171226244	490	40	-0.0001015645	0.0000000075
2	171226245	173138904	573	40	-0.0002263503	0.0000000161
2	173138905	175588928	843	40	0.0001716362	0.0000000133
2	175588929	177363635	531	40	0.0000338323	0.0000000085
2	177363636	178553182	475	40	-0.0000756226	0.0000000099
2	178553183	181312738	1009	40	0.0001346710	0.0000000144
2	181312739	182266030	298	32	0.0000232179	0.0000000050
2	182266031	184357607	615	40	-0.0000846402	0.0000000105
2	184357608	185280172	232	25	-0.0000186765	0.0000000030
2	185280173	189882064	955	40	-0.0000791765	0.0000000086
2	189882065	191973356	501	40	0.0000184540	0.0000000123
2	191973357	195861163	717	40	-0.0000415815	0.0000000083
2	195861164	196447455	154	20	-0.0000453219	0.0000000024
2	196447456	198078109	449	40	-0.0000760599	0.0000000054
2	198078110	199311124	304	26	0.0000717273	0.0000000076
2	199311125	201576283	628	40	-0.0001994340	0.0000000144
2	201576284	202818636	316	39	0.0000160903	0.0000000058
2	202818637	205799240	745	40	0.0000338574	0.0000000138
2	205799241	206735703	404	40	-0.0000046034	0.0000000076
2	206735704	208645398	657	40	-0.0000643926	0.0000000122
2	208645399	209941528	335	40	0.0001477247	0.0000000078
2	209941529	212379517	740	40	0.0000839896	0.0000000091
2	212379518	214014281	628	40	-0.0000626117	0.0000000108
2	214014282	215573794	442	40	-0.0000374575	0.0000000073
2	215573795	217715660	800	40	0.0000838034	0.0000000157
2	217715661	218395479	276	36	-0.0003477127	0.0000000195
2	218395480	220454550	595	40	-0.0002740823	0.0000000261
2	220454551	222521175	855	40	-0.0001598322	0.0000000118
2	222521176	224859418	787	40	0.0000109374	0.0000000126
2	224859419	225840003	350	36	-0.0002478947	0.0000000114
2	225840004	228119841	737	40	0.0001041726	0.0000000109
2	228119842	229370786	457	40	0.0000099431	0.0000000080
2	229370787	231843388	934	40	-0.0000701888	0.0000000097
2	231843389	233550002	466	40	-0.0002394907	0.0000000407
2	233550003	235150986	796	40	-0.0001794739	0.0000000125
2	235150987	236043549	422	40	-0.0000654888	0.0000000082
2	236043550	237449031	471	40	0.0000230851	0.0000000085
2	237449032	238760980	536	40	0.0001025010	0.0000000129
2	238760981	239952642	412	40	-0.0000634001	0.0000000100
2	239952643	241560083	650	40	0.0000781439	0.0000000094
2	241560084	242149920	216	29	0.0000556745	0.0000000110
2	242149921	243188919	129	16	0.0000569715	0.0000000077
3	60157	1441778	619	40	0.0001152141	0.0000000100
3	1441779	2992119	901	40	-0.0000886854	0.0000000102
3	2992120	4431646	771	40	0.0000040272	0.0000000083
3	4431647	6083182	776	40	-0.0001098861	0.0000000091
3	6083183	7083386	429	40	0.0000650157	0.0000000071
3	7083387	8648560	861	40	0.0001209979	0.0000000100
3	8648561	9543182	489	40	-0.0000128431	0.0000000093
3	9543183	11019664	596	40	0.0000147153	0.0000000112
3	11019665	13070798	738	40	-0.0001041131	0.0000000153
3	13070799	14816899	794	40	0.0000921702	0.0000000154
3	14816900	16282441	531	40	0.0001844523	0.0000000109
3	16282442	17891117	500	40	0.0000133008	0.0000000086
3	17891118	19125143	342	40	0.0001597747	0.0000000094
3	19125144	20091347	196	25	0.0000176818	0.0000000053
3	20091348	21643706	638	40	-0.0001166221	0.0000000105
3	21643707	22204243	380	40	0.0000971850	0.0000000067
3	22204244	23804864	527	40	0.0003408269	0.0000000099
3	23804865	25461557	746	40	0.0002209526	0.0000000150
3	25461558	26877768	469	40	-0.0000701928	0.0000000072
3	26877769	27840909	271	30	0.0000109337	0.0000000064
3	27840910	29142259	449	40	-0.0000912715	0.0000000077
3	29142260	30717954	686	40	-0.0000679718	0.0000000118
3	30717955	32351714	659	40	0.0001507974	0.0000000100
3	32351715	33255591	278	40	-0.0000311745	0.0000000072
3	33255592	35283457	583	40	-0.0000999956	0.0000000081
3	35283458	36486841	408	40	0.0000397732	0.0000000063
3	36486842	38356115	596	40	-0.0000391960	0.0000000141
3	38356116	40221297	659	40	-0.0000752829	0.0000000085
3	40221298	41064527	150	16	0.0000268731	0.0000000037
3	41064528	42540001	450	40	0.0000368954	0.0000000102
3	42540002	45165152	706	40	0.0000171498	0.0000000108
3	45165153	46657499	517	40	-0.0001163761	0.0000000076
3	46657500	47727211	176	17	0.0001376105	0.0000000080
3	47727212	49316971	257	15	-0.0001954034	0.0000000082
3	49316972	51832014	440	25	-0.0001581455	0.0000000115
3	51832015	54081389	608	40	0.0001544958	0.0000000235
3	54081390	55348859	664	40	0.0000603387	0.0000000099
3	55348860	56433906	371	40	-0.0001495989	0.0000000116
3	56433907	58157518	542	40	-0.0000803207	0.0000000207
3	58157519	60272905	975	40	-0.0000418404	0.0000000089
3	60272906	62355665	982	40	-0.0000850933	0.0000000114
3	62355666	63669285	671	40	0.0000832468	0.0000000098
3	63669286	65273537	760	40	0.0000893618	0.0000000098
3	65273538	66270446	344	40	0.0000522790	0.0000000081
3	66270447	68286913	640	40	-0.0000022688	0.0000000112
3	68286914	69276761	367	40	-0.0000712626	0.0000000089
3	69276762	70449027	391	40	-0.0001145453	0.0000000073
3	70449028	72529328	793	40	0.0000158945	0.0000000198
3	72529329	74321816	721	40	-0.0000143856	0.0000000125
3	74321817	75704948	273	31	0.0000871844	0.0000000043
3	75704949	77508834	486	40	-0.0000055298	0.0000000079
3	77508835	79024540	406	40	-0.0000251019	0.0000000089
3	79024541	81427309	489	40	0.0000309088	0.0000000057
3	81427310	82643885	295	27	-0.0000369329	0.0000000063
3	82643886	84367478	313	32	0.0000075809	0.0000000051
3	84367479	85582230	253	22	-0.0000167898	0.0000000039
3	85582231	87409731	453	40	0.0001185224	0.0000000063
3	87409732	88298372	189	19	-0.0001218012	0.0000000051
3	88298373	94255315	463	40	0.0000646977	0.0000000096
3	94255316	95311970	216	18	0.0000254554	0.0000000023
3	95311971	98215949	566	40	-0.0000275014	0.0000000077
3	98215950	99373761	330	39	0.0000544867	0.0000000122
3	99373762	100592216	332	28	0.0000881718	0.0000000073
3	100592217	103084959	659	40	0.0000410486	0.0000000102
3	103084960	104581612	413	40	-0.0000291368	0.0000000066
3	104581613	106982810	713	40	0.0001197885	0.0000000118
3	106982811	109522394	763	40	-0.0000496689	0.0000000116
3	109522395	110513769	251	25	0.0000417726	0.0000000029
3	110513770	112815698	695	40	0.0000107022	0.0000000083
3	112815699	113947862	375	40	0.0000660325	0.0000000098
3	113947863	115447079	406	40	-0.0000409957	0.0000000160
3	115447080	116800152	523	40	-0.0000496178	0.0000000071
3	116800153	118530250	570	40	-0.0000599425	0.0000000103
3	118530251	120523054	666	40	-0.0001205508	0.0000000080
3	120523055	121974096	390	37	0.0000661591	0.0000000057
3	121974097	123517767	529	40	-0.0000351027	0.0000000090
3	123517768	124936641	627	40	0.0000388101	0.0000000104
3	124936642	126214942	386	40	-0.0000659606	0.0000000068
3	126214943	128194860	672	40	-0.0000219968	0.0000000083
3	128194861	130244734	437	40	-0.0002519483	0.0000000163
3	130244735	131836515	548	40	-0.0001487952	0.0000000080
3	131836516	133252172	516	40	0.0000392335	0.0000000089
3	133252173	135456905	865	40	0.0002427686	0.0000000158
3	135456906	137371082	442	38	-0.0002212288	0.0000000130
3	137371083	139954596	843	40	-0.0000015356	0.0000000100
3	139954597	141339096	477	40	0.0002060187	0.0000000573
3	141339097	143164627	626	40	0.0000492712	0.0000000158
3	143164628	144410815	389	40	0.0000322795	0.0000000063
3	144410816	145664618	353	40	-0.0000259440	0.0000000051
3	145664619	146726628	336	40	-0.0000140355	0.0000000064
3	146726629	149043236	681	40	-0.0000838098	0.0000000097
3	149043237	150252003	425	40	-0.0001217229	0.0000000083
3	150252004	151348729	366	40	0.0000079261	0.0000000058
3	151348730	153256570	566	40	0.0000456653	0.0000000088
3	153256571	154714217	407	40	-0.0000237986	0.0000000056
3	154714218	156008699	332	40	0.0000757328	0.0000000058
3	156008700	157312027	452	40	-0.0000133732	0.0000000110
3	157312028	159477889	642	40	-0.0000069794	0.0000000138
3	159477890	161524503	568	40	-0.0000458847	0.0000000064
3	161524504	163253204	473	40	0.0000171045	0.0000000048
3	163253205	165055468	437	36	-0.0000344657	0.0000000054
3	165055469	167117428	454	40	0.0000209506	0.0000000064
3	167117429	168580959	363	40	-0.0000295506	0.0000000076
3	168580960	170964908	719	40	0.0001155193	0.0000000139
3	170964909	172295730	510	40	-0.0003177478	0.0000000244
3	172295731	173477284	386	40	0.0000182960	0.0000000075
3	173477285	175116538	601	40	0.0001137950	0.0000000084
3	175116539	176320286	341	40	-0.0000722974	0.0000000044
3	176320287	178107164	539	40	-0.0000184921	0.0000000087
3	178107165	179374585	385	40	0.0000364556	0.0000000069
3	179374586	181511165	463	40	-0.0000556346	0.0000000090
3	181511166	183769682	667	40	0.0001536400	0.0000000153
3	183769683	185068254	416	40	-0.0001329434	0.0000000111
3	185068255	186890343	663	40	-0.0002427840	0.0000000154
3	186890344	188856213	807	40	0.0000835931	0.0000000166
3	188856214	190226606	627	40	-0.0000824128	0.0000000100
3	190226607	192343813	743	40	0.0001601397	0.0000000129
3	192343814	194059670	514	40	-0.0000196319	0.0000000086
3	194059671	194786673	265	40	0.0000350651	0.0000000095
3	194786674	195971407	228	37	-0.0001635890	0.0000000048
3	195971408	197075986	288	40	-0.0000703539	0.0000000065
3	197075987	197946621	182	29	-0.0000856956	0.0000000045
4	10240	694714	105	12	0.0000485818	0.0000000019
4	694715	1478710	220	25	-0.0001339539	0.0000000049
4	1478711	2842978	266	40	0.0002812736	0.0000000147
4	2842979	3846039	265	39	-0.0001029482	0.0000000092
4	3846040	4684115	227	37	-0.0000122263	0.0000000060
4	4684116	5502387	394	40	0.0001068188	0.0000000105
4	5502388	6773042	689	40	-0.0000432083	0.0000000103
4	6773043	7539691	410	40	-0.0001527277	0.0000000102
4	7539692	8152234	358	40	0.0000160057	0.0000000101
4	8152235	9326478	246	40	0.0001130905	0.0000000131
4	9326479	10699151	512	38	0.0001076385	0.0000000079
4	10699152	12323033	648	40	0.0000782378	0.0000000107
4	12323034	14272000	712	40	-0.0001151551	0.0000000206
4	14272001	15147445	383	40	-0.0001095823	0.0000000090
4	15147446	15927008	250	33	-0.0000650057	0.0000000069
4	15927009	17383321	668	40	-0.0000295833	0.0000000110
4	17383322	18841873	420	40	-0.0005050872	0.0000000371
4	18841874	20544556	468	40	0.0001187742	0.0000000075
4	20544557	22319346	669	40	-0.0000017108	0.0000000088
4	22319347	24135528	606	40	0.0000651289	0.0000000093
4	24135529	25609321	605	40	-0.0001312642	0.0000000102
4	25609322	27343721	567	40	0.0000845710	0.0000000097
4	27343722	27965867	199	28	-0.0001188957	0.0000000029
4	27965868	29762207	529	40	0.0001280709	0.0000000085
4	29762208	30454534	158	24	0.0000061290	0.0000000023
4	30454535	31782980	405	40	-0.0000283626	0.0000000069
4	31782981	33172765	313	37	-0.0000136139	0.0000000054
4	33172766	35151414	361	32	-0.0000898886	0.0000000049
4	35151415	36020435	273	34	-0.0000988886	0.0000000052
4	36020436	37255046	432	40	-0.0000865846	0.0000000071
4	37255047	38907021	791	40	-0.0001646986	0.0000000154
4	38907022	40202608	400	40	0.0002886226	0.0000000129
4	40202609	42213057	715	40	0.0001140819	0.0000000126
4	42213058	43965044	528	40	0.0000999000	0.0000000075
4	43965045	45189156	340	38	0.0000810806	0.0000000076
4	45189157	47411895	453	40	0.0001254545	0.0000000070
4	47411896	48123599	221	25	-0.0001652570	0.0000000038
4	48123600	53877432	485	39	0.0000920015	0.0000000100
4	53877433	55429555	536	40	0.0000380164	0.0000000097
4	55429556	56547643	373	40	0.0000270291	0.0000000097
4	56547644	58935007	854	40	-0.0000639846	0.0000000132
4	58935008	60741086	454	40	-0.0000510167	0.0000000080
4	60741087	62371762	426	40	-0.0001011606	0.0000000084
4	62371763	64341000	434	40	0.0001454824	0.0000000089
4	64341001	66600491	504	40	0.0001027760	0.0000000066
4	66600492	68059496	385	40	0.0001363484	0.0000000063
4	68059497	68854764	246	31	0.0001369920	0.0000000042
4	68854765	71049151	523	40	0.0000882012	0.0000000052
4	71049152	72140557	219	27	-0.0000210007	0.0000000044
4	72140558	74592389	490	40	-0.0000481217	0.0000000159
4	74592390	77130706	734	40	-0.0001123777	0.0000000111
4	77130707	79093978	732	40	-0.0000150192	0.0000000088
4	79093979	80990296	563	40	-0.0000230089	0.0000000080
4	80990297	82125314	245	30	-0.0001199886	0.0000000075
4	82125315	83372592	363	40	-0.0000531872	0.0000000236
4	83372593	84799655	484	40	0.0000556634	0.0000000072
4	84799656	86930608	594	40	-0.0000284211	0.0000000092
4	86930609	87534647	139	18	-0.0001096449	0.0000000042
4	87534648	89238027	569	40	-0.0000156008	0.0000000128
4	89238028	90231563	323	40	0.0000323786	0.0000000079
4	90231564	91560676	339	40	0.0000975811	0.0000000054
4	91560677	94233298	567	40	0.0000161456	0.0000000067
4	94233299	96182187	607	40	-0.0000461181	0.0000000083
4	96182188	97540702	489	40	-0.0000055874	0.0000000065
4	97540703	99424066	403	36	0.0000217098	0.0000000054
4	99424067	100678359	413	40	0.0000212049	0.0000000075
4	100678360	103221355	796	40	-0.0000425558	0.0000000103
4	103221356	105305293	489	40	0.0000449724	0.0000000089
4	105305294	107501304	582	40	0.0000825793	0.0000000140
4	107501305	108815347	360	40	-0.0000773728	0.0000000055
4	108815348	111256566	770	40	0.0001258197	0.0000000180
4	111256567	113870101	722	40	-0.0000049824	0.0000000090
4	113870102	115666245	610	40	-0.0000458086	0.0000000126
4	115666246	117276928	337	36	-0.0000871170	0.0000000049
4	117276929	118479917	337	38	-0.0000761473	0.0000000047
4	118479918	119933511	419	40	0.0000289167	0.0000000056
4	119933512	120392683	148	16	-0.0001045835	0.0000000040
4	120392684	122657986	701	40	-0.0002157146	0.0000000117
4	122657987	124286480	382	37	0.0000023471	0.0000000130
4	124286481	125210861	263	36	-0.0000282008	0.0000000059
4	125210862	126480885	387	40	-0.0001137600	0.0000000063
4	126480886	127275476	222	31	0.0001912947	0.0000000049
4	127275477	127830292	163	22	-0.0000209241	0.0000000029
4	127830293	128996664	195	15	0.0000112999	0.0000000036
4	128996665	130591884	443	40	-0.0000498681	0.0000000068
4	130591885	131283820	183	22	-0.0000122400	0.0000000036
4	131283821	132954032	354	40	-0.0000529645	0.0000000063
4	132954033	134628433	372	40	0.0000052732	0.0000000069
4	134628434	136566406	425	40	0.0001023041	0.0000000068
4	136566407	138541970	514	40	0.0000158726	0.0000000076
4	138541971	139556510	353	40	-0.0000956349	0.0000000068
4	139556511	141084630	502	40	-0.0000936359	0.0000000099
4	141084631	143443264	718	40	-0.0001849687	0.0000000102
4	143443265	146178186	510	40	0.0000091079	0.0000000530
4	146178187	148521872	616	40	0.0001650368	0.0000000121
4	148521873	150683579	526	40	0.0001377455	0.0000000094
4	150683580	152782183	516	40	0.0000702611	0.0000000077
4	152782184	154477640	503	40	0.0001495184	0.0000000092
4	154477641	155056125	205	28	0.0000837424	0.0000000040
4	155056126	157485096	801	40	0.0000024511	0.0000000111
4	157485097	158743717	320	40	0.0001365005	0.0000000072
4	158743718	161058863	518	40	-0.0000514193	0.0000000092
4	161058864	161826434	263	33	-0.0000270818	0.0000000044
4	161826435	163243678	436	40	0.0000356171	0.0000000080
4	163243679	164478233	330	40	0.0000047143	0.0000000053
4	164478234	165823447	418	40	0.0000091400	0.0000000073
4	165823448	167018857	360	40	0.0000317523	0.0000000080
4	167018858	167852916	186	26	0.0000610624	0.0000000028
4	167852917	169676824	578	40	0.0000482465	0.0000000072
4	169676825	170776509	316	37	-0.0000305053	0.0000000070
4	170776510	172558634	413	40	0.0000524860	0.0000000053
4	172558635	174264131	394	40	-0.0000327887	0.0000000065
4	174264132	176570715	627	40	-0.0000538975	0.0000000097
4	176570716	178991909	825	40	0.0000414730	0.0000000088
4	178991910	180122042	320	40	-0.0001294793	0.0000000072
4	180122043	182066806	805	40	-0.0000450647	0.0000000093
4	182066807	183371274	707	40	0.0000109954	0.0000000088
4	183371275	184929454	588	40	-0.0000409915	0.0000000130
4	184929455	186909089	875	40	-0.0000727625	0.0000000101
4	186909090	188472980	611	40	0.0000255643	0.0000000091
4	188472981	189693510	409	40	-0.0000354234	0.0000000069
4	189693511	191043593	296	40	-0.0001240234	0.0000000065
5	11940	982251	229	26	-0.0001069141	0.0000000053
5	982252	2132441	454	40	-0.0000925953	0.0000000084
5	2132442	3361940	784	40	0.0000696287	0.0000000109
5	3361941	4632109	533	40	0.0000477185	0.0000000085
5	4632110	5973232	691	40	0.0000456759	0.0000000091
5	5973233	7143217	574	40	0.0000356066	0.0000000085
5	7143218	8446335	585	40	0.0000720014	0.0000000101
5	8446336	9718831	601	40	-0.0000108903	0.0000000072
5	9718832	11173270	730	40	-0.0000266819	0.0000000096
5	11173271	13464831	561	40	0.0000868456	0.0000000090
5	13464832	14757803	584	40	0.0000268598	0.0000000087
5	14757804	16963612	753	40	0.0000845776	0.0000000103
5	16963613	18051591	266	40	-0.0000862454	0.0000000054
5	18051592	19917715	543	40	0.0000167271	0.0000000082
5	19917716	22152072	440	40	-0.0000037027	0.0000000048
5	22152073	23494323	404	40	0.0001122177	0.0000000071
5	23494324	26184850	648	40	0.0001299709	0.0000000092
5	26184851	26857603	150	22	-0.0000051940	0.0000000023
5	26857604	27984512	218	32	-0.0000677208	0.0000000045
5	27984513	29714819	401	40	0.0000636203	0.0000000046
5	29714820	31390248	569	40	0.0000442458	0.0000000083
5	31390249	33500179	809	40	-0.0000410129	0.0000000334
5	33500180	35048969	545	40	0.0001017630	0.0000000093
5	35048970	36433953	476	40	-0.0003267179	0.0000000110
5	36433954	38802409	759	40	0.0000243687	0.0000000141
5	38802410	40287728	533	40	-0.0000830593	0.0000000102
5	40287729	41888709	540	40	0.0000512452	0.0000000079
5	41888710	43983498	406	31	0.0000141933	0.0000000130
5	43983499	50163397	413	31	-0.0000302559	0.0000000063
5	50163398	52134621	556	40	0.0001551541	0.0000000114
5	52134622	53703043	597	40	0.0001881553	0.0000000126
5	53703044	55417348	591	40	-0.0000774505	0.0000000155
5	55417349	56621101	498	40	-0.0002187584	0.0000000121
5	56621102	57340072	265	36	-0.0001129793	0.0000000080
5	57340073	58524621	530	40	0.0001150589	0.0000000086
5	58524622	60935906	678	40	0.0000973089	0.0000000115
5	60935907	61672994	266	27	-0.0000071092	0.0000000032
5	61672995	63218986	476	40	-0.0000361950	0.0000000059
5	63218987	63968303	174	19	0.0000161805	0.0000000034
5	63968304	65911285	613	40	-0.0002533254	0.0000000148
5	65911286	67850859	770	40	0.0001276431	0.0000000165
5	67850860	71240455	445	40	0.0000945016	0.0000000066
5	71240456	73759325	954	40	-0.0001335210	0.0000000127
5	73759326	75798865	677	40	0.0000954485	0.0000000100
5	75798866	77623331	709	40	-0.0000097124	0.0000000123
5	77623332	79393143	648	40	0.0000080279	0.0000000145
5	79393144	80481470	444	40	0.0000659503	0.0000000127
5	80481471	82025647	498	40	0.0001142370	0.0000000112
5	82025648	83972688	523	40	0.0000441212	0.0000000088
5	83972689	85767289	490	40	-0.0000412102	0.0000000057
5	85767290	87389990	269	31	0.0001205019	0.0000000069
5	87389991	88891529	301	32	0.0001538151	0.0000000156
5	88891530	90422653	419	40	-0.0000685942	0.0000000079
5	90422654	91840541	264	32	-0.0000086780	0.0000000051
5	91840542	93809983	406	40	0.0000182282	0.0000000058
5	93809984	95963518	685	40	-0.0000114745	0.0000000126
5	95963519	97315600	407	40	0.0002239191	0.0000000060
5	97315601	99260991	481	40	0.0000148358	0.0000000098
5	99260992	101578768	497	40	0.0000031859	0.0000000079
5	101578769	103320004	475	40	0.0000397576	0.0000000087
5	103320005	104851482	407	40	-0.0000215033	0.0000000074
5	104851483	105893054	164	21	0.0000094386	0.0000000030
5	105893055	107264195	548	40	-0.0000755878	0.0000000098
5	107264196	108633933	378	40	0.0000619072	0.0000000120
5	108633934	110821143	622	40	-0.0000044046	0.0000000087
5	110821144	111981561	415	40	0.0000669438	0.0000000093
5	111981562	113396284	535	40	0.0001155177	0.0000000086
5	113396285	114830369	511	40	0.0000326088	0.0000000073
5	114830370	115831046	424	40	0.0001115740	0.0000000079
5	115831047	117346212	544	40	-0.0000401957	0.0000000091
5	117346213	118608819	367	40	-0.0000906306	0.0000000071
5	118608820	119669041	326	38	-0.0001038816	0.0000000038
5	119669042	120452165	228	25	0.0000331987	0.0000000041
5	120452166	122556904	656	40	0.0000161539	0.0000000095
5	122556905	123798099	435	40	-0.0000860615	0.0000000142
5	123798100	125785648	821	40	0.0001092567	0.0000000116
5	125785649	127344603	425	40	0.0000464171	0.0000000082
5	127344604	129519024	645	40	0.0001981961	0.0000000175
5	129519025	132139648	601	40	-0.0001030459	0.0000000196
5	132139649	134777400	893	40	0.0000630286	0.0000000178
5	134777401	136376049	584	40	-0.0000546287	0.0000000097
5	136376050	139265071	686	40	0.0000184478	0.0000000114
5	139265072	140645970	349	31	0.0000182166	0.0000000059
5	140645971	142981247	911	40	-0.0000532021	0.0000000144
5	142981248	144943353	618	40	0.0000409357	0.0000000085
5	144943354	147181997	730	40	0.0000934088	0.0000000104
5	147181998	148662623	547	40	0.0000521442	0.0000000077
5	148662624	150561297	842	40	-0.0000568254	0.0000000108
5	150561298	152867773	837	40	0.0000894052	0.0000000093
5	152867774	153773087	425	40	-0.0000197073	0.0000000061
5	153773088	155373504	556	40	0.0000534209	0.0000000081
5	155373505	156628699	371	40	0.0000105875	0.0000000062
5	156628700	158825697	868	40	-0.0000874735	0.0000000138
5	158825698	159973943	413	40	-0.0000392701	0.0000000085
5	159973944	161482132	513	40	0.0000063822	0.0000000057
5	161482133	162743907	351	40	-0.0001833813	0.0000000066
5	162743908	163771581	375	40	-0.0001208487	0.0000000066
5	163771582	165642394	536	40	0.0000130168	0.0000000087
5	165642395	166847739	414	40	-0.0000428601	0.0000000076
5	166847740	168525317	760	40	0.0001550831	0.0000000178
5	168525318	169505663	473	40	-0.0000740051	0.0000000075
5	169505664	171074291	647	40	0.0001805965	0.0000000176
5	171074292	172678326	667	40	-0.0001468502	0.0000000277
5	172678327	173642870	488	40	0.0000294155	0.0000000212
5	173642871	175450594	808	40	-0.0000672181	0.0000000083
5	175450595	177251506	336	40	0.0001554577	0.0000000203
5	177251507	178413463	430	40	0.0001351837	0.0000000109
5	178413464	179401243	349	40	0.0000639074	0.0000000118
5	179401244	180559932	324	40	-0.0000223163	0.0000000119
5	180559933	180885155	42	9	-0.0000841013	0.0000000016
6	73924	1452361	676	40	0.0000335665	0.0000000092
6	1452362	2458935	432	40	-0.0000654444	0.0000000112
6	2458936	3573592	577	40	-0.0000290781	0.0000000099
6	3573593	4617816	513	40	0.0001458136	0.0000000092
6	4617817	5791471	587	40	-0.0000164048	0.0000000078
6	5791472	6785206	590	40	-0.0000312792	0.0000000120
6	6785207	7808935	511	40	0.0001479743	0.0000000303
6	7808936	9020025	496	40	-0.0000610737	0.0000000099
6	9020026	10540316	606	40	-0.0000459231	0.0000000105
6	10540317	11790815	563	40	0.0000843698	0.0000000093
6	11790816	13209387	592	40	0.0001801152	0.0000000099
6	13209388	14802923	675	40	0.0000623311	0.0000000086
6	14802924	17386404	985	40	-0.0001009575	0.0000000112
6	17386405	19207486	635	40	-0.0000204049	0.0000000124
6	19207487	21684064	1023	40	0.0000637040	0.0000000106
6	21684065	22748306	513	40	0.0001482339	0.0000000095
6	22748307	23936618	488	40	0.0001127406	0.0000000089
6	23936619	24852274	400	40	-0.0001177141	0.0000000081
6	24852275	25684586	448	40	0.0000403153	0.0000000103
6	25684587	26791232	476	35	-0.0001848015	0.0000000316
6	26791233	28017818	276	19	-0.0000407029	0.0000000082
6	28017819	28917607	317	21	0.0000653467	0.0000000185
6	28917608	29737970	528	31	0.0001788801	0.0000000197
6	29737971	30798167	910	40	0.0000654443	0.0000000182
6	30798168	31571217	798	40	-0.0003544256	0.0000000297
6	31571218	32682663	699	40	-0.0003341229	0.0000000269
6	32682664	33236496	628	40	-0.0001419126	0.0000000164
6	33236497	35455755	751	40	0.0005144601	0.0000000428
6	35455756	37572595	817	40	-0.0000284495	0.0000000189
6	37572596	39295676	760	40	-0.0000551993	0.0000000086
6	39295677	40345114	400	40	0.0001900470	0.0000000120
6	40345115	42038720	714	40	-0.0000467097	0.0000000138
6	42038721	43756168	446	40	-0.0000232229	0.0000000103
6	43756169	45406562	580	40	-0.0000084565	0.0000000197
6	45406563	47311897	760	40	-0.0000170059	0.0000000135
6	47311898	48391124	355	38	-0.0000116086	0.0000000089
6	48391125	50386144	494	40	0.0000527614	0.0000000059
6	50386145	52210475	620	40	-0.0000453575	0.0000000096
6	52210476	53279101	427	40	0.0000394034	0.0000000101
6	53279102	55468269	856	40	0.0000678795	0.0000000124
6	55468270	56105312	211	20	0.0000021384	0.0000000040
6	56105313	57599464	366	39	-0.0000040582	0.0000000081
6	57599465	61880511	119	9	-0.0001153417	0.0000000027
6	61880512	63552887	334	22	-0.0000885867	0.0000000037
6	63552888	65765741	443	40	-0.0002225611	0.0000000066
6	65765742	67329214	481	40	0.0000929306	0.0000000073
6	67329215	68849482	461	40	0.0000088410	0.0000000074
6	68849483	69523447	217	26	0.0000110870	0.0000000042
6	69523448	71609509	742	40	0.0000173298	0.0000000094
6	71609510	73450096	629	40	-0.0000060789	0.0000000106
6	73450097	75462002	573	40	0.0001290673	0.0000000093
6	75462003	77414880	447	40	0.0002111028	0.0000000180
6	77414881	78957727	485	40	0.0000261666	0.0000000076
6	78957728	80691169	580	40	0.0001479520	0.0000000113
6	80691170	81929221	369	28	-0.0002111945	0.0000000311
6	81929222	83127148	348	40	-0.0000436200	0.0000000135
6	83127149	85209988	555	40	-0.0000155507	0.0000000068
6	85209989	87069499	592	40	0.0000919275	0.0000000084
6	87069500	88822139	540	40	-0.0000165166	0.0000000076
6	88822140	89973051	431	40	0.0001170333	0.0000000074
6	89973052	91843195	738	40	0.0001353564	0.0000000103
6	91843196	93428643	465	40	-0.0000309630	0.0000000073
6	93428644	94118141	281	40	0.0000710555	0.0000000034
6	94118142	94441174	83	8	0.0000253743	0.0000000013
6	94441175	97093510	614	40	0.0000587575	0.0000000089
6	97093511	97842283	228	26	0.0001085520	0.0000000047
6	97842284	100630145	786	40	0.0000188708	0.0000000113
6	100630146	102636771	491	40	-0.0000343968	0.0000000082
6	102636772	103983394	331	33	-0.0000196933	0.0000000071
6	103983395	106056732	660	40	0.0001510281	0.0000000236
6	106056733	107450305	624	40	0.0002094070	0.0000000097
6	107450306	108464379	349	40	-0.0000302511	0.0000000085
6	108464380	110304246	535	40	-0.0000228183	0.0000000185
6	110304247	112345013	615	40	-0.0000934532	0.0000000099
6	112345014	114220832	625	40	-0.0000069785	0.0000000078
6	114220833	116131395	475	40	-0.0000652259	0.0000000062
6	116131396	117672971	468	40	0.0001803943	0.0000000166
6	117672972	118963114	368	39	0.0000841479	0.0000000104
6	118963115	119963277	320	36	-0.0001306777	0.0000000053
6	119963278	120512127	164	18	-0.0000015595	0.0000000034
6	120512128	121905675	377	36	-0.0000682128	0.0000000066
6	121905676	123856180	598	40	-0.0001159672	0.0000000074
6	123856181	125424382	598	40	-0.0000607869	0.0000000099
6	125424383	127540460	459	40	-0.0000700183	0.0000000237
6	127540461	129861030	611	40	0.0000665822	0.0000000125
6	129861031	130935453	492	40	-0.0002058660	0.0000000220
6	130935454	132765668	600	40	-0.0000344815	0.0000000133
6	132765669	134244242	582	40	-0.0000939612	0.0000000128
6	134244243	136224176	583	40	0.0002495093	0.0000000105
6	136224177	137614217	340	40	0.0001572454	0.0000000092
6	137614218	138822628	473	40	0.0000839558	0.0000000076
6	138822629	139845435	381	40	0.0000653302	0.0000000084
6	139845436	142288478	526	40	-0.0000756631	0.0000000131
6	142288479	145319809	1032	40	0.0003129068	0.0000000341
6	145319810	146665423	310	26	0.0000428630	0.0000000056
6	146665424	148920351	915	40	-0.0000648935	0.0000000103
6	148920352	150253403	515	40	0.0000229080	0.0000000105
6	150253404	151912702	882	40	-0.0000128015	0.0000000110
6	151912703	153094495	557	40	0.0000264884	0.0000000224
6	153094496	154974119	793	40	0.0001150080	0.0000000113
6	154974120	156763325	725	40	-0.0002659746	0.0000000136
6	156763326	158218718	373	40	-0.0000633954	0.0000000083
6	158218719	160580496	1029	40	0.0000983678	0.0000000137
6	160580497	162169563	759	40	-0.0000000956	0.0000000130
6	162169564	162931202	373	40	-0.0000246531	0.0000000060
6	162931203	164383520	674	40	0.0000195025	0.0000000094
6	164383521	165586863	536	40	0.0000274737	0.0000000083
6	165586864	167024732	804	40	0.0001109365	0.0000000137
6	167024733	168042834	421	40	-0.0000257385	0.0000000067
6	168042835	169382049	579	40	0.0000144295	0.0000000159
6	169382050	170330172	393	40	0.0000048438	0.0000000061
6	170330173	171051269	235	30	-0.0000455265	0.0000000061
7	16161	972751	88	15	0.0000558535	0.0000000026
7	972752	1353066	98	16	0.0000093358	0.0000000026
7	1353067	2062397	138	22	0.0000585831	0.0000000051
7	2062398	2772226	216	35	0.0000696836	0.0000000237
7	2772227	4573427	846	40	0.0001681845	0.0000000294
7	4573428	5416231	202	40	0.0000588434	0.0000000058
7	5416232	5854525	98	16	0.0000211860	0.0000000033
7	5854526	6573856	140	22	-0.0000255423	0.0000000029
7	6573857	7808751	413	40	-0.0000737255	0.0000000093
7	7808752	9123422	726	40	-0.0001270896	0.0000000138
7	9123423	9987498	354	40	-0.0001512028	0.0000000072
7	9987499	11299197	467	40	0.0000081459	0.0000000094
7	11299198	12635460	692	40	-0.0002094572	0.0000000132
7	12635461	13884201	563	40	-0.0000576726	0.0000000113
7	13884202	15143656	571	40	0.0001606794	0.0000000123
7	15143657	16902068	748	40	-0.0000359572	0.0000000116
7	16902069	19481546	1022	40	-0.0000014771	0.0000000148
7	19481547	20124907	228	28	-0.0002083999	0.0000000123
7	20124908	22507628	1189	40	0.0000814664	0.0000000149
7	22507629	23471441	309	40	-0.0001801968	0.0000000088
7	23471442	25077258	697	40	0.0000644817	0.0000000197
7	25077259	25909554	445	40	0.0000884153	0.0000000112
7	25909555	28360308	881	40	-0.0001292968	0.0000000238
7	28360309	31137288	1237	40	-0.0001717864	0.0000000130
7	31137289	33555767	989	40	0.0000633020	0.0000000126
7	33555768	36213537	1005	40	0.0000073539	0.0000000125
7	36213538	37555183	635	40	-0.0001209829	0.0000000091
7	37555184	38966702	631	40	-0.0001113117	0.0000000145
7	38966703	39862669	313	35	0.0000725642	0.0000000063
7	39862670	42001810	612	40	0.0002108217	0.0000000094
7	42001811	43159073	401	40	0.0000581386	0.0000000086
7	43159074	44763827	466	40	-0.0000584484	0.0000000080
7	44763828	45952921	352	40	0.0000295943	0.0000000063
7	45952922	46986719	409	40	0.0000432527	0.0000000153
7	46986720	49212277	895	40	0.0000357705	0.0000000095
7	49212278	51675321	888	40	0.0000132974	0.0000000133
7	51675322	53176311	630	40	-0.0001109503	0.0000000081
7	53176312	54222975	372	40	0.0000715826	0.0000000050
7	54222976	55691583	527	40	-0.0000081115	0.0000000085
7	55691584	57382637	242	28	-0.0001457203	0.0000000068
7	57382638	63307358	126	14	0.0000570375	0.0000000020
7	63307359	63641124	53	6	-0.0000071828	0.0000000008
7	63641125	65689808	305	25	0.0001271135	0.0000000053
7	65689809	68234073	704	40	0.0001143603	0.0000000102
7	68234074	69085363	264	39	-0.0000683422	0.0000000076
7	69085364	71874884	834	40	-0.0000805781	0.0000000115
7	71874885	73334601	150	23	0.0001010685	0.0000000075
7	73334602	76458563	349	40	-0.0001216235	0.0000000083
7	76458564	78093858	605	40	-0.0000244194	0.0000000126
7	78093859	79888068	648	40	0.0001352119	0.0000000101
7	79888069	82022685	715	40	-0.0000211160	0.0000000094
7	82022686	83801202	627	40	-0.0000438013	0.0000000097
7	83801203	85572181	403	40	-0.0002007934	0.0000000069
7	85572182	87825003	563	40	0.0000163815	0.0000000116
7	87825004	90661783	953	40	0.0000589306	0.0000000106
7	90661784	92493751	424	40	-0.0002239575	0.0000000378
7	92493752	93966600	356	40	-0.0000468567	0.0000000086
7	93966601	96073507	691	40	-0.0001653247	0.0000000128
7	96073508	97099569	308	40	0.0000679263	0.0000000080
7	97099570	98715473	417	40	-0.0000255422	0.0000000068
7	98715474	100196650	249	26	0.0000962334	0.0000000088
7	100196651	101199252	245	37	0.0000764399	0.0000000106
7	101199253	103197509	385	40	-0.0000855678	0.0000000083
7	103197510	104159524	474	40	-0.0000331300	0.0000000070
7	104159525	105682904	537	40	-0.0001501137	0.0000000099
7	105682905	107780177	744	40	0.0000382262	0.0000000098
7	107780178	109647593	552	40	-0.0000231839	0.0000000070
7	109647594	112618683	829	40	-0.0000335132	0.0000000094
7	112618684	113712386	220	27	-0.0000090668	0.0000000045
7	113712387	116780177	711	40	0.0002419946	0.0000000119
7	116780178	118351580	372	38	0.0000630420	0.0000000050
7	118351581	121045272	437	40	0.0000925259	0.0000000087
7	121045273	121933629	228	28	-0.0000672528	0.0000000046
7	121933630	124156804	662	40	-0.0000229903	0.0000000100
7	124156805	124167551	6	2	-0.0000528702	0.0000000006
7	124167552	126519169	659	40	-0.0000799538	0.0000000077
7	126519170	126869220	139	18	0.0000703815	0.0000000024
7	126869221	128778385	592	40	0.0000178119	0.0000000117
7	128778386	130422413	470	40	-0.0000365205	0.0000000100
7	130422414	132805847	923	40	0.0000549082	0.0000000114
7	132805848	134307595	441	35	0.0000091195	0.0000000064
7	134307596	135591082	500	40	-0.0002771189	0.0000000136
7	135591083	136876561	408	40	0.0000414900	0.0000000071
7	136876562	138744678	613	40	-0.0000003764	0.0000000132
7	138744679	139933176	330	40	0.0000804650	0.0000000083
7	139933177	140235209	119	25	0.0001188462	0.0000000067
7	140235210	141226556	281	32	-0.0001660918	0.0000000046
7	141226557	142656309	444	40	-0.0000323930	0.0000000047
7	142656310	144968288	551	40	0.0000614329	0.0000000080
7	144968289	146427959	379	40	-0.0000233176	0.0000000065
7	146427960	147815317	571	40	0.0000223320	0.0000000087
7	147815318	149840657	620	40	0.0002490516	0.0000000134
7	149840658	150711504	308	38	0.0001519618	0.0000000131
7	150711505	152249805	462	40	-0.0000407862	0.0000000102
7	152249806	153674018	463	40	-0.0002254445	0.0000000089
7	153674019	154964729	550	40	0.0000963269	0.0000000091
7	154964730	156065249	479	40	-0.0001096587	0.0000000085
7	156065250	157634596	521	40	0.0001074481	0.0000000100
7	157634597	159128574	459	40	-0.0001122206	0.0000000089
8	10422	1044216	396	40	-0.0000131393	0.0000000077
8	1044217	1163244	71	12	-0.0000652766	0.0000000016
8	1163245	2042941	457	40	-0.0000410880	0.0000000086
8	2042942	2573278	259	40	-0.0001660074	0.0000000064
8	2573279	3392925	594	40	-0.0001306907	0.0000000082
8	3392926	3783016	425	40	-0.0000571521	0.0000000092
8	3783017	4480475	673	40	-0.0000201743	0.0000000091
8	4480476	5146926	494	40	0.0000565575	0.0000000120
8	5146927	6142796	753	40	0.0000789744	0.0000000079
8	6142797	7153078	547	40	-0.0001000147	0.0000000102
8	7153079	9154693	554	40	0.0001724831	0.0000000134
8	9154694	9640786	237	25	0.0000263910	0.0000000044
8	9640787	10463196	463	40	0.0001597422	0.0000000099
8	10463197	11278997	388	40	0.0001554547	0.0000000082
8	11278998	13491774	803	40	0.0000510711	0.0000000146
8	13491775	13944991	252	31	-0.0000009315	0.0000000052
8	13944992	15991659	1082	40	0.0000186336	0.0000000087
8	15991660	17387875	551	40	-0.0000119676	0.0000000099
8	17387876	17836398	271	35	-0.0000127757	0.0000000054
8	17836399	19492839	967	40	0.0000236976	0.0000000104
8	19492840	20060855	335	40	-0.0000953058	0.0000000067
8	20060856	21661736	750	40	0.0000135273	0.0000000093
8	21661737	22897056	463	40	-0.0000900184	0.0000000127
8	22897057	24674717	656	40	0.0002016467	0.0000000204
8	24674718	25483453	288	35	0.0001686428	0.0000000075
8	25483454	26682524	617	40	0.0002102004	0.0000000119
8	26682525	28162391	737	40	-0.0000439483	0.0000000115
8	28162392	29327895	368	40	-0.0001012427	0.0000000061
8	29327896	31133728	544	40	-0.0000454774	0.0000000101
8	31133729	31548359	125	20	0.0000632830	0.0000000031
8	31548360	32977217	485	40	-0.0001124009	0.0000000070
8	32977218	35317231	538	40	-0.0000001512	0.0000000064
8	35317232	37379388	359	40	-0.0000023513	0.0000000082
8	37379389	38938805	290	40	0.0000667335	0.0000000082
8	38938806	40703336	583	40	0.0000493876	0.0000000084
8	40703337	41721453	382	40	-0.0001350165	0.0000000070
8	41721454	42773822	192	22	-0.0000021811	0.0000000045
8	42773823	46841314	43	7	0.0000727464	0.0000000014
8	46841315	50082469	395	36	0.0000200842	0.0000000081
8	50082470	53302929	786	40	0.0000731548	0.0000000082
8	53302930	54418043	344	40	-0.0000554806	0.0000000052
8	54418044	55945580	475	40	0.0000741424	0.0000000105
8	55945581	56956382	353	40	-0.0001640188	0.0000000118
8	56956383	59068650	664	40	-0.0000266651	0.0000000267
8	59068651	59728099	275	34	0.0000178199	0.0000000049
8	59728100	62329098	791	40	-0.0000130436	0.0000000137
8	62329099	63349305	328	35	-0.0000277178	0.0000000046
8	63349306	65232871	516	40	0.0002019119	0.0000000085
8	65232872	66489089	361	40	0.0001446558	0.0000000096
8	66489090	69863056	864	40	0.0001977699	0.0000000123
8	69863057	70867978	406	40	0.0001721415	0.0000000093
8	70867979	72289453	440	40	-0.0000216618	0.0000000077
8	72289454	73817198	689	40	0.0000171735	0.0000000094
8	73817199	75445063	616	40	-0.0001650005	0.0000000097
8	75445064	76456541	291	38	0.0000675664	0.0000000117
8	76456542	79132860	688	40	0.0001575924	0.0000000199
8	79132861	81956394	804	40	0.0000634710	0.0000000101
8	81956395	82693738	218	33	-0.0001192109	0.0000000051
8	82693739	84225588	416	40	-0.0001182072	0.0000000087
8	84225589	85955618	356	39	0.0001439686	0.0000000064
8	85955619	87411708	267	25	0.0000048563	0.0000000046
8	87411709	89085480	483	40	0.0000225221	0.0000000086
8	89085481	90638161	394	40	0.0000521056	0.0000000052
8	90638162	93554385	674	40	0.0000360420	0.0000000101
8	93554386	95005526	387	40	-0.0000192055	0.0000000068
8	95005527	96534805	625	40	0.0001470070	0.0000000134
8	96534806	99401580	1101	40	-0.0000461219	0.0000000094
8	99401581	101620957	504	40	0.0000338297	0.0000000064
8	101620958	104123305	987	40	-0.0001750530	0.0000000094
8	104123306	104988751	249	24	0.0000462276	0.0000000049
8	104988752	107410753	819	40	-0.0000975068	0.0000000107
8	107410754	108648176	469	40	-0.0000454128	0.0000000074
8	108648177	109248172	204	23	0.0000243235	0.0000000044
8	109248173	110484313	350	31	-0.0001335168	0.0000000086
8	110484314	111850846	287	33	-0.0000619083	0.0000000042
8	111850847	113064319	232	19	0.0000280111	0.0000000029
8	113064320	116096494	781	40	-0.0000227648	0.0000000077
8	116096495	119685456	1154	40	-0.0001972697	0.0000000146
8	119685457	121201699	527	40	-0.0001058857	0.0000000131
8	121201700	124861458	1338	40	0.0000762974	0.0000000126
8	124861459	125683718	333	40	0.0000902137	0.0000000053
8	125683719	126410916	256	40	0.0000540237	0.0000000055
8	126410917	128659110	913	40	-0.0000581330	0.0000000138
8	128659111	130381138	672	40	0.0000297237	0.0000000142
8	130381139	131639624	465	40	0.0001302140	0.0000000253
8	131639625	133351143	759	40	-0.0000220249	0.0000000094
8	133351144	134570000	706	40	0.0000062862	0.0000000096
8	134570001	136035604	753	40	0.0002286186	0.0000000221
8	136035605	137524150	552	40	-0.0001614019	0.0000000087
8	137524151	139254829	738	40	-0.0000240140	0.0000000080
8	139254830	140725642	754	40	-0.0001324904	0.0000000112
8	140725643	143044913	824	40	-0.0000835193	0.0000000142
8	143044914	144236880	366	40	0.0000976719	0.0000000052
8	144236881	146303866	338	40	-0.0000674715	0.0000000111
9	10023	1079706	574	40	0.0001460460	0.0000000090
9	1079707	1916876	600	40	0.0000112672	0.0000000087
9	1916877	3190063	765	40	-0.0000230491	0.0000000101
9	3190064	4495327	737	40	-0.0000384496	0.0000000100
9	4495328	4884925	230	39	-0.0002275150	0.0000000076
9	4884926	6557588	557	40	0.0000921231	0.0000000109
9	6557589	7154922	294	38	0.0000731912	0.0000000071
9	7154923	8456298	927	40	0.0000705685	0.0000000097
9	8456299	9166402	400	40	0.0000803057	0.0000000064
9	9166403	10879252	842	40	-0.0000865706	0.0000000091
9	10879253	12276488	464	40	0.0000088307	0.0000000085
9	12276489	14836362	1266	40	0.0000737978	0.0000000113
9	14836363	16659654	803	40	0.0000164442	0.0000000142
9	16659655	18661050	938	40	-0.0000507688	0.0000000175
9	18661051	20463533	824	40	0.0000410558	0.0000000095
9	20463534	22206558	686	40	-0.0000087564	0.0000000112
9	22206559	24158517	603	40	-0.0000948648	0.0000000112
9	24158518	25330809	295	40	-0.0000222567	0.0000000060
9	25330810	26111756	273	40	0.0000874394	0.0000000063
9	26111757	28224282	950	40	0.0000345084	0.0000000103
9	28224283	28811583	251	36	-0.0000023417	0.0000000050
9	28811584	30387391	550	40	-0.0000140915	0.0000000062
9	30387392	31310382	245	23	-0.0000076486	0.0000000036
9	31310383	32019367	206	24	0.0000164813	0.0000000037
9	32019368	33578333	588	40	-0.0000117911	0.0000000095
9	33578334	34642242	285	27	-0.0001971687	0.0000000065
9	34642243	36743282	583	40	-0.0000564882	0.0000000142
9	36743283	38641598	720	40	0.0000413273	0.0000000085
9	38641599	65472189	102	21	0.0001174951	0.0000000032
9	65472190	72512710	563	40	0.0001044533	0.0000000078
9	72512711	72753754	100	10	0.0000210190	0.0000000016
9	72753755	74253039	594	40	-0.0000244881	0.0000000090
9	74253040	76203945	571	40	0.0000538417	0.0000000092
9	76203946	76973080	180	22	-0.0000147852	0.0000000039
9	76973081	78900182	803	40	-0.0000450882	0.0000000138
9	78900183	79471207	292	40	0.0000055783	0.0000000066
9	79471208	81079054	523	40	0.0000282967	0.0000000086
9	81079055	82590927	630	40	-0.0000945357	0.0000000092
9	82590928	84211232	653	40	0.0000451281	0.0000000100
9	84211233	85440800	330	40	0.0000578251	0.0000000080
9	85440801	86938195	635	40	-0.0000066199	0.0000000137
9	86938196	88109332	500	40	0.0000250879	0.0000000079
9	88109333	88590416	113	14	-0.0000364265	0.0000000017
9	88590417	90136245	597	40	-0.0001665033	0.0000000201
9	90136246	92528697	854	40	-0.0000439172	0.0000000153
9	92528698	94167202	621	40	-0.0001486289	0.0000000099
9	94167203	96671697	789	40	-0.0002773385	0.0000000249
9	96671698	98922039	667	40	-0.0004769431	0.0000000349
9	98922040	101592858	860	40	-0.0000429161	0.0000000226
9	101592859	104624436	964	40	0.0000575689	0.0000000113
9	104624437	105967975	568	40	-0.0000512695	0.0000000076
9	105967976	107581748	602	40	0.0000393558	0.0000000083
9	107581749	109298753	602	40	-0.0001601947	0.0000000153
9	109298754	110695061	571	40	0.0002335473	0.0000000175
9	110695062	112778023	1099	40	0.0000847418	0.0000000106
9	112778024	114831081	909	40	-0.0001790935	0.0000000158
9	114831082	115693144	314	30	0.0000850576	0.0000000068
9	115693145	117019800	645	40	-0.0001510463	0.0000000159
9	117019801	117921959	466	40	0.0000597811	0.0000000114
9	117921960	121321536	1464	40	-0.0000964667	0.0000000213
9	121321537	122260296	361	40	0.0000036684	0.0000000071
9	122260297	124871321	775	40	-0.0000319576	0.0000000155
9	124871322	126971886	685	40	-0.0001723783	0.0000000110
9	126971887	129059664	563	40	0.0000276371	0.0000000093
9	129059665	130055509	326	40	-0.0001409502	0.0000000069
9	130055510	132165469	501	40	-0.0001004891	0.0000000119
9	132165470	133223216	321	40	0.0000783335	0.0000000063
9	133223217	134127887	342	40	0.0003149582	0.0000000158
9	134127888	135298841	434	40	0.0001047898	0.0000000069
9	135298842	137041121	660	40	0.0001194462	0.0000000137
9	137041122	137589363	209	40	-0.0000514692	0.0000000077
9	137589364	138938977	628	40	-0.0000214409	0.0000000075
9	138938978	139500341	122	22	0.0003021323	0.0000000170
9	139500342	141144795	243	36	-0.0000367820	0.0000000078
10	60523	751338	125	15	-0.0000496836	0.0000000037
10	751339	1523543	344	40	0.0000447697	0.0000000079
10	1523544	2254499	440	40	-0.0001251704	0.0000000082
10	2254500	3352698	674	40	-0.0000279498	0.0000000094
10	3352699	4572273	615	40	0.0000642997	0.0000000097
10	4572274	5983761	710	40	0.0001052145	0.0000000141
10	5983762	7171483	746	40	-0.0000016312	0.0000000114
10	7171484	8774664	872	40	0.0000189040	0.0000000107
10	8774665	10249395	565	40	0.0000449639	0.0000000074
10	10249396	12586796	1037	40	0.0001287160	0.0000000127
10	12586797	13321599	445	40	0.0001042927	0.0000000132
10	13321600	15026067	952	40	0.0001236061	0.0000000099
10	15026068	16551766	564	40	0.0000110088	0.0000000082
10	16551767	18537266	775	40	0.0000785576	0.0000000112
10	18537267	19716877	533	40	0.0000852340	0.0000000090
10	19716878	22772282	991	40	0.0000425283	0.0000000123
10	22772283	23175131	126	14	-0.0000216453	0.0000000040
10	23175132	25578595	772	40	-0.0000539419	0.0000000133
10	25578596	26888683	535	40	0.0000506783	0.0000000065
10	26888684	29323235	906	40	0.0000360284	0.0000000154
10	29323236	29783691	268	40	0.0000812000	0.0000000057
10	29783692	30458837	363	40	-0.0000750744	0.0000000086
10	30458838	31907518	482	40	0.0002593370	0.0000000118
10	31907519	33707967	628	40	0.0000691154	0.0000000096
10	33707968	35109354	502	40	0.0001060291	0.0000000076
10	35109355	36572507	422	40	-0.0000265400	0.0000000058
10	36572508	37790028	321	40	-0.0000213913	0.0000000056
10	37790029	42372578	198	13	-0.0000142242	0.0000000014
10	42372579	43894770	299	34	0.0000367667	0.0000000054
10	43894771	44730074	292	34	0.0000759954	0.0000000062
10	44730075	48760449	672	40	0.0000244532	0.0000000102
10	48760450	50840914	666	40	-0.0000648443	0.0000000097
10	50840915	53616628	755	40	0.0000419284	0.0000000149
10	53616629	55103571	685	40	0.0000087268	0.0000000106
10	55103572	57031139	762	40	-0.0001836526	0.0000000084
10	57031140	57662145	178	18	-0.0000862902	0.0000000029
10	57662146	58959527	381	25	0.0000061989	0.0000000047
10	58959528	60289986	422	40	-0.0001345416	0.0000000057
10	60289987	61891408	587	40	0.0001102921	0.0000000127
10	61891409	62659678	302	34	0.0000082249	0.0000000050
10	62659679	63341694	161	19	0.0000613886	0.0000000022
10	63341695	65794113	848	40	-0.0000906543	0.0000000143
10	65794114	67549614	481	40	0.0000217488	0.0000000064
10	67549615	69900147	896	40	-0.0001236120	0.0000000104
10	69900148	70195990	117	11	0.0000938059	0.0000000069
10	70195991	72220849	896	40	-0.0000553871	0.0000000149
10	72220850	73508511	744	40	-0.0001948455	0.0000000109
10	73508512	75422549	439	36	0.0000522909	0.0000000066
10	75422550	78706813	842	40	0.0001804629	0.0000000127
10	78706814	80876748	1017	40	0.0000563031	0.0000000114
10	80876749	82414678	498	40	0.0002076359	0.0000000271
10	82414679	84383744	715	40	-0.0000023599	0.0000000096
10	84383745	85458702	440	40	0.0000427078	0.0000000061
10	85458703	87937576	980	40	0.0002003354	0.0000000105
10	87937577	89127063	272	35	0.0000828419	0.0000000070
10	89127064	91013380	728	40	-0.0000364437	0.0000000140
10	91013381	92006580	376	40	-0.0000165076	0.0000000053
10	92006581	93335046	446	40	-0.0000351750	0.0000000113
10	93335047	95396367	666	40	0.0000770867	0.0000000160
10	95396368	96221242	264	32	0.0000907343	0.0000000060
10	96221243	97822356	583	40	0.0001170929	0.0000000122
10	97822357	100241301	920	40	-0.0000042984	0.0000000155
10	100241302	100668399	149	15	0.0000027928	0.0000000028
10	100668400	102949238	767	40	0.0000951109	0.0000000156
10	102949239	104380409	306	28	0.0002232035	0.0000000097
10	104380410	106695047	764	40	-0.0000698713	0.0000000199
10	106695048	108726685	672	40	0.0000983240	0.0000000097
10	108726686	110317704	641	40	0.0000432774	0.0000000089
10	110317705	112561492	662	40	-0.0001673547	0.0000000104
10	112561493	115328431	1026	40	0.0000567392	0.0000000112
10	115328432	116421405	495	40	-0.0000076269	0.0000000101
10	116421406	119523933	1002	40	-0.0001439539	0.0000000103
10	119523934	120591352	412	40	0.0000958878	0.0000000082
10	120591353	122407322	683	40	0.0002208163	0.0000000142
10	122407323	123231464	393	40	0.0000941574	0.0000000080
10	123231465	123900544	281	40	0.0001082512	0.0000000089
10	123900545	125869345	860	40	-0.0000097609	0.0000000113
10	125869346	128001097	957	40	0.0001199082	0.0000000176
10	128001098	129154361	529	40	-0.0001293464	0.0000000073
10	129154362	130844283	938	40	0.0000120994	0.0000000085
10	130844284	131741326	416	40	0.0000037408	0.0000000083
10	131741327	132580244	412	40	0.0000185248	0.0000000064
10	132580245	134336328	847	40	-0.0000242381	0.0000000097
10	134336329	134494672	39	6	-0.0000549420	0.0000000011
10	134494673	135523864	282	40	0.0000237714	0.0000000066
11	70855	1213589	256	40	0.0000638092	0.0000000073
11	1213590	3665480	800	40	0.0002812501	0.0000000152
11	3665481	4746708	425	40	-0.0000640876	0.0000000100
11	4746709	6322868	985	40	-0.0000815905	0.0000000101
11	6322869	7436700	547	40	0.0000143684	0.0000000076
11	7436701	8333273	493	40	-0.0000972377	0.0000000107
11	8333274	9087316	274	30	0.0000312994	0.0000000069
11	9087317	10952026	640	40	0.0001436632	0.0000000112
11	10952027	12564228	1101	40	0.0000353682	0.0000000091
11	12564229	13373123	400	40	0.0001052440	0.0000000166
11	13373124	15742551	770	40	0.0001518594	0.0000000164
11	15742552	17578401	598	40	0.0000963164	0.0000000143
11	17578402	19569534	783	40	-0.0001927206	0.0000000118
11	19569535	21017137	787	40	-0.0000018168	0.0000000102
11	21017138	22374141	549	40	0.0000129946	0.0000000105
11	22374142	24088516	589	40	-0.0000309901	0.0000000085
11	24088517	26045752	655	40	-0.0000504447	0.0000000086
11	26045753	27020460	356	40	-0.0000508658	0.0000000054
11	27020461	28481592	405	40	-0.0000227970	0.0000000103
11	28481593	30141356	411	40	0.0000961819	0.0000000076
11	30141357	32276900	628	40	0.0000917136	0.0000000143
11	32276901	33958738	557	40	-0.0000883942	0.0000000089
11	33958739	35502604	816	40	0.0000868633	0.0000000111
11	35502605	37116814	740	40	-0.0000094112	0.0000000103
11	37116815	39382002	418	40	-0.0000481505	0.0000000059
11	39382003	42310002	915	40	-0.0000249831	0.0000000079
11	42310003	44693798	961	40	0.0000803049	0.0000000100
11	44693799	47006136	708	40	-0.0000249199	0.0000000113
11	47006137	49866049	477	25	-0.0000440258	0.0000000163
11	49866050	54695472	131	7	-0.0000379727	0.0000000039
11	54695473	55082656	6	3	-0.0000003869	0.0000000013
11	55082657	58457494	1056	40	-0.0002329365	0.0000000176
11	58457495	58780548	67	6	-0.0000017502	0.0000000008
11	58780549	62223770	988	40	-0.0000956861	0.0000000095
11	62223771	63804568	303	37	-0.0001063354	0.0000000074
11	63804569	65898630	492	40	-0.0001501753	0.0000000199
11	65898631	68005824	316	35	0.0001498105	0.0000000171
11	68005825	69516129	460	40	-0.0000226345	0.0000000192
11	69516130	70926291	466	40	0.0000145653	0.0000000136
11	70926292	72286016	305	35	0.0001466915	0.0000000054
11	72286017	74412350	597	40	0.0000492426	0.0000000118
11	74412351	76797208	761	40	0.0000587071	0.0000000175
11	76797209	78355057	416	36	0.0000263793	0.0000000064
11	78355058	80722372	1058	40	-0.0001503735	0.0000000097
11	80722373	81266711	259	38	0.0001025997	0.0000000037
11	81266712	84381271	1163	40	0.0000463921	0.0000000100
11	84381272	86619300	771	40	0.0000220737	0.0000000113
11	86619301	87430234	309	36	-0.0000496096	0.0000000060
11	87430235	89208935	566	40	0.0000275865	0.0000000087
11	89208936	90966489	379	35	-0.0001078770	0.0000000072
11	90966490	92077143	345	38	-0.0000473315	0.0000000057
11	92077144	93276156	396	40	0.0000399904	0.0000000063
11	93276157	94242259	269	26	0.0000072120	0.0000000026
11	94242260	95726040	591	40	-0.0000183365	0.0000000094
11	95726041	97057057	500	40	0.0000468764	0.0000000082
11	97057058	98705064	555	40	0.0000525104	0.0000000082
11	98705065	100417168	761	40	0.0000507712	0.0000000094
11	100417169	101331120	404	40	0.0000286412	0.0000000052
11	101331121	103959635	1080	40	0.0000075053	0.0000000096
11	103959636	104873283	283	23	0.0000746864	0.0000000040
11	104873284	106520893	467	40	0.0000245143	0.0000000078
11	106520894	107844199	466	40	-0.0000038787	0.0000000068
11	107844200	108437036	135	11	-0.0000580970	0.0000000019
11	108437037	109866115	343	40	-0.0000733718	0.0000000056
11	109866116	111114396	488	40	-0.0000697409	0.0000000088
11	111114397	112459487	381	38	0.0000138252	0.0000000054
11	112459488	114257727	786	40	-0.0000513355	0.0000000108
11	114257728	114830665	228	27	-0.0000453676	0.0000000046
11	114830666	116383347	653	40	-0.0001218588	0.0000000112
11	116383348	117747109	599	40	0.0000827693	0.0000000105
11	117747110	119215475	516	40	0.0000436274	0.0000000151
11	119215476	120766805	626	40	0.0000400499	0.0000000132
11	120766806	121175942	198	23	-0.0000609920	0.0000000046
11	121175943	122591909	465	40	-0.0000730198	0.0000000116
11	122591910	123500116	418	40	0.0001007732	0.0000000106
11	123500117	124495527	479	40	-0.0000171882	0.0000000057
11	124495528	126311319	797	40	0.0000798175	0.0000000140
11	126311320	127316678	560	40	0.0000007536	0.0000000073
11	127316679	128188536	307	40	0.0001288310	0.0000000059
11	128188537	130342574	853	40	-0.0000438739	0.0000000129
11	130342575	131074611	366	40	0.0000886400	0.0000000060
11	131074612	133000045	1095	40	0.0001277629	0.0000000089
11	133000046	134205992	547	40	-0.0000854436	0.0000000084
11	134205993	134946451	400	40	0.0000384051	0.0000000096
12	61107	1080330	312	40	0.0000264443	0.0000000120
12	1080331	2544785	488	40	-0.0000258258	0.0000000108
12	2544786	3677036	508	40	0.0000657100	0.0000000085
12	3677037	4417678	388	40	-0.0001234846	0.0000000112
12	4417679	5321471	501	40	-0.0000005356	0.0000000083
12	5321472	6419752	552	40	-0.0001463569	0.0000000093
12	6419753	8377535	525	40	0.0000072609	0.0000000096
12	8377536	9031394	130	23	0.0000060432	0.0000000050
12	9031395	10481533	533	40	-0.0000619343	0.0000000086
12	10481534	11754845	336	40	0.0000187734	0.0000000080
12	11754846	12733527	441	40	-0.0000035768	0.0000000150
12	12733528	15241483	1022	40	-0.0001717407	0.0000000117
12	15241484	16310459	254	36	-0.0001073931	0.0000000064
12	16310460	18087872	557	40	-0.0000543297	0.0000000083
12	18087873	20863942	931	40	-0.0001630376	0.0000000200
12	20863943	23820633	1099	40	-0.0000586294	0.0000000135
12	23820634	25371082	713	40	0.0001818165	0.0000000156
12	25371083	27799772	1020	40	0.0001436593	0.0000000105
12	27799773	29651254	694	40	0.0000007613	0.0000000332
12	29651255	30512405	461	40	0.0000545632	0.0000000074
12	30512406	32165591	630	40	-0.0000703331	0.0000000102
12	32165592	33076988	378	40	-0.0002096181	0.0000000079
12	33076989	37856716	355	24	0.0000025027	0.0000000051
12	37856717	39227168	135	7	0.0000517699	0.0000000018
12	39227169	40816184	498	40	0.0000088368	0.0000000087
12	40816185	41658585	352	36	0.0001659882	0.0000000085
12	41658586	43984473	897	40	-0.0001339033	0.0000000108
12	43984474	46024228	475	40	-0.0001159320	0.0000000057
12	46024229	47714792	465	40	-0.0002698010	0.0000000159
12	47714793	49001865	541	40	-0.0000341596	0.0000000111
12	49001866	51776493	630	40	-0.0000950098	0.0000000134
12	51776494	53039003	634	40	-0.0001632109	0.0000000088
12	53039004	54778822	587	40	0.0000497410	0.0000000118
12	54778823	55665836	273	36	-0.0001482470	0.0000000052
12	55665837	57548859	422	40	0.0000450128	0.0000000180
12	57548860	59308665	464	40	0.0002820255	0.0000000132
12	59308666	61123728	451	40	-0.0001921189	0.0000000098
12	61123729	64032460	945	40	0.0000931879	0.0000000112
12	64032461	65559694	377	40	-0.0000372739	0.0000000077
12	65559695	67181143	514	40	-0.0000583572	0.0000000445
12	67181144	67909728	322	40	-0.0001384012	0.0000000067
12	67909729	69826541	813	40	0.0000138800	0.0000000130
12	69826542	70957986	496	40	0.0001183161	0.0000000150
12	70957987	72645074	566	40	0.0000645548	0.0000000096
12	72645075	73818453	302	30	-0.0000082085	0.0000000054
12	73818454	76511313	764	40	-0.0000435495	0.0000000107
12	76511314	78570569	755	40	-0.0000085136	0.0000000130
12	78570570	80448149	405	40	0.0002105941	0.0000000055
12	80448150	81467766	307	35	0.0000450646	0.0000000035
12	81467767	83502665	560	40	0.0000238809	0.0000000072
12	83502666	84303843	230	27	-0.0001209638	0.0000000041
12	84303844	85990425	392	34	0.0000394683	0.0000000060
12	85990426	89682121	750	40	0.0001674560	0.0000000094
12	89682122	92066154	643	40	-0.0000065450	0.0000000094
12	92066155	94514566	906	40	0.0001490547	0.0000000315
12	94514567	96020784	693	40	0.0000273509	0.0000000109
12	96020785	97108838	454	40	0.0000212829	0.0000000084
12	97108839	99305986	927	40	-0.0000113181	0.0000000113
12	99305987	101447640	654	40	0.0000854255	0.0000000089
12	101447641	101862689	148	16	0.0001227285	0.0000000038
12	101862690	102964985	334	40	-0.0001215980	0.0000000204
12	102964986	104848695	763	40	0.0001182504	0.0000000168
12	104848696	106436212	846	40	-0.0001732853	0.0000000103
12	106436213	106958747	233	34	-0.0000864792	0.0000000055
12	106958748	109025900	741	40	0.0000169720	0.0000000130
12	109025901	110336718	399	40	0.0000155173	0.0000000073
12	110336719	113263517	463	40	0.0000424791	0.0000000055
12	113263518	113986708	218	29	0.0001103627	0.0000000053
12	113986709	115036601	539	40	-0.0001063778	0.0000000103
12	115036602	115503215	194	36	0.0000811812	0.0000000056
12	115503216	117087470	747	40	-0.0001159949	0.0000000128
12	117087471	118135374	462	40	-0.0001860619	0.0000000101
12	118135375	119754109	687	40	-0.0000119560	0.0000000096
12	119754110	122007650	675	40	0.0000497874	0.0000000144
12	122007651	124977979	695	40	0.0001531335	0.0000000331
12	124977980	126445504	625	40	-0.0001426377	0.0000000110
12	126445505	127875097	641	40	-0.0000307831	0.0000000080
12	127875098	129237296	702	40	-0.0000599219	0.0000000101
12	129237297	130377920	683	40	-0.0000294535	0.0000000079
12	130377921	131786750	736	40	-0.0001054870	0.0000000103
12	131786751	132807033	289	40	-0.0001272299	0.0000000061
12	132807034	133841510	170	25	0.0000523151	0.0000000063
13	19020013	20686719	292	36	0.0000385872	0.0000000061
13	20686720	22242173	584	40	-0.0000327019	0.0000000116
13	22242174	23594701	670	40	-0.0000195661	0.0000000103
13	23594702	24531936	508	40	-0.0000380293	0.0000000082
13	24531937	25784361	644	40	-0.0000711267	0.0000000090
13	25784362	27284361	544	40	0.0000355651	0.0000000070
13	27284362	29257550	855	40	0.0000866205	0.0000000125
13	29257551	30483266	502	40	-0.0000337661	0.0000000099
13	30483267	32301814	772	40	-0.0000707621	0.0000000089
13	32301815	33776902	582	40	0.0000502398	0.0000000151
13	33776903	35026463	455	40	0.0001288099	0.0000000076
13	35026464	36046366	221	30	0.0001305367	0.0000000074
13	36046367	37498184	647	40	-0.0000233153	0.0000000098
13	37498185	38878162	544	40	-0.0001224731	0.0000000089
13	38878163	41069262	870	40	-0.0001605700	0.0000000127
13	41069263	43101026	629	40	0.0000255466	0.0000000097
13	43101027	44901408	804	40	-0.0000730771	0.0000000088
13	44901409	46495213	530	40	0.0001232643	0.0000000087
13	46495214	47431078	363	40	-0.0000766906	0.0000000093
13	47431079	49383961	615	40	0.0000882477	0.0000000100
13	49383962	51591090	743	40	-0.0001494579	0.0000000450
13	51591091	53339621	449	40	0.0000690933	0.0000000085
13	53339622	54682863	522	40	0.0000147224	0.0000000089
13	54682864	55817130	319	36	0.0000630930	0.0000000051
13	55817131	57554216	297	22	0.0000766576	0.0000000035
13	57554217	58410625	205	21	-0.0000879073	0.0000000041
13	58410626	59302270	216	22	-0.0001246875	0.0000000046
13	59302271	60854777	554	40	0.0000730276	0.0000000073
13	60854778	61591948	284	35	-0.0000278657	0.0000000044
13	61591949	63971558	635	40	-0.0000572607	0.0000000085
13	63971559	65200601	301	31	0.0000059331	0.0000000049
13	65200602	67844452	782	40	-0.0000257435	0.0000000095
13	67844453	70724515	886	40	0.0000367603	0.0000000085
13	70724516	71526790	317	40	0.0000651912	0.0000000073
13	71526791	73934088	845	40	-0.0000671798	0.0000000119
13	73934089	75670142	736	40	0.0001681309	0.0000000110
13	75670143	77410554	783	40	0.0000612407	0.0000000093
13	77410555	78808812	436	40	0.0000326089	0.0000000073
13	78808813	80585675	575	40	-0.0000461673	0.0000000087
13	80585676	82581813	607	40	0.0002918893	0.0000000125
13	82581814	84133143	392	35	-0.0000274320	0.0000000046
13	84133144	85610915	411	40	0.0000162874	0.0000000055
13	85610916	88559881	756	40	-0.0000683085	0.0000000081
13	88559882	90521310	466	40	0.0000818469	0.0000000061
13	90521311	93129690	859	40	-0.0000130963	0.0000000131
13	93129691	93586454	121	16	-0.0000240501	0.0000000019
13	93586455	96087557	1201	40	0.0000011193	0.0000000095
13	96087558	97519209	357	38	-0.0002107305	0.0000000078
13	97519210	98938918	436	40	-0.0000852521	0.0000000104
13	98938919	100574094	791	40	-0.0000883843	0.0000000119
13	100574095	102300522	769	40	-0.0000429146	0.0000000104
13	102300523	104066709	931	40	0.0000001683	0.0000000108
13	104066710	104844113	309	40	-0.0000052524	0.0000000044
13	104844114	106247553	623	40	0.0000182060	0.0000000093
13	106247554	106749999	273	40	0.0000008372	0.0000000047
13	106750000	108189876	609	40	-0.0000429169	0.0000000086
13	108189877	109121209	440	40	0.0000534203	0.0000000065
13	109121210	109815111	328	40	-0.0001185064	0.0000000057
13	109815112	111232072	756	40	0.0000641501	0.0000000098
13	111232073	112247591	461	40	0.0000490472	0.0000000087
13	112247592	113572487	462	40	-0.0000159711	0.0000000077
13	113572488	115109852	409	40	-0.0000017509	0.0000000118
14	19002084	21589401	592	40	0.0000675106	0.0000000111
14	21589402	23018664	712	40	-0.0000355662	0.0000000122
14	23018665	24905122	708	40	0.0001413041	0.0000000201
14	24905123	26135685	559	40	0.0001804375	0.0000000080
14	26135686	28466532	698	40	0.0000111229	0.0000000079
14	28466533	29972144	380	40	0.0000429245	0.0000000061
14	29972145	32383264	590	40	0.0001190601	0.0000000099
14	32383265	34846250	1264	40	0.0000830864	0.0000000094
14	34846251	35859592	246	30	0.0001255710	0.0000000089
14	35859593	38667724	876	40	-0.0001021206	0.0000000146
14	38667725	40341989	543	40	-0.0000945778	0.0000000093
14	40341990	41615501	347	32	-0.0000018930	0.0000000055
14	41615502	43137388	415	36	-0.0000532618	0.0000000065
14	43137389	44543226	357	40	-0.0000358455	0.0000000052
14	44543227	46081895	379	40	0.0000067251	0.0000000068
14	46081896	46749129	188	16	0.0000304341	0.0000000034
14	46749130	48573585	586	40	0.0000164279	0.0000000080
14	48573586	49005470	112	13	-0.0000040673	0.0000000012
14	49005471	50507759	464	40	0.0000077121	0.0000000068
14	50507760	51493571	368	40	0.0000373846	0.0000000070
14	51493572	53474382	851	40	0.0001668299	0.0000000101
14	53474383	53997830	176	19	0.0001157431	0.0000000046
14	53997831	55233680	449	40	0.0003073075	0.0000000142
14	55233681	56216879	292	27	-0.0001039332	0.0000000103
14	56216880	57481261	666	40	-0.0000438431	0.0000000085
14	57481262	59448335	707	40	0.0000927739	0.0000000116
14	59448336	61680423	609	40	0.0000521192	0.0000000213
14	61680424	63790014	811	40	-0.0001347586	0.0000000121
14	63790015	65220297	351	34	-0.0000626494	0.0000000105
14	65220298	66399554	407	40	-0.0002168621	0.0000000103
14	66399555	67992316	418	33	0.0000125096	0.0000000043
14	67992317	71131956	1239	40	0.0001487576	0.0000000186
14	71131957	72889614	681	40	-0.0000799726	0.0000000098
14	72889615	76444766	1153	40	0.0002406192	0.0000000200
14	76444767	77229471	357	40	-0.0000722198	0.0000000072
14	77229472	78561944	640	40	0.0000859820	0.0000000085
14	78561945	80186578	611	40	0.0001258084	0.0000000107
14	80186579	81579713	510	40	-0.0000369530	0.0000000091
14	81579714	83138096	474	40	-0.0001209503	0.0000000084
14	83138097	84241632	378	40	0.0000595911	0.0000000061
14	84241633	85746318	469	40	-0.0001054873	0.0000000073
14	85746319	86647001	305	36	0.0000026395	0.0000000054
14	86647002	87635340	306	40	0.0000818923	0.0000000057
14	87635341	89497642	607	40	0.0000013066	0.0000000073
14	89497643	91296859	699	40	-0.0000829092	0.0000000111
14	91296860	93132298	675	40	-0.0000165977	0.0000000186
14	93132299	94325284	413	40	-0.0000616434	0.0000000082
14	94325285	95750866	877	40	0.0000972049	0.0000000105
14	95750867	96262414	379	40	0.0000498356	0.0000000081
14	96262415	98341161	849	40	-0.0000285933	0.0000000096
14	98341162	99138531	369	40	-0.0001015555	0.0000000074
14	99138532	101534306	899	40	-0.0001008743	0.0000000095
14	101534307	103012101	436	40	-0.0001191853	0.0000000105
14	103012102	105001722	476	40	-0.0000867193	0.0000000145
14	105001723	106340357	160	29	-0.0000361489	0.0000000039
14	106340358	107289453	39	5	-0.0000320104	0.0000000010
15	20001200	21131603	6	2	-0.0000376907	0.0000000008
15	21131604	24195126	304	40	-0.0000525368	0.0000000070
15	24195127	25108589	194	28	-0.0000013514	0.0000000043
15	25108590	27298111	871	40	0.0000632566	0.0000000092
15	27298112	29338501	474	40	0.0001029911	0.0000000095
15	29338502	30165567	295	40	-0.0000248364	0.0000000044
15	30165568	31591820	299	40	0.0000606995	0.0000000052
15	31591821	32441810	262	37	-0.0000578776	0.0000000051
15	32441811	34015424	732	40	-0.0001166674	0.0000000096
15	34015425	35083250	402	40	0.0001170405	0.0000000085
15	35083251	37456501	934	40	0.0000580185	0.0000000087
15	37456502	38530776	347	40	0.0001114967	0.0000000089
15	38530777	40384131	782	40	-0.0000175024	0.0000000133
15	40384132	41177513	235	28	-0.0000699260	0.0000000055
15	41177514	42776398	430	40	-0.0002175100	0.0000000129
15	42776399	44198048	273	17	-0.0000214283	0.0000000036
15	44198049	46618786	498	40	-0.0001103938	0.0000000064
15	46618787	48136047	585	40	0.0000044985	0.0000000101
15	48136048	50008042	446	40	0.0001329909	0.0000000132
15	50008043	51677559	610	40	-0.0002567376	0.0000000205
15	51677560	53069095	404	39	0.0000920634	0.0000000083
15	53069096	54508527	631	40	-0.0000368689	0.0000000089
15	54508528	55136268	253	32	-0.0000227462	0.0000000036
15	55136269	56901772	535	40	-0.0000986351	0.0000000102
15	56901773	58441365	626	40	0.0000653923	0.0000000100
15	58441366	59694115	515	40	-0.0000120071	0.0000000107
15	59694116	61265835	664	40	0.0000343423	0.0000000117
15	61265836	63215221	914	40	-0.0001373440	0.0000000148
15	63215222	65104667	490	40	0.0000929627	0.0000000088
15	65104668	67094766	618	40	-0.0000754384	0.0000000146
15	67094767	69017998	747	40	0.0000558387	0.0000000149
15	69017999	70133340	298	40	0.0001303570	0.0000000112
15	70133341	71922648	709	40	-0.0000588590	0.0000000147
15	71922649	73628713	368	32	0.0001944757	0.0000000107
15	73628714	76398623	597	40	-0.0000590617	0.0000000304
15	76398624	78516052	528	40	-0.0000278973	0.0000000119
15	78516053	80860977	985	40	-0.0000074451	0.0000000093
15	80860978	84260467	914	40	-0.0002862466	0.0000000167
15	84260468	86652904	772	40	-0.0001941186	0.0000000350
15	86652905	88369942	766	40	0.0000374779	0.0000000096
15	88369943	90475550	724	40	0.0000418393	0.0000000232
15	90475551	92164391	626	40	-0.0000177630	0.0000000136
15	92164392	93780901	819	40	-0.0000233904	0.0000000082
15	93780902	94924329	579	40	0.0000342881	0.0000000140
15	94924330	96141595	586	40	0.0000819566	0.0000000119
15	96141596	98030909	748	40	0.0000528839	0.0000000109
15	98030910	99244058	571	40	-0.0000098675	0.0000000164
15	99244059	100636846	548	40	0.0001957507	0.0000000215
15	100636847	101552693	405	40	0.0000955366	0.0000000209
15	101552694	102520965	437	40	0.0001654305	0.0000000141
16	60054	1207205	296	40	-0.0000956016	0.0000000185
16	1207206	2764828	367	40	-0.0000269897	0.0000000193
16	2764829	4001195	298	40	-0.0000099827	0.0000000121
16	4001196	5118344	377	40	0.0002485808	0.0000000147
16	5118345	5891579	348	40	-0.0000117306	0.0000000072
16	5891580	6893550	702	40	0.0001494386	0.0000000092
16	6893551	7529120	482	40	-0.0000366559	0.0000000091
16	7529121	8338518	537	40	-0.0000317115	0.0000000085
16	8338519	9799418	711	40	0.0000500299	0.0000000131
16	9799419	10426031	370	39	0.0000021925	0.0000000067
16	10426032	11520160	444	40	-0.0001887369	0.0000000109
16	11520161	12613097	399	40	0.0000654677	0.0000000092
16	12613098	13154436	309	40	-0.0000941825	0.0000000074
16	13154437	14464001	559	40	-0.0000674537	0.0000000134
16	14464002	16154059	314	40	-0.0001700888	0.0000000098
16	16154060	17644748	396	40	0.0000243976	0.0000000078
16	17644749	18643606	176	28	0.0000206151	0.0000000039
16	18643607	20150570	423	40	-0.0000925583	0.0000000104
16	20150571	22448903	437	40	0.0001180424	0.0000000085
16	22448904	24136874	516	40	-0.0000907667	0.0000000090
16	24136875	25986861	750	40	-0.0000008519	0.0000000118
16	25986862	27445754	652	40	0.0000220533	0.0000000083
16	27445755	29036612	337	40	-0.0001116961	0.0000000063
16	29036613	31382942	268	33	-0.0000129292	0.0000000090
16	31382943	46399472	122	16	-0.0001158606	0.0000000025
16	46399473	49007925	299	33	0.0000342862	0.0000000041
16	49007926	52035822	1085	40	-0.0001420730	0.0000000127
16	52035823	53382571	454	40	0.0001125126	0.0000000078
16	53382572	55903773	1188	40	0.0000518494	0.0000000111
16	55903774	57664329	633	40	0.0000174307	0.0000000083
16	57664330	59045404	508	40	0.0000766584	0.0000000093
16	59045405	60745693	500	40	-0.0000286336	0.0000000077
16	60745694	62229848	362	40	0.0000340525	0.0000000077
16	62229849	63691588	441	40	0.0000368702	0.0000000070
16	63691589	65938565	808	40	0.0002383038	0.0000000109
16	65938566	68841362	676	40	0.0000344073	0.0000000124
16	68841363	71054027	387	40	0.0000260546	0.0000000148
16	71054028	72935149	453	38	0.0001579246	0.0000000097
16	72935150	74971502	790	40	-0.0000230107	0.0000000107
16	74971503	75977953	227	30	-0.0002201000	0.0000000088
16	75977954	77523677	681	40	0.0000494372	0.0000000082
16	77523678	78456291	646	40	0.0000722526	0.0000000115
16	78456292	79134814	567	40	0.0000383804	0.0000000096
16	79134815	80297373	784	40	-0.0000984355	0.0000000123
16	80297374	81772535	789	40	0.0000831672	0.0000000121
16	81772536	82747727	586	40	0.0001637098	0.0000000120
16	82747728	83477207	605	40	-0.0000195371	0.0000000086
16	83477208	84445882	719	40	0.0000873372	0.0000000114
16	84445883	85148684	464	40	0.0001076711	0.0000000144
16	85148685	86156598	480	40	-0.0000759556	0.0000000095
16	86156599	86815410	533	40	-0.0000582363	0.0000000144
16	86815411	87647348	365	40	0.0000206918	0.0000000104
16	87647349	89041164	360	40	-0.0001844748	0.0000000143
16	89041165	90292811	313	34	-0.0001879140	0.0000000140
17	56	1172398	315	40	0.0000252100	0.0000000121
17	1172399	1928730	255	40	0.0000110769	0.0000000078
17	1928731	3702311	646	40	0.0000117174	0.0000000102
17	3702312	4696260	362	40	0.0000558493	0.0000000074
17	4696261	5741333	390	40	0.0000629575	0.0000000074
17	5741334	7317397	629	40	0.0000968542	0.0000000105
17	7317398	8306424	317	40	0.0002186542	0.0000000243
17	8306425	9965920	659	40	0.0000147416	0.0000000114
17	9965921	11102814	477	40	-0.0000510714	0.0000000085
17	11102815	12534768	560	40	-0.0000396954	0.0000000103
17	12534769	13180371	299	40	-0.0000551667	0.0000000056
17	13180372	13894636	372	40	0.0000691354	0.0000000070
17	13894637	15019096	606	40	0.0001059460	0.0000000100
17	15019097	16412341	321	40	-0.0000267818	0.0000000056
17	16412342	18856319	566	40	-0.0002580956	0.0000000118
17	18856320	21290356	388	40	-0.0000603513	0.0000000101
17	21290357	27334243	510	40	-0.0000480908	0.0000000116
17	27334244	29786490	501	39	0.0000810027	0.0000000255
17	29786491	31538424	547	40	-0.0001044532	0.0000000145
17	31538425	32912797	831	40	0.0000104512	0.0000000090
17	32912798	34469035	522	40	0.0000739004	0.0000000063
17	34469036	36809343	516	40	-0.0000833637	0.0000000098
17	36809344	38877403	447	40	0.0000439251	0.0000000204
17	38877404	39899809	324	34	-0.0001541524	0.0000000050
17	39899810	41772086	378	39	0.0000049022	0.0000000115
17	41772087	43056904	341	38	-0.0000167484	0.0000000147
17	43056905	45876021	601	40	-0.0001661959	0.0000000245
17	45876022	47517399	536	40	-0.0000895397	0.0000000250
17	47517400	49898956	776	40	0.0000581084	0.0000000130
17	49898957	50719054	285	27	-0.0000276122	0.0000000044
17	50719055	51826117	308	34	0.0000953813	0.0000000045
17	51826118	53599431	615	40	0.0000579712	0.0000000079
17	53599432	55357540	613	40	0.0001489976	0.0000000259
17	55357541	57487511	688	40	0.0000457023	0.0000000111
17	57487512	59312754	246	23	-0.0000762923	0.0000000034
17	59312755	61545588	446	40	-0.0003797996	0.0000000321
17	61545589	63148127	306	37	0.0000247373	0.0000000273
17	63148128	64800429	634	40	-0.0001082286	0.0000000134
17	64800430	67858769	948	40	-0.0001023298	0.0000000154
17	67858770	69387816	648	40	-0.0000677871	0.0000000176
17	69387817	72672202	1437	40	0.0000559243	0.0000000126
17	72672203	74375559	410	40	0.0001944762	0.0000000118
17	74375560	76263412	741	40	-0.0001827502	0.0000000100
17	76263413	77298635	473	40	0.0002236972	0.0000000145
17	77298636	78837587	550	40	0.0001021307	0.0000000104
17	78837588	80034407	239	40	-0.0000581334	0.0000000113
17	80034408	81194907	308	35	-0.0000057635	0.0000000107
18	10644	912485	408	40	-0.0002580589	0.0000000101
18	912486	1942910	366	40	0.0000323298	0.0000000055
18	1942911	3891657	775	40	0.0000300521	0.0000000115
18	3891658	5834179	791	40	0.0000279793	0.0000000103
18	5834180	7090484	579	40	0.0000299576	0.0000000097
18	7090485	8498930	584	40	-0.0000175403	0.0000000090
18	8498931	11075912	1273	40	-0.0000142782	0.0000000079
18	11075913	11905439	261	40	-0.0000286366	0.0000000058
18	11905440	14440798	750	40	0.0000043637	0.0000000125
18	14440799	19485843	159	17	0.0000000680	0.0000000063
18	19485844	20649471	301	36	0.0000395429	0.0000000066
18	20649472	22996650	827	40	0.0000355148	0.0000000247
18	22996651	24026190	313	35	-0.0000396359	0.0000000075
18	24026191	25927681	785	40	0.0000243233	0.0000000095
18	25927682	26875586	246	26	-0.0000399644	0.0000000038
18	26875587	27866477	269	27	0.0000986708	0.0000000040
18	27866478	30264065	885	40	0.0000486660	0.0000000086
18	30264066	31780066	345	36	0.0000077947	0.0000000057
18	31780067	33861963	614	40	-0.0000721983	0.0000000095
18	33861964	35075249	483	40	0.0001170566	0.0000000093
18	35075250	36365489	493	40	0.0000259945	0.0000000068
18	36365490	37684366	352	34	0.0000477321	0.0000000063
18	37684367	39892647	774	40	0.0000941645	0.0000000071
18	39892648	42922105	930	40	0.0000855904	0.0000000111
18	42922106	44299245	693	40	-0.0001321295	0.0000000094
18	44299246	45939731	598	40	-0.0001576520	0.0000000116
18	45939732	47730583	786	40	-0.0001803653	0.0000000286
18	47730584	51062184	1188	40	0.0000036426	0.0000000102
18	51062185	51554174	174	15	0.0000023765	0.0000000032
18	51554175	55213837	1118	40	0.0002082962	0.0000000110
18	55213838	56530219	614	40	-0.0000030560	0.0000000086
18	56530220	57630482	585	40	-0.0000527595	0.0000000134
18	57630483	59020750	436	40	0.0002359177	0.0000000109
18	59020751	60277714	544	40	-0.0000525140	0.0000000068
18	60277715	61820251	579	40	0.0000438537	0.0000000083
18	61820252	63463401	522	40	-0.0000090418	0.0000000067
18	63463402	64252800	242	22	-0.0000549792	0.0000000038
18	64252801	66125816	732	40	0.0000058728	0.0000000087
18	66125817	67175819	329	40	-0.0000091378	0.0000000066
18	67175820	68621178	465	40	-0.0001085859	0.0000000069
18	68621179	69621617	383	40	-0.0000963111	0.0000000064
18	69621618	71038473	564	40	-0.0000584543	0.0000000072
18	71038474	71971461	496	40	-0.0000568407	0.0000000083
18	71971462	73526986	665	40	0.0000088439	0.0000000089
18	73526987	74813814	596	40	0.0000646955	0.0000000089
18	74813815	75976316	592	40	0.0001073775	0.0000000103
18	75976317	77149990	411	40	0.0000865809	0.0000000079
18	77149991	78017157	267	39	-0.0001531938	0.0000000112
19	80840	610728	99	24	-0.0000108914	0.0000000024
19	610729	2098395	295	40	0.0000844555	0.0000000077
19	2098396	3019659	238	40	0.0000241351	0.0000000157
19	3019660	4348966	319	40	-0.0001883644	0.0000000196
19	4348967	5811851	408	40	0.0000350486	0.0000000116
19	5811852	6684884	212	40	-0.0000326172	0.0000000068
19	6684885	8347512	530	40	0.0001613438	0.0000000145
19	8347513	9238392	263	40	-0.0002052228	0.0000000131
19	9238393	11284027	499	40	0.0000297510	0.0000000177
19	11284028	13471126	419	40	-0.0000042317	0.0000000099
19	13471127	14486346	206	40	-0.0001499850	0.0000000062
19	14486347	15648609	373	40	0.0000401497	0.0000000077
19	15648610	16374415	364	40	0.0000348243	0.0000000073
19	16374416	18409861	563	40	0.0002245206	0.0000000202
19	18409862	19877470	329	40	-0.0001345983	0.0000000142
19	19877471	20905756	132	20	-0.0000955025	0.0000000030
19	20905757	22732895	311	37	-0.0001493038	0.0000000072
19	22732896	23467745	127	13	-0.0000666517	0.0000000032
19	23467746	28557892	277	27	0.0000218357	0.0000000041
19	28557893	29790946	467	40	0.0000375232	0.0000000078
19	29790947	30727953	332	40	0.0001748225	0.0000000080
19	30727954	32746519	647	40	0.0000843811	0.0000000126
19	32746520	34262951	514	40	-0.0001903823	0.0000000088
19	34262952	36469294	664	40	0.0001680055	0.0000000116
19	36469295	37527032	233	20	-0.0000319283	0.0000000045
19	37527033	40170618	639	40	-0.0000518305	0.0000000141
19	40170619	40984600	187	25	-0.0001583508	0.0000000046
19	40984601	42131572	303	40	0.0001854847	0.0000000137
19	42131573	43862454	168	22	0.0000200230	0.0000000069
19	43862455	44744107	300	40	0.0000446034	0.0000000092
19	44744108	46102696	363	40	-0.0000745359	0.0000000093
19	46102697	47150081	292	40	0.0000827635	0.0000000074
19	47150082	49282226	600	40	-0.0000491005	0.0000000121
19	49282227	51532566	641	40	-0.0000776892	0.0000000117
19	51532567	52985289	644	40	0.0000456815	0.0000000104
19	52985290	54602361	510	40	-0.0001068660	0.0000000094
19	54602362	55728079	363	40	-0.0000947673	0.0000000071
19	55728080	57521334	683	40	-0.0000394678	0.0000000102
19	57521335	59118838	544	40	-0.0000806577	0.0000000108
20	60479	697599	271	40	0.0000764897	0.0000000084
20	697600	2469500	1017	40	0.0000874680	0.0000000100
20	2469501	3828412	500	40	-0.0000101405	0.0000000122
20	3828413	5477849	810	40	-0.0000373073	0.0000000122
20	5477850	7084072	744	40	0.0001975497	0.0000000308
20	7084073	8117010	409	40	-0.0000253906	0.0000000081
20	8117011	9730920	778	40	-0.0001353918	0.0000000091
20	9730921	11249535	739	40	-0.0000913861	0.0000000119
20	11249536	12447498	500	40	-0.0001181407	0.0000000084
20	12447499	13689863	552	40	0.0000155264	0.0000000082
20	13689864	15958358	990	40	0.0001510330	0.0000000091
20	15958359	17487231	946	40	0.0001006747	0.0000000080
20	17487232	18972202	618	40	-0.0001080445	0.0000000125
20	18972203	20959709	891	40	0.0001296463	0.0000000137
20	20959710	22491455	407	39	0.0001272595	0.0000000113
20	22491456	23293789	360	40	0.0000952825	0.0000000048
20	23293790	24717723	530	40	0.0001497081	0.0000000074
20	24717724	25344230	222	22	0.0000964717	0.0000000047
20	25344231	31614822	597	40	0.0002355209	0.0000000117
20	31614823	32813440	293	29	-0.0001884482	0.0000000234
20	32813441	34960445	462	32	-0.0004968012	0.0000000566
20	34960446	36909529	492	40	0.0000396666	0.0000000144
20	36909530	38436760	513	40	0.0000299813	0.0000000094
20	38436761	39610855	469	40	0.0001830765	0.0000000146
20	39610856	40585688	290	33	0.0000713734	0.0000000065
20	40585689	41615459	583	40	-0.0000496293	0.0000000087
20	41615460	42680175	397	40	-0.0000446085	0.0000000088
20	42680176	44839055	786	40	0.0000394477	0.0000000133
20	44839056	47199979	1035	40	-0.0000893009	0.0000000104
20	47199980	49239657	763	40	-0.0003319157	0.0000000269
20	49239658	52472548	1353	40	0.0001419694	0.0000000102
20	52472549	54055265	619	40	0.0000500107	0.0000000091
20	54055266	56447958	1148	40	0.0000887189	0.0000000131
20	56447959	58406571	889	40	-0.0001420868	0.0000000126
20	58406572	59561723	545	40	0.0000617009	0.0000000073
20	59561724	61301854	764	40	-0.0001363728	0.0000000125
20	61301855	62190179	297	40	0.0001341374	0.0000000087
20	62190180	62965162	235	37	0.0001175601	0.0000000080
21	9411243	15950981	285	40	0.0000098245	0.0000000056
21	15950982	18053164	663	40	0.0000096644	0.0000000094
21	18053165	19480374	441	40	0.0000029596	0.0000000087
21	19480375	20962338	611	40	0.0000772625	0.0000000081
21	20962339	22072763	358	40	0.0000455491	0.0000000067
21	22072764	23362874	528	40	-0.0000296581	0.0000000078
21	23362875	24696230	354	40	-0.0001077099	0.0000000047
21	24696231	26469121	654	40	-0.0000770588	0.0000000104
21	26469122	27271018	222	25	0.0001279683	0.0000000054
21	27271019	29125225	876	40	0.0000694291	0.0000000119
21	29125226	31197024	692	40	-0.0001240135	0.0000000109
21	31197025	32668641	456	40	-0.0000706814	0.0000000065
21	32668642	34376998	664	40	-0.0000481752	0.0000000121
21	34376999	35225464	290	40	0.0000229005	0.0000000059
21	35225465	36524372	569	40	0.0000066660	0.0000000151
21	36524373	37870778	539	40	0.0000232955	0.0000000093
21	37870779	38711703	314	39	0.0000821802	0.0000000080
21	38711704	40482901	842	40	-0.0001925729	0.0000000157
21	40482902	41389526	500	40	-0.0000836461	0.0000000091
21	41389527	43321527	1015	40	0.0001181461	0.0000000091
21	43321528	44506267	693	40	-0.0000496393	0.0000000111
21	44506268	46177104	575	40	-0.0000684738	0.0000000099
21	46177105	47492225	505	40	-0.0000229448	0.0000000109
21	47492226	48119751	241	26	0.0000852806	0.0000000060
22	16050408	17674294	216	38	0.0000262728	0.0000000059
22	17674295	18296087	261	40	-0.0000771625	0.0000000069
22	18296088	19912357	539	40	0.0000826311	0.0000000088
22	19912358	22357324	601	40	0.0001631426	0.0000000126
22	22357325	23712646	336	40	-0.0000497260	0.0000000064
22	23712647	24984203	362	40	0.0001295086	0.0000000062
22	24984204	26791627	752	40	-0.0000044992	0.0000000093
22	26791628	27834751	744	40	-0.0000457523	0.0000000092
22	27834752	29651798	578	40	-0.0000396267	0.0000000098
22	29651799	31439917	552	40	0.0000894694	0.0000000120
22	31439918	32664985	357	33	-0.0000792027	0.0000000057
22	32664986	34494913	930	40	-0.0002044119	0.0000000153
22	34494914	35530984	496	40	0.0000189413	0.0000000055
22	35530985	37570268	846	40	-0.0000104153	0.0000000107
22	37570269	39307893	534	40	-0.0002564418	0.0000000143
22	39307894	40545796	336	40	-0.0001087497	0.0000000112
22	40545797	42690817	464	34	0.0001480421	0.0000000093
22	42690818	43714199	407	40	0.0000173271	0.0000000096
22	43714200	44995307	710	40	-0.0000442787	0.0000000094
22	44995308	46470494	625	40	0.0001602195	0.0000000131
22	46470495	47596317	453	40	-0.0000274768	0.0000000107
22	47596318	48903702	742	40	0.0000282881	0.0000000087
22	48903703	49824533	616	40	-0.0000684659	0.0000000080
22	49824534	51243297	395	40	0.0000374231	0.0000000069
