chr	start	end	num_snp	k	local_h2g	var
1	10583	1892606	103	18	0.0000006846	0.000000001751
1	1892607	3582735	430	40	0.0000354036	0.000000008068
1	3582736	4380810	267	40	0.0000761550	0.000000005519
1	4380811	5913892	845	40	0.0000174889	0.000000010332
1	5913893	7247334	420	40	0.0000205612	0.000000007072
1	7247335	9365198	678	40	0.0000239511	0.000000010414
1	9365199	10806983	344	40	0.0000231834	0.000000005411
1	10806984	11777840	250	40	0.0000159628	0.000000004434
1	11777841	12779465	276	40	0.0000243505	0.000000005124
1	12779466	14891510	601	40	0.0000035710	0.000000010155
1	14891511	16897729	657	40	0.0000048501	0.000000010151
1	16897730	18662898	637	40	0.0000814200	0.000000011143
1	18662899	20469148	700	40	-0.0000120965	0.000000009956
1	20469149	21736587	445	40	0.0001315381	0.000000008701
1	21736588	23086882	502	40	0.0000375781	0.000000009047
1	23086883	23920589	219	28	0.0000385427	0.000000003976
1	23920590	25516844	510	40	-0.0000084619	0.000000008503
1	25516845	27401866	402	40	-0.0000026844	0.000000005466
1	27401867	30161880	535	40	0.0000588450	0.000000008346
1	30161881	32438684	890	40	-0.0000152395	0.000000009916
1	32438685	34799757	658	40	0.0000242470	0.000000010397
1	34799758	37549182	544	40	-0.0000128487	0.000000008205
1	37549183	38731846	364	40	0.0000322218	0.000000005989
1	38731847	40200566	436	40	0.0000186666	0.000000007028
1	40200567	41975326	539	40	0.0000630645	0.000000008541
1	41975327	43758456	521	40	0.0001394858	0.000000008944
1	43758457	44969182	359	35	0.0000695411	0.000000005777
1	44969183	46899500	446	38	0.0000052257	0.000000004982
1	46899501	48002575	290	33	0.0000462039	0.000000004656
1	48002576	48978187	331	40	0.0000073015	0.000000005432
1	48978188	49894176	243	28	-0.0000100896	0.000000003782
1	49894177	51713725	254	25	0.0000245925	0.000000003237
1	51713726	54226261	553	40	0.0000176677	0.000000008653
1	54226262	56413116	813	40	0.0000041741	0.000000010163
1	56413117	57021727	260	30	0.0000188082	0.000000003887
1	57021728	58865398	828	40	0.0001099378	0.000000011505
1	58865399	59890408	370	40	0.0000791796	0.000000006322
1	59890409	61922364	656	40	-0.0000524589	0.000000009444
1	61922365	63455088	517	40	0.0000471664	0.000000008723
1	63455089	65041703	636	40	0.0000110442	0.000000008609
1	65041704	66939403	636	40	-0.0000063947	0.000000008874
1	66939404	68477894	670	40	0.0000458913	0.000000009031
1	68477895	69687615	375	40	0.0000200074	0.000000005875
1	69687616	71372469	507	40	0.0000054650	0.000000007305
1	71372470	71684404	82	10	-0.0000036311	0.000000000955
1	71684405	74326906	543	40	0.0000159060	0.000000006751
1	74326907	76728134	714	40	0.0000363347	0.000000008950
1	76728135	79661197	925	40	0.0000207697	0.000000010373
1	79661198	81354190	453	40	0.0000404458	0.000000007143
1	81354191	83991747	945	40	0.0000076396	0.000000010207
1	83991748	84844494	306	35	0.0000313070	0.000000004387
1	84844495	86454750	633	40	-0.0000296130	0.000000008944
1	86454751	88128630	552	40	-0.0000023287	0.000000008075
1	88128631	90066302	509	40	0.0001234781	0.000000009003
1	90066303	91886316	549	40	0.0000057657	0.000000007935
1	91886317	93536458	493	40	-0.0000256555	0.000000006062
1	93536459	94506190	252	26	0.0000534234	0.000000003803
1	94506191	96150892	632	40	0.0000115871	0.000000009608
1	96150893	97885248	588	40	0.0000348438	0.000000007677
1	97885249	99800603	625	40	0.0000539524	0.000000008890
1	99800604	100826404	330	36	-0.0000133114	0.000000004023
1	100826405	102041015	438	40	0.0000184243	0.000000006399
1	102041016	102898744	271	36	0.0000347677	0.000000004210
1	102898745	103914210	198	21	0.0000317551	0.000000002886
1	103914211	106087841	444	40	0.0000498839	0.000000007020
1	106087842	108409664	717	40	0.0000632685	0.000000010913
1	108409665	110303930	556	40	0.0000644180	0.000000008477
1	110303931	111741736	556	40	0.0000967541	0.000000010547
1	111741737	113273305	703	40	-0.0000088321	0.000000009998
1	113273306	114873844	503	40	0.0000136703	0.000000007752
1	114873845	115880592	338	36	0.0000476149	0.000000005097
1	115880593	118839066	827	40	0.0000544821	0.000000010801
1	118839067	144977493	552	40	0.0000580330	0.000000008416
1	144977494	148361252	425	40	-0.0000114908	0.000000006101
1	148361253	151538880	347	34	0.0000239932	0.000000004918
1	151538881	153180828	463	40	0.0000446511	0.000000006389
1	153180829	154770402	445	40	0.0000132985	0.000000006576
1	154770403	156336132	302	38	0.0000108262	0.000000004792
1	156336133	158027411	595	40	-0.0000076585	0.000000008777
1	158027412	159913047	660	40	0.0000195649	0.000000010236
1	159913048	162346720	858	40	0.0000074302	0.000000010204
1	162346721	165191701	1176	40	0.0000381875	0.000000010594
1	165191702	166460516	519	40	0.0000759961	0.000000009392
1	166460517	169086323	1083	40	0.0000193494	0.000000010355
1	169086324	170557775	552	40	0.0000765919	0.000000007762
1	170557776	173097906	874	40	0.0000062686	0.000000010189
1	173097907	175089767	405	32	0.0000377759	0.000000004429
1	175089768	177433380	763	40	0.0000338849	0.000000010479
1	177433381	178944308	475	40	-0.0000212428	0.000000006441
1	178944309	178954469	2	1	-0.0000030559	0.000000000001
1	178954470	181144120	730	40	0.0000208693	0.000000010050
1	181144121	182755355	584	40	0.0001547399	0.000000011202
1	182755356	184595512	610	40	0.0000282441	0.000000008524
1	184595513	186810022	512	40	0.0000260652	0.000000007102
1	186810023	188759944	604	40	0.0000257865	0.000000008432
1	188759945	189904129	211	17	0.0000313010	0.000000002760
1	189904130	191868929	530	40	0.0000930197	0.000000007345
1	191868930	194107441	559	40	0.0001270019	0.000000009270
1	194107442	196176200	561	40	0.0000372610	0.000000007445
1	196176201	197311513	189	16	0.0000389422	0.000000002536
1	197311514	199239883	492	40	0.0000863281	0.000000008148
1	199239884	200137648	296	35	-0.0000261217	0.000000003941
1	200137649	201589974	687	40	0.0001167327	0.000000011591
1	201589975	203334733	599	40	0.0000191332	0.000000009927
1	203334734	204681067	476	40	0.0000338476	0.000000007867
1	204681068	206073264	565	40	0.0000619822	0.000000009640
1	206073265	208410363	608	40	0.0000488024	0.000000010445
1	208410364	210787749	900	40	0.0000370109	0.000000010580
1	210787750	212842329	680	40	0.0000626089	0.000000010904
1	212842330	214578265	603	40	0.0000338790	0.000000010053
1	214578266	216243633	579	40	0.0000938855	0.000000009801
1	216243634	218705512	1062	40	-0.0000028519	0.000000010074
1	218705513	219590570	275	33	0.0000126689	0.000000004111
1	219590571	221858230	676	40	0.0000002688	0.000000009789
1	221858231	222230219	170	21	0.0000727551	0.000000003786
1	222230220	224938519	449	40	-0.0000012991	0.000000006775
1	224938520	226810859	501	40	0.0000185304	0.000000007592
1	226810860	229156247	681	40	-0.0000072070	0.000000009329
1	229156248	230685254	521	40	0.0000566212	0.000000009167
1	230685255	232090251	579	40	0.0001247478	0.000000010537
1	232090252	233429283	593	40	0.0000064625	0.000000010050
1	233429284	234599433	520	40	-0.0000109082	0.000000008513
1	234599434	235819435	377	40	-0.0000325293	0.000000005915
1	235819436	237555627	711	40	0.0000306099	0.000000010498
1	237555628	238567806	420	40	0.0000718588	0.000000007844
1	238567807	239925313	480	40	0.0000306565	0.000000008352
1	239925314	240564090	328	40	0.0000210213	0.000000005666
1	240564091	241582219	511	40	-0.0000095485	0.000000009198
1	241582220	242071601	215	38	0.0000147168	0.000000003956
1	242071602	244109498	608	40	0.0000067941	0.000000009831
1	244109499	245506745	507	40	0.0000485548	0.000000009247
1	245506746	247344517	688	40	0.0001267564	0.000000011719
1	247344518	249239465	379	40	0.0000753689	0.000000007161
2	10133	1781021	662	40	0.0000436715	0.000000010664
2	1781022	3973778	964	40	0.0001024832	0.000000011410
2	3973779	5708336	631	40	0.0000252246	0.000000010430
2	5708337	6836253	566	40	0.0001225024	0.000000010144
2	6836254	8422146	654	40	0.0001059754	0.000000011455
2	8422147	10298468	673	40	0.0000072537	0.000000010202
2	10298469	12419149	972	40	-0.0000096477	0.000000009987
2	12419150	14335307	594	40	-0.0000391633	0.000000008498
2	14335308	16329734	747	40	-0.0000163874	0.000000009902
2	16329735	18647422	860	40	-0.0000052460	0.000000010043
2	18647423	19692403	383	40	0.0000934498	0.000000007310
2	19692404	21050489	637	40	-0.0000031188	0.000000009786
2	21050490	23341382	623	40	0.0001605456	0.000000012147
2	23341383	24686917	441	40	0.0000924999	0.000000007742
2	24686918	26894984	559	40	0.0001104590	0.000000009789
2	26894985	28598776	416	33	0.0000240737	0.000000005886
2	28598777	29217558	247	32	0.0000502118	0.000000004526
2	29217559	30463710	636	40	0.0000497986	0.000000010742
2	30463711	31550449	531	40	-0.0000125940	0.000000009038
2	31550450	33363776	494	40	0.0000339204	0.000000009304
2	33363777	35345027	802	40	0.0000619700	0.000000010896
2	35345028	36122005	290	30	0.0000492286	0.000000005137
2	36122006	38132711	923	40	-0.0000136147	0.000000009937
2	38132712	39031336	326	38	0.0000299950	0.000000006385
2	39031337	40281482	303	32	-0.0000087971	0.000000005187
2	40281483	43309589	1307	40	0.0000302262	0.000000010493
2	43309590	44313802	400	40	0.0000354922	0.000000007403
2	44313803	46482633	1066	40	-0.0000046307	0.000000010051
2	46482634	47318771	416	40	0.0000584481	0.000000008887
2	47318772	48213000	300	40	0.0000737502	0.000000006697
2	48213001	50022256	713	40	0.0000137779	0.000000010285
2	50022257	50818927	345	34	0.0000277730	0.000000006054
2	50818928	52491132	647	40	0.0000152333	0.000000010303
2	52491133	53508451	464	40	0.0000206193	0.000000007881
2	53508452	54685225	433	40	0.0000011141	0.000000007351
2	54685226	56203344	612	40	0.0000526052	0.000000010777
2	56203345	57429099	428	40	0.0000642167	0.000000008151
2	57429100	58297314	272	29	0.0000042488	0.000000004588
2	58297315	60291999	736	40	0.0001036755	0.000000011426
2	60292000	62429043	586	40	0.0001137900	0.000000011473
2	62429044	64625912	583	40	0.0000467057	0.000000010094
2	64625913	65933443	463	40	0.0000685659	0.000000008570
2	65933444	67226165	553	40	-0.0000244960	0.000000008199
2	67226166	68010175	423	40	0.0000312961	0.000000006986
2	68010176	69139563	469	40	-0.0000347394	0.000000006634
2	69139564	70755197	534	40	0.0001361238	0.000000009507
2	70755198	73174847	799	40	-0.0000088859	0.000000009997
2	73174848	75630085	722	40	0.0000425466	0.000000010650
2	75630086	76913660	515	40	0.0000383832	0.000000008875
2	76913661	78079263	395	40	-0.0000138035	0.000000006939
2	78079264	80050402	825	40	0.0000456822	0.000000010690
2	80050403	81620840	578	40	0.0000031187	0.000000009987
2	81620841	85140679	890	40	0.0000669602	0.000000009662
2	85140680	88038506	632	40	0.0000683564	0.000000009397
2	88038507	89154525	243	30	0.0000674725	0.000000004403
2	89154526	95326451	4	2	0.0000044669	0.000000000136
2	95326452	98995200	425	40	0.0000313645	0.000000006462
2	98995201	101822328	904	40	0.0000850090	0.000000011189
2	101822329	102688764	259	30	0.0000665267	0.000000004411
2	102688765	103588214	406	36	0.0000713310	0.000000005458
2	103588215	105125033	303	40	0.0000348894	0.000000005016
2	105125034	106210057	407	40	0.0000554117	0.000000007110
2	106210058	107408266	442	40	0.0000425677	0.000000007129
2	107408267	108429176	355	40	0.0000463096	0.000000005100
2	108429177	110572431	526	40	0.0000159271	0.000000007640
2	110572432	113921855	797	40	0.0000008663	0.000000010121
2	113921856	116772469	757	40	0.0000169613	0.000000010325
2	116772470	118367465	394	37	0.0000131131	0.000000005123
2	118367466	121303782	991	40	0.0000415443	0.000000010637
2	121303783	123302905	581	40	0.0000510615	0.000000009623
2	123302906	124732249	427	40	0.0000102812	0.000000005490
2	124732250	125840920	381	40	0.0000253944	0.000000005923
2	125840921	127373763	409	37	0.0000313815	0.000000005274
2	127373764	128034346	259	40	0.0000127807	0.000000004233
2	128034347	129474440	433	40	-0.0000001293	0.000000006144
2	129474441	130067169	219	26	0.0000766962	0.000000003957
2	130067170	130658084	203	26	0.0000104214	0.000000003198
2	130658085	133042783	211	35	0.0000032431	0.000000003449
2	133042784	135158577	914	40	-0.0000171065	0.000000009893
2	135158578	137042793	440	40	0.0000207723	0.000000005663
2	137042794	138698116	594	40	0.0000016736	0.000000008794
2	138698117	140100270	435	40	0.0000111848	0.000000005219
2	140100271	141805350	569	40	0.0000497770	0.000000009202
2	141805351	142518601	298	33	0.0000014204	0.000000004914
2	142518602	144519483	656	40	0.0000036808	0.000000009508
2	144519484	146445569	440	40	0.0000229952	0.000000006982
2	146445570	147277161	151	15	0.0000274146	0.000000002630
2	147277162	150210291	660	40	0.0000918611	0.000000009816
2	150210292	151731461	473	40	0.0001007855	0.000000008231
2	151731462	152486781	285	29	0.0000423211	0.000000004426
2	152486782	154005055	481	40	0.0000618923	0.000000007919
2	154005056	155391134	486	40	0.0001404190	0.000000009238
2	155391135	157560634	552	40	0.0000973297	0.000000009238
2	157560635	158533217	173	26	0.0000410242	0.000000003666
2	158533218	159577081	330	39	0.0000620564	0.000000005884
2	159577082	161769732	719	40	0.0000173802	0.000000009905
2	161769733	163503550	389	36	0.0000424345	0.000000005273
2	163503551	164466637	194	24	0.0000148746	0.000000003154
2	164466638	165178839	174	21	0.0000701459	0.000000003573
2	165178840	167160269	629	40	0.0000542329	0.000000009501
2	167160270	167355969	73	10	0.0000231434	0.000000001374
2	167355970	169968235	830	40	0.0000728709	0.000000011035
2	169968236	171226244	491	40	0.0000631534	0.000000008117
2	171226245	173138904	572	40	0.0000353874	0.000000009728
2	173138905	175588928	841	40	0.0000050638	0.000000010174
2	175588929	177363635	530	40	0.0000875413	0.000000008790
2	177363636	178553182	471	40	0.0000091989	0.000000006424
2	178553183	181312738	1005	40	0.0000724297	0.000000011029
2	181312739	182266030	297	32	0.0000262895	0.000000004444
2	182266031	184357607	614	40	0.0000311095	0.000000009511
2	184357608	185280172	231	25	-0.0000066067	0.000000003224
2	185280173	189882064	953	40	0.0000397101	0.000000010614
2	189882065	191973356	498	40	-0.0000033281	0.000000006951
2	191973357	195861163	713	40	0.0000633179	0.000000010913
2	195861164	196447455	152	20	0.0000381272	0.000000002746
2	196447456	198078109	451	40	-0.0000058630	0.000000005507
2	198078110	199311124	304	26	0.0000567665	0.000000004247
2	199311125	201576283	627	40	-0.0000112906	0.000000008771
2	201576284	202818636	316	39	0.0000350693	0.000000005179
2	202818637	205799240	743	40	0.0001014368	0.000000011397
2	205799241	206735703	404	40	0.0000171822	0.000000007413
2	206735704	208645398	654	40	0.0000697781	0.000000010995
2	208645399	209941528	333	40	0.0000918963	0.000000006262
2	209941529	212379517	738	40	-0.0000289943	0.000000009742
2	212379518	214014281	627	40	0.0000683671	0.000000010978
2	214014282	215573794	442	40	0.0000815496	0.000000007946
2	215573795	217715660	798	40	0.0000182015	0.000000010341
2	217715661	218395479	276	36	0.0000364896	0.000000005056
2	218395480	220454550	598	40	-0.0000134800	0.000000008177
2	220454551	222521175	850	40	0.0000132410	0.000000010278
2	222521176	224859418	786	40	0.0000154224	0.000000010306
2	224859419	225840003	349	36	0.0000510057	0.000000005160
2	225840004	228119841	733	40	0.0000301224	0.000000009945
2	228119842	229370786	455	40	0.0000846132	0.000000007400
2	229370787	231843388	931	40	0.0000609430	0.000000010883
2	231843389	233550002	467	40	0.0000361336	0.000000007492
2	233550003	235150986	788	40	0.0000342123	0.000000010544
2	235150987	236043549	420	40	-0.0000175853	0.000000007437
2	236043550	237449031	467	40	-0.0000123397	0.000000007423
2	237449032	238760980	533	40	0.0000165783	0.000000008699
2	238760981	239952642	412	40	0.0000161198	0.000000006854
2	239952643	241560083	649	40	-0.0000190886	0.000000009868
2	241560084	242149920	214	30	-0.0000031900	0.000000003287
2	242149921	243188919	129	16	0.0000254038	0.000000002284
3	60157	1441778	620	40	0.0000322859	0.000000010520
3	1441779	2992119	896	40	0.0000190875	0.000000010352
3	2992120	4431646	769	40	0.0000388910	0.000000010603
3	4431647	6083182	768	40	0.0000053466	0.000000010178
3	6083183	7083386	429	40	0.0000990145	0.000000008936
3	7083387	8648560	861	40	0.0000047840	0.000000010171
3	8648561	9543182	489	40	0.0000124495	0.000000008708
3	9543183	11019664	593	40	0.0000315002	0.000000010510
3	11019665	13070798	737	40	0.0001048906	0.000000011441
3	13070799	14816899	793	40	0.0000123017	0.000000010266
3	14816900	16282441	530	40	0.0000173942	0.000000008062
3	16282442	17891117	500	40	0.0000802740	0.000000008496
3	17891118	19125143	343	40	0.0000242995	0.000000005647
3	19125144	20091347	196	25	-0.0000247951	0.000000003114
3	20091348	21643706	637	40	0.0001213162	0.000000011649
3	21643707	22204243	380	40	0.0000051130	0.000000006473
3	22204244	23804864	528	40	0.0000830877	0.000000009766
3	23804865	25461557	745	40	0.0000131359	0.000000010277
3	25461558	26877768	467	40	0.0000202948	0.000000007311
3	26877769	27840909	272	31	0.0000727848	0.000000005315
3	27840910	29142259	447	40	0.0000298001	0.000000007917
3	29142260	30717954	683	40	0.0000687317	0.000000010982
3	30717955	32351714	657	40	0.0001293194	0.000000011751
3	32351715	33255591	276	40	-0.0000162232	0.000000004771
3	33255592	35283457	582	40	0.0000931885	0.000000009469
3	35283458	36486841	408	40	0.0000808137	0.000000007372
3	36486842	38356115	595	40	0.0000782863	0.000000009664
3	38356116	40221297	656	40	0.0000751439	0.000000009908
3	40221298	41064527	151	16	0.0000071464	0.000000002334
3	41064528	42540001	449	40	0.0000451110	0.000000007303
3	42540002	45165152	706	40	0.0000562865	0.000000010378
3	45165153	46657499	516	40	0.0000097456	0.000000007379
3	46657500	47727211	176	17	-0.0000042859	0.000000002349
3	47727212	49316971	255	15	0.0000306392	0.000000002591
3	49316972	51832014	437	25	0.0000636254	0.000000004274
3	51832015	54081389	606	40	0.0001163510	0.000000010066
3	54081390	55348859	662	40	0.0000318779	0.000000010514
3	55348860	56433906	370	40	0.0000016191	0.000000006085
3	56433907	58157518	542	40	0.0000794983	0.000000008648
3	58157519	60272905	974	40	0.0000341103	0.000000010543
3	60272906	62355665	980	40	0.0000487559	0.000000010729
3	62355666	63669285	670	40	0.0001650314	0.000000012204
3	63669286	65273537	756	40	0.0000116614	0.000000010258
3	65273538	66270446	343	40	0.0001301299	0.000000008077
3	66270447	68286913	640	40	-0.0000213086	0.000000009839
3	68286914	69276761	365	40	0.0000475081	0.000000006970
3	69276762	70449027	389	40	0.0000181547	0.000000006981
3	70449028	72529328	790	40	0.0000517056	0.000000010766
3	72529329	74321816	717	40	0.0000828521	0.000000011161
3	74321817	75704948	271	31	0.0000324269	0.000000004562
3	75704949	77508834	482	40	0.0000675312	0.000000008496
3	77508835	79024540	405	40	0.0000112751	0.000000006551
3	79024541	81427309	487	40	0.0001651232	0.000000007794
3	81427310	82643885	294	27	-0.0000181187	0.000000003500
3	82643886	84367478	314	32	0.0000936047	0.000000005558
3	84367479	85582230	253	22	0.0000627547	0.000000004182
3	85582231	87409731	450	40	0.0000761272	0.000000006909
3	87409732	88298372	187	19	0.0000003873	0.000000002308
3	88298373	94255315	460	40	0.0000690359	0.000000007202
3	94255316	95311970	215	18	0.0000504906	0.000000003224
3	95311971	98215949	563	40	0.0001070862	0.000000008472
3	98215950	99373761	328	39	0.0000588190	0.000000005118
3	99373762	100592216	332	28	-0.0000026378	0.000000003977
3	100592217	103084959	660	40	0.0000223246	0.000000008954
3	103084960	104581612	412	40	0.0000068636	0.000000005708
3	104581613	106982810	711	40	0.0000098694	0.000000010235
3	106982811	109522394	762	40	0.0000458054	0.000000010691
3	109522395	110513769	250	25	0.0000405528	0.000000003379
3	110513770	112815698	693	40	0.0000148685	0.000000009711
3	112815699	113947862	377	40	-0.0000075409	0.000000005163
3	113947863	115447079	408	40	0.0000272788	0.000000007258
3	115447080	116800152	520	40	0.0000513989	0.000000008473
3	116800153	118530250	573	40	0.0000693298	0.000000010118
3	118530251	120523054	666	40	0.0000184328	0.000000008622
3	120523055	121974096	388	37	-0.0000008512	0.000000004060
3	121974097	123517767	528	40	0.0000865750	0.000000008657
3	123517768	124936641	624	40	0.0000453515	0.000000009733
3	124936642	126214942	384	40	0.0000274511	0.000000005768
3	126214943	128194860	671	40	0.0000434299	0.000000010215
3	128194861	130244734	436	40	-0.0000441318	0.000000005485
3	130244735	131836515	548	40	0.0000216323	0.000000007469
3	131836516	133252172	515	40	0.0000677385	0.000000007832
3	133252173	135456905	864	40	0.0000439899	0.000000010668
3	135456906	137371082	440	38	0.0000306444	0.000000005949
3	137371083	139954596	844	40	0.0001085925	0.000000011488
3	139954597	141339096	477	40	0.0000394400	0.000000008099
3	141339097	143164627	625	40	0.0000244394	0.000000009913
3	143164628	144410815	388	40	0.0000123465	0.000000005919
3	144410816	145664618	351	40	-0.0000508412	0.000000003930
3	145664619	146726628	336	40	0.0000741330	0.000000005815
3	146726629	149043236	682	40	-0.0000021235	0.000000010083
3	149043237	150252003	425	40	-0.0000086888	0.000000006944
3	150252004	151348729	365	40	0.0000461266	0.000000006448
3	151348730	153256570	565	40	0.0000765927	0.000000009359
3	153256571	154714217	407	40	0.0000118950	0.000000005127
3	154714218	156008699	330	40	0.0000161704	0.000000005363
3	156008700	157312027	451	40	-0.0000019385	0.000000005960
3	157312028	159477889	642	40	0.0000524756	0.000000008447
3	159477890	161524503	567	40	0.0000136358	0.000000006823
3	161524504	163253204	472	40	0.0000404635	0.000000006457
3	163253205	165055468	435	35	0.0000078735	0.000000004714
3	165055469	167117428	451	40	0.0000343312	0.000000006298
3	167117429	168580959	363	40	0.0000673513	0.000000005749
3	168580960	170964908	719	40	-0.0000085179	0.000000010002
3	170964909	172295730	509	40	0.0000157582	0.000000008669
3	172295731	173477284	386	40	-0.0000292053	0.000000006118
3	173477285	175116538	598	40	0.0000251280	0.000000010429
3	175116539	176320286	339	40	0.0000051065	0.000000004941
3	176320287	178107164	533	40	0.0000370233	0.000000008878
3	178107165	179374585	385	40	0.0000460279	0.000000006144
3	179374586	181511165	463	40	0.0000227755	0.000000007221
3	181511166	183769682	664	40	0.0000483287	0.000000010135
3	183769683	185068254	415	40	0.0000250541	0.000000007331
3	185068255	186890343	664	40	0.0000264369	0.000000010445
3	186890344	188856213	805	40	0.0000234770	0.000000010408
3	188856214	190226606	622	40	-0.0000112925	0.000000009967
3	190226607	192343813	745	40	0.0000165231	0.000000010320
3	192343814	194059670	515	40	0.0000077985	0.000000008851
3	194059671	194786673	264	40	0.0000077393	0.000000004732
3	194786674	195971407	226	37	0.0000253086	0.000000004291
3	195971408	197075986	288	40	0.0000206591	0.000000005017
3	197075987	197946621	182	29	0.0000207423	0.000000003329
4	10240	694714	106	13	0.0000062184	0.000000001901
4	694715	1478710	221	25	0.0000095574	0.000000003569
4	1478711	2842978	262	40	0.0000005857	0.000000004441
4	2842979	3846039	259	37	0.0000309253	0.000000004986
4	3846040	4684115	226	37	0.0000006243	0.000000004079
4	4684116	5502387	392	40	0.0000360282	0.000000007632
4	5502388	6773042	691	40	-0.0000096489	0.000000009987
4	6773043	7539691	408	40	-0.0000295243	0.000000007366
4	7539692	8152234	356	40	0.0000369211	0.000000007199
4	8152235	9326478	247	40	0.0000687756	0.000000005264
4	9326479	10699151	509	38	0.0000569507	0.000000007473
4	10699152	12323033	645	40	0.0000332247	0.000000010532
4	12323034	14272000	711	40	0.0000028576	0.000000010146
4	14272001	15147445	381	40	0.0000368738	0.000000006774
4	15147446	15927008	249	33	0.0000269267	0.000000004472
4	15927009	17383321	664	40	0.0000421243	0.000000010644
4	17383322	18841873	419	40	0.0000024722	0.000000006358
4	18841874	20544556	467	40	0.0000037740	0.000000006335
4	20544557	22319346	668	40	0.0000617734	0.000000010894
4	22319347	24135528	604	40	0.0000633986	0.000000010043
4	24135529	25609321	604	40	0.0000916996	0.000000011253
4	25609322	27343721	566	40	0.0000072777	0.000000009858
4	27343722	27965867	199	28	0.0000859213	0.000000004435
4	27965868	29762207	527	40	0.0000914909	0.000000008881
4	29762208	30454534	158	24	-0.0000102646	0.000000002254
4	30454535	31782980	401	40	0.0000188137	0.000000006667
4	31782981	33172765	312	36	0.0000677541	0.000000005795
4	33172766	35151414	357	32	0.0000268285	0.000000004471
4	35151415	36020435	273	34	0.0000339322	0.000000004038
4	36020436	37255046	432	40	0.0000461163	0.000000006468
4	37255047	38907021	786	40	-0.0000067901	0.000000010024
4	38907022	40202608	400	40	0.0000349970	0.000000006125
4	40202609	42213057	715	40	0.0000167724	0.000000010323
4	42213058	43965044	528	40	-0.0000078032	0.000000007480
4	43965045	45189156	339	38	0.0000338776	0.000000004742
4	45189157	47411895	454	40	0.0000741150	0.000000007065
4	47411896	48123599	221	25	-0.0000069603	0.000000002717
4	48123600	53877432	482	39	0.0000278673	0.000000006559
4	53877433	55429555	534	40	0.0000115449	0.000000008049
4	55429556	56547643	368	40	0.0000066839	0.000000005767
4	56547644	58935007	849	40	0.0000147078	0.000000010297
4	58935008	60741086	450	40	-0.0000216576	0.000000005952
4	60741087	62371762	425	40	0.0001266910	0.000000007832
4	62371763	64341000	434	40	0.0000148356	0.000000006878
4	64341001	66600491	502	40	0.0000222289	0.000000006891
4	66600492	68059496	385	40	0.0000131717	0.000000005466
4	68059497	68854764	245	31	0.0001336236	0.000000004919
4	68854765	71049151	438	40	0.0000562084	0.000000005548
4	71049152	72140557	221	28	0.0000059752	0.000000003082
4	72140558	74592389	486	40	0.0000801627	0.000000007626
4	74592390	77130706	732	40	0.0000278586	0.000000009794
4	77130707	79093978	729	40	0.0000361261	0.000000010568
4	79093979	80990296	560	40	0.0000685668	0.000000007762
4	80990297	82125314	243	30	0.0000507090	0.000000004271
4	82125315	83372592	362	40	0.0000209644	0.000000005706
4	83372593	84799655	481	40	0.0000192429	0.000000007197
4	84799656	86930608	588	40	0.0000904410	0.000000008989
4	86930609	87534647	139	18	0.0000117007	0.000000002111
4	87534648	89238027	567	40	0.0000104083	0.000000008378
4	89238028	90231563	324	40	-0.0000039928	0.000000005007
4	90231564	91560676	338	40	-0.0000368040	0.000000004249
4	91560677	94233298	566	40	0.0000179846	0.000000009041
4	94233299	96182187	607	40	0.0000980698	0.000000010868
4	96182188	97540702	487	40	-0.0000011455	0.000000007625
4	97540703	99424066	403	36	0.0000267142	0.000000004912
4	99424067	100678359	411	40	0.0000507770	0.000000006305
4	100678360	103221355	795	40	0.0000041995	0.000000010163
4	103221356	105305293	488	40	0.0001275155	0.000000008044
4	105305294	107501304	580	40	0.0000246808	0.000000007912
4	107501305	108815347	359	40	0.0000023738	0.000000004966
4	108815348	111256566	769	40	0.0000555213	0.000000010814
4	111256567	113870101	723	40	0.0000129287	0.000000010274
4	113870102	115666245	607	40	0.0000320074	0.000000010192
4	115666246	117276928	337	36	-0.0000070486	0.000000004143
4	117276929	118479917	338	38	0.0000076224	0.000000004912
4	118479918	119933511	418	40	-0.0000082154	0.000000005296
4	119933512	120392683	148	16	-0.0000047215	0.000000001843
4	120392684	122657986	698	40	0.0000005289	0.000000010117
4	122657987	124286480	381	37	0.0000602927	0.000000005559
4	124286481	125210861	263	36	0.0000899491	0.000000005110
4	125210862	126480885	387	40	0.0000290238	0.000000006392
4	126480886	127275476	218	31	-0.0000010535	0.000000003455
4	127275477	127830292	162	22	-0.0000281687	0.000000002248
4	127830293	128996664	194	15	0.0000112386	0.000000002947
4	128996665	130591884	444	40	0.0000259663	0.000000006656
4	130591885	131283820	183	22	0.0000519997	0.000000003604
4	131283821	132954032	352	40	0.0000671184	0.000000006472
4	132954033	134628433	370	40	0.0000166158	0.000000005368
4	134628434	136566406	425	40	0.0000733568	0.000000006692
4	136566407	138541970	513	40	0.0000434932	0.000000008495
4	138541971	139556510	352	40	0.0000858179	0.000000006769
4	139556511	141084630	502	40	0.0000777202	0.000000009354
4	141084631	143443264	714	40	0.0000242455	0.000000010418
4	143443265	146178186	509	40	0.0000050674	0.000000006270
4	146178187	148521872	614	40	0.0000733237	0.000000009946
4	148521873	150683579	527	40	0.0001288191	0.000000009273
4	150683580	152782183	514	40	0.0000922670	0.000000007012
4	152782184	154477640	501	40	0.0000521458	0.000000009130
4	154477641	155056125	205	28	-0.0000189356	0.000000003027
4	155056126	157485096	796	40	0.0000731441	0.000000011038
4	157485097	158743717	320	40	0.0001277334	0.000000006555
4	158743718	161058863	518	40	0.0000401249	0.000000007421
4	161058864	161826434	263	33	0.0000111512	0.000000004574
4	161826435	163243678	435	40	-0.0000100239	0.000000006382
4	163243679	164478233	328	40	0.0000985575	0.000000006266
4	164478234	165823447	416	40	0.0000029167	0.000000007071
4	165823448	167018857	359	40	-0.0000104339	0.000000005993
4	167018858	167852916	185	26	-0.0000128675	0.000000002582
4	167852917	169676824	576	40	-0.0000561139	0.000000008445
4	169676825	170776509	313	37	0.0000313478	0.000000005172
4	170776510	172558634	411	40	0.0000636737	0.000000006973
4	172558635	174264131	392	40	0.0000225441	0.000000006008
4	174264132	176570715	626	40	0.0000003483	0.000000010114
4	176570716	178991909	821	40	-0.0000419261	0.000000009578
4	178991910	180122042	319	40	0.0000274627	0.000000005748
4	180122043	182066806	805	40	0.0000213149	0.000000010380
4	182066807	183371274	708	40	0.0000343288	0.000000010546
4	183371275	184929454	588	40	0.0000376331	0.000000010587
4	184929455	186909089	875	40	0.0000167719	0.000000010323
4	186909090	188472980	610	40	0.0000375338	0.000000010586
4	188472981	189693510	405	40	0.0000027267	0.000000007230
4	189693511	191043593	288	40	0.0000163312	0.000000004982
5	11940	982251	229	26	-0.0000014932	0.000000003489
5	982252	2132441	458	40	-0.0000112858	0.000000008407
5	2132442	3361940	783	40	-0.0000149027	0.000000009921
5	3361941	4632109	532	40	-0.0000001969	0.000000008284
5	4632110	5973232	689	40	-0.0000471948	0.000000009511
5	5973233	7143217	569	40	0.0000199123	0.000000009167
5	7143218	8446335	583	40	0.0000482569	0.000000009364
5	8446336	9718831	601	40	0.0000499594	0.000000009670
5	9718832	11173270	732	40	0.0000172973	0.000000010329
5	11173271	13464831	559	40	0.0000084791	0.000000008496
5	13464832	14757803	584	40	0.0000537616	0.000000009475
5	14757804	16963612	750	40	0.0000260062	0.000000010440
5	16963613	18051591	264	40	0.0000480034	0.000000005182
5	18051592	19917715	543	40	0.0000013919	0.000000007415
5	19917716	22152072	437	40	-0.0000053700	0.000000005896
5	22152073	23494323	404	40	0.0000020310	0.000000005607
5	23494324	26184850	647	40	0.0000057387	0.000000009696
5	26184851	26857603	150	22	-0.0000027062	0.000000002269
5	26857604	27984512	217	32	0.0000312353	0.000000003843
5	27984513	29714819	395	40	0.0001066458	0.000000006691
5	29714820	31390248	569	40	0.0000108495	0.000000008323
5	31390249	33500179	807	40	-0.0000094694	0.000000009990
5	33500180	35048969	542	40	0.0000117937	0.000000008821
5	35048970	36433953	472	40	0.0000072020	0.000000006661
5	36433954	38802409	756	40	0.0000105133	0.000000010243
5	38802410	40287728	533	40	0.0000117479	0.000000006960
5	40287729	41888709	538	40	0.0000475148	0.000000006647
5	41888710	43983498	405	31	0.0000960222	0.000000006234
5	43983499	50163397	411	30	0.0000583863	0.000000005374
5	50163398	52134621	556	40	0.0000271313	0.000000008206
5	52134622	53703043	594	40	0.0000414895	0.000000009501
5	53703044	55417348	589	40	0.0000118702	0.000000008276
5	55417349	56621101	498	40	0.0000094488	0.000000007598
5	56621102	57340072	265	36	-0.0000008858	0.000000003758
5	57340073	58524621	529	40	0.0000632628	0.000000008482
5	58524622	60935906	679	40	0.0000840390	0.000000010284
5	60935907	61672994	265	27	0.0000563101	0.000000004462
5	61672995	63218986	475	40	0.0001130616	0.000000007498
5	63218987	63968303	174	19	-0.0000087706	0.000000002433
5	63968304	65911285	612	40	0.0000371181	0.000000008758
5	65911286	67850859	772	40	0.0000825447	0.000000011157
5	67850860	71240455	443	40	0.0002254201	0.000000009164
5	71240456	73759325	950	40	0.0000125181	0.000000010269
5	73759326	75798865	674	40	0.0000638254	0.000000010616
5	75798866	77623331	708	40	0.0000485357	0.000000010726
5	77623332	79393143	647	40	0.0000408141	0.000000010628
5	79393144	80481470	439	40	0.0000775645	0.000000008037
5	80481471	82025647	495	40	0.0000700816	0.000000008994
5	82025648	83972688	523	40	0.0000622493	0.000000009805
5	83972689	85767289	489	40	0.0000386807	0.000000007564
5	85767290	87389990	269	31	0.0000797635	0.000000005262
5	87389991	88891529	300	32	0.0000043359	0.000000004166
5	88891530	90422653	420	40	0.0000507685	0.000000006527
5	90422654	91840541	261	32	0.0000402765	0.000000004541
5	91840542	93809983	407	40	0.0000659951	0.000000006337
5	93809984	95963518	680	40	0.0000091889	0.000000010226
5	95963519	97315600	406	40	-0.0000496918	0.000000004689
5	97315601	99260991	478	40	0.0000110063	0.000000006709
5	99260992	101578768	497	40	0.0000546156	0.000000007383
5	101578769	103320004	473	40	0.0000185233	0.000000006643
5	103320005	104851482	404	40	0.0000551096	0.000000006864
5	104851483	105893054	163	21	0.0000566384	0.000000003683
5	105893055	107264195	547	40	0.0000779260	0.000000010754
5	107264196	108633933	376	40	0.0000500066	0.000000006719
5	108633934	110821143	617	40	0.0000369539	0.000000009565
5	110821144	111981561	413	40	0.0000244713	0.000000007324
5	111981562	113396284	535	40	0.0000703294	0.000000009199
5	113396285	114830369	508	40	0.0000145353	0.000000007824
5	114830370	115831046	424	40	0.0000581253	0.000000007447
5	115831047	117346212	543	40	-0.0000001137	0.000000009460
5	117346213	118608819	366	40	0.0000336943	0.000000006653
5	118608820	119669041	325	37	0.0000859010	0.000000006347
5	119669042	120452165	227	24	0.0000319341	0.000000004174
5	120452166	122556904	654	40	-0.0000006967	0.000000010101
5	122556905	123798099	433	40	0.0000576823	0.000000007644
5	123798100	125785648	820	40	0.0000846952	0.000000011185
5	125785649	127344603	423	40	0.0000663525	0.000000007067
5	127344604	129519024	644	40	0.0000048620	0.000000008429
5	129519025	132139648	600	40	0.0000848280	0.000000007766
5	132139649	134777400	889	40	0.0000400515	0.000000010618
5	134777401	136376049	584	40	0.0001005942	0.000000009178
5	136376050	139265071	685	40	0.0000125184	0.000000008790
5	139265072	140645970	349	31	0.0000730114	0.000000005137
5	140645971	142981247	910	40	0.0000213167	0.000000010380
5	142981248	144943353	617	40	0.0000256737	0.000000008815
5	144943354	147181997	727	40	0.0000662654	0.000000010951
5	147181998	148662623	546	40	-0.0000039451	0.000000007994
5	148662624	150561297	840	40	0.0000704077	0.000000011003
5	150561298	152867773	834	40	0.0001009332	0.000000011371
5	152867774	153773087	423	40	0.0000032353	0.000000005481
5	153773088	155373504	556	40	0.0000397991	0.000000008873
5	155373505	156628699	371	40	0.0000892287	0.000000006591
5	156628700	158825697	861	40	0.0000480664	0.000000010720
5	158825698	159973943	415	40	0.0000025395	0.000000006945
5	159973944	161482132	511	40	0.0000185630	0.000000007188
5	161482133	162743907	351	40	-0.0000081472	0.000000005377
5	162743908	163771581	376	40	0.0000488302	0.000000006643
5	163771582	165642394	536	40	0.0000458817	0.000000009861
5	165642395	166847739	414	40	0.0001125028	0.000000009167
5	166847740	168525317	762	40	0.0000797015	0.000000011121
5	168525318	169505663	473	40	0.0000216886	0.000000008258
5	169505664	171074291	649	40	0.0000250757	0.000000010428
5	171074292	172678326	666	40	0.0000578472	0.000000010844
5	172678327	173642870	490	40	0.0000286955	0.000000008327
5	173642871	175450594	799	40	-0.0000063257	0.000000010030
5	175450595	177251506	338	40	-0.0000120028	0.000000004986
5	177251507	178413463	428	40	0.0000275992	0.000000007929
5	178413464	179401243	350	40	0.0000473944	0.000000006746
5	179401244	180559932	328	40	0.0000132317	0.000000005567
5	180559933	180885155	41	9	0.0000112422	0.000000000862
6	73924	1452361	670	40	-0.0000183877	0.000000009877
6	1452362	2458935	433	40	0.0000213657	0.000000007446
6	2458936	3573592	571	40	0.0000233726	0.000000009859
6	3573593	4617816	510	40	0.0000859828	0.000000009276
6	4617817	5791471	582	40	0.0000116168	0.000000009892
6	5791472	6785206	590	40	0.0000032662	0.000000010151
6	6785207	7808935	510	40	0.0000436380	0.000000009225
6	7808936	9020025	496	40	0.0000150780	0.000000007447
6	9020026	10540316	602	40	0.0000039703	0.000000009755
6	10540317	11790815	544	40	0.0000650203	0.000000009658
6	11790816	13209387	589	40	0.0000079194	0.000000009278
6	13209388	14802923	676	40	0.0000239123	0.000000010413
6	14802924	17386404	986	40	0.0000039712	0.000000010160
6	17386405	19207486	634	40	0.0000274553	0.000000008676
6	19207487	21684064	1023	40	0.0000177805	0.000000010336
6	21684065	22748306	513	40	0.0000212211	0.000000008940
6	22748307	23936618	488	40	0.0000090265	0.000000008664
6	23936619	24852274	398	40	0.0000778136	0.000000008101
6	24852275	25684586	447	40	0.0001336954	0.000000008587
6	25684587	26791232	475	35	0.0000911670	0.000000006313
6	26791233	28017818	273	19	0.0000643959	0.000000003922
6	28017819	28917607	186	14	0.0001018143	0.000000002870
6	28917608	29737970	28	4	0.0000168128	0.000000000493
6	29737971	30798167	1	0	-0.0000000000	0.000000000020
6	30798168	31571217	104	18	0.0000790526	0.000000002662
6	31571218	32682663	96	12	0.0000398175	0.000000001865
6	32682664	33236496	176	26	0.0000440893	0.000000003223
6	33236497	35455755	701	40	0.0000143307	0.000000010190
6	35455756	37572595	815	40	0.0000454912	0.000000010687
6	37572596	39295676	759	40	0.0000639056	0.000000010921
6	39295677	40345114	401	40	0.0000438678	0.000000006782
6	40345115	42038720	714	40	-0.0000219155	0.000000009832
6	42038721	43756168	452	40	0.0000162201	0.000000007199
6	43756169	45406562	577	40	0.0000111645	0.000000009481
6	45406563	47311897	758	40	-0.0000057653	0.000000010037
6	47311898	48391124	355	38	0.0000195219	0.000000004741
6	48391125	50386144	491	40	0.0000607782	0.000000006291
6	50386145	52210475	621	40	0.0000569229	0.000000009130
6	52210476	53279101	427	40	0.0000685417	0.000000007115
6	53279102	55468269	855	40	0.0000729256	0.000000011015
6	55468270	56105312	210	20	-0.0000042835	0.000000002370
6	56105313	57599464	345	37	0.0000105137	0.000000004828
6	57599465	61880511	116	9	0.0000115788	0.000000001327
6	61880512	63552887	334	22	0.0000352614	0.000000004095
6	63552888	65765741	443	40	0.0000006150	0.000000005750
6	65765742	67329214	481	40	0.0000571671	0.000000007536
6	67329215	68849482	461	40	0.0000100110	0.000000006272
6	68849483	69523447	216	26	0.0000656440	0.000000003877
6	69523448	71609509	741	40	0.0000467215	0.000000010155
6	71609510	73450096	628	40	-0.0000219110	0.000000008657
6	73450097	75462002	571	40	0.0000285581	0.000000008063
6	75462003	77414880	446	40	-0.0000281250	0.000000005305
6	77414881	78957727	484	40	-0.0000312192	0.000000004944
6	78957728	80691169	577	40	-0.0000237045	0.000000007804
6	80691170	81929221	366	27	0.0000446475	0.000000004536
6	81929222	83127148	348	40	0.0000486574	0.000000005633
6	83127149	85209988	555	40	0.0000395229	0.000000007858
6	85209989	87069499	592	40	-0.0000209758	0.000000006626
6	87069500	88822139	540	40	0.0000492604	0.000000007577
6	88822140	89973051	430	40	-0.0000095837	0.000000006609
6	89973052	91843195	734	40	-0.0000243396	0.000000009801
6	91843196	93428643	464	40	0.0000420910	0.000000007587
6	93428644	94118141	281	40	0.0000002336	0.000000004034
6	94118142	94441174	83	8	0.0000281412	0.000000001337
6	94441175	97093510	615	40	0.0000599226	0.000000009189
6	97093511	97842283	228	26	0.0000609272	0.000000003878
6	97842284	100630145	788	40	0.0000804036	0.000000011130
6	100630146	102636771	489	40	0.0000196310	0.000000007424
6	102636772	103983394	330	33	0.0000291386	0.000000004782
6	103983395	106056732	663	40	-0.0000201755	0.000000009084
6	106056733	107450305	622	40	0.0000367160	0.000000010576
6	107450306	108464379	348	40	0.0000639686	0.000000006372
6	108464380	110304246	529	40	0.0000609555	0.000000007685
6	110304247	112345013	607	40	0.0000384908	0.000000009200
6	112345014	114220832	626	40	0.0000128450	0.000000008713
6	114220833	116131395	473	40	0.0000199631	0.000000005935
6	116131396	117672971	467	40	-0.0000155717	0.000000005968
6	117672972	118963114	368	39	0.0000263736	0.000000005351
6	118963115	119963277	318	36	0.0000532882	0.000000005189
6	119963278	120512127	164	18	0.0000629897	0.000000003000
6	120512128	121905675	375	36	0.0000360425	0.000000004930
6	121905676	123856180	596	40	0.0000362514	0.000000007978
6	123856181	125424382	597	40	0.0000823292	0.000000011155
6	125424383	127540460	459	40	0.0000306200	0.000000006897
6	127540461	129861030	608	40	0.0000406738	0.000000009268
6	129861031	130935453	490	40	0.0000154264	0.000000007916
6	130935454	132765668	596	40	0.0000089129	0.000000008967
6	132765669	134244242	580	40	0.0000125306	0.000000008810
6	134244243	136224176	584	40	0.0000149362	0.000000010036
6	136224177	137614217	340	40	0.0000286586	0.000000006065
6	137614218	138822628	473	40	-0.0000218857	0.000000007281
6	138822629	139845435	379	40	0.0000664933	0.000000007251
6	139845436	142288478	526	40	0.0001448110	0.000000009213
6	142288479	145319809	1031	40	-0.0000456905	0.000000009530
6	145319810	146665423	310	26	0.0000367447	0.000000003893
6	146665424	148920351	913	40	-0.0000229805	0.000000009818
6	148920352	150253403	514	40	0.0000658705	0.000000008172
6	150253404	151912702	886	40	0.0000913753	0.000000011269
6	151912703	153094495	553	40	0.0000380772	0.000000008830
6	153094496	154974119	792	40	0.0000928863	0.000000011289
6	154974120	156763325	722	40	0.0000329154	0.000000010528
6	156763326	158218718	376	40	0.0000622477	0.000000007096
6	158218719	160580496	1025	40	-0.0000073039	0.000000010017
6	160580497	162169563	758	40	-0.0000018968	0.000000010086
6	162169564	162931202	371	40	-0.0000098074	0.000000006364
6	162931203	164383520	671	40	0.0000092508	0.000000010227
6	164383521	165586863	535	40	0.0000118191	0.000000008194
6	165586864	167024732	802	40	0.0000874070	0.000000011219
6	167024733	168042834	419	40	0.0000977005	0.000000007949
6	168042835	169382049	576	40	0.0000791783	0.000000010000
6	169382050	170330172	393	40	-0.0000105789	0.000000005507
6	170330173	171051269	234	30	-0.0000057331	0.000000003657
7	16161	972751	89	15	0.0000515648	0.000000002314
7	972752	1353066	100	16	0.0000471791	0.000000002399
7	1353067	2062397	141	22	-0.0000034689	0.000000002581
7	2062398	2772226	213	34	0.0000420258	0.000000004422
7	2772227	4573427	842	40	0.0000499902	0.000000010744
7	4573428	5416231	204	40	0.0000547261	0.000000004684
7	5416232	5854525	99	16	0.0000294952	0.000000002235
7	5854526	6573856	139	22	0.0000163542	0.000000002751
7	6573857	7808751	415	40	0.0000546560	0.000000008070
7	7808752	9123422	727	40	0.0000084200	0.000000010217
7	9123423	9987498	353	40	0.0000394919	0.000000006868
7	9987499	11299197	465	40	0.0000783198	0.000000009300
7	11299198	12635460	690	40	0.0000624007	0.000000010902
7	12635461	13884201	561	40	0.0000840609	0.000000011177
7	13884202	15143656	569	40	0.0000291879	0.000000010480
7	15143657	16902068	746	40	0.0000250724	0.000000010428
7	16902069	19481546	1019	40	0.0000275337	0.000000010459
7	19481547	20124907	228	28	0.0000031675	0.000000004051
7	20124908	22507628	1186	40	0.0001543645	0.000000012069
7	22507629	23471441	309	40	-0.0000154413	0.000000005184
7	23471442	25077258	696	40	0.0000701938	0.000000011001
7	25077259	25909554	443	40	-0.0000174181	0.000000006732
7	25909555	28360308	878	40	-0.0000228527	0.000000009820
7	28360309	31137288	1230	40	0.0000140742	0.000000010288
7	31137289	33555767	982	40	-0.0000170682	0.000000009893
7	33555768	36213537	1005	40	0.0000943741	0.000000011308
7	36213538	37555183	634	40	0.0000122667	0.000000010266
7	37555184	38966702	629	40	0.0000685039	0.000000009662
7	38966703	39862669	313	35	0.0000613054	0.000000005230
7	39862670	42001810	610	40	-0.0000156913	0.000000008675
7	42001811	43159073	399	40	0.0000073787	0.000000006481
7	43159074	44763827	466	40	0.0000526191	0.000000007438
7	44763828	45952921	351	40	0.0000643468	0.000000006517
7	45952922	46986719	407	40	0.0000485161	0.000000006498
7	46986720	49212277	891	40	0.0000494374	0.000000010737
7	49212278	51675321	883	40	0.0000330749	0.000000010530
7	51675322	53176311	630	40	0.0000166261	0.000000009247
7	53176312	54222975	370	40	0.0000866489	0.000000005873
7	54222976	55691583	526	40	0.0000456480	0.000000008623
7	55691584	57382637	241	28	-0.0000019685	0.000000003282
7	57382638	63307358	123	14	0.0000040169	0.000000001893
7	63307359	63641124	52	6	0.0000019991	0.000000000766
7	63641125	65689808	306	26	0.0000274144	0.000000004157
7	65689809	68234073	698	40	0.0001473901	0.000000011554
7	68234074	69085363	263	39	0.0000626583	0.000000005006
7	69085364	71874884	833	40	0.0001267703	0.000000011719
7	71874885	73334601	150	23	-0.0000077167	0.000000002226
7	73334602	76458563	350	40	0.0000189795	0.000000005801
7	76458564	78093858	603	40	-0.0000232437	0.000000009653
7	78093859	79888068	643	40	0.0000459627	0.000000010511
7	79888069	82022685	714	40	0.0001139529	0.000000011556
7	82022686	83801202	626	40	0.0000661354	0.000000010483
7	83801203	85572181	401	40	0.0000196321	0.000000005427
7	85572182	87825003	561	40	0.0000342357	0.000000007286
7	87825004	90661783	952	40	0.0000044707	0.000000010167
7	90661784	92493751	423	40	0.0000823427	0.000000006866
7	92493752	93966600	352	40	0.0000598353	0.000000006743
7	93966601	96073507	691	40	0.0000334308	0.000000010534
7	96073508	97099569	308	40	0.0000720607	0.000000005547
7	97099570	98715473	415	40	0.0000437851	0.000000006902
7	98715474	100196650	249	26	0.0000647709	0.000000004047
7	100196651	101199252	245	37	0.0000072989	0.000000004244
7	101199253	103197509	384	40	0.0000494289	0.000000006691
7	103197510	104159524	471	40	0.0000529209	0.000000007927
7	104159525	105682904	536	40	0.0000316374	0.000000008810
7	105682905	107780177	740	40	0.0000492196	0.000000010735
7	107780178	109647593	552	40	0.0000965978	0.000000009148
7	109647594	112618683	826	40	-0.0000086953	0.000000010000
7	112618684	113712386	217	26	0.0000492217	0.000000003830
7	113712387	116780177	709	40	0.0000665806	0.000000010184
7	116780178	118351580	372	38	0.0000924014	0.000000005724
7	118351581	121045272	438	40	0.0000258658	0.000000006010
7	121045273	121933629	228	28	-0.0000146691	0.000000002941
7	121933630	124156804	656	40	0.0000598009	0.000000009268
7	124156805	124167551	6	2	-0.0000008362	0.000000000089
7	124167552	126519169	659	40	0.0000785351	0.000000008777
7	126519170	126869220	139	18	0.0000108017	0.000000002079
7	126869221	128778385	590	40	-0.0000167291	0.000000007448
7	128778386	130422413	468	40	-0.0000245418	0.000000006803
7	130422414	132805847	916	40	0.0000365099	0.000000010573
7	132805848	134307595	439	35	0.0000683191	0.000000006790
7	134307596	135591082	499	40	0.0000367786	0.000000007682
7	135591083	136876561	408	40	0.0000730950	0.000000007173
7	136876562	138744678	612	40	0.0000437440	0.000000010665
7	138744679	139933176	329	40	0.0000277980	0.000000005530
7	139933177	140235209	119	25	0.0000295846	0.000000002417
7	140235210	141226556	281	32	0.0000555814	0.000000004674
7	141226557	142656309	360	40	0.0000313842	0.000000004730
7	142656310	144968288	550	40	-0.0000030950	0.000000007661
7	144968289	146427959	376	40	-0.0000022960	0.000000005572
7	146427960	147815317	568	40	-0.0000025583	0.000000008619
7	147815318	149840657	617	40	0.0000355786	0.000000010561
7	149840658	150711504	307	38	0.0000346746	0.000000004671
7	150711505	152249805	459	40	-0.0000013504	0.000000008391
7	152249806	153674018	463	40	-0.0000322720	0.000000007776
7	153674019	154964729	549	40	-0.0000036533	0.000000009617
7	154964730	156065249	481	40	0.0000157208	0.000000008506
7	156065250	157634596	520	40	0.0000844606	0.000000010026
7	157634597	159128574	460	40	-0.0000246188	0.000000006782
8	10422	1044216	396	40	0.0000480983	0.000000008331
8	1044217	1163244	71	12	-0.0000140933	0.000000001183
8	1163245	2042941	457	40	-0.0000056476	0.000000008782
8	2042942	2573278	257	40	0.0000520275	0.000000005475
8	2573279	3392925	593	40	0.0000218400	0.000000010387
8	3392926	3783016	426	40	-0.0000021462	0.000000008017
8	3783017	4480475	667	40	0.0000665008	0.000000010954
8	4480476	5146926	493	40	0.0000421331	0.000000009955
8	5146927	6142796	753	40	-0.0000050704	0.000000010046
8	6142797	7153078	544	40	0.0000555849	0.000000010754
8	7153079	9154693	554	40	0.0000194652	0.000000010357
8	9154694	9640786	237	25	0.0000200338	0.000000004566
8	9640787	10463196	463	40	0.0000120062	0.000000009087
8	10463197	11278997	384	40	0.0000629997	0.000000007772
8	11278998	13491774	798	40	0.0000715916	0.000000011018
8	13491775	13944991	252	31	0.0000355261	0.000000004823
8	13944992	15991659	1083	40	0.0000644689	0.000000010928
8	15991660	17387875	549	40	0.0000699657	0.000000010998
8	17387876	17836398	269	35	0.0000386380	0.000000005466
8	17836399	19492839	962	40	0.0000224523	0.000000010395
8	19492840	20060855	332	40	-0.0000015673	0.000000005864
8	20060856	21661736	747	40	0.0000970346	0.000000011341
8	21661737	22897056	464	40	0.0001097381	0.000000009760
8	22897057	24674717	655	40	-0.0000375741	0.000000009633
8	24674718	25483453	288	35	0.0000288817	0.000000004638
8	25483454	26682524	615	40	0.0000834399	0.000000010621
8	26682525	28162391	735	40	0.0000404879	0.000000010624
8	28162392	29327895	368	40	-0.0000027592	0.000000005707
8	29327896	31133728	540	40	-0.0000083636	0.000000008241
8	31133729	31548359	125	20	0.0000114134	0.000000002127
8	31548360	32977217	483	40	0.0000032531	0.000000006812
8	32977218	35317231	534	40	0.0000595872	0.000000006699
8	35317232	37379388	358	40	0.0000177150	0.000000005503
8	37379389	38938805	293	40	-0.0000114813	0.000000004871
8	38938806	40703336	580	40	0.0000170233	0.000000008402
8	40703337	41721453	381	40	-0.0000142997	0.000000006348
8	41721454	42773822	191	22	-0.0000033458	0.000000002662
8	42773823	46841314	43	7	0.0000013098	0.000000000737
8	46841315	50082469	393	36	0.0000125934	0.000000005700
8	50082470	53302929	781	40	0.0000610961	0.000000010034
8	53302930	54418043	343	40	-0.0000107776	0.000000004840
8	54418044	55945580	476	40	0.0000262312	0.000000006680
8	55945581	56956382	350	40	0.0000206448	0.000000005379
8	56956383	59068650	664	40	0.0000223452	0.000000009887
8	59068651	59728099	274	34	-0.0000191918	0.000000003828
8	59728100	62329098	787	40	0.0000526034	0.000000010777
8	62329099	63349305	327	35	-0.0000077117	0.000000004114
8	63349306	65232871	515	40	0.0000355386	0.000000007222
8	65232872	66489089	361	40	0.0000459226	0.000000005639
8	66489090	69863056	863	40	0.0000010021	0.000000010123
8	69863057	70867978	407	40	0.0000349172	0.000000007072
8	70867979	72289453	439	40	0.0000299953	0.000000006425
8	72289454	73817198	686	40	-0.0000121843	0.000000009692
8	73817199	75445063	613	40	0.0000866683	0.000000009973
8	75445064	76456541	290	38	-0.0000136297	0.000000003898
8	76456542	79132860	686	40	-0.0000007766	0.000000008540
8	79132861	81956394	802	40	0.0000344756	0.000000010547
8	81956395	82693738	218	33	0.0000099403	0.000000003313
8	82693739	84225588	415	40	0.0000309014	0.000000005449
8	84225589	85955618	356	39	-0.0000040671	0.000000004764
8	85955619	87411708	267	25	0.0000437092	0.000000003941
8	87411709	89085480	481	40	0.0000018355	0.000000006754
8	89085481	90638161	393	40	0.0000185084	0.000000005654
8	90638162	93554385	673	40	0.0000606007	0.000000010149
8	93554386	95005526	386	40	0.0000912840	0.000000007081
8	95005527	96534805	623	40	-0.0000114775	0.000000009417
8	96534806	99401580	1101	40	0.0000189392	0.000000010350
8	99401581	101620957	504	40	0.0000504862	0.000000006342
8	101620958	104123305	986	40	0.0000181727	0.000000010340
8	104123306	104988751	248	24	0.0000507208	0.000000003728
8	104988752	107410753	819	40	0.0000802954	0.000000011129
8	107410754	108648176	468	40	0.0000372403	0.000000006779
8	108648177	109248172	204	23	0.0000199145	0.000000002756
8	109248173	110484313	350	31	0.0000213621	0.000000004181
8	110484314	111850846	287	33	0.0000310901	0.000000004022
8	111850847	113064319	231	19	0.0000147601	0.000000002952
8	113064320	116096494	780	40	0.0000132282	0.000000008839
8	116096495	119685456	1151	40	0.0000541879	0.000000010798
8	119685457	121201699	525	40	0.0000084313	0.000000007060
8	121201700	124861458	1333	40	0.0000354495	0.000000010560
8	124861459	125683718	333	40	0.0000910283	0.000000006009
8	125683719	126410916	253	40	-0.0000030815	0.000000004253
8	126410917	128659110	914	40	0.0000687894	0.000000010983
8	128659111	130381138	671	40	0.0000146479	0.000000010296
8	130381139	131639624	464	40	0.0000555057	0.000000007798
8	131639625	133351143	759	40	0.0000138107	0.000000010285
8	133351144	134570000	704	40	0.0000237890	0.000000010412
8	134570001	136035604	751	40	-0.0000344271	0.000000009673
8	136035605	137524150	552	40	0.0000211485	0.000000008252
8	137524151	139254829	736	40	-0.0000175209	0.000000009847
8	139254830	140725642	751	40	0.0000195962	0.000000010359
8	140725643	143044913	822	40	0.0000725355	0.000000011030
8	143044914	144236880	366	40	0.0000866889	0.000000006720
8	144236881	146303866	338	40	-0.0000342295	0.000000005389
9	10023	1079706	573	40	0.0000093124	0.000000010228
9	1079707	1916876	600	40	0.0000379898	0.000000010592
9	1916877	3190063	763	40	0.0000279407	0.000000010464
9	3190064	4495327	736	40	0.0000437670	0.000000010665
9	4495328	4884925	228	39	0.0000410966	0.000000004813
9	4884926	6557588	555	40	0.0000327026	0.000000010525
9	6557589	7154922	293	38	0.0000969228	0.000000006567
9	7154923	8456298	925	40	0.0000233864	0.000000010407
9	8456299	9166402	399	40	0.0000788048	0.000000008498
9	9166403	10879252	837	40	0.0000655828	0.000000010942
9	10879253	12276488	463	40	0.0000263033	0.000000007973
9	12276489	14836362	1263	40	-0.0000170325	0.000000009894
9	14836363	16659654	799	40	0.0000045015	0.000000010167
9	16659655	18661050	933	40	0.0000189216	0.000000010350
9	18661051	20463533	821	40	0.0000244801	0.000000010421
9	20463534	22206558	683	40	0.0000849968	0.000000011189
9	22206559	24158517	604	40	0.0000371593	0.000000010561
9	24158518	25330809	294	40	-0.0000049310	0.000000005619
9	25330810	26111756	271	40	0.0000043682	0.000000005254
9	26111757	28224282	947	40	0.0000124504	0.000000010268
9	28224283	28811583	249	36	0.0000395911	0.000000004713
9	28811584	30387391	549	40	0.0000710830	0.000000008157
9	30387392	31310382	244	23	0.0000525225	0.000000004033
9	31310383	32019367	205	24	0.0000528246	0.000000003414
9	32019368	33578333	586	40	-0.0000045674	0.000000008816
9	33578334	34642242	285	27	0.0000343037	0.000000003742
9	34642243	36743282	581	40	0.0000104498	0.000000009270
9	36743283	38641598	719	40	0.0000288530	0.000000010476
9	38641599	65472189	103	22	0.0000009526	0.000000001914
9	65472190	72512710	563	40	0.0000244904	0.000000008840
9	72512711	72753754	100	10	0.0000635627	0.000000002165
9	72753755	74253039	595	40	0.0000328831	0.000000008562
9	74253040	76203945	569	40	-0.0000254946	0.000000007579
9	76203946	76973080	180	22	-0.0000107782	0.000000002548
9	76973081	78900182	800	40	-0.0000217711	0.000000009834
9	78900183	79471207	288	40	-0.0000136367	0.000000004945
9	79471208	81079054	523	40	0.0000563512	0.000000009629
9	81079055	82590927	629	40	0.0000144647	0.000000010293
9	82590928	84211232	651	40	0.0000254635	0.000000010433
9	84211233	85440800	328	40	0.0000620181	0.000000006468
9	85440801	86938195	635	40	0.0000706203	0.000000010560
9	86938196	88109332	498	40	0.0000304540	0.000000007804
9	88109333	88590416	112	14	-0.0000047675	0.000000001421
9	88590417	90136245	598	40	0.0000472853	0.000000010102
9	90136246	92528697	851	40	-0.0000217254	0.000000009834
9	92528698	94167202	622	40	0.0000103257	0.000000009937
9	94167203	96671697	789	40	0.0000610962	0.000000010885
9	96671698	98922039	664	40	0.0000583933	0.000000009939
9	98922040	101592858	855	40	0.0000513435	0.000000010761
9	101592859	104624436	960	40	0.0000237580	0.000000010411
9	104624437	105967975	568	40	0.0000166143	0.000000008214
9	105967976	107581748	601	40	-0.0000172597	0.000000007340
9	107581749	109298753	601	40	0.0000227411	0.000000009527
9	109298754	110695061	568	40	0.0000167060	0.000000009470
9	110695062	112778023	1093	40	0.0000097821	0.000000010234
9	112778024	114831081	909	40	0.0000701032	0.000000011000
9	114831082	115693144	312	30	-0.0000274265	0.000000004005
9	115693145	117019800	646	40	-0.0000150347	0.000000009919
9	117019801	117921959	466	40	0.0000842277	0.000000008607
9	117921960	121321536	1459	40	0.0000242733	0.000000010418
9	121321537	122260296	360	40	0.0000449762	0.000000006131
9	122260297	124871321	774	40	-0.0000118079	0.000000009960
9	124871322	126971886	682	40	0.0000814999	0.000000011144
9	126971887	129059664	562	40	0.0000166214	0.000000008660
9	129059665	130055509	323	40	0.0000250801	0.000000005476
9	130055510	132165469	496	40	0.0000586320	0.000000008606
9	132165470	133223216	318	40	0.0000395597	0.000000005841
9	133223217	134127887	346	40	-0.0000213549	0.000000005794
9	134127888	135298841	435	40	0.0000483193	0.000000007263
9	135298842	137041121	657	40	0.0000266888	0.000000010449
9	137041122	137589363	205	40	0.0000239488	0.000000004234
9	137589364	138938977	624	40	-0.0000059379	0.000000010035
9	138938978	139500341	121	22	0.0000032643	0.000000002285
9	139500342	141144795	259	39	-0.0000106940	0.000000004358
10	60523	751338	125	15	0.0000159295	0.000000002485
10	751339	1523543	341	40	0.0001033085	0.000000007193
10	1523544	2254499	436	40	-0.0000345670	0.000000006939
10	2254500	3352698	671	40	0.0000358668	0.000000010565
10	3352699	4572273	615	40	0.0001106253	0.000000011514
10	4572274	5983761	707	40	0.0000279319	0.000000010464
10	5983762	7171483	742	40	0.0000586236	0.000000010854
10	7171484	8774664	870	40	0.0000110423	0.000000010250
10	8774665	10249395	563	40	0.0000046312	0.000000008366
10	10249396	12586796	1035	40	0.0000095098	0.000000010231
10	12586797	13321599	444	40	0.0000048892	0.000000008369
10	13321600	15026067	949	40	-0.0000331641	0.000000009689
10	15026068	16551766	561	40	0.0000697298	0.000000010893
10	16551767	18537266	772	40	0.0000075748	0.000000010206
10	18537267	19716877	530	40	0.0000325737	0.000000008538
10	19716878	22772282	984	40	0.0000440639	0.000000010669
10	22772283	23175131	126	14	0.0000127345	0.000000002364
10	23175132	25578595	771	40	-0.0000098658	0.000000009985
10	25578596	26888683	535	40	0.0000689948	0.000000007666
10	26888684	29323235	905	40	0.0000129832	0.000000010275
10	29323236	29783691	268	40	0.0000099596	0.000000004439
10	29783692	30458837	362	40	0.0000578257	0.000000007100
10	30458838	31907518	479	40	-0.0000069074	0.000000006986
10	31907519	33707967	628	40	0.0001182803	0.000000009666
10	33707968	35109354	500	40	-0.0000011797	0.000000007645
10	35109355	36572507	422	40	0.0000504948	0.000000006685
10	36572508	37790028	321	40	0.0001022499	0.000000005789
10	37790029	42372578	197	13	0.0000247847	0.000000001975
10	42372579	43894770	297	34	0.0000822022	0.000000005394
10	43894771	44730074	289	34	0.0000337505	0.000000004499
10	44730075	48760449	671	40	0.0000916264	0.000000011252
10	48760450	50840914	662	40	0.0000529309	0.000000009626
10	50840915	53616628	756	40	0.0000724011	0.000000011029
10	53616629	55103571	683	40	0.0000196388	0.000000010359
10	55103572	57031139	762	40	0.0000513792	0.000000010762
10	57031140	57662145	177	18	-0.0000326631	0.000000001489
10	57662146	58959527	381	25	0.0000414093	0.000000004254
10	58959528	60289986	420	40	0.0000125823	0.000000005076
10	60289987	61891408	590	40	0.0000139786	0.000000009578
10	61891409	62659678	302	34	0.0000476763	0.000000004997
10	62659679	63341694	161	19	0.0000315925	0.000000002844
10	63341695	65794113	846	40	0.0001931285	0.000000012561
10	65794114	67549614	479	40	0.0000579448	0.000000007001
10	67549615	69900147	895	40	0.0000372068	0.000000010582
10	69900148	70195990	116	11	-0.0000006807	0.000000001573
10	70195991	72220849	893	40	0.0000262926	0.000000010444
10	72220850	73508511	741	40	0.0000224863	0.000000010395
10	73508512	75422549	439	36	0.0000694498	0.000000005756
10	75422550	78706813	840	40	0.0000727217	0.000000011033
10	78706814	80876748	1013	40	-0.0000348514	0.000000009668
10	80876749	82414678	497	40	0.0000187844	0.000000008141
10	82414679	84383744	717	40	0.0000058164	0.000000010184
10	84383745	85458702	437	40	0.0000885192	0.000000006642
10	85458703	87937576	976	40	0.0000762009	0.000000011077
10	87937577	89127063	271	35	-0.0000193409	0.000000003947
10	89127064	91013380	726	40	0.0000660073	0.000000010948
10	91013381	92006580	376	40	0.0000744825	0.000000006606
10	92006581	93335046	444	40	-0.0000071359	0.000000006156
10	93335047	95396367	664	40	0.0000644769	0.000000010117
10	95396368	96221242	265	32	0.0000627554	0.000000005067
10	96221243	97822356	582	40	0.0000482033	0.000000007362
10	97822357	100241301	917	40	0.0001152168	0.000000011572
10	100241302	100668399	149	15	0.0000372727	0.000000002394
10	100668400	102949238	764	40	0.0000703974	0.000000011003
10	102949239	104380409	306	28	0.0000677039	0.000000004506
10	104380410	106695047	760	40	0.0000537256	0.000000010792
10	106695048	108726685	673	40	0.0000659643	0.000000010258
10	108726686	110317704	640	40	0.0000691514	0.000000010399
10	110317705	112561492	660	40	0.0000082120	0.000000009606
10	112561493	115328431	1028	40	-0.0000029633	0.000000010072
10	115328432	116421405	494	40	0.0000180005	0.000000007949
10	116421406	119523933	1002	40	0.0000588422	0.000000010857
10	119523934	120591352	410	40	0.0000485472	0.000000007467
10	120591353	122407322	681	40	0.0000764679	0.000000011080
10	122407323	123231464	393	40	0.0000531147	0.000000006960
10	123231465	123900544	278	40	-0.0000068870	0.000000004648
10	123900545	125869345	859	40	0.0000497426	0.000000010741
10	125869346	128001097	952	40	0.0001327669	0.000000011795
10	128001098	129154361	530	40	-0.0000070606	0.000000008521
10	129154362	130844283	943	40	-0.0000071513	0.000000010019
10	130844284	131741326	417	40	0.0001066012	0.000000008062
10	131741327	132580244	412	40	0.0000365051	0.000000006871
10	132580245	134336328	841	40	0.0000027866	0.000000010145
10	134336329	134494672	39	6	-0.0000116811	0.000000000452
10	134494673	135523864	281	40	0.0000212030	0.000000004923
11	70855	1213589	259	40	0.0000493009	0.000000004877
11	1213590	3665480	808	40	-0.0000144536	0.000000009926
11	3665481	4746708	422	40	0.0000407217	0.000000007590
11	4746709	6322868	979	40	0.0000004007	0.000000010115
11	6322869	7436700	546	40	0.0000936928	0.000000009172
11	7436701	8333273	491	40	0.0000360280	0.000000009290
11	8333274	9087316	273	30	0.0000236576	0.000000004793
11	9087317	10952026	639	40	0.0000749826	0.000000011061
11	10952027	12564228	1100	40	0.0000132495	0.000000010278
11	12564229	13373123	398	40	0.0001677416	0.000000008272
11	13373124	15742551	769	40	0.0000186975	0.000000010165
11	15742552	17578401	599	40	0.0000524208	0.000000009053
11	17578402	19569534	782	40	0.0000185600	0.000000010345
11	19569535	21017137	782	40	0.0000209775	0.000000010376
11	21017138	22374141	548	40	0.0000286877	0.000000009197
11	22374142	24088516	586	40	0.0000326430	0.000000008822
11	24088517	26045752	655	40	0.0000852993	0.000000011192
11	26045753	27020460	355	40	0.0000386080	0.000000005365
11	27020461	28481592	404	40	0.0000971022	0.000000006449
11	28481593	30141356	410	40	0.0000443283	0.000000006667
11	30141357	32276900	627	40	0.0001711072	0.000000009729
11	32276901	33958738	557	40	-0.0000054911	0.000000007995
11	33958739	35502604	810	40	0.0000525082	0.000000010776
11	35502605	37116814	737	40	-0.0000271645	0.000000009765
11	37116815	39382002	416	40	0.0000473030	0.000000006221
11	39382003	42310002	914	40	0.0000244331	0.000000010420
11	42310003	44693798	961	40	0.0000063108	0.000000010190
11	44693799	47006136	706	40	0.0000196186	0.000000010359
11	47006137	49866049	471	25	0.0001430116	0.000000006627
11	49866050	54695472	129	7	0.0000300091	0.000000001380
11	54695473	55082656	6	3	0.0000047362	0.000000000180
11	55082657	58457494	1050	40	-0.0000192735	0.000000009399
11	58457495	58780548	67	6	-0.0000081555	0.000000000777
11	58780549	62223770	984	40	0.0000095893	0.000000010232
11	62223771	63804568	305	38	0.0000517359	0.000000005028
11	63804569	65898630	491	40	0.0000867724	0.000000008599
11	65898631	68005824	316	35	0.0000418191	0.000000004963
11	68005825	69516129	458	40	-0.0000086647	0.000000006883
11	69516130	70926291	458	40	-0.0000029002	0.000000007947
11	70926292	72286016	304	36	0.0000041826	0.000000004023
11	72286017	74412350	595	40	0.0000232907	0.000000008461
11	74412351	76797208	757	40	0.0000266016	0.000000010447
11	76797209	78355057	414	36	0.0000325851	0.000000005752
11	78355058	80722372	1056	40	0.0000491647	0.000000010734
11	80722373	81266711	258	38	-0.0000050325	0.000000004108
11	81266712	84381271	1155	40	-0.0000140811	0.000000009931
11	84381272	86619300	770	40	0.0000148783	0.000000010278
11	86619301	87430234	307	36	0.0000524896	0.000000004857
11	87430235	89208935	559	40	0.0001440731	0.000000010864
11	89208936	90966489	377	34	0.0000370008	0.000000005204
11	90966490	92077143	345	38	-0.0000179567	0.000000004870
11	92077144	93276156	395	40	0.0000448925	0.000000006110
11	93276157	94242259	268	26	0.0000380166	0.000000003990
11	94242260	95726040	591	40	0.0001270848	0.000000010871
11	95726041	97057057	497	40	0.0000497595	0.000000008938
11	97057058	98705064	552	40	0.0000439349	0.000000009877
11	98705065	100417168	759	40	0.0000094130	0.000000010229
11	100417169	101331120	404	40	0.0000329129	0.000000006280
11	101331121	103959635	1076	40	-0.0000280132	0.000000009754
11	103959636	104873283	283	23	0.0000478453	0.000000003491
11	104873284	106520893	466	40	0.0000690442	0.000000007021
11	106520894	107844199	465	40	-0.0000412858	0.000000006712
11	107844200	108437036	134	11	0.0000168197	0.000000001794
11	108437037	109866115	342	39	0.0000369090	0.000000005706
11	109866116	111114396	486	40	-0.0000005692	0.000000006764
11	111114397	112459487	380	38	-0.0000214611	0.000000004987
11	112459488	114257727	782	40	0.0000233281	0.000000010406
11	114257728	114830665	224	27	0.0000471789	0.000000003844
11	114830666	116383347	649	40	0.0000535614	0.000000010790
11	116383348	117747109	598	40	0.0000645913	0.000000010930
11	117747110	119215475	515	40	0.0000306333	0.000000008473
11	119215476	120766805	622	40	0.0000175863	0.000000010333
11	120766806	121175942	199	23	0.0000052660	0.000000003053
11	121175943	122591909	465	40	-0.0000255559	0.000000007578
11	122591910	123500116	416	40	-0.0000078281	0.000000007197
11	123500117	124495527	477	40	-0.0000005240	0.000000005736
11	124495528	126311319	796	40	0.0000389124	0.000000010604
11	126311320	127316678	559	40	0.0000299892	0.000000008627
11	127316679	128188536	306	40	0.0000294018	0.000000005087
11	128188537	130342574	850	40	0.0000299481	0.000000010490
11	130342575	131074611	366	40	0.0000423848	0.000000006703
11	131074612	133000045	1094	40	0.0001057484	0.000000011452
11	133000046	134205992	542	40	-0.0000262521	0.000000009473
11	134205993	134946451	398	40	0.0000505334	0.000000007513
12	61107	1080330	307	40	0.0000312867	0.000000005857
12	1080331	2544785	489	40	-0.0000038738	0.000000008056
12	2544786	3677036	507	40	-0.0000219155	0.000000008677
12	3677037	4417678	389	40	-0.0000187228	0.000000006514
12	4417679	5321471	500	40	-0.0000032708	0.000000008468
12	5321472	6419752	553	40	0.0000250934	0.000000009577
12	6419753	8377535	519	40	0.0000241530	0.000000009221
12	8377536	9031394	127	23	0.0000041977	0.000000002316
12	9031395	10481533	532	40	0.0000431115	0.000000008611
12	10481534	11754845	335	40	0.0000479363	0.000000005302
12	11754846	12733527	438	40	0.0000349225	0.000000008487
12	12733528	15241483	1022	40	0.0000583615	0.000000010851
12	15241484	16310459	254	36	-0.0000190353	0.000000003770
12	16310460	18087872	556	40	0.0000334339	0.000000009399
12	18087873	20863942	929	40	0.0000333328	0.000000010533
12	20863943	23820633	1090	40	0.0000435010	0.000000010662
12	23820634	25371082	713	40	-0.0000112269	0.000000009967
12	25371083	27799772	1019	40	0.0000520564	0.000000010771
12	27799773	29651254	693	40	0.0000002244	0.000000009403
12	29651255	30512405	461	40	0.0000366130	0.000000007074
12	30512406	32165591	630	40	0.0000667946	0.000000010532
12	32165592	33076988	378	40	0.0001114371	0.000000007155
12	33076989	37856716	351	24	0.0000573113	0.000000004797
12	37856717	39227168	135	7	0.0000293380	0.000000002113
12	39227169	40816184	496	40	0.0000330554	0.000000006968
12	40816185	41658585	348	36	-0.0000145208	0.000000004129
12	41658586	43984473	896	40	0.0000770492	0.000000011088
12	43984474	46024228	475	40	0.0000854827	0.000000007169
12	46024229	47714792	463	40	0.0000476750	0.000000007315
12	47714793	49001865	539	40	0.0000545439	0.000000008412
12	49001866	51776493	627	40	0.0000981682	0.000000009613
12	51776494	53039003	631	40	0.0000720773	0.000000009565
12	53039004	54778822	584	40	0.0000647266	0.000000009533
12	54778823	55665836	270	35	0.0000020673	0.000000004097
12	55665837	57548859	417	40	0.0000229464	0.000000006134
12	57548860	59308665	462	40	0.0000087831	0.000000006338
12	59308666	61123728	451	40	-0.0000389967	0.000000005551
12	61123729	64032460	945	40	-0.0000359027	0.000000009654
12	64032461	65559694	374	40	0.0000404589	0.000000006396
12	65559695	67181143	514	40	0.0000548718	0.000000008295
12	67181144	67909728	321	40	-0.0000094708	0.000000004172
12	67909729	69826541	812	40	0.0000000297	0.000000010110
12	69826542	70957986	493	40	0.0000839290	0.000000007653
12	70957987	72645074	566	40	0.0000359998	0.000000008379
12	72645075	73818453	301	30	0.0000082675	0.000000004296
12	73818454	76511313	764	40	0.0000380737	0.000000010593
12	76511314	78570569	753	40	0.0000608313	0.000000010882
12	78570570	80448149	404	40	-0.0000161185	0.000000005619
12	80448150	81467766	306	35	0.0001071368	0.000000005609
12	81467767	83502665	559	40	0.0000012095	0.000000007473
12	83502666	84303843	230	27	-0.0000029940	0.000000002627
12	84303844	85990425	391	34	0.0000072739	0.000000004505
12	85990426	89682121	745	40	0.0000637587	0.000000009703
12	89682122	92066154	641	40	-0.0000041223	0.000000007547
12	92066155	94514566	905	40	0.0000427118	0.000000010652
12	94514567	96020784	691	40	0.0000442309	0.000000010671
12	96020785	97108838	452	40	0.0000259348	0.000000007544
12	97108839	99305986	919	40	-0.0000181893	0.000000009879
12	99305987	101447640	650	40	0.0000488085	0.000000010405
12	101447641	101862689	148	16	0.0000070072	0.000000002332
12	101862690	102964985	334	40	0.0000072299	0.000000005411
12	102964986	104848695	758	40	0.0000177754	0.000000010335
12	104848696	106436212	845	40	0.0000312424	0.000000010506
12	106436213	106958747	233	34	0.0000226293	0.000000004016
12	106958748	109025900	736	40	0.0000221925	0.000000010290
12	109025901	110336718	399	40	0.0000403607	0.000000006455
12	110336719	113263517	462	40	0.0000498461	0.000000006596
12	113263518	113986708	216	28	0.0000371681	0.000000003818
12	113986709	115036601	538	40	0.0000281427	0.000000008583
12	115036602	115503215	195	36	0.0000399006	0.000000003893
12	115503216	117087470	745	40	0.0000386320	0.000000010600
12	117087471	118135374	461	40	0.0000714444	0.000000008829
12	118135375	119754109	684	40	0.0001292749	0.000000011750
12	119754110	122007650	670	40	0.0000064569	0.000000009888
12	122007651	124977979	695	40	0.0000535959	0.000000010689
12	124977980	126445504	624	40	0.0000689690	0.000000010985
12	126445505	127875097	640	40	-0.0000278638	0.000000009371
12	127875098	129237296	699	40	0.0000227434	0.000000010398
12	129237297	130377920	680	40	0.0000323668	0.000000010521
12	130377921	131786750	737	40	0.0000005676	0.000000010117
12	131786751	132807033	288	40	0.0000303759	0.000000004939
12	132807034	133841510	169	25	0.0000206767	0.000000002967
13	19020013	20686719	290	36	0.0000589284	0.000000005079
13	20686720	22242173	585	40	0.0000448767	0.000000009666
13	22242174	23594701	674	40	-0.0000265485	0.000000009773
13	23594702	24531936	507	40	0.0000744500	0.000000009170
13	24531937	25784361	642	40	0.0000219999	0.000000010389
13	25784362	27284361	541	40	-0.0000148497	0.000000007937
13	27284362	29257550	850	40	0.0000471780	0.000000010709
13	29257551	30483266	502	40	0.0000084451	0.000000007686
13	30483267	32301814	775	40	-0.0000040964	0.000000010058
13	32301815	33776902	580	40	-0.0000066225	0.000000008223
13	33776903	35026463	454	40	0.0000177418	0.000000007218
13	35026464	36046366	221	30	0.0000578048	0.000000004361
13	36046367	37498184	645	40	-0.0000034223	0.000000010066
13	37498185	38878162	539	40	0.0001159261	0.000000008524
13	38878163	41069262	871	40	0.0000248003	0.000000010425
13	41069263	43101026	629	40	0.0000669897	0.000000009602
13	43101027	44901408	803	40	-0.0000036847	0.000000010063
13	44901409	46495213	524	40	0.0000235829	0.000000008545
13	46495214	47431078	361	40	0.0000067113	0.000000005485
13	47431079	49383961	614	40	0.0000420525	0.000000009488
13	49383962	51591090	739	40	0.0000506943	0.000000010753
13	51591091	53339621	450	40	0.0001054325	0.000000008411
13	53339622	54682863	522	40	0.0000944060	0.000000009201
13	54682864	55817130	319	36	0.0000130652	0.000000004377
13	55817131	57554216	296	22	0.0000176584	0.000000003370
13	57554217	58410625	205	21	0.0000153919	0.000000002579
13	58410626	59302270	215	22	-0.0000167051	0.000000002433
13	59302271	60854777	551	40	0.0000481716	0.000000008473
13	60854778	61591948	284	35	-0.0000249767	0.000000003896
13	61591949	63971558	631	40	-0.0000260321	0.000000008888
13	63971559	65200601	302	31	-0.0000026680	0.000000003454
13	65200602	67844452	782	40	0.0000564869	0.000000010827
13	67844453	70724515	883	40	0.0000792858	0.000000011116
13	70724516	71526790	317	40	0.0000299291	0.000000005477
13	71526791	73934088	842	40	0.0000665959	0.000000010955
13	73934089	75670142	732	40	0.0000266331	0.000000010448
13	75670143	77410554	784	40	0.0000686527	0.000000010981
13	77410555	78808812	434	40	0.0000048895	0.000000005885
13	78808813	80585675	573	40	0.0001306588	0.000000009782
13	80585676	82581813	606	40	0.0000655744	0.000000009949
13	82581814	84133143	392	35	0.0000806292	0.000000005253
13	84133144	85610915	409	40	0.0000391181	0.000000006178
13	85610916	88559881	751	40	0.0000331172	0.000000010125
13	88559882	90521310	466	40	0.0000624480	0.000000006695
13	90521311	93129690	856	40	-0.0000246442	0.000000009797
13	93129691	93586454	121	16	-0.0000072259	0.000000001971
13	93586455	96087557	1201	40	-0.0000066688	0.000000010025
13	96087558	97519209	357	38	0.0001016797	0.000000006829
13	97519210	98938918	433	40	0.0000420049	0.000000008031
13	98938919	100574094	788	40	0.0000553925	0.000000010813
13	100574095	102300522	767	40	0.0000538260	0.000000010793
13	102300523	104066709	924	40	0.0000215760	0.000000010384
13	104066710	104844113	309	40	0.0000262620	0.000000005229
13	104844114	106247553	624	40	0.0001099020	0.000000011505
13	106247554	106749999	273	40	0.0000652882	0.000000005160
13	106750000	108189876	614	40	-0.0000155138	0.000000009913
13	108189877	109121209	435	40	0.0000298044	0.000000007775
13	109121210	109815111	327	40	0.0000054935	0.000000005469
13	109815112	111232072	755	40	0.0001000280	0.000000011379
13	111232073	112247591	458	40	0.0000494893	0.000000008247
13	112247592	113572487	459	40	0.0000020738	0.000000007929
13	113572488	115109852	360	40	0.0000301904	0.000000006105
14	19002084	21589401	591	40	0.0000145327	0.000000010294
14	21589402	23018664	708	40	-0.0000131746	0.000000009943
14	23018665	24905122	711	40	-0.0000033661	0.000000010067
14	24905123	26135685	556	40	-0.0000035903	0.000000007493
14	26135686	28466532	694	40	0.0000259030	0.000000010439
14	28466533	29972144	379	40	0.0000062987	0.000000005883
14	29972145	32383264	589	40	0.0000391576	0.000000009978
14	32383265	34846250	1260	40	0.0000548082	0.000000010805
14	34846251	35859592	245	29	-0.0000141804	0.000000003570
14	35859593	38667724	874	40	0.0000428354	0.000000010653
14	38667725	40341989	539	40	0.0001074270	0.000000009103
14	40341990	41615501	347	32	0.0000498769	0.000000004723
14	41615502	43137388	414	36	0.0001593591	0.000000007560
14	43137389	44543226	356	40	-0.0000204153	0.000000005524
14	44543227	46081895	380	40	-0.0000007518	0.000000005370
14	46081896	46749129	188	16	0.0000186555	0.000000002259
14	46749130	48573585	584	40	0.0001189430	0.000000010464
14	48573586	49005470	112	13	-0.0000149341	0.000000001352
14	49005471	50507759	463	40	0.0000381582	0.000000007881
14	50507760	51493571	367	40	-0.0000548145	0.000000005310
14	51493572	53474382	851	40	0.0000037289	0.000000010157
14	53474383	53997830	175	19	-0.0000109723	0.000000002405
14	53997831	55233680	448	40	0.0000383093	0.000000008065
14	55233681	56216879	292	27	0.0000275138	0.000000004440
14	56216880	57481261	663	40	0.0000558584	0.000000010819
14	57481262	59448335	707	40	0.0000334426	0.000000010534
14	59448336	61680423	609	40	0.0000762447	0.000000008950
14	61680424	63790014	807	40	0.0000106135	0.000000010245
14	63790015	65220297	350	34	-0.0000012348	0.000000005344
14	65220298	66399554	406	40	0.0000463374	0.000000006793
14	66399555	67992316	400	33	0.0000993691	0.000000005571
14	67992317	71131956	1238	40	0.0000272620	0.000000010456
14	71131957	72889614	681	40	0.0000827147	0.000000011119
14	72889615	76444766	1153	40	0.0001634793	0.000000012185
14	76444767	77229471	354	40	0.0000189686	0.000000006124
14	77229472	78561944	640	40	0.0000832345	0.000000011004
14	78561945	80186578	610	40	-0.0000119701	0.000000009350
14	80186579	81579713	508	40	0.0000660677	0.000000008579
14	81579714	83138096	474	40	0.0000833816	0.000000008172
14	83138097	84241632	378	40	0.0000327853	0.000000006158
14	84241633	85746318	467	40	0.0000822784	0.000000008562
14	85746319	86647001	305	36	-0.0000237245	0.000000004495
14	86647002	87635340	305	40	0.0000528645	0.000000005526
14	87635341	89497642	606	40	0.0000159833	0.000000008328
14	89497643	91296859	697	40	0.0000636888	0.000000010918
14	91296860	93132298	672	40	0.0000191877	0.000000010353
14	93132299	94325284	411	40	0.0001277236	0.000000007906
14	94325285	95750866	873	40	0.0000018992	0.000000010134
14	95750867	96262414	379	40	0.0000056808	0.000000006076
14	96262415	98341161	848	40	0.0000399262	0.000000010617
14	98341162	99138531	369	40	0.0000807729	0.000000006363
14	99138532	101534306	899	40	0.0000269963	0.000000010452
14	101534307	103012101	432	40	0.0000545256	0.000000007947
14	103012102	105001722	474	40	0.0000011148	0.000000007230
14	105001723	106340357	159	28	-0.0000008417	0.000000002774
14	106340358	107289453	38	5	0.0000219029	0.000000000937
15	20001200	21131603	5	2	-0.0000040994	0.000000000048
15	21131604	24195126	306	40	0.0000426871	0.000000006102
15	24195127	25108589	193	28	0.0000221450	0.000000003427
15	25108590	27298111	868	40	0.0000465557	0.000000010701
15	27298112	29338501	477	40	0.0000428148	0.000000008446
15	29338502	30165567	294	40	0.0000129164	0.000000005020
15	30165568	31591820	298	40	-0.0000158194	0.000000004917
15	31591821	32441810	259	37	0.0000606576	0.000000004859
15	32441811	34015424	732	40	0.0000018249	0.000000010133
15	34015425	35083250	403	40	0.0000404347	0.000000007062
15	35083251	37456501	929	40	0.0000159016	0.000000010312
15	37456502	38530776	348	40	-0.0000376715	0.000000005386
15	38530777	40384131	779	40	0.0000381006	0.000000010593
15	40384132	41177513	234	28	0.0000331641	0.000000004169
15	41177514	42776398	429	40	0.0000151088	0.000000006842
15	42776399	44198048	272	17	-0.0000253857	0.000000002825
15	44198049	46618786	496	40	0.0000483500	0.000000007485
15	46618787	48136047	582	40	0.0001090850	0.000000009853
15	48136048	50008042	446	40	0.0000328294	0.000000006420
15	50008043	51677559	609	40	0.0000344872	0.000000008603
15	51677560	53069095	400	39	0.0000231839	0.000000005573
15	53069096	54508527	632	40	-0.0000079453	0.000000009543
15	54508528	55136268	253	32	0.0000039050	0.000000004684
15	55136269	56901772	536	40	0.0000553262	0.000000009738
15	56901773	58441365	625	40	0.0000275619	0.000000010460
15	58441366	59694115	511	40	0.0000384601	0.000000009888
15	59694116	61265835	667	40	0.0000240750	0.000000010415
15	61265836	63215221	911	40	0.0000415911	0.000000010638
15	63215222	65104667	487	40	0.0000782274	0.000000008308
15	65104668	67094766	616	40	-0.0000048863	0.000000010007
15	67094767	69017998	743	40	0.0000143483	0.000000010292
15	69017999	70133340	298	40	0.0000337791	0.000000005364
15	70133341	71922648	704	40	-0.0000035587	0.000000010065
15	71922649	73628713	364	32	0.0000384652	0.000000005162
15	73628714	76398623	595	40	0.0000884426	0.000000010766
15	76398624	78516052	527	40	0.0000475497	0.000000007556
15	78516053	80860977	985	40	0.0000314008	0.000000010508
15	80860978	84260467	909	40	0.0000264057	0.000000010445
15	84260468	86652904	771	40	0.0000654296	0.000000010940
15	86652905	88369942	764	40	-0.0000031714	0.000000010070
15	88369943	90475550	722	40	0.0000145103	0.000000010294
15	90475551	92164391	624	40	0.0000313961	0.000000010508
15	92164392	93780901	817	40	0.0000011716	0.000000010125
15	93780902	94924329	578	40	0.0000290143	0.000000010478
15	94924330	96141595	584	40	0.0000207811	0.000000010374
15	96141596	98030909	748	40	0.0000253517	0.000000010432
15	98030910	99244058	569	40	0.0000150426	0.000000010301
15	99244059	100636846	546	40	0.0000389721	0.000000010300
15	100636847	101552693	405	40	-0.0000123271	0.000000007059
15	101552694	102520965	442	40	-0.0000025404	0.000000008133
16	60054	1207205	301	40	-0.0000059536	0.000000005566
16	1207206	2764828	370	40	0.0001209047	0.000000007819
16	2764829	4001195	300	40	-0.0000172549	0.000000005403
16	4001196	5118344	377	40	-0.0000152470	0.000000006982
16	5118345	5891579	347	40	0.0000181888	0.000000006780
16	5891580	6893550	702	40	0.0000260501	0.000000010440
16	6893551	7529120	481	40	0.0000722896	0.000000009892
16	7529121	8338518	537	40	0.0000432209	0.000000010354
16	8338519	9799418	705	40	0.0000669515	0.000000010960
16	9799419	10426031	371	39	0.0000785633	0.000000006940
16	10426032	11520160	445	40	0.0000139847	0.000000008302
16	11520161	12613097	397	40	0.0000674473	0.000000008333
16	12613098	13154436	307	40	0.0001091481	0.000000006480
16	13154437	14464001	554	40	0.0000426905	0.000000009800
16	14464002	16154059	317	40	-0.0000323030	0.000000004870
16	16154060	17644748	396	40	-0.0000141532	0.000000006693
16	17644749	18643606	175	28	0.0000156004	0.000000003324
16	18643607	20150570	425	40	0.0000594608	0.000000007303
16	20150571	22448903	434	40	0.0000663433	0.000000007027
16	22448904	24136874	515	40	0.0000133762	0.000000008355
16	24136875	25986861	748	40	0.0000397702	0.000000010615
16	25986862	27445754	645	40	-0.0000082198	0.000000010006
16	27445755	29036612	337	40	0.0000420125	0.000000005267
16	29036613	31382942	267	33	0.0001583531	0.000000006318
16	31382943	46399472	121	16	0.0000243869	0.000000002211
16	46399473	49007925	299	33	0.0000549808	0.000000004647
16	49007926	52035822	1078	40	0.0000410885	0.000000010631
16	52035823	53382571	454	40	0.0000895971	0.000000007382
16	53382572	55903773	1190	40	0.0000412332	0.000000010633
16	55903774	57664329	636	40	0.0000839321	0.000000011175
16	57664330	59045404	509	40	0.0000796105	0.000000009803
16	59045405	60745693	495	40	0.0001053226	0.000000009360
16	60745694	62229848	360	40	0.0000275481	0.000000005265
16	62229849	63691588	442	40	0.0000800811	0.000000008130
16	63691589	65938565	806	40	-0.0000044397	0.000000010054
16	65938566	68841362	674	40	0.0001279346	0.000000011328
16	68841363	71054027	383	40	0.0000440489	0.000000006583
16	71054028	72935149	452	38	0.0000399454	0.000000007257
16	72935150	74971502	788	40	0.0000994008	0.000000011371
16	74971503	75977953	226	30	0.0000361366	0.000000004267
16	75977954	77523677	682	40	0.0000591015	0.000000010860
16	77523678	78456291	643	40	0.0000215453	0.000000010383
16	78456292	79134814	568	40	-0.0000240586	0.000000009805
16	79134815	80297373	783	40	-0.0000200904	0.000000009855
16	80297374	81772535	790	40	0.0000213211	0.000000010380
16	81772536	82747727	585	40	0.0001322347	0.000000011788
16	82747728	83477207	603	40	0.0000315422	0.000000010510
16	83477208	84445882	719	40	0.0000118049	0.000000010260
16	84445883	85148684	463	40	0.0000307036	0.000000009344
16	85148685	86156598	485	40	0.0000048279	0.000000009482
16	86156599	86815410	532	40	-0.0000220791	0.000000009830
16	86815411	87647348	363	40	-0.0000152762	0.000000006800
16	87647349	89041164	366	40	0.0000034964	0.000000007017
16	89041165	90292811	312	34	0.0001066374	0.000000007013
17	56	1172398	318	40	-0.0000045856	0.000000005946
17	1172399	1928730	258	40	0.0000909797	0.000000005646
17	1928731	3702311	645	40	0.0000391000	0.000000010606
17	3702312	4696260	367	40	-0.0000216729	0.000000005871
17	4696261	5741333	391	40	0.0000230458	0.000000006579
17	5741334	7317397	632	40	0.0000089036	0.000000010223
17	7317398	8306424	316	40	0.0000213519	0.000000005952
17	8306425	9965920	656	40	-0.0000258040	0.000000009782
17	9965921	11102814	479	40	0.0000154686	0.000000008079
17	11102815	12534768	563	40	0.0000370592	0.000000010317
17	12534769	13180371	300	40	0.0000458754	0.000000005961
17	13180372	13894636	370	40	0.0000205856	0.000000006992
17	13894637	15019096	606	40	-0.0000209547	0.000000009844
17	15019097	16412341	320	40	0.0000168304	0.000000005492
17	16412342	18856319	563	40	0.0000520784	0.000000008785
17	18856320	21290356	381	40	0.0000377942	0.000000006342
17	21290357	27334243	507	40	-0.0000089182	0.000000008133
17	27334244	29786490	500	39	0.0000206622	0.000000005883
17	29786491	31538424	546	40	-0.0000113203	0.000000008750
17	31538425	32912797	827	40	0.0000475216	0.000000010713
17	32912798	34469035	516	40	0.0000320678	0.000000008410
17	34469036	36809343	511	40	0.0000344591	0.000000008764
17	36809344	38877403	448	40	0.0000368312	0.000000007238
17	38877404	39899809	324	34	0.0000038526	0.000000004060
17	39899810	41772086	376	39	-0.0000089083	0.000000004522
17	41772087	43056904	341	38	-0.0000035366	0.000000004690
17	43056905	45876021	379	40	0.0000430782	0.000000005885
17	45876022	47517399	536	40	0.0000383928	0.000000007904
17	47517400	49898956	772	40	0.0000063783	0.000000010191
17	49898957	50719054	285	27	0.0000391589	0.000000004527
17	50719055	51826117	308	34	0.0000226305	0.000000004358
17	51826118	53599431	611	40	0.0000494026	0.000000010129
17	53599432	55357540	616	40	0.0000085488	0.000000009529
17	55357541	57487511	683	40	0.0000346068	0.000000010549
17	57487512	59312754	245	23	0.0000276241	0.000000003155
17	59312755	61545588	444	40	0.0000392497	0.000000007471
17	61545589	63148127	306	37	-0.0000164286	0.000000003903
17	63148128	64800429	631	40	0.0000484952	0.000000009935
17	64800430	67858769	944	40	-0.0000138782	0.000000009934
17	67858770	69387816	648	40	-0.0000034688	0.000000009600
17	69387817	72672202	1442	40	-0.0000155325	0.000000009913
17	72672203	74375559	411	40	0.0000082061	0.000000007017
17	74375560	76263412	743	40	0.0000073168	0.000000010203
17	76263413	77298635	476	40	0.0000467863	0.000000009771
17	77298636	78837587	561	40	0.0000624565	0.000000010497
17	78837588	80034407	239	40	0.0000913299	0.000000005489
17	80034408	81194907	310	35	0.0000556519	0.000000005400
18	10644	912485	405	40	0.0000160795	0.000000007197
18	912486	1942910	366	40	0.0000249422	0.000000005696
18	1942911	3891657	777	40	-0.0000031386	0.000000010070
18	3891658	5834179	786	40	0.0000504706	0.000000010750
18	5834180	7090484	578	40	0.0000832169	0.000000010781
18	7090485	8498930	581	40	0.0000854027	0.000000010788
18	8498931	11075912	1266	40	-0.0000214847	0.000000009837
18	11075913	11905439	264	40	0.0000562021	0.000000005246
18	11905440	14440798	750	40	0.0000077444	0.000000010208
18	14440799	19485843	158	17	0.0000317818	0.000000002525
18	19485844	20649471	300	36	0.0000018299	0.000000004577
18	20649472	22996650	822	40	0.0000397518	0.000000010614
18	22996651	24026190	313	35	0.0000307783	0.000000005548
18	24026191	25927681	784	40	-0.0000022957	0.000000010081
18	25927682	26875586	246	26	0.0000629442	0.000000004265
18	26875587	27866477	269	27	0.0000253891	0.000000003950
18	27866478	30264065	881	40	-0.0000524284	0.000000009444
18	30264066	31780066	343	36	0.0001096291	0.000000006164
18	31780067	33861963	612	40	0.0001085219	0.000000009866
18	33861964	35075249	480	40	0.0000267659	0.000000007817
18	35075250	36365489	490	40	-0.0000229609	0.000000006137
18	36365490	37684366	350	33	-0.0000161447	0.000000004289
18	37684367	39892647	773	40	0.0000358609	0.000000010342
18	39892648	42922105	929	40	0.0000119745	0.000000010262
18	42922106	44299245	691	40	0.0000545892	0.000000010803
18	44299246	45939731	595	40	-0.0000038471	0.000000009352
18	45939732	47730583	783	40	0.0000325112	0.000000010522
18	47730584	51062184	1188	40	0.0000837558	0.000000011173
18	51062185	51554174	174	15	0.0000534081	0.000000002959
18	51554175	55213837	1112	40	0.0001666137	0.000000012224
18	55213838	56530219	610	40	-0.0000290845	0.000000009599
18	56530220	57630482	586	40	0.0000015318	0.000000010028
18	57630483	59020750	436	40	0.0000202309	0.000000007149
18	59020751	60277714	544	40	0.0000161295	0.000000008512
18	60277715	61820251	580	40	-0.0000094417	0.000000008248
18	61820252	63463401	516	40	0.0000203047	0.000000007513
18	63463402	64252800	240	22	0.0000172052	0.000000003425
18	64252801	66125816	726	40	0.0000126485	0.000000010270
18	66125817	67175819	326	40	-0.0000165031	0.000000005271
18	67175820	68621178	465	40	0.0000490832	0.000000008606
18	68621179	69621617	383	40	0.0000753946	0.000000007101
18	69621618	71038473	563	40	0.0000731638	0.000000010025
18	71038474	71971461	493	40	0.0000656730	0.000000009666
18	71971462	73526986	669	40	-0.0000032978	0.000000010068
18	73526987	74813814	595	40	0.0000680911	0.000000010974
18	74813815	75976316	591	40	-0.0000108846	0.000000009810
18	75976317	77149990	412	40	0.0000509781	0.000000006711
18	77149991	78017157	267	39	-0.0000054950	0.000000004283
19	80840	610728	102	25	0.0000154360	0.000000002118
19	610729	2098395	318	40	0.0000291213	0.000000006555
19	2098396	3019659	244	40	0.0000534951	0.000000005312
19	3019660	4348966	327	40	-0.0000191146	0.000000005964
19	4348967	5811851	407	40	-0.0000335647	0.000000007174
19	5811852	6684884	215	40	0.0000145855	0.000000004095
19	6684885	8347512	542	40	0.0000007166	0.000000009551
19	8347513	9238392	267	40	0.0000664669	0.000000004551
19	9238393	11284027	501	40	0.0000038283	0.000000007446
19	11284028	13471126	418	40	0.0000074813	0.000000006886
19	13471127	14486346	207	40	0.0000296167	0.000000003944
19	14486347	15648609	370	40	0.0000504498	0.000000006724
19	15648610	16374415	362	40	0.0000605181	0.000000005502
19	16374416	18409861	563	40	-0.0000403017	0.000000009456
19	18409862	19877470	329	40	0.0000406144	0.000000005793
19	19877471	20905756	133	20	0.0000185390	0.000000002518
19	20905757	22732895	311	37	0.0000117312	0.000000004300
19	22732896	23467745	128	13	0.0000259928	0.000000002051
19	23467746	28557892	275	27	-0.0000439336	0.000000002912
19	28557893	29790946	467	40	-0.0000142305	0.000000007015
19	29790947	30727953	332	40	0.0001046751	0.000000006787
19	30727954	32746519	646	40	0.0000411203	0.000000010632
19	32746520	34262951	511	40	-0.0000233813	0.000000007950
19	34262952	36469294	665	40	0.0000012415	0.000000010126
19	36469295	37527032	232	20	0.0000584378	0.000000003525
19	37527033	40170618	637	40	0.0000650872	0.000000010307
19	40170619	40984600	187	25	0.0000287173	0.000000003229
19	40984601	42131572	300	40	0.0001031970	0.000000006284
19	42131573	43862454	167	22	0.0000365231	0.000000003007
19	43862455	44744107	300	40	-0.0000020238	0.000000004367
19	44744108	46102696	368	40	0.0000969155	0.000000007636
19	46102697	47150081	292	40	0.0000733057	0.000000006006
19	47150082	49282226	602	40	-0.0000264971	0.000000009388
19	49282227	51532566	646	40	0.0000167087	0.000000010322
19	51532567	52985289	648	40	-0.0000227553	0.000000009821
19	52985290	54602361	514	40	-0.0000028117	0.000000009324
19	54602362	55728079	379	40	0.0000016145	0.000000006771
19	55728080	57521334	688	40	0.0001132911	0.000000011548
19	57521335	59118838	543	40	0.0000753450	0.000000009749
20	60479	697599	271	40	-0.0000353430	0.000000004408
20	697600	2469500	1016	40	-0.0000158156	0.000000009909
20	2469501	3828412	501	40	0.0000649967	0.000000009152
20	3828413	5477849	807	40	-0.0000119128	0.000000009959
20	5477850	7084072	741	40	-0.0000247421	0.000000009796
20	7084073	8117010	409	40	0.0000229973	0.000000006054
20	8117011	9730920	776	40	0.0000264004	0.000000010445
20	9730921	11249535	734	40	-0.0000194100	0.000000009864
20	11249536	12447498	501	40	0.0000106919	0.000000007189
20	12447499	13689863	550	40	-0.0000229065	0.000000008259
20	13689864	15958358	991	40	0.0000007628	0.000000010120
20	15958359	17487231	943	40	0.0000238417	0.000000010412
20	17487232	18972202	617	40	0.0000311471	0.000000010039
20	18972203	20959709	892	40	0.0000141631	0.000000010290
20	20959710	22491455	407	39	0.0000619835	0.000000005923
20	22491456	23293789	360	40	-0.0000205533	0.000000005099
20	23293790	24717723	528	40	0.0000003891	0.000000007786
20	24717724	25344230	222	22	0.0000392376	0.000000003302
20	25344231	31614822	593	40	0.0002204576	0.000000010334
20	31614823	32813440	293	29	-0.0000179931	0.000000003944
20	32813441	34960445	462	32	-0.0000353300	0.000000004408
20	34960446	36909529	492	40	0.0000070759	0.000000006841
20	36909530	38436760	510	40	0.0000217923	0.000000007431
20	38436761	39610855	467	40	0.0000004572	0.000000007686
20	39610856	40585688	288	33	0.0000100443	0.000000004500
20	40585689	41615459	583	40	0.0000622322	0.000000010819
20	41615460	42680175	396	40	-0.0000143624	0.000000006428
20	42680176	44839055	784	40	0.0000958950	0.000000011327
20	44839056	47199979	1037	40	0.0000398366	0.000000010615
20	47199980	49239657	762	40	0.0001645502	0.000000012198
20	49239658	52472548	1351	40	0.0000724664	0.000000011030
20	52472549	54055265	622	40	0.0000153313	0.000000010304
20	54055266	56447958	1149	40	0.0000401370	0.000000010619
20	56447959	58406571	890	40	0.0000121816	0.000000010264
20	58406572	59561723	549	40	-0.0000129706	0.000000008568
20	59561724	61301854	768	40	0.0000455223	0.000000010688
20	61301855	62190179	301	40	0.0000539481	0.000000006103
20	62190180	62965162	237	39	0.0001107375	0.000000005433
21	9411243	15950981	280	40	0.0000080783	0.000000004797
21	15950982	18053164	665	40	0.0000433706	0.000000010660
21	18053165	19480374	438	40	0.0000325368	0.000000008073
21	19480375	20962338	608	40	-0.0000159728	0.000000009907
21	20962339	22072763	357	40	0.0001192448	0.000000007435
21	22072764	23362874	526	40	-0.0000044695	0.000000007987
21	23362875	24696230	354	40	0.0000282596	0.000000005879
21	24696231	26469121	649	40	0.0000770117	0.000000010925
21	26469122	27271018	221	25	-0.0000052833	0.000000003461
21	27271019	29125225	875	40	0.0000616145	0.000000010892
21	29125226	31197024	691	40	0.0000387657	0.000000009710
21	31197025	32668641	453	40	0.0000228562	0.000000005992
21	32668642	34376998	663	40	0.0000072195	0.000000010201
21	34376999	35225464	287	40	0.0000367943	0.000000005382
21	35225465	36524372	568	40	0.0000476280	0.000000010714
21	36524373	37870778	536	40	0.0000326445	0.000000008579
21	37870779	38711703	315	39	0.0001484075	0.000000006233
21	38711704	40482901	843	40	0.0000302791	0.000000010494
21	40482902	41389526	500	40	0.0001236281	0.000000008722
21	41389527	43321527	1004	40	0.0000153552	0.000000010305
21	43321528	44506267	693	40	-0.0000037864	0.000000010062
21	44506268	46177104	570	40	-0.0000150438	0.000000009838
21	46177105	47492225	506	40	0.0000128208	0.000000008591
21	47492226	48119751	242	26	0.0000272447	0.000000004054
22	16050408	17674294	214	38	0.0000114371	0.000000004035
22	17674295	18296087	265	40	-0.0000095109	0.000000004474
22	18296088	19912357	539	40	0.0000218246	0.000000009009
22	19912358	22357324	597	40	-0.0000033197	0.000000008690
22	22357325	23712646	333	40	-0.0000043673	0.000000005304
22	23712647	24984203	361	40	0.0000544544	0.000000005707
22	24984204	26791627	751	40	0.0000228988	0.000000010400
22	26791628	27834751	738	40	-0.0000023722	0.000000010080
22	27834752	29651798	575	40	0.0000692907	0.000000010868
22	29651799	31439917	549	40	0.0000819940	0.000000008861
22	31439918	32664985	356	33	0.0000636543	0.000000006105
22	32664986	34494913	929	40	0.0000293408	0.000000010482
22	34494914	35530984	492	40	0.0000195539	0.000000006797
22	35530985	37570268	842	40	-0.0000044762	0.000000010053
22	37570269	39307893	532	40	0.0000671812	0.000000009969
22	39307894	40545796	337	40	0.0000540283	0.000000006487
22	40545797	42690817	463	34	0.0000017428	0.000000005785
22	42690818	43714199	405	40	0.0000044660	0.000000006808
22	43714200	44995307	709	40	0.0000096877	0.000000010233
22	44995308	46470494	622	40	0.0000725899	0.000000011031
22	46470495	47596317	454	40	0.0000702826	0.000000008814
22	47596318	48903702	741	40	-0.0000290004	0.000000009742
22	48903703	49824533	614	40	-0.0000305675	0.000000009722
22	49824534	51243297	396	40	0.0000467394	0.000000007364
