chr	start	end	num_snp	k	local_h2g	var
1	10583	1892606	92	17	0.0001128451	0.000000011950
1	1892607	3582735	405	29	0.0002853827	0.000000043529
1	3582736	4380810	261	29	0.0002888837	0.000000029686
1	4380811	5913892	860	29	0.0001665424	0.000000052570
1	5913893	7247334	410	29	0.0000156766	0.000000030298
1	7247335	9365198	675	29	0.0001859572	0.000000051281
1	9365199	10806983	337	29	0.0000485633	0.000000022578
1	10806984	11777840	247	29	0.0001924820	0.000000025396
1	11777841	12779465	270	29	0.0002181572	0.000000018410
1	12779466	14891510	605	29	0.0001042464	0.000000050382
1	14891511	16897729	655	29	0.0000756698	0.000000048905
1	16897730	18662898	628	29	0.0001012597	0.000000049076
1	18662899	20469148	681	29	0.0002166021	0.000000053638
1	20469149	21736587	449	29	0.0002607491	0.000000038845
1	21736588	23086882	504	29	0.0002540060	0.000000046865
1	23086883	23920589	214	27	0.0001938945	0.000000018707
1	23920590	25516844	497	29	0.0001295080	0.000000042282
1	25516845	27401866	385	29	0.0005821880	0.000000036278
1	27401867	30161880	524	29	0.0004469193	0.000000046702
1	30161881	32438684	903	29	0.0002063022	0.000000053141
1	32438685	34799757	644	29	0.0002053225	0.000000052975
1	34799758	37549182	521	29	0.0000564057	0.000000037926
1	37549183	38731846	358	29	0.0000955722	0.000000026820
1	38731847	40200566	424	29	0.0006440513	0.000000045133
1	40200567	41975326	540	29	0.0000599454	0.000000037872
1	41975327	43758456	530	29	0.0000527443	0.000000033894
1	43758457	44969182	350	29	0.0001949427	0.000000027406
1	44969183	46899500	439	29	0.0003448875	0.000000030300
1	46899501	48002575	277	29	0.0002510608	0.000000024465
1	48002576	48978187	339	29	0.0001057297	0.000000028126
1	48978188	49894176	237	28	0.0002702971	0.000000024343
1	49894177	51713725	252	25	0.0000628710	0.000000013683
1	51713726	54226261	546	29	0.0002217975	0.000000042469
1	54226262	56413116	807	29	0.0002095081	0.000000048653
1	56413117	57021727	264	29	0.0000611542	0.000000014653
1	57021728	58865398	825	29	-0.0000403414	0.000000047236
1	58865399	59890408	370	29	0.0001495911	0.000000028035
1	59890409	61922364	659	29	0.0001172457	0.000000049183
1	61922365	63455088	512	29	0.0002537649	0.000000032727
1	63455089	65041703	642	29	0.0001903162	0.000000045463
1	65041704	66939403	636	29	0.0001691324	0.000000045608
1	66939404	68477894	662	29	0.0000841974	0.000000041781
1	68477895	69687615	380	29	0.0002540594	0.000000033746
1	69687616	71372469	504	29	0.0001857369	0.000000039702
1	71372470	71684404	80	10	0.0001294475	0.000000007452
1	71684405	74326906	555	29	0.0001516895	0.000000027512
1	74326907	76728134	708	29	0.0003151937	0.000000045375
1	76728135	79661197	922	29	0.0001094249	0.000000048438
1	79661198	81354190	470	29	-0.0000030079	0.000000032413
1	81354191	83991747	963	29	0.0002313017	0.000000052852
1	83991748	84844494	305	29	0.0001894777	0.000000023943
1	84844495	86454750	632	29	0.0001982703	0.000000047793
1	86454751	88128630	552	29	0.0000512607	0.000000039000
1	88128631	90066302	514	29	0.0000610625	0.000000034513
1	90066303	91886316	552	29	0.0002062917	0.000000042875
1	91886317	93536458	496	29	0.0002206024	0.000000032417
1	93536459	94506190	244	26	0.0003753512	0.000000022907
1	94506191	96150892	637	29	0.0003259810	0.000000052472
1	96150893	97885248	596	29	0.0000383642	0.000000033158
1	97885249	99800603	629	29	0.0000647634	0.000000040696
1	99800604	100826404	329	29	0.0003025087	0.000000027951
1	100826405	102041015	437	29	0.0001535188	0.000000033320
1	102041016	102898744	270	29	0.0000860375	0.000000020899
1	102898745	103914210	195	21	0.0000157961	0.000000011990
1	103914211	106087841	450	29	0.0000332685	0.000000031725
1	106087842	108409664	720	29	0.0002202985	0.000000052922
1	108409665	110303930	546	29	0.0007176012	0.000000038614
1	110303931	111741736	556	29	0.0003138882	0.000000049641
1	111741737	113273305	691	29	0.0001330946	0.000000047993
1	113273306	114873844	496	29	0.0000644819	0.000000035947
1	114873845	115880592	337	29	0.0001824035	0.000000023738
1	115880593	118839066	808	29	0.0003022315	0.000000054885
1	118839067	144977493	553	29	0.0001985824	0.000000029361
1	144977494	148361252	424	29	0.0001684895	0.000000032665
1	148361253	151538880	331	29	0.0000999408	0.000000021577
1	151538881	153180828	449	29	0.0000645032	0.000000027946
1	153180829	154770402	440	29	0.0003658977	0.000000038118
1	154770403	156336132	279	29	0.0004313769	0.000000029839
1	156336133	158027411	575	29	0.0002200770	0.000000047608
1	158027412	159913047	663	29	0.0000620063	0.000000046892
1	159913048	162346720	845	29	0.0001092621	0.000000036538
1	162346721	165191701	1165	29	0.0000472584	0.000000046435
1	165191702	166460516	513	29	0.0001061698	0.000000042159
1	166460517	169086323	1074	29	0.0001518667	0.000000050554
1	169086324	170557775	541	29	0.0000562694	0.000000027957
1	170557776	173097906	882	29	0.0001235544	0.000000044088
1	173097907	175089767	399	29	0.0002554472	0.000000024467
1	175089768	177433380	762	29	0.0000599780	0.000000048206
1	177433381	178944308	483	29	0.0003280588	0.000000031022
1	178944309	178954469	2	1	0.0000430275	0.000000001693
1	178954470	181144120	712	29	0.0001511505	0.000000049085
1	181144121	182755355	577	29	0.0006483159	0.000000059855
1	182755356	184595512	606	29	0.0003806962	0.000000047095
1	184595513	186810022	499	29	0.0000819532	0.000000032726
1	186810023	188759944	610	29	0.0000643754	0.000000040032
1	188759945	189904129	216	17	0.0000610195	0.000000012633
1	189904130	191868929	536	29	0.0002144906	0.000000033814
1	191868930	194107441	576	29	0.0002144240	0.000000042336
1	194107442	196176200	576	29	0.0001960499	0.000000037224
1	196176201	197311513	188	16	0.0000672657	0.000000010857
1	197311514	199239883	499	29	0.0002350437	0.000000038913
1	199239884	200137648	294	29	0.0003025624	0.000000027643
1	200137649	201589974	682	29	0.0002557769	0.000000053885
1	201589975	203334733	588	29	0.0002374959	0.000000050603
1	203334734	204681067	468	29	-0.0000534151	0.000000032406
1	204681068	206073264	559	29	0.0002270883	0.000000044651
1	206073265	208410363	596	29	0.0002487260	0.000000049513
1	208410364	210787749	898	29	0.0001719360	0.000000050508
1	210787750	212842329	684	29	0.0002849441	0.000000052764
1	212842330	214578265	601	29	0.0002931773	0.000000049761
1	214578266	216243633	577	29	0.0001671667	0.000000046456
1	216243634	218705512	1068	29	-0.0000530520	0.000000044293
1	218705513	219590570	277	29	0.0002586884	0.000000022889
1	219590571	221858230	674	29	0.0004499056	0.000000048730
1	221858231	222230219	171	21	0.0001707697	0.000000017747
1	222230220	224938519	447	29	0.0002197606	0.000000035924
1	224938520	226810859	496	29	0.0002158200	0.000000038732
1	226810860	229156247	652	29	0.0002266423	0.000000048135
1	229156248	230685254	512	29	0.0012778568	0.000000059806
1	230685255	232090251	573	29	0.0001457387	0.000000042697
1	232090252	233429283	595	29	0.0001477273	0.000000050646
1	233429284	234599433	516	29	0.0000885748	0.000000042061
1	234599434	235819435	366	29	0.0001732970	0.000000031991
1	235819436	237555627	686	29	0.0002484842	0.000000054747
1	237555628	238567806	417	29	0.0003164238	0.000000041503
1	238567807	239925313	486	29	0.0000764311	0.000000039295
1	239925314	240564090	335	29	-0.0000312595	0.000000024519
1	240564091	241582219	503	29	0.0002429120	0.000000050676
1	241582220	242071601	207	29	0.0003180316	0.000000025610
1	242071602	244109498	599	29	0.0000483146	0.000000046583
1	244109499	245506745	493	29	0.0001533292	0.000000043969
1	245506746	247344517	665	29	0.0002713604	0.000000053410
1	247344518	249239465	384	29	0.0002974734	0.000000037118
2	10133	1781021	646	29	0.0002385331	0.000000041771
2	1781022	3973778	945	29	0.0000362145	0.000000048294
2	3973779	5708336	622	29	0.0000996594	0.000000049193
2	5708337	6836253	557	29	0.0000200535	0.000000039072
2	6836254	8422146	643	29	0.0000770088	0.000000050854
2	8422147	10298468	657	29	0.0000670331	0.000000050041
2	10298469	12419149	948	29	0.0003202810	0.000000055492
2	12419150	14335307	587	29	0.0001206345	0.000000044593
2	14335308	16329734	733	29	0.0000896824	0.000000050128
2	16329735	18647422	853	29	0.0000834311	0.000000049404
2	18647423	19692403	380	29	0.0001806499	0.000000032643
2	19692404	21050489	626	29	0.0007281600	0.000000060720
2	21050490	23341382	622	29	0.0016215477	0.000000072559
2	23341383	24686917	436	29	0.0001996252	0.000000033923
2	24686918	26894984	541	29	0.0001761557	0.000000038484
2	26894985	28598776	406	29	0.0002896599	0.000000016080
2	28598777	29217558	247	29	0.0002021287	0.000000020186
2	29217559	30463710	626	29	0.0000799860	0.000000049204
2	30463711	31550449	521	29	0.0002255620	0.000000047778
2	31550450	33363776	482	29	0.0001460665	0.000000043083
2	33363777	35345027	796	29	0.0000544036	0.000000048386
2	35345028	36122005	289	29	0.0002742199	0.000000027822
2	36122006	38132711	915	29	0.0000368363	0.000000047084
2	38132712	39031336	320	29	0.0001020346	0.000000030002
2	39031337	40281482	299	29	0.0000491311	0.000000024985
2	40281483	43309589	1283	29	0.0000279094	0.000000043088
2	43309590	44313802	395	29	0.0001445711	0.000000019367
2	44313803	46482633	1052	29	0.0001660069	0.000000048194
2	46482634	47318771	408	29	0.0000953647	0.000000038321
2	47318772	48213000	295	29	0.0001852859	0.000000030497
2	48213001	50022256	699	29	0.0002574395	0.000000053693
2	50022257	50818927	341	29	0.0003299720	0.000000034900
2	50818928	52491132	646	29	0.0000434089	0.000000047272
2	52491133	53508451	461	29	0.0001700560	0.000000039944
2	53508452	54685225	427	29	0.0002727833	0.000000040926
2	54685226	56203344	602	29	0.0000854094	0.000000043828
2	56203345	57429099	425	29	0.0002194606	0.000000039207
2	57429100	58297314	270	28	0.0000624419	0.000000022233
2	58297315	60291999	736	29	0.0000984976	0.000000047848
2	60292000	62429043	581	29	0.0002092568	0.000000047282
2	62429044	64625912	576	29	0.0001584974	0.000000046204
2	64625913	65933443	456	29	0.0003341716	0.000000041953
2	65933444	67226165	548	29	0.0000668360	0.000000039869
2	67226166	68010175	419	29	0.0000732929	0.000000030497
2	68010176	69139563	466	29	0.0001755771	0.000000036665
2	69139564	70755197	523	29	0.0001433471	0.000000039039
2	70755198	73174847	782	29	0.0002327166	0.000000053985
2	73174848	75630085	693	29	0.0002191853	0.000000053878
2	75630086	76913660	513	29	0.0001777232	0.000000042831
2	76913661	78079263	389	29	0.0002751837	0.000000040350
2	78079264	80050402	819	29	0.0000232800	0.000000047301
2	80050403	81620840	573	29	0.0002732396	0.000000052732
2	81620841	85140679	886	29	0.0000481267	0.000000043372
2	85140680	88038506	614	29	0.0003806832	0.000000047194
2	88038507	89154525	242	29	0.0002883472	0.000000023643
2	89154526	95326451	4	2	0.0000020672	0.000000000925
2	95326452	98995200	417	29	0.0001938693	0.000000030939
2	98995201	101822328	887	29	0.0001727513	0.000000053292
2	101822329	102688764	256	29	0.0003985821	0.000000026259
2	102688765	103588214	396	29	0.0001827209	0.000000025484
2	103588215	105125033	304	29	0.0001584370	0.000000025829
2	105125034	106210057	397	29	0.0001570058	0.000000033648
2	106210058	107408266	439	29	0.0000982576	0.000000032380
2	107408267	108429176	351	29	0.0000520783	0.000000023217
2	108429177	110572431	517	29	-0.0000118485	0.000000033889
2	110572432	113921855	761	29	0.0003053244	0.000000054414
2	113921856	116772469	742	29	0.0001983732	0.000000052860
2	116772470	118367465	393	29	0.0001179700	0.000000025802
2	118367466	121303782	984	29	0.0001149151	0.000000050202
2	121303783	123302905	570	29	0.0002159333	0.000000046804
2	123302906	124732249	425	29	0.0001671321	0.000000029704
2	124732250	125840920	377	29	0.0003059284	0.000000034604
2	125840921	127373763	407	29	0.0001789089	0.000000026810
2	127373764	128034346	257	29	0.0001530082	0.000000022401
2	128034347	129474440	421	29	-0.0000177800	0.000000026588
2	129474441	130067169	219	26	0.0001198128	0.000000016077
2	130067170	130658084	202	26	0.0003746200	0.000000023852
2	130658085	133042783	205	29	0.0002367225	0.000000022828
2	133042784	135158577	898	29	0.0001768569	0.000000052554
2	135158578	137042793	442	29	0.0002976380	0.000000030769
2	137042794	138698116	589	29	0.0003076475	0.000000047858
2	138698117	140100270	427	29	0.0001787532	0.000000028205
2	140100271	141805350	561	29	0.0001581845	0.000000044779
2	141805351	142518601	293	29	0.0001780467	0.000000027108
2	142518602	144519483	644	29	0.0000208026	0.000000043093
2	144519484	146445569	437	29	0.0001665446	0.000000033697
2	146445570	147277161	151	15	0.0000730233	0.000000011672
2	147277162	150210291	649	29	0.0001860766	0.000000044892
2	150210292	151731461	468	29	0.0002667381	0.000000038779
2	151731462	152486781	279	29	0.0000615776	0.000000018683
2	152486782	154005055	466	29	0.0001531683	0.000000037238
2	154005056	155391134	484	29	0.0001149142	0.000000037149
2	155391135	157560634	545	29	0.0000812284	0.000000038850
2	157560635	158533217	171	25	0.0004722477	0.000000026629
2	158533218	159577081	328	29	0.0001298965	0.000000026423
2	159577082	161769732	703	29	0.0002327304	0.000000048182
2	161769733	163503550	386	29	0.0001318296	0.000000024973
2	163503551	164466637	191	23	0.0001581315	0.000000017690
2	164466638	165178839	173	21	0.0000901617	0.000000013021
2	165178840	167160269	613	29	0.0003987646	0.000000045710
2	167160270	167355969	72	10	0.0000911841	0.000000007651
2	167355970	169968235	817	29	0.0002877838	0.000000047863
2	169968236	171226244	473	29	0.0000977712	0.000000036136
2	171226245	173138904	557	29	0.0002549953	0.000000047759
2	173138905	175588928	822	29	0.0001137029	0.000000049490
2	175588929	177363635	521	29	0.0000589620	0.000000036871
2	177363636	178553182	460	29	0.0001600151	0.000000033171
2	178553183	181312738	994	29	0.0001452327	0.000000049385
2	181312739	182266030	297	29	0.0000684049	0.000000020723
2	182266031	184357607	600	29	0.0001195406	0.000000045174
2	184357608	185280172	232	25	0.0001262813	0.000000018299
2	185280173	189882064	943	29	0.0001928906	0.000000051827
2	189882065	191973356	484	29	0.0002277640	0.000000035905
2	191973357	195861163	699	29	0.0001310832	0.000000050189
2	195861164	196447455	150	18	0.0001403788	0.000000014189
2	196447456	198078109	436	29	0.0000636857	0.000000027698
2	198078110	199311124	301	26	0.0002189644	0.000000021491
2	199311125	201576283	617	29	0.0000311250	0.000000042171
2	201576284	202818636	306	29	0.0001834525	0.000000025570
2	202818637	205799240	735	29	0.0001048651	0.000000038354
2	205799241	206735703	394	29	0.0001238937	0.000000036204
2	206735704	208645398	635	29	0.0001795510	0.000000050980
2	208645399	209941528	324	29	0.0001670360	0.000000028055
2	209941529	212379517	732	29	0.0004660353	0.000000058306
2	212379518	214014281	617	29	0.0000368665	0.000000046897
2	214014282	215573794	436	29	0.0003560098	0.000000041008
2	215573795	217715660	776	29	0.0000181282	0.000000047398
2	217715661	218395479	272	29	0.0001200855	0.000000024385
2	218395480	220454550	561	29	0.0001844864	0.000000039924
2	220454551	222521175	840	29	0.0004516928	0.000000059228
2	222521176	224859418	772	29	0.0000314983	0.000000048571
2	224859419	225840003	345	29	0.0003333274	0.000000029339
2	225840004	228119841	716	29	0.0006369048	0.000000054574
2	228119842	229370786	438	29	0.0003632783	0.000000037972
2	229370787	231843388	909	29	0.0001026607	0.000000050595
2	231843389	233550002	454	29	0.0001474745	0.000000033900
2	233550003	235150986	764	29	0.0000374427	0.000000047996
2	235150987	236043549	415	29	0.0002631923	0.000000042912
2	236043550	237449031	451	29	0.0001213237	0.000000037483
2	237449032	238760980	525	29	0.0001694787	0.000000043524
2	238760981	239952642	401	29	-0.0000419441	0.000000029223
2	239952643	241560083	628	29	0.0001671246	0.000000052721
2	241560084	242149920	197	29	0.0000760825	0.000000015744
2	242149921	243188919	121	14	0.0001972337	0.000000013873
3	60157	1441778	614	29	0.0001215304	0.000000050309
3	1441779	2992119	877	29	0.0001491859	0.000000051185
3	2992120	4431646	758	29	0.0000635753	0.000000050068
3	4431647	6083182	748	29	0.0000953557	0.000000050902
3	6083183	7083386	420	29	0.0001402137	0.000000038842
3	7083387	8648560	849	29	0.0000086184	0.000000046371
3	8648561	9543182	464	29	0.0000889619	0.000000041228
3	9543183	11019664	556	29	0.0002254408	0.000000052946
3	11019665	13070798	712	29	0.0003929272	0.000000047696
3	13070799	14816899	773	29	0.0001636395	0.000000052734
3	14816900	16282441	518	29	0.0002674975	0.000000032136
3	16282442	17891117	489	29	0.0003062371	0.000000041483
3	17891118	19125143	337	29	0.0003760296	0.000000034472
3	19125144	20091347	190	24	0.0002845902	0.000000023250
3	20091348	21643706	631	29	0.0002136242	0.000000051786
3	21643707	22204243	373	29	-0.0000235846	0.000000029072
3	22204244	23804864	522	29	0.0001873226	0.000000046047
3	23804865	25461557	737	29	0.0005738059	0.000000061022
3	25461558	26877768	458	29	0.0000873971	0.000000034087
3	26877769	27840909	262	29	0.0000960163	0.000000021077
3	27840910	29142259	440	29	0.0002315757	0.000000042428
3	29142260	30717954	670	29	0.0002481918	0.000000050829
3	30717955	32351714	646	29	0.0001789604	0.000000050745
3	32351715	33255591	269	29	0.0000503714	0.000000023026
3	33255592	35283457	572	29	0.0001851237	0.000000043433
3	35283458	36486841	400	29	0.0002111496	0.000000034474
3	36486842	38356115	578	29	0.0000100647	0.000000039060
3	38356116	40221297	634	29	0.0001723609	0.000000035194
3	40221298	41064527	144	15	-0.0000238337	0.000000009553
3	41064528	42540001	442	29	0.0000775638	0.000000031795
3	42540002	45165152	683	29	0.0002586926	0.000000049390
3	45165153	46657499	496	29	0.0001691582	0.000000036638
3	46657500	47727211	170	17	0.0001772366	0.000000013231
3	47727212	49316971	241	15	0.0001262002	0.000000011656
3	49316972	51832014	421	24	0.0004002655	0.000000024873
3	51832015	54081389	586	29	0.0004317515	0.000000035846
3	54081390	55348859	647	29	0.0002006167	0.000000051851
3	55348860	56433906	361	29	0.0001325743	0.000000031287
3	56433907	58157518	524	29	0.0002332441	0.000000038848
3	58157519	60272905	955	29	0.0001621335	0.000000051077
3	60272906	62355665	965	29	0.0000369261	0.000000047890
3	62355666	63669285	656	29	0.0001758122	0.000000050578
3	63669286	65273537	748	29	0.0000397715	0.000000045186
3	65273538	66270446	342	29	0.0001392901	0.000000033481
3	66270447	68286913	629	29	0.0002697083	0.000000053892
3	68286914	69276761	357	29	0.0001538661	0.000000033645
3	69276762	70449027	385	29	0.0002639110	0.000000037725
3	70449028	72529328	779	29	0.0001945307	0.000000050617
3	72529329	74321816	712	29	0.0000350691	0.000000048418
3	74321817	75704948	269	29	0.0001463878	0.000000022841
3	75704949	77508834	480	29	0.0001919809	0.000000042292
3	77508835	79024540	396	29	0.0001810812	0.000000031781
3	79024541	81427309	487	29	0.0002740196	0.000000034144
3	81427310	82643885	294	27	0.0002167586	0.000000022226
3	82643886	84367478	313	29	0.0002700818	0.000000026162
3	84367479	85582230	251	22	0.0001946125	0.000000019991
3	85582231	87409731	446	29	0.0002172552	0.000000028669
3	87409732	88298372	184	18	0.0001138407	0.000000013100
3	88298373	94255315	456	29	0.0001374083	0.000000030913
3	94255316	95311970	216	18	0.0000191839	0.000000012802
3	95311971	98215949	558	29	0.0001902991	0.000000038737
3	98215950	99373761	323	29	0.0001509297	0.000000023668
3	99373762	100592216	322	28	-0.0000129041	0.000000016394
3	100592217	103084959	648	29	0.0000841012	0.000000041552
3	103084960	104581612	411	29	0.0001425821	0.000000029920
3	104581613	106982810	702	29	0.0003960639	0.000000059736
3	106982811	109522394	747	29	0.0001831468	0.000000051812
3	109522395	110513769	247	24	0.0000757025	0.000000014995
3	110513770	112815698	678	29	0.0000374831	0.000000044817
3	112815699	113947862	362	29	0.0001478533	0.000000027939
3	113947863	115447079	394	29	0.0000874275	0.000000032550
3	115447080	116800152	512	29	0.0002837720	0.000000044251
3	116800153	118530250	559	29	0.0000386805	0.000000043313
3	118530251	120523054	655	29	0.0002192274	0.000000043102
3	120523055	121974096	362	29	0.0001284796	0.000000021614
3	121974097	123517767	511	29	0.0001968650	0.000000033664
3	123517768	124936641	613	29	0.0002416382	0.000000048248
3	124936642	126214942	372	29	0.0001963467	0.000000030148
3	126214943	128194860	653	29	0.0003783981	0.000000054136
3	128194861	130244734	413	29	0.0001175535	0.000000029459
3	130244735	131836515	536	29	0.0001194099	0.000000035837
3	131836516	133252172	506	29	0.0001298892	0.000000034894
3	133252173	135456905	849	29	0.0001349045	0.000000049893
3	135456906	137371082	430	29	0.0005216015	0.000000035423
3	137371083	139954596	831	29	0.0002794777	0.000000050178
3	139954597	141339096	468	29	0.0001662229	0.000000036632
3	141339097	143164627	609	29	0.0000269293	0.000000044385
3	143164628	144410815	387	29	0.0002187037	0.000000032832
3	144410816	145664618	351	29	0.0001472406	0.000000025615
3	145664619	146726628	329	29	0.0001762177	0.000000026323
3	146726629	149043236	672	29	0.0002402508	0.000000053921
3	149043237	150252003	421	29	0.0001684682	0.000000034888
3	150252004	151348729	361	29	0.0000792173	0.000000027073
3	151348730	153256570	559	29	0.0000869296	0.000000040863
3	153256571	154714217	400	29	0.0000900846	0.000000024611
3	154714218	156008699	325	29	0.0000486954	0.000000024621
3	156008700	157312027	439	29	0.0003857746	0.000000036466
3	157312028	159477889	633	29	0.0002277248	0.000000041245
3	159477890	161524503	562	29	0.0001772999	0.000000035029
3	161524504	163253204	469	29	0.0002594962	0.000000033650
3	163253205	165055468	431	29	0.0000515776	0.000000021981
3	165055469	167117428	448	29	0.0001727037	0.000000032009
3	167117429	168580959	355	29	0.0000895814	0.000000024888
3	168580960	170964908	706	29	0.0003964293	0.000000046523
3	170964909	172295730	501	29	0.0001895581	0.000000043564
3	172295731	173477284	375	29	0.0002244498	0.000000035403
3	173477285	175116538	593	29	0.0002252001	0.000000053818
3	175116539	176320286	336	29	0.0001406057	0.000000026822
3	176320287	178107164	531	29	0.0002285963	0.000000044862
3	178107165	179374585	380	29	0.0001318406	0.000000029204
3	179374586	181511165	458	29	0.0001083510	0.000000033111
3	181511166	183769682	647	29	0.0001666816	0.000000047735
3	183769683	185068254	400	29	0.0001053980	0.000000033430
3	185068255	186890343	645	29	0.0001124085	0.000000040703
3	186890344	188856213	793	29	0.0001750731	0.000000051731
3	188856214	190226606	610	29	0.0001752986	0.000000051421
3	190226607	192343813	730	29	0.0001476332	0.000000050376
3	192343814	194059670	493	29	0.0001502135	0.000000044114
3	194059671	194786673	247	29	0.0002693592	0.000000025726
3	194786674	195971407	214	29	0.0002300149	0.000000022409
3	195971408	197075986	271	29	0.0001604198	0.000000024084
3	197075987	197946621	173	27	0.0002171763	0.000000021045
4	10240	694714	98	12	-0.0000186166	0.000000007527
4	694715	1478710	204	24	0.0000149350	0.000000013117
4	1478711	2842978	237	29	0.0004281820	0.000000030326
4	2842979	3846039	242	29	0.0000641355	0.000000020622
4	3846040	4684115	218	29	0.0003607042	0.000000028384
4	4684116	5502387	386	29	0.0000490751	0.000000033960
4	5502388	6773042	658	29	0.0000501102	0.000000045968
4	6773043	7539691	398	29	0.0000802978	0.000000039690
4	7539692	8152234	338	29	0.0000700166	0.000000032463
4	8152235	9326478	230	29	0.0000932361	0.000000021149
4	9326479	10699151	496	29	0.0002548148	0.000000037298
4	10699152	12323033	637	29	0.0001631197	0.000000051043
4	12323034	14272000	707	29	0.0002714502	0.000000054778
4	14272001	15147445	375	29	0.0003182966	0.000000036979
4	15147446	15927008	246	29	0.0001955217	0.000000023649
4	15927009	17383321	651	29	0.0000314373	0.000000048363
4	17383322	18841873	409	29	0.0001443477	0.000000031041
4	18841874	20544556	463	29	0.0002048326	0.000000033799
4	20544557	22319346	662	29	0.0002904190	0.000000053444
4	22319347	24135528	597	29	0.0002415772	0.000000048714
4	24135529	25609321	589	29	0.0001570203	0.000000050295
4	25609322	27343721	558	29	0.0003561702	0.000000052575
4	27343722	27965867	199	28	0.0001067746	0.000000018554
4	27965868	29762207	525	29	0.0002580818	0.000000042740
4	29762208	30454534	157	24	0.0001022199	0.000000013919
4	30454535	31782980	401	29	0.0003399874	0.000000039038
4	31782981	33172765	312	29	0.0002708140	0.000000029970
4	33172766	35151414	359	29	0.0001685268	0.000000023908
4	35151415	36020435	273	29	0.0000269340	0.000000017685
4	36020436	37255046	423	29	-0.0000082553	0.000000026300
4	37255047	38907021	777	29	0.0001050720	0.000000048476
4	38907022	40202608	376	29	0.0004575779	0.000000035835
4	40202609	42213057	696	29	0.0000276156	0.000000048374
4	42213058	43965044	522	29	0.0002182686	0.000000039880
4	43965045	45189156	337	29	0.0001743157	0.000000020516
4	45189157	47411895	447	29	0.0002365914	0.000000033114
4	47411896	48123599	212	25	0.0002182682	0.000000018796
4	48123600	53877432	470	29	0.0003968555	0.000000038620
4	53877433	55429555	524	29	0.0003424281	0.000000043526
4	55429556	56547643	352	29	0.0002488514	0.000000031765
4	56547644	58935007	831	29	0.0002254072	0.000000053410
4	58935008	60741086	450	29	0.0000708066	0.000000030572
4	60741087	62371762	423	29	0.0001148688	0.000000032225
4	62371763	64341000	428	29	0.0002861829	0.000000037745
4	64341001	66600491	499	29	0.0000544103	0.000000033012
4	66600492	68059496	384	29	0.0001211081	0.000000027298
4	68059497	68854764	233	29	0.0001442681	0.000000018408
4	68854765	71049151	509	29	0.0000807523	0.000000029085
4	71049152	72140557	211	26	0.0001857949	0.000000017494
4	72140558	74592389	482	29	0.0002974735	0.000000038343
4	74592390	77130706	709	29	0.0001106165	0.000000046717
4	77130707	79093978	708	29	0.0000415959	0.000000048129
4	79093979	80990296	544	29	0.0000944950	0.000000035089
4	80990297	82125314	238	29	0.0001969081	0.000000019622
4	82125315	83372592	353	29	-0.0000562793	0.000000022984
4	83372593	84799655	466	29	0.0001904091	0.000000036027
4	84799656	86930608	572	29	0.0002244854	0.000000042264
4	86930609	87534647	135	18	0.0003494716	0.000000016742
4	87534648	89238027	559	29	0.0006525867	0.000000045825
4	89238028	90231563	313	29	0.0004619518	0.000000033328
4	90231564	91560676	334	29	0.0001355816	0.000000024656
4	91560677	94233298	557	29	0.0002149121	0.000000045062
4	94233299	96182187	594	29	0.0002476966	0.000000050817
4	96182188	97540702	485	29	0.0001693538	0.000000038782
4	97540703	99424066	396	29	0.0001062537	0.000000023871
4	99424067	100678359	400	29	0.0001747023	0.000000028719
4	100678360	103221355	780	29	0.0003684468	0.000000052752
4	103221356	105305293	472	29	0.0004281463	0.000000037698
4	105305294	107501304	567	29	0.0001287739	0.000000037379
4	107501305	108815347	355	29	0.0001417455	0.000000025365
4	108815348	111256566	745	29	0.0001622286	0.000000051426
4	111256567	113870101	706	29	0.0001282464	0.000000049381
4	113870102	115666245	594	29	0.0003287409	0.000000052753
4	115666246	117276928	330	29	0.0000561110	0.000000021100
4	117276929	118479917	335	29	0.0000890018	0.000000023730
4	118479918	119933511	405	29	0.0005179632	0.000000038274
4	119933512	120392683	146	16	0.0001828290	0.000000012868
4	120392684	122657986	685	29	0.0002152965	0.000000052402
4	122657987	124286480	374	29	0.0001602055	0.000000025998
4	124286481	125210861	255	29	0.0002580239	0.000000023904
4	125210862	126480885	384	29	0.0001560205	0.000000031108
4	126480886	127275476	219	29	0.0002474409	0.000000022388
4	127275477	127830292	161	22	0.0000946350	0.000000013502
4	127830293	128996664	190	15	-0.0000233881	0.000000012698
4	128996665	130591884	438	29	0.0002693756	0.000000036484
4	130591885	131283820	183	22	0.0001363281	0.000000016921
4	131283821	132954032	349	29	0.0001060867	0.000000028231
4	132954033	134628433	368	29	0.0000523190	0.000000025164
4	134628434	136566406	420	29	0.0002275074	0.000000032189
4	136566407	138541970	508	29	-0.0000309521	0.000000034999
4	138541971	139556510	350	29	0.0000753834	0.000000028694
4	139556511	141084630	486	29	0.0001133969	0.000000040172
4	141084631	143443264	696	29	0.0001001122	0.000000049856
4	143443265	146178186	501	29	0.0001952513	0.000000030464
4	146178187	148521872	607	29	0.0001829407	0.000000043425
4	148521873	150683579	513	29	0.0002320041	0.000000042283
4	150683580	152782183	498	29	0.0001675577	0.000000030785
4	152782184	154477640	493	29	0.0003285419	0.000000044892
4	154477641	155056125	198	27	0.0000223784	0.000000015305
4	155056126	157485096	777	29	0.0000671598	0.000000046356
4	157485097	158743717	313	29	0.0002521890	0.000000028756
4	158743718	161058863	513	29	0.0000896090	0.000000034216
4	161058864	161826434	262	29	0.0001733085	0.000000024361
4	161826435	163243678	432	29	0.0001316919	0.000000032807
4	163243679	164478233	322	29	0.0000229027	0.000000023666
4	164478234	165823447	407	29	-0.0000151769	0.000000031866
4	165823448	167018857	355	29	0.0000059703	0.000000026986
4	167018858	167852916	182	25	0.0001842441	0.000000017252
4	167852917	169676824	567	29	0.0001423766	0.000000045458
4	169676825	170776509	306	29	0.0002077704	0.000000027176
4	170776510	172558634	406	29	0.0000896472	0.000000028646
4	172558635	174264131	386	29	0.0001447539	0.000000029420
4	174264132	176570715	619	29	0.0002623487	0.000000054507
4	176570716	178991909	801	29	0.0001178716	0.000000049150
4	178991910	180122042	313	29	0.0002592840	0.000000032803
4	180122043	182066806	797	29	0.0001737058	0.000000049935
4	182066807	183371274	699	29	0.0000865776	0.000000049940
4	183371275	184929454	563	29	0.0000184323	0.000000049510
4	184929455	186909089	841	29	0.0000705249	0.000000050376
4	186909090	188472980	592	29	0.0000937845	0.000000047952
4	188472981	189693510	395	29	0.0000215425	0.000000033612
4	189693511	191043593	286	29	0.0001822984	0.000000025997
5	11940	982251	212	25	0.0000899062	0.000000017566
5	982252	2132441	438	29	0.0001213192	0.000000041716
5	2132442	3361940	769	29	0.0000174398	0.000000049846
5	3361941	4632109	520	29	0.0000879596	0.000000041002
5	4632110	5973232	681	29	0.0001324575	0.000000050294
5	5973233	7143217	561	29	0.0000607653	0.000000042252
5	7143218	8446335	573	29	0.0001519644	0.000000045121
5	8446336	9718831	584	29	0.0002086476	0.000000048109
5	9718832	11173270	708	29	0.0002346825	0.000000053554
5	11173271	13464831	556	29	0.0000480283	0.000000040599
5	13464832	14757803	572	29	0.0000715615	0.000000043570
5	14757804	16963612	737	29	-0.0000199743	0.000000045387
5	16963613	18051591	262	29	0.0000713282	0.000000022240
5	18051592	19917715	538	29	0.0003658887	0.000000043769
5	19917716	22152072	439	29	0.0000565818	0.000000029980
5	22152073	23494323	396	29	0.0001542715	0.000000029910
5	23494324	26184850	639	29	0.0001437918	0.000000046881
5	26184851	26857603	150	22	0.0001950282	0.000000016453
5	26857604	27984512	215	29	0.0002023940	0.000000021037
5	27984513	29714819	396	29	0.0000587419	0.000000025683
5	29714820	31390248	561	29	0.0001422348	0.000000040782
5	31390249	33500179	794	29	0.0003158551	0.000000048640
5	33500180	35048969	533	29	0.0000609534	0.000000042177
5	35048970	36433953	469	29	0.0000060806	0.000000030628
5	36433954	38802409	737	29	0.0001394259	0.000000050974
5	38802410	40287728	526	29	0.0002271003	0.000000037723
5	40287729	41888709	523	29	0.0001725165	0.000000032574
5	41888710	43983498	391	29	0.0001798821	0.000000027597
5	43983499	50163397	409	29	0.0001186871	0.000000024402
5	50163398	52134621	552	29	0.0002974885	0.000000042675
5	52134622	53703043	591	29	0.0004613621	0.000000051195
5	53703044	55417348	573	29	0.0000203046	0.000000037145
5	55417349	56621101	487	29	0.0004165983	0.000000041738
5	56621102	57340072	261	29	0.0001290714	0.000000019529
5	57340073	58524621	521	29	0.0001885664	0.000000040100
5	58524622	60935906	674	29	0.0001113514	0.000000046080
5	60935907	61672994	260	27	0.0000517092	0.000000018152
5	61672995	63218986	471	29	0.0000146382	0.000000027775
5	63218987	63968303	174	19	0.0000526099	0.000000013009
5	63968304	65911285	594	29	0.0000785115	0.000000039044
5	65911286	67850859	760	29	0.0001286444	0.000000050409
5	67850860	71240455	425	29	0.0003853788	0.000000038653
5	71240456	73759325	937	29	0.0002207509	0.000000051953
5	73759326	75798865	661	29	0.0001266900	0.000000036382
5	75798866	77623331	691	29	0.0001747068	0.000000049932
5	77623332	79393143	629	29	0.0002213188	0.000000052329
5	79393144	80481470	436	29	0.0001386194	0.000000035894
5	80481471	82025647	484	29	0.0001808049	0.000000040525
5	82025648	83972688	512	29	0.0000660338	0.000000043591
5	83972689	85767289	485	29	0.0003478214	0.000000042529
5	85767290	87389990	266	29	0.0001787158	0.000000022595
5	87389991	88891529	298	29	0.0000133445	0.000000017761
5	88891530	90422653	413	29	0.0000850904	0.000000029436
5	90422654	91840541	260	29	0.0003748987	0.000000028899
5	91840542	93809983	402	29	0.0002092324	0.000000029745
5	93809984	95963518	669	29	0.0000501624	0.000000048418
5	95963519	97315600	399	29	0.0001779354	0.000000028973
5	97315601	99260991	468	29	0.0000758495	0.000000030626
5	99260992	101578768	491	29	-0.0000013078	0.000000030837
5	101578769	103320004	461	29	0.0000847835	0.000000031227
5	103320005	104851482	403	29	0.0001200003	0.000000031136
5	104851483	105893054	163	21	0.0001537069	0.000000017636
5	105893055	107264195	546	29	0.0002320439	0.000000050735
5	107264196	108633933	376	29	0.0002256556	0.000000032411
5	108633934	110821143	606	29	0.0001320074	0.000000046813
5	110821144	111981561	409	29	-0.0000283465	0.000000030805
5	111981562	113396284	523	29	0.0002433317	0.000000044197
5	113396285	114830369	504	29	0.0001445540	0.000000037782
5	114830370	115831046	419	29	0.0001063387	0.000000033790
5	115831047	117346212	537	29	0.0001844506	0.000000047228
5	117346213	118608819	362	29	0.0002302799	0.000000034206
5	118608820	119669041	323	29	0.0001145190	0.000000026891
5	119669042	120452165	223	24	0.0001474060	0.000000021259
5	120452166	122556904	644	29	0.0001755983	0.000000051835
5	122556905	123798099	426	29	0.0001992643	0.000000034975
5	123798100	125785648	809	29	0.0001217002	0.000000051102
5	125785649	127344603	415	29	0.0000966901	0.000000031008
5	127344604	129519024	628	29	0.0001532671	0.000000041686
5	129519025	132139648	590	29	0.0002467804	0.000000035031
5	132139649	134777400	866	29	0.0000212933	0.000000046093
5	134777401	136376049	570	29	0.0000693917	0.000000038944
5	136376050	139265071	668	29	0.0001835750	0.000000043394
5	139265072	140645970	336	29	0.0002284353	0.000000023791
5	140645971	142981247	882	29	0.0000887720	0.000000048094
5	142981248	144943353	613	29	0.0001648275	0.000000044063
5	144943354	147181997	708	29	0.0001792564	0.000000052908
5	147181998	148662623	533	29	0.0001822731	0.000000041278
5	148662624	150561297	807	29	0.0000721598	0.000000047492
5	150561298	152867773	810	29	0.0000690451	0.000000048055
5	152867774	153773087	419	29	0.0003424179	0.000000033498
5	153773088	155373504	548	29	0.0000389180	0.000000039975
5	155373505	156628699	366	29	0.0001908782	0.000000023870
5	156628700	158825697	851	29	0.0004217543	0.000000050303
5	158825698	159973943	405	29	0.0000157205	0.000000031658
5	159973944	161482132	500	29	-0.0000350393	0.000000031078
5	161482133	162743907	347	29	-0.0000183921	0.000000025068
5	162743908	163771581	370	29	0.0001869962	0.000000032913
5	163771582	165642394	531	29	0.0002856754	0.000000052098
5	165642395	166847739	409	29	0.0001170934	0.000000038430
5	166847740	168525317	741	29	0.0000746382	0.000000047864
5	168525318	169505663	467	29	0.0000957966	0.000000039166
5	169505664	171074291	636	29	0.0002648132	0.000000053819
5	171074292	172678326	649	29	0.0000534029	0.000000047453
5	172678327	173642870	480	29	0.0002197385	0.000000036515
5	173642871	175450594	789	29	0.0000743597	0.000000052273
5	175450595	177251506	322	29	0.0001620227	0.000000026324
5	177251507	178413463	417	29	0.0001004674	0.000000036477
5	178413464	179401243	329	29	0.0000392494	0.000000029425
5	179401244	180559932	306	29	0.0003300869	0.000000031285
5	180559933	180885155	41	9	-0.0000216015	0.000000003221
6	73924	1452361	647	29	0.0001657211	0.000000050535
6	1452362	2458935	423	29	0.0002610494	0.000000037891
6	2458936	3573592	548	29	0.0001021046	0.000000047140
6	3573593	4617816	502	29	0.0001402248	0.000000041386
6	4617817	5791471	570	29	0.0001689374	0.000000049661
6	5791472	6785206	578	29	0.0000797113	0.000000045871
6	6785207	7808935	495	29	0.0001125272	0.000000037857
6	7808936	9020025	492	29	0.0002188045	0.000000038647
6	9020026	10540316	599	29	0.0001402395	0.000000049061
6	10540317	11790815	530	29	0.0000452149	0.000000041229
6	11790816	13209387	584	29	0.0002529299	0.000000034914
6	13209388	14802923	659	29	0.0001745656	0.000000046558
6	14802924	17386404	960	29	0.0001429236	0.000000048188
6	17386405	19207486	621	29	0.0002714202	0.000000044861
6	19207487	21684064	1004	29	0.0002288380	0.000000035704
6	21684065	22748306	509	29	0.0000616628	0.000000041877
6	22748307	23936618	480	29	0.0001835884	0.000000043490
6	23936619	24852274	388	29	0.0003227982	0.000000038949
6	24852275	25684586	444	29	0.0003888625	0.000000028431
6	25684587	26791232	460	29	0.0001720885	0.000000014285
6	26791233	28017818	270	19	0.0000284478	0.000000008304
6	28017819	28917607	306	20	0.0000824024	0.000000009703
6	28917608	29737970	496	29	0.0000805706	0.000000015896
6	29737971	30798167	851	29	0.0001470173	0.000000023254
6	30798168	31571217	731	29	0.0005439965	0.000000028851
6	31571218	32682663	658	29	0.0005535916	0.000000026376
6	32682664	33236496	585	29	0.0001307097	0.000000019823
6	33236497	35455755	727	29	0.0006338350	0.000000051127
6	35455756	37572595	781	29	0.0001926176	0.000000047989
6	37572596	39295676	740	29	0.0002242246	0.000000050311
6	39295677	40345114	390	29	0.0001943951	0.000000033710
6	40345115	42038720	700	29	0.0003940050	0.000000057459
6	42038721	43756168	420	29	0.0002339189	0.000000034741
6	43756169	45406562	559	29	0.0002343878	0.000000048491
6	45406563	47311897	744	29	0.0001298294	0.000000051551
6	47311898	48391124	338	29	0.0002093703	0.000000025657
6	48391125	50386144	483	29	0.0001187684	0.000000028200
6	50386145	52210475	602	29	0.0000567111	0.000000028343
6	52210476	53279101	419	29	0.0002542988	0.000000034279
6	53279102	55468269	837	29	0.0003307567	0.000000054736
6	55468270	56105312	204	20	-0.0000373499	0.000000009910
6	56105313	57599464	359	29	0.0001923403	0.000000027981
6	57599465	61880511	116	9	0.0000222878	0.000000006319
6	61880512	63552887	328	22	0.0001740171	0.000000022685
6	63552888	65765741	439	29	0.0000901063	0.000000028464
6	65765742	67329214	475	29	0.0000479328	0.000000031800
6	67329215	68849482	456	29	0.0002478798	0.000000035419
6	68849483	69523447	210	26	0.0001460730	0.000000017924
6	69523448	71609509	721	29	0.0003074115	0.000000053120
6	71609510	73450096	616	29	0.0001897639	0.000000036320
6	73450097	75462002	556	29	0.0000980374	0.000000037458
6	75462003	77414880	437	29	0.0000122457	0.000000025288
6	77414881	78957727	481	29	0.0001761426	0.000000029381
6	78957728	80691169	571	29	0.0001718106	0.000000040003
6	80691170	81929221	359	27	0.0000150444	0.000000018101
6	81929222	83127148	341	29	0.0001097469	0.000000025259
6	83127149	85209988	544	29	0.0001024372	0.000000035593
6	85209989	87069499	587	29	0.0001802742	0.000000033905
6	87069500	88822139	529	29	0.0001831058	0.000000037266
6	88822140	89973051	423	29	0.0002350349	0.000000036712
6	89973052	91843195	713	29	0.0000632903	0.000000049719
6	91843196	93428643	461	29	0.0001803896	0.000000037469
6	93428644	94118141	279	29	0.0001121656	0.000000021866
6	94118142	94441174	81	8	0.0000398879	0.000000005516
6	94441175	97093510	608	29	0.0003780993	0.000000048144
6	97093511	97842283	226	26	0.0000703709	0.000000015755
6	97842284	100630145	776	29	0.0001707173	0.000000050923
6	100630146	102636771	479	29	0.0000893838	0.000000034731
6	102636772	103983394	328	29	0.0001169834	0.000000022993
6	103983395	106056732	644	29	0.0001322895	0.000000045816
6	106056733	107450305	602	29	0.0001009832	0.000000048324
6	107450306	108464379	334	29	0.0001658144	0.000000029594
6	108464380	110304246	508	29	0.0006695613	0.000000046672
6	110304247	112345013	594	29	0.0003635353	0.000000049858
6	112345014	114220832	612	29	0.0001664127	0.000000043895
6	114220833	116131395	470	29	0.0000192991	0.000000026385
6	116131396	117672971	451	29	0.0002073956	0.000000031219
6	117672972	118963114	359	29	0.0001771382	0.000000017366
6	118963115	119963277	305	29	0.0001898984	0.000000020018
6	119963278	120512127	163	18	0.0000489246	0.000000011268
6	120512128	121905675	365	29	0.0002177383	0.000000026867
6	121905676	123856180	575	29	0.0001466490	0.000000039243
6	123856181	125424382	584	29	0.0002231049	0.000000053435
6	125424383	127540460	450	29	0.0004263559	0.000000033429
6	127540461	129861030	588	29	0.0002650893	0.000000047696
6	129861031	130935453	484	29	0.0002575231	0.000000041688
6	130935454	132765668	588	29	0.0001727942	0.000000044998
6	132765669	134244242	571	29	0.0000247771	0.000000034338
6	134244243	136224176	571	29	0.0001959564	0.000000050257
6	136224177	137614217	326	29	0.0001878810	0.000000031494
6	137614218	138822628	458	29	0.0001033962	0.000000038323
6	138822629	139845435	373	29	0.0004602861	0.000000040392
6	139845436	142288478	520	29	0.0001281289	0.000000037391
6	142288479	145319809	1013	29	0.0000446908	0.000000046304
6	145319810	146665423	301	25	-0.0000215888	0.000000014672
6	146665424	148920351	900	29	0.0000514394	0.000000048478
6	148920352	150253403	501	29	0.0000342027	0.000000034950
6	150253404	151912702	860	29	0.0000027819	0.000000047358
6	151912703	153094495	537	29	0.0002370601	0.000000041247
6	153094496	154974119	778	29	0.0002157750	0.000000051347
6	154974120	156763325	711	29	0.0001179287	0.000000050165
6	156763326	158218718	367	29	0.0004279813	0.000000038340
6	158218719	160580496	996	29	0.0001635068	0.000000048011
6	160580497	162169563	747	29	0.0004203012	0.000000043392
6	162169564	162931202	359	29	0.0002305122	0.000000035126
6	162931203	164383520	660	29	0.0001922498	0.000000051338
6	164383521	165586863	531	29	0.0002992632	0.000000047037
6	165586864	167024732	777	29	0.0000715571	0.000000048239
6	167024733	168042834	412	29	0.0002345774	0.000000038360
6	168042835	169382049	564	29	0.0001069079	0.000000045273
6	169382050	170330172	377	29	0.0001574650	0.000000028830
6	170330173	171051269	224	29	0.0001600937	0.000000021312
7	16161	972751	83	14	0.0002339824	0.000000013556
7	972752	1353066	85	15	0.0003055800	0.000000015702
7	1353067	2062397	124	21	0.0000839209	0.000000013175
7	2062398	2772226	193	29	0.0001448632	0.000000018718
7	2772227	4573427	820	29	0.0001094093	0.000000050362
7	4573428	5416231	191	29	0.0000511561	0.000000019904
7	5416232	5854525	94	16	0.0002755588	0.000000014960
7	5854526	6573856	131	21	0.0003316795	0.000000018372
7	6573857	7808751	407	29	0.0000064332	0.000000033753
7	7808752	9123422	709	29	0.0000654166	0.000000049856
7	9123423	9987498	352	29	0.0002245893	0.000000036304
7	9987499	11299197	458	29	0.0001841159	0.000000044115
7	11299198	12635460	681	29	0.0002166480	0.000000052282
7	12635461	13884201	555	29	0.0002512023	0.000000054840
7	13884202	15143656	564	29	0.0002098341	0.000000022750
7	15143657	16902068	736	29	0.0004750406	0.000000059300
7	16902069	19481546	1009	29	0.0005715663	0.000000061266
7	19481547	20124907	226	28	0.0001066423	0.000000021258
7	20124908	22507628	1169	29	0.0001093646	0.000000049665
7	22507629	23471441	302	29	0.0002601926	0.000000031231
7	23471442	25077258	687	29	0.0000638588	0.000000048999
7	25077259	25909554	439	29	0.0001139076	0.000000033061
7	25909555	28360308	868	29	0.0003372886	0.000000040804
7	28360309	31137288	1205	29	0.0001916073	0.000000051745
7	31137289	33555767	966	29	-0.0000045509	0.000000047326
7	33555768	36213537	991	29	0.0003208869	0.000000055637
7	36213538	37555183	612	29	0.0001748793	0.000000052875
7	37555184	38966702	610	29	0.0001906734	0.000000044636
7	38966703	39862669	310	29	0.0001373710	0.000000024465
7	39862670	42001810	601	29	0.0001205232	0.000000044002
7	42001811	43159073	393	29	0.0000780319	0.000000031177
7	43159074	44763827	446	29	0.0001362706	0.000000027195
7	44763828	45952921	337	29	0.0004332128	0.000000036522
7	45952922	46986719	404	29	0.0000564449	0.000000027254
7	46986720	49212277	875	29	0.0000893820	0.000000048566
7	49212278	51675321	867	29	0.0003757351	0.000000055873
7	51675322	53176311	627	29	0.0001223633	0.000000044493
7	53176312	54222975	365	29	0.0000846860	0.000000023593
7	54222976	55691583	518	29	0.0000799087	0.000000039591
7	55691584	57382637	235	27	0.0000916677	0.000000016537
7	57382638	63307358	125	14	-0.0000238201	0.000000008467
7	63307359	63641124	52	6	0.0000254726	0.000000003979
7	63641125	65689808	292	25	0.0000597222	0.000000019097
7	65689809	68234073	691	29	0.0002025181	0.000000049458
7	68234074	69085363	260	29	0.0001482717	0.000000022101
7	69085364	71874884	820	29	0.0000543822	0.000000047981
7	71874885	73334601	147	23	0.0005535738	0.000000017065
7	73334602	76458563	328	29	0.0000881357	0.000000024758
7	76458564	78093858	594	29	0.0000837143	0.000000046787
7	78093859	79888068	635	29	0.0003175446	0.000000054717
7	79888069	82022685	699	29	0.0001888389	0.000000051951
7	82022686	83801202	611	29	0.0002122559	0.000000050712
7	83801203	85572181	397	29	0.0001243801	0.000000027755
7	85572182	87825003	554	29	0.0001807605	0.000000036245
7	87825004	90661783	948	29	0.0000590975	0.000000048959
7	90661784	92493751	412	29	0.0001080194	0.000000027806
7	92493752	93966600	342	29	0.0001771777	0.000000031437
7	93966601	96073507	683	29	0.0001166307	0.000000050323
7	96073508	97099569	304	29	0.0000251623	0.000000022114
7	97099570	98715473	405	29	0.0001558512	0.000000031890
7	98715474	100196650	233	25	0.0003284468	0.000000022593
7	100196651	101199252	229	29	0.0001644591	0.000000020742
7	101199253	103197509	377	29	0.0001612284	0.000000030817
7	103197510	104159524	460	29	0.0001659973	0.000000037231
7	104159525	105682904	521	29	0.0001003850	0.000000039263
7	105682905	107780177	725	29	0.0002011384	0.000000050177
7	107780178	109647593	547	29	0.0000988080	0.000000037418
7	109647594	112618683	816	29	0.0001736758	0.000000051549
7	112618684	113712386	216	26	0.0001485457	0.000000018885
7	113712387	116780177	702	29	0.0005740889	0.000000050676
7	116780178	118351580	368	29	0.0001732106	0.000000024022
7	118351581	121045272	427	29	0.0004481828	0.000000037998
7	121045273	121933629	224	28	0.0000817799	0.000000015841
7	121933630	124156804	655	29	0.0002031334	0.000000045333
7	124156805	124167551	6	2	-0.0000004196	0.000000000491
7	124167552	126519169	657	29	0.0002175039	0.000000042292
7	126519170	126869220	138	18	0.0001060236	0.000000011335
7	126869221	128778385	576	29	0.0001636439	0.000000037610
7	128778386	130422413	452	29	0.0003284060	0.000000039227
7	130422414	132805847	902	29	0.0000437512	0.000000047734
7	132805848	134307595	426	29	0.0001202947	0.000000030440
7	134307596	135591082	492	29	0.0001728976	0.000000037227
7	135591083	136876561	399	29	0.0002185489	0.000000033064
7	136876562	138744678	598	29	0.0001431542	0.000000050618
7	138744679	139933176	319	29	0.0002720439	0.000000030387
7	139933177	140235209	116	25	0.0002594458	0.000000015882
7	140235210	141226556	278	29	0.0001116119	0.000000021542
7	141226557	142656309	347	29	0.0001709410	0.000000023050
7	142656310	144968288	537	29	0.0001025311	0.000000037694
7	144968289	146427959	375	29	0.0000682997	0.000000028601
7	146427960	147815317	561	29	0.0000874300	0.000000041782
7	147815318	149840657	602	29	0.0001070863	0.000000050095
7	149840658	150711504	296	29	0.0004840191	0.000000026814
7	150711505	152249805	439	29	0.0003193699	0.000000047531
7	152249806	153674018	453	29	0.0000491835	0.000000039655
7	153674019	154964729	530	29	0.0001423192	0.000000049690
7	154964730	156065249	455	29	0.0001565244	0.000000043925
7	156065250	157634596	508	29	0.0001113129	0.000000041133
7	157634597	159128574	441	29	0.0001321876	0.000000035283
8	10422	1044216	390	29	0.0002213450	0.000000041073
8	1044217	1163244	69	12	0.0000742506	0.000000007658
8	1163245	2042941	439	29	0.0000426839	0.000000039825
8	2042942	2573278	253	29	0.0002346232	0.000000027758
8	2573279	3392925	586	29	0.0001194565	0.000000049586
8	3392926	3783016	421	29	0.0002254099	0.000000043342
8	3783017	4480475	658	29	0.0002091418	0.000000050667
8	4480476	5146926	487	29	0.0001383205	0.000000047228
8	5146927	6142796	750	29	-0.0000395395	0.000000045356
8	6142797	7153078	527	29	0.0001970356	0.000000052457
8	7153079	9154693	548	29	0.0003653262	0.000000049643
8	9154694	9640786	231	24	0.0013928392	0.000000033282
8	9640787	10463196	459	29	0.0002181801	0.000000041748
8	10463197	11278997	383	29	0.0002286715	0.000000024928
8	11278998	13491774	780	29	0.0001752599	0.000000047604
8	13491775	13944991	252	29	0.0001805307	0.000000025491
8	13944992	15991659	1073	29	0.0002807173	0.000000054107
8	15991660	17387875	542	29	0.0001237509	0.000000050207
8	17387876	17836398	265	29	0.0002717679	0.000000028732
8	17836399	19492839	954	29	0.0001456647	0.000000047472
8	19492840	20060855	328	29	0.0063669290	0.000000143466
8	20060856	21661736	743	29	0.0002027879	0.000000053411
8	21661737	22897056	438	29	0.0001451937	0.000000039999
8	22897057	24674717	638	29	0.0001527186	0.000000048426
8	24674718	25483453	282	29	0.0002567598	0.000000026109
8	25483454	26682524	609	29	0.0003667849	0.000000050422
8	26682525	28162391	721	29	0.0001390778	0.000000050428
8	28162392	29327895	359	29	0.0000150518	0.000000024243
8	29327896	31133728	533	29	0.0001553160	0.000000040858
8	31133729	31548359	124	20	0.0001970166	0.000000013814
8	31548360	32977217	479	29	0.0001094503	0.000000033123
8	32977218	35317231	530	29	0.0002834952	0.000000034419
8	35317232	37379388	355	29	0.0002292959	0.000000029969
8	37379389	38938805	283	29	0.0000977911	0.000000024445
8	38938806	40703336	574	29	0.0002988054	0.000000044897
8	40703337	41721453	371	29	0.0001692035	0.000000033178
8	41721454	42773822	187	22	0.0002099251	0.000000017939
8	42773823	46841314	43	7	0.0000155895	0.000000003965
8	46841315	50082469	390	29	0.0002141329	0.000000030915
8	50082470	53302929	772	29	0.0001372442	0.000000047399
8	53302930	54418043	337	29	0.0001697491	0.000000027311
8	54418044	55945580	467	29	0.0003237366	0.000000036769
8	55945581	56956382	344	29	0.0000504173	0.000000024539
8	56956383	59068650	659	29	0.0002040921	0.000000049076
8	59068651	59728099	274	29	0.0000342622	0.000000018909
8	59728100	62329098	778	29	0.0001873889	0.000000053096
8	62329099	63349305	323	29	0.0001377859	0.000000023040
8	63349306	65232871	513	29	0.0002162050	0.000000037308
8	65232872	66489089	358	29	0.0004502650	0.000000034106
8	66489090	69863056	852	29	0.0001387345	0.000000050252
8	69863057	70867978	399	29	0.0000552246	0.000000031194
8	70867979	72289453	434	29	0.0002731492	0.000000033653
8	72289454	73817198	680	29	0.0003030866	0.000000053083
8	73817199	75445063	604	29	0.0002473170	0.000000046286
8	75445064	76456541	288	29	0.0000160449	0.000000018833
8	76456542	79132860	684	29	0.0000829284	0.000000040867
8	79132861	81956394	790	29	0.0001514913	0.000000052023
8	81956395	82693738	215	29	0.0003598043	0.000000023550
8	82693739	84225588	412	29	0.0000793317	0.000000025179
8	84225589	85955618	352	29	0.0001788818	0.000000026284
8	85955619	87411708	265	25	0.0002062396	0.000000021178
8	87411709	89085480	476	29	0.0000914236	0.000000031651
8	89085481	90638161	391	29	0.0000695962	0.000000025013
8	90638162	93554385	663	29	0.0000164590	0.000000045385
8	93554386	95005526	381	29	0.0001760212	0.000000031690
8	95005527	96534805	616	29	0.0000939092	0.000000043109
8	96534806	99401580	1081	29	0.0001691993	0.000000050899
8	99401581	101620957	498	29	0.0002139109	0.000000031097
8	101620958	104123305	977	29	0.0001802597	0.000000051184
8	104123306	104988751	247	24	0.0000591403	0.000000016318
8	104988752	107410753	814	29	0.0002114907	0.000000052374
8	107410754	108648176	462	29	0.0001017720	0.000000032381
8	108648177	109248172	204	23	0.0000985547	0.000000014681
8	109248173	110484313	347	29	0.0000872836	0.000000020462
8	110484314	111850846	286	29	0.0000513762	0.000000018437
8	111850847	113064319	230	19	0.0001616075	0.000000016949
8	113064320	116096494	772	29	0.0003385852	0.000000050310
8	116096495	119685456	1139	29	0.0004728283	0.000000057706
8	119685457	121201699	516	29	0.0003808190	0.000000041566
8	121201700	124861458	1322	29	0.0003959415	0.000000057008
8	124861459	125683718	322	29	0.0001673278	0.000000026241
8	125683719	126410916	254	29	0.0003007038	0.000000027341
8	126410917	128659110	903	29	0.0008557714	0.000000063061
8	128659111	130381138	662	29	0.0002828620	0.000000053819
8	130381139	131639624	461	29	0.0000759707	0.000000033417
8	131639625	133351143	752	29	0.0001991281	0.000000053477
8	133351144	134570000	698	29	0.0001652404	0.000000051247
8	134570001	136035604	745	29	0.0002097424	0.000000050585
8	136035605	137524150	547	29	0.0001173249	0.000000040363
8	137524151	139254829	727	29	0.0000338753	0.000000050401
8	139254830	140725642	734	29	-0.0000233431	0.000000047895
8	140725643	143044913	793	29	0.0001290611	0.000000050605
8	143044914	144236880	336	29	0.0001757012	0.000000029668
8	144236881	146303866	314	29	0.0002680914	0.000000035217
9	10023	1079706	557	29	0.0000928671	0.000000048911
9	1079707	1916876	594	29	0.0002506318	0.000000053175
9	1916877	3190063	755	29	0.0001154910	0.000000050969
9	3190064	4495327	732	29	0.0001441304	0.000000043861
9	4495328	4884925	221	29	0.0000982298	0.000000019218
9	4884926	6557588	544	29	0.0001632403	0.000000049743
9	6557589	7154922	287	29	0.0002741846	0.000000031012
9	7154923	8456298	908	29	0.0000837958	0.000000050367
9	8456299	9166402	393	29	0.0000824431	0.000000036454
9	9166403	10879252	826	29	0.0002032209	0.000000053053
9	10879253	12276488	460	29	0.0001046987	0.000000038557
9	12276489	14836362	1240	29	0.0001096421	0.000000050117
9	14836363	16659654	787	29	0.0005682961	0.000000056998
9	16659655	18661050	924	29	0.0002800510	0.000000053624
9	18661051	20463533	810	29	0.0002032552	0.000000052728
9	20463534	22206558	678	29	0.0001703290	0.000000043491
9	22206559	24158517	589	29	0.0000805273	0.000000048856
9	24158518	25330809	291	29	0.0002647551	0.000000032781
9	25330810	26111756	270	29	0.0002173373	0.000000029607
9	26111757	28224282	938	29	0.0001534346	0.000000051597
9	28224283	28811583	240	29	0.0003244534	0.000000022160
9	28811584	30387391	549	29	0.0000090626	0.000000033187
9	30387392	31310382	242	23	0.0000317304	0.000000016770
9	31310383	32019367	204	24	0.0000850922	0.000000014676
9	32019368	33578333	575	29	0.0002376880	0.000000047170
9	33578334	34642242	278	27	0.0000345261	0.000000015127
9	34642243	36743282	567	29	0.0001803498	0.000000045208
9	36743283	38641598	708	29	0.0002038176	0.000000052077
9	38641599	65472189	100	21	0.0001268380	0.000000011615
9	65472190	72512710	551	29	0.0002395959	0.000000042801
9	72512711	72753754	100	10	-0.0000134042	0.000000005744
9	72753755	74253039	587	29	0.0001520820	0.000000040314
9	74253040	76203945	564	29	0.0000098510	0.000000036483
9	76203946	76973080	177	22	0.0000909444	0.000000014894
9	76973081	78900182	795	29	0.0002129696	0.000000045922
9	78900183	79471207	280	29	0.0000210749	0.000000023874
9	79471208	81079054	518	29	0.0002419213	0.000000047055
9	81079055	82590927	623	29	0.0002082698	0.000000051663
9	82590928	84211232	648	29	0.0001407594	0.000000051723
9	84211233	85440800	324	29	0.0002092888	0.000000032517
9	85440801	86938195	626	29	0.0003105323	0.000000053028
9	86938196	88109332	488	29	0.0001681120	0.000000037576
9	88109333	88590416	111	14	0.0000209328	0.000000007756
9	88590417	90136245	589	29	0.0000615839	0.000000044863
9	90136246	92528697	832	29	0.0000809937	0.000000049643
9	92528698	94167202	613	29	0.0002757576	0.000000052676
9	94167203	96671697	775	29	0.0001933286	0.000000052442
9	96671698	98922039	656	29	0.0003218844	0.000000048485
9	98922040	101592858	827	29	0.0002058490	0.000000050626
9	101592859	104624436	946	29	0.0000820283	0.000000049675
9	104624437	105967975	566	29	0.0002460542	0.000000043548
9	105967976	107581748	597	29	0.0004854057	0.000000047995
9	107581749	109298753	588	29	0.0028254452	0.000000107957
9	109298754	110695061	560	29	0.0002803758	0.000000049452
9	110695062	112778023	1079	29	0.0001472424	0.000000049760
9	112778024	114831081	891	29	0.0004422032	0.000000058529
9	114831082	115693144	310	29	0.0002075268	0.000000025875
9	115693145	117019800	620	29	0.0001534561	0.000000051395
9	117019801	117921959	458	29	0.0003480503	0.000000042361
9	117921960	121321536	1444	29	0.0000542654	0.000000048881
9	121321537	122260296	356	29	0.0000350894	0.000000026866
9	122260297	124871321	761	29	0.0000772536	0.000000049149
9	124871322	126971886	672	29	0.0002222888	0.000000050853
9	126971887	129059664	550	29	0.0001311478	0.000000041351
9	129059665	130055509	324	29	0.0003011420	0.000000029852
9	130055510	132165469	467	29	0.0004066765	0.000000043847
9	132165470	133223216	315	29	0.0002500037	0.000000030748
9	133223217	134127887	327	29	0.0002491754	0.000000034859
9	134127888	135298841	424	29	0.0001255483	0.000000033283
9	135298842	137041121	635	29	0.0003933502	0.000000049824
9	137041122	137589363	195	29	0.0001384684	0.000000023140
9	137589364	138938977	610	29	0.0000756311	0.000000052676
9	138938978	139500341	109	20	0.0000111970	0.000000009731
9	139500342	141144795	218	29	0.0001185271	0.000000022705
10	60523	751338	115	15	0.0000789085	0.000000012126
10	751339	1523543	335	29	0.0001172035	0.000000028522
10	1523544	2254499	434	29	0.0001252343	0.000000038184
10	2254500	3352698	648	29	0.0000735802	0.000000050271
10	3352699	4572273	600	29	0.0001152047	0.000000049428
10	4572274	5983761	685	29	0.0002129605	0.000000051500
10	5983762	7171483	736	29	0.0001478684	0.000000050735
10	7171484	8774664	838	29	0.0004196632	0.000000059391
10	8774665	10249395	560	29	0.0000562401	0.000000040567
10	10249396	12586796	1011	29	0.0000613659	0.000000044987
10	12586797	13321599	428	29	0.0000487212	0.000000038105
10	13321600	15026067	929	29	0.0000722399	0.000000048831
10	15026068	16551766	548	29	0.0001940179	0.000000052617
10	16551767	18537266	759	29	0.0003154240	0.000000054045
10	18537267	19716877	525	29	0.0002659444	0.000000041894
10	19716878	22772282	971	29	0.0001422325	0.000000050761
10	22772283	23175131	122	14	0.0000682147	0.000000011587
10	23175132	25578595	751	29	0.0001360799	0.000000050403
10	25578596	26888683	522	29	0.0001150760	0.000000031474
10	26888684	29323235	887	29	0.0002400995	0.000000052770
10	29323236	29783691	264	29	0.0001878010	0.000000024102
10	29783692	30458837	359	29	0.0001292448	0.000000032072
10	30458838	31907518	476	29	0.0001487989	0.000000036995
10	31907519	33707967	606	29	0.0003414418	0.000000045202
10	33707968	35109354	486	29	0.0001796061	0.000000038130
10	35109355	36572507	414	29	0.0002106069	0.000000032883
10	36572508	37790028	316	29	-0.0000098557	0.000000019575
10	37790029	42372578	196	13	0.0000182217	0.000000008293
10	42372579	43894770	292	29	0.0000869406	0.000000022052
10	43894771	44730074	284	29	0.0003394437	0.000000017434
10	44730075	48760449	652	29	0.0005141563	0.000000051837
10	48760450	50840914	638	29	0.0001132097	0.000000042798
10	50840915	53616628	743	29	0.0003600875	0.000000056260
10	53616629	55103571	674	29	0.0001138093	0.000000050595
10	55103572	57031139	751	29	0.0001823499	0.000000053371
10	57031140	57662145	177	18	0.0002336859	0.000000015643
10	57662146	58959527	379	25	0.0000686270	0.000000019338
10	58959528	60289986	412	29	0.0001621887	0.000000026498
10	60289987	61891408	579	29	0.0001151633	0.000000045590
10	61891409	62659678	296	29	0.0001168654	0.000000020758
10	62659679	63341694	159	18	0.0000598704	0.000000012487
10	63341695	65794113	827	29	0.0003999330	0.000000049388
10	65794114	67549614	474	29	0.0000893789	0.000000030697
10	67549615	69900147	880	29	0.0001262400	0.000000050824
10	69900148	70195990	107	11	0.0001731313	0.000000010502
10	70195991	72220849	861	29	0.0002694459	0.000000050533
10	72220850	73508511	724	29	0.0000369273	0.000000048840
10	73508512	75422549	413	29	0.0003209718	0.000000030442
10	75422550	78706813	818	29	0.0003243516	0.000000054430
10	78706814	80876748	994	29	0.0001590039	0.000000051126
10	80876749	82414678	475	29	0.0003271967	0.000000041383
10	82414679	84383744	709	29	0.0001074934	0.000000051125
10	84383745	85458702	434	29	0.0000916143	0.000000028293
10	85458703	87937576	953	29	0.0000932988	0.000000050484
10	87937577	89127063	264	29	0.0002588818	0.000000024304
10	89127064	91013380	713	29	0.0001625977	0.000000049452
10	91013381	92006580	370	29	0.0001104323	0.000000028672
10	92006581	93335046	443	29	0.0002129730	0.000000034150
10	93335047	95396367	638	29	0.0003411257	0.000000043365
10	95396368	96221242	259	29	0.0002142785	0.000000022370
10	96221243	97822356	564	29	0.0001207815	0.000000032587
10	97822357	100241301	884	29	0.0001181719	0.000000049905
10	100241302	100668399	145	14	0.0000638806	0.000000009724
10	100668400	102949238	744	29	0.0003421957	0.000000052468
10	102949239	104380409	294	28	0.0001340627	0.000000015117
10	104380410	106695047	743	29	0.0001847266	0.000000036833
10	106695048	108726685	660	29	0.0004066597	0.000000055534
10	108726686	110317704	632	29	0.0001438529	0.000000048499
10	110317705	112561492	653	29	0.0001200377	0.000000048789
10	112561493	115328431	1007	29	0.0006796440	0.000000059615
10	115328432	116421405	479	29	0.0003656020	0.000000044074
10	116421406	119523933	963	29	0.0005033810	0.000000061285
10	119523934	120591352	397	29	0.0001732423	0.000000034776
10	120591353	122407322	648	29	0.0002822001	0.000000053539
10	122407323	123231464	383	29	0.0002080452	0.000000034743
10	123231465	123900544	265	29	0.0000422801	0.000000021329
10	123900545	125869345	825	29	0.0004465689	0.000000055755
10	125869346	128001097	912	29	0.0001227315	0.000000049643
10	128001098	129154361	511	29	0.0000124320	0.000000039350
10	129154362	130844283	901	29	0.0001135090	0.000000049739
10	130844284	131741326	401	29	0.0001658228	0.000000034934
10	131741327	132580244	408	29	0.0000546876	0.000000030387
10	132580245	134336328	816	29	0.0000886051	0.000000049693
10	134336329	134494672	39	6	0.0001025640	0.000000005177
10	134494673	135523864	246	29	0.0000838991	0.000000023257
11	70855	1213589	223	29	0.0004879725	0.000000029158
11	1213590	3665480	773	29	0.0002191572	0.000000038540
11	3665481	4746708	412	29	0.0000565150	0.000000031924
11	4746709	6322868	953	29	0.0001710405	0.000000052546
11	6322869	7436700	530	29	0.0000380857	0.000000036890
11	7436701	8333273	472	29	0.0001839090	0.000000043015
11	8333274	9087316	268	29	0.0001762255	0.000000016716
11	9087317	10952026	622	29	0.0004594229	0.000000045163
11	10952027	12564228	1073	29	0.0002264626	0.000000052838
11	12564229	13373123	393	29	0.0002485047	0.000000033602
11	13373124	15742551	754	29	0.0003663291	0.000000055978
11	15742552	17578401	587	29	0.0000695339	0.000000028654
11	17578402	19569534	760	29	0.0000598101	0.000000048108
11	19569535	21017137	769	29	0.0001111813	0.000000051108
11	21017138	22374141	537	29	0.0001391411	0.000000043556
11	22374142	24088516	580	29	0.0000345391	0.000000040511
11	24088517	26045752	648	29	0.0002048398	0.000000054137
11	26045753	27020460	347	29	0.0002551029	0.000000029278
11	27020461	28481592	400	29	0.0003759309	0.000000026916
11	28481593	30141356	409	29	0.0004514532	0.000000039253
11	30141357	32276900	610	29	0.0002611072	0.000000040835
11	32276901	33958738	539	29	0.0001714801	0.000000040525
11	33958739	35502604	795	29	0.0000954931	0.000000049399
11	35502605	37116814	728	29	0.0001066381	0.000000049293
11	37116815	39382002	416	29	0.0002675309	0.000000034642
11	39382003	42310002	909	29	0.0001229530	0.000000051467
11	42310003	44693798	952	29	0.0001494067	0.000000049520
11	44693799	47006136	701	29	0.0010021164	0.000000053987
11	47006137	49866049	464	25	0.0017226979	0.000000042608
11	49866050	54695472	130	7	0.0002517970	0.000000010742
11	54695473	55082656	6	3	0.0000383900	0.000000001455
11	55082657	58457494	1028	29	0.0005158638	0.000000058664
11	58457495	58780548	65	6	0.0000669524	0.000000005556
11	58780549	62223770	941	29	0.0008312078	0.000000062861
11	62223771	63804568	288	29	0.0002828208	0.000000027349
11	63804569	65898630	445	29	0.0006730944	0.000000047237
11	65898631	68005824	292	29	0.0002880885	0.000000025813
11	68005825	69516129	438	29	0.0002862656	0.000000036418
11	69516130	70926291	446	29	0.0002251590	0.000000042279
11	70926292	72286016	290	29	0.0002083556	0.000000022895
11	72286017	74412350	574	29	0.0001538487	0.000000035600
11	74412351	76797208	730	29	0.0003273185	0.000000054328
11	76797209	78355057	398	29	0.0001470903	0.000000025401
11	78355058	80722372	1047	29	0.0000154801	0.000000048154
11	80722373	81266711	258	29	0.0003865367	0.000000030139
11	81266712	84381271	1151	29	0.0001500902	0.000000051991
11	84381272	86619300	759	29	0.0001057623	0.000000050002
11	86619301	87430234	300	29	0.0002758163	0.000000026291
11	87430235	89208935	557	29	0.0002477010	0.000000048153
11	89208936	90966489	373	29	0.0001124984	0.000000025266
11	90966490	92077143	343	29	0.0001696373	0.000000028406
11	92077144	93276156	388	29	0.0000728326	0.000000024520
11	93276157	94242259	264	25	0.0002820072	0.000000023940
11	94242260	95726040	585	29	0.0000319286	0.000000044003
11	95726041	97057057	488	29	-0.0000078767	0.000000037994
11	97057058	98705064	550	29	0.0002082850	0.000000047931
11	98705065	100417168	749	29	0.0000390605	0.000000047553
11	100417169	101331120	400	29	0.0001693907	0.000000023254
11	101331121	103959635	1057	29	0.0002176266	0.000000052155
11	103959636	104873283	282	23	0.0000583809	0.000000014967
11	104873284	106520893	457	29	0.0000392496	0.000000029706
11	106520894	107844199	455	29	0.0002151667	0.000000038841
11	107844200	108437036	127	11	0.0001194984	0.000000010179
11	108437037	109866115	338	29	0.0002630093	0.000000030790
11	109866116	111114396	479	29	0.0002174984	0.000000037032
11	111114397	112459487	366	29	0.0003324725	0.000000031617
11	112459488	114257727	772	29	0.0001223296	0.000000049136
11	114257728	114830665	221	26	0.0001434573	0.000000019065
11	114830666	116383347	642	29	0.0000943919	0.000000049625
11	116383348	117747109	585	29	0.0040629716	0.000000127414
11	117747110	119215475	487	29	0.0001701140	0.000000039340
11	119215476	120766805	604	29	0.0001752941	0.000000051278
11	120766806	121175942	196	22	0.0000308332	0.000000014228
11	121175943	122591909	459	29	0.0003728471	0.000000045854
11	122591910	123500116	410	29	0.0001354259	0.000000036533
11	123500117	124495527	458	29	0.0002354012	0.000000032971
11	124495528	126311319	766	29	0.0001171707	0.000000046451
11	126311320	127316678	550	29	0.0002536242	0.000000044025
11	127316679	128188536	303	29	0.0002120113	0.000000026644
11	128188537	130342574	826	29	0.0002083123	0.000000052344
11	130342575	131074611	358	29	0.0001929721	0.000000033644
11	131074612	133000045	1076	29	0.0000438084	0.000000049761
11	133000046	134205992	532	29	0.0000599223	0.000000046520
11	134205993	134946451	395	29	0.0001072123	0.000000033072
12	61107	1080330	296	29	0.0001005146	0.000000023777
12	1080331	2544785	472	29	0.0000146784	0.000000038009
12	2544786	3677036	492	29	0.0001806693	0.000000045210
12	3677037	4417678	373	29	0.0000711099	0.000000031850
12	4417679	5321471	490	29	0.0002052123	0.000000044459
12	5321472	6419752	544	29	0.0000435515	0.000000042473
12	6419753	8377535	159	28	0.0000994523	0.000000013540
12	8377536	9031394	0	0	-0.0002007496	-0.000000000000
12	9031395	10481533	205	28	0.0001668115	0.000000018624
12	10481534	11754845	320	29	0.0000080662	0.000000021408
12	11754846	12733527	427	29	0.0000149321	0.000000036711
12	12733528	15241483	1010	29	0.0001286611	0.000000051334
12	15241484	16310459	247	29	0.0001290319	0.000000021574
12	16310460	18087872	550	29	0.0004452402	0.000000052303
12	18087873	20863942	920	29	0.0002926049	0.000000052141
12	20863943	23820633	1078	29	0.0001397390	0.000000048179
12	23820634	25371082	703	29	0.0001565088	0.000000051352
12	25371083	27799772	1004	29	0.0001850522	0.000000048255
12	27799773	29651254	687	29	0.0001806902	0.000000047227
12	29651255	30512405	454	29	0.0001082349	0.000000033086
12	30512406	32165591	624	29	0.0001232509	0.000000045516
12	32165592	33076988	371	29	0.0001571571	0.000000029892
12	33076989	37856716	351	24	0.0001242094	0.000000021715
12	37856717	39227168	134	7	0.0000255077	0.000000007971
12	39227169	40816184	492	29	0.0002631970	0.000000036400
12	40816185	41658585	350	29	0.0003884923	0.000000030718
12	41658586	43984473	881	29	0.0001344404	0.000000051870
12	43984474	46024228	467	29	0.0001817094	0.000000032906
12	46024229	47714792	457	29	0.0001822965	0.000000035531
12	47714793	49001865	516	29	0.0001756506	0.000000038735
12	49001866	51776493	590	29	0.0002836038	0.000000040937
12	51776494	53039003	604	29	0.0000452843	0.000000039502
12	53039004	54778822	560	29	0.0003349642	0.000000045864
12	54778823	55665836	255	29	0.0001130814	0.000000020628
12	55665837	57548859	398	29	0.0001545514	0.000000026183
12	57548860	59308665	443	29	0.0003752982	0.000000035382
12	59308666	61123728	450	29	0.0002548750	0.000000034315
12	61123729	64032460	935	29	0.0001579712	0.000000051871
12	64032461	65559694	365	29	0.0001593369	0.000000030325
12	65559695	67181143	503	29	0.0000901609	0.000000034732
12	67181144	67909728	317	29	0.0000156935	0.000000019839
12	67909729	69826541	796	29	0.0001215614	0.000000050886
12	69826542	70957986	485	29	0.0001078384	0.000000032109
12	70957987	72645074	552	29	0.0002165297	0.000000038740
12	72645075	73818453	296	29	0.0000298398	0.000000020171
12	73818454	76511313	746	29	0.0000870166	0.000000049825
12	76511314	78570569	741	29	0.0003228431	0.000000056048
12	78570570	80448149	398	29	0.0002322415	0.000000034467
12	80448150	81467766	302	29	0.0001153665	0.000000022338
12	81467767	83502665	553	29	0.0002219549	0.000000040034
12	83502666	84303843	229	27	0.0000989058	0.000000014825
12	84303844	85990425	388	29	0.0001188368	0.000000023191
12	85990426	89682121	741	29	0.0001531320	0.000000046865
12	89682122	92066154	633	29	0.0002186643	0.000000033603
12	92066155	94514566	892	29	0.0001107567	0.000000049407
12	94514567	96020784	675	29	0.0003091682	0.000000054303
12	96020785	97108838	443	29	0.0000271152	0.000000033227
12	97108839	99305986	915	29	0.0000278477	0.000000047515
12	99305987	101447640	646	29	0.0001593338	0.000000048751
12	101447641	101862689	141	16	0.0000430033	0.000000010971
12	101862690	102964985	328	29	0.0003008673	0.000000020988
12	102964986	104848695	746	29	0.0001110647	0.000000049772
12	104848696	106436212	834	29	0.0002225000	0.000000054708
12	106436213	106958747	223	29	0.0001917890	0.000000021508
12	106958748	109025900	727	29	0.0003012256	0.000000053011
12	109025901	110336718	387	29	0.0006174209	0.000000030927
12	110336719	113263517	460	29	0.0004340315	0.000000017519
12	113263518	113986708	199	28	0.0002525027	0.000000021288
12	113986709	115036601	529	29	0.0002223201	0.000000042399
12	115036602	115503215	191	29	0.0000216110	0.000000010081
12	115503216	117087470	741	29	0.0003052218	0.000000053796
12	117087471	118135374	441	29	0.0002653963	0.000000043146
12	118135375	119754109	669	29	0.0005073141	0.000000060874
12	119754110	122007650	643	29	0.0001862664	0.000000039807
12	122007651	124977979	647	29	0.0012737695	0.000000069844
12	124977980	126445504	591	29	0.0002946204	0.000000053731
12	126445505	127875097	631	29	0.0002865473	0.000000052365
12	127875098	129237296	682	29	0.0000816788	0.000000050442
12	129237297	130377920	663	29	0.0001692430	0.000000052052
12	130377921	131786750	705	29	0.0000543951	0.000000049145
12	131786751	132807033	278	29	0.0000973777	0.000000023828
12	132807034	133841510	163	25	0.0002571424	0.000000018693
13	19020013	20686719	270	29	0.0002601312	0.000000026479
13	20686720	22242173	562	29	0.0000589312	0.000000044561
13	22242174	23594701	658	29	0.0001449547	0.000000055407
13	23594702	24531936	490	29	0.0000647182	0.000000038963
13	24531937	25784361	626	29	-0.0000243832	0.000000048299
13	25784362	27284361	528	29	0.0002626666	0.000000043742
13	27284362	29257550	824	29	0.0002348489	0.000000054899
13	29257551	30483266	493	29	0.0001927794	0.000000040957
13	30483267	32301814	740	29	0.0002405425	0.000000055682
13	32301815	33776902	559	29	0.0001390789	0.000000039692
13	33776903	35026463	449	29	0.0002662616	0.000000040966
13	35026464	36046366	209	29	0.0001011767	0.000000018854
13	36046367	37498184	624	29	0.0000693796	0.000000049803
13	37498185	38878162	528	29	0.0002456259	0.000000039512
13	38878163	41069262	852	29	0.0001180212	0.000000052745
13	41069263	43101026	607	29	0.0001132230	0.000000042252
13	43101027	44901408	781	29	0.0000853909	0.000000051410
13	44901409	46495213	520	29	0.0002944830	0.000000047458
13	46495214	47431078	351	29	0.0002483614	0.000000032074
13	47431079	49383961	608	29	0.0001875582	0.000000047476
13	49383962	51591090	718	29	0.0000743762	0.000000045203
13	51591091	53339621	433	29	0.0002108527	0.000000038589
13	53339622	54682863	515	29	0.0001848410	0.000000042826
13	54682864	55817130	318	29	0.0000213400	0.000000019292
13	55817131	57554216	295	22	0.0000188908	0.000000016006
13	57554217	58410625	200	21	0.0002460832	0.000000016391
13	58410626	59302270	214	22	0.0001182051	0.000000015014
13	59302271	60854777	547	29	0.0001620852	0.000000041785
13	60854778	61591948	278	29	0.0003009949	0.000000027009
13	61591949	63971558	628	29	0.0001981668	0.000000049517
13	63971559	65200601	295	29	0.0000031976	0.000000017452
13	65200602	67844452	774	29	0.0001244572	0.000000052328
13	67844453	70724515	870	29	0.0001760771	0.000000054061
13	70724516	71526790	311	29	0.0001342867	0.000000027532
13	71526791	73934088	827	29	0.0000988371	0.000000049976
13	73934089	75670142	722	29	0.0001808560	0.000000052251
13	75670143	77410554	762	29	0.0002488561	0.000000054502
13	77410555	78808812	419	29	0.0001698299	0.000000030825
13	78808813	80585675	564	29	0.0000414582	0.000000039255
13	80585676	82581813	598	29	0.0001301272	0.000000047304
13	82581814	84133143	391	29	0.0001732098	0.000000024125
13	84133144	85610915	407	29	0.0001482846	0.000000031096
13	85610916	88559881	741	29	0.0001621960	0.000000050509
13	88559882	90521310	458	29	0.0001866303	0.000000033877
13	90521311	93129690	838	29	0.0003114731	0.000000057203
13	93129691	93586454	119	16	0.0000731023	0.000000011080
13	93586455	96087557	1164	29	0.0001658550	0.000000051870
13	96087558	97519209	343	29	0.0002549773	0.000000032004
13	97519210	98938918	424	29	0.0001386794	0.000000037625
13	98938919	100574094	763	29	0.0002514713	0.000000056538
13	100574095	102300522	749	29	0.0000346128	0.000000049941
13	102300523	104066709	908	29	0.0002091421	0.000000054222
13	104066710	104844113	304	29	0.0000624598	0.000000024683
13	104844114	106247553	613	29	0.0000663940	0.000000051771
13	106247554	106749999	268	29	0.0004232169	0.000000032083
13	106750000	108189876	597	29	0.0004036535	0.000000058611
13	108189877	109121209	426	29	0.0001830607	0.000000040649
13	109121210	109815111	322	29	0.0001787375	0.000000029958
13	109815112	111232072	729	29	0.0001714418	0.000000036627
13	111232073	112247591	441	29	0.0003471657	0.000000042638
13	112247592	113572487	447	29	0.0000811407	0.000000039915
13	113572488	115109852	316	29	0.0000377902	0.000000025217
14	19002084	21589401	558	29	0.0000489422	0.000000047655
14	21589402	23018664	690	29	0.0000697403	0.000000048120
14	23018665	24905122	667	29	0.0002413558	0.000000054431
14	24905123	26135685	547	29	0.0002193017	0.000000040798
14	26135686	28466532	683	29	0.0000375000	0.000000050433
14	28466533	29972144	377	29	0.0002484937	0.000000033711
14	29972145	32383264	578	29	0.0002865546	0.000000047657
14	32383265	34846250	1234	29	0.0001171367	0.000000051268
14	34846251	35859592	240	29	0.0002414995	0.000000021819
14	35859593	38667724	855	29	-0.0000395462	0.000000046012
14	38667725	40341989	530	29	0.0002609673	0.000000043105
14	40341990	41615501	347	29	0.0000516300	0.000000020756
14	41615502	43137388	413	29	0.0000499245	0.000000026684
14	43137389	44543226	355	29	0.0002654286	0.000000034203
14	44543227	46081895	373	29	0.0000737635	0.000000026352
14	46081896	46749129	188	16	0.0000357013	0.000000010700
14	46749130	48573585	578	29	0.0001455771	0.000000045590
14	48573586	49005470	112	13	0.0000028607	0.000000006823
14	49005471	50507759	450	29	0.0003060237	0.000000042094
14	50507760	51493571	356	29	0.0002307928	0.000000033018
14	51493572	53474382	832	29	0.0002229107	0.000000051881
14	53474383	53997830	172	19	0.0001989824	0.000000016847
14	53997831	55233680	444	29	0.0001430081	0.000000037642
14	55233681	56216879	283	27	0.0000636436	0.000000020461
14	56216880	57481261	654	29	0.0001910870	0.000000053451
14	57481262	59448335	700	29	0.0000721672	0.000000049648
14	59448336	61680423	597	29	0.0001909385	0.000000040972
14	61680424	63790014	797	29	0.0002205393	0.000000052317
14	63790015	65220297	338	29	0.0000314982	0.000000024086
14	65220298	66399554	398	29	0.0002252663	0.000000035175
14	66399555	67992316	403	29	0.0001409155	0.000000023712
14	67992317	71131956	1217	29	0.0001049734	0.000000048500
14	71131957	72889614	669	29	0.0002178613	0.000000052194
14	72889615	76444766	1123	29	0.0002193403	0.000000051121
14	76444767	77229471	342	29	0.0002701837	0.000000033216
14	77229472	78561944	624	29	0.0002465392	0.000000050724
14	78561945	80186578	605	29	0.0002841863	0.000000050483
14	80186579	81579713	504	29	0.0000383683	0.000000036332
14	81579714	83138096	464	29	0.0002041146	0.000000038305
14	83138097	84241632	378	29	0.0000576879	0.000000027909
14	84241633	85746318	467	29	0.0001276825	0.000000037712
14	85746319	86647001	304	29	0.0001687495	0.000000026964
14	86647002	87635340	302	29	0.0001866047	0.000000026757
14	87635341	89497642	593	29	0.0002124604	0.000000043571
14	89497643	91296859	683	29	0.0001925528	0.000000051574
14	91296860	93132298	652	29	0.0001228095	0.000000047969
14	93132299	94325284	391	29	0.0001619077	0.000000032567
14	94325285	95750866	851	29	0.0000710218	0.000000049020
14	95750867	96262414	364	29	0.0001327589	0.000000030780
14	96262415	98341161	835	29	0.0001273140	0.000000052356
14	98341162	99138531	368	29	0.0000999215	0.000000026740
14	99138532	101534306	881	29	0.0001686641	0.000000049925
14	101534307	103012101	421	29	0.0001046613	0.000000034943
14	103012102	105001722	457	29	0.0001471826	0.000000036087
14	105001723	106340357	147	27	0.0002996620	0.000000020481
14	106340358	107289453	35	5	0.0000222140	0.000000003606
15	20001200	21131603	4	1	-0.0000078799	0.000000000271
15	21131604	24195126	292	29	0.0001439141	0.000000029332
15	24195127	25108589	192	28	0.0001060205	0.000000016933
15	25108590	27298111	840	29	0.0000970885	0.000000051855
15	27298112	29338501	466	29	0.0001087593	0.000000039881
15	29338502	30165567	288	29	0.0003979876	0.000000033926
15	30165568	31591820	295	29	0.0002020594	0.000000028462
15	31591821	32441810	252	29	0.0001129143	0.000000019555
15	32441811	34015424	720	29	0.0001243528	0.000000052715
15	34015425	35083250	394	29	0.0001083178	0.000000032492
15	35083251	37456501	916	29	0.0001119269	0.000000051517
15	37456502	38530776	343	29	0.0004153981	0.000000038874
15	38530777	40384131	761	29	0.0002768016	0.000000056067
15	40384132	41177513	221	28	0.0002778195	0.000000024044
15	41177514	42776398	412	29	0.0002719456	0.000000034283
15	42776399	44198048	253	16	0.0002726168	0.000000019786
15	44198049	46618786	483	29	0.0002977984	0.000000038902
15	46618787	48136047	578	29	0.0001662775	0.000000044362
15	48136048	50008042	437	29	0.0000019856	0.000000028670
15	50008043	51677559	600	29	0.0002098292	0.000000036781
15	51677560	53069095	389	29	0.0002569954	0.000000029821
15	53069096	54508527	624	29	0.0001689419	0.000000050708
15	54508528	55136268	246	29	0.0001169198	0.000000024044
15	55136269	56901772	530	29	0.0003982529	0.000000053628
15	56901773	58441365	614	29	0.0002212725	0.000000050734
15	58441366	59694115	499	29	0.0118443029	0.000000333401
15	59694116	61265835	654	29	0.0000751240	0.000000050100
15	61265836	63215221	899	29	0.0001744628	0.000000045342
15	63215222	65104667	476	29	0.0005009015	0.000000040051
15	65104668	67094766	597	29	0.0002692705	0.000000053435
15	67094767	69017998	734	29	0.0003912723	0.000000040729
15	69017999	70133340	288	29	0.0001192132	0.000000025894
15	70133341	71922648	695	29	0.0001810792	0.000000054233
15	71922649	73628713	352	29	0.0000845196	0.000000022742
15	73628714	76398623	583	29	0.0001615690	0.000000034761
15	76398624	78516052	510	29	0.0000051697	0.000000030901
15	78516053	80860977	967	29	0.0001655407	0.000000046900
15	80860978	84260467	885	29	0.0001830558	0.000000051578
15	84260468	86652904	760	29	0.0001950645	0.000000047398
15	86652905	88369942	761	29	0.0000472397	0.000000049917
15	88369943	90475550	689	29	0.0002169460	0.000000055503
15	90475551	92164391	608	29	0.0000697055	0.000000043626
15	92164392	93780901	801	29	0.0000975720	0.000000052458
15	93780902	94924329	562	29	0.0001039555	0.000000051748
15	94924330	96141595	576	29	0.0000989123	0.000000050587
15	96141596	98030909	738	29	0.0000454886	0.000000049777
15	98030910	99244058	553	29	0.0001456075	0.000000053891
15	99244059	100636846	535	29	0.0000905054	0.000000049089
15	100636847	101552693	387	29	0.0001297008	0.000000035152
15	101552694	102520965	407	29	0.0001469289	0.000000040403
16	60054	1207205	271	29	0.0003664849	0.000000036392
16	1207206	2764828	338	29	0.0001712818	0.000000031051
16	2764829	4001195	284	29	0.0000958091	0.000000027317
16	4001196	5118344	352	29	0.0003582480	0.000000037633
16	5118345	5891579	333	29	0.0001076034	0.000000031984
16	5891580	6893550	692	29	0.0002711964	0.000000056009
16	6893551	7529120	473	29	0.0002055533	0.000000048004
16	7529121	8338518	526	29	0.0001855879	0.000000052528
16	8338519	9799418	691	29	0.0001436646	0.000000052400
16	9799419	10426031	365	29	0.0000309833	0.000000027809
16	10426032	11520160	422	29	0.0001812580	0.000000040524
16	11520161	12613097	387	29	0.0000836823	0.000000036099
16	12613098	13154436	300	29	0.0002115621	0.000000028466
16	13154437	14464001	545	29	0.0001597322	0.000000047382
16	14464002	16154059	303	29	0.0002050960	0.000000027336
16	16154060	17644748	389	29	0.0001693192	0.000000036556
16	17644749	18643606	172	27	0.0000886093	0.000000016972
16	18643607	20150570	411	29	0.0001880371	0.000000028785
16	20150571	22448903	416	29	0.0000418283	0.000000028787
16	22448904	24136874	492	29	0.0000157303	0.000000038313
16	24136875	25986861	727	29	0.0000481118	0.000000049443
16	25986862	27445754	635	29	0.0001807657	0.000000052378
16	27445755	29036612	330	29	0.0002397124	0.000000023441
16	29036613	31382942	247	29	0.0003053363	0.000000023434
16	31382943	46399472	114	16	0.0000622619	0.000000009778
16	46399473	49007925	292	29	0.0001193998	0.000000021873
16	49007926	52035822	1056	29	0.0001078781	0.000000050550
16	52035823	53382571	447	29	0.0000707201	0.000000031018
16	53382572	55903773	1168	29	0.0002778050	0.000000043427
16	55903774	57664329	607	29	0.0184610999	0.000000498221
16	57664330	59045404	490	29	0.0000934932	0.000000037332
16	59045405	60745693	493	29	0.0000969368	0.000000041781
16	60745694	62229848	356	29	0.0001413997	0.000000028213
16	62229849	63691588	440	29	0.0000454002	0.000000036177
16	63691589	65938565	804	29	0.0000458984	0.000000049611
16	65938566	68841362	661	29	0.0016177561	0.000000077581
16	68841363	71054027	365	29	0.0003263703	0.000000035173
16	71054028	72935149	443	29	0.0002303072	0.000000029231
16	72935150	74971502	781	29	0.0002284157	0.000000053682
16	74971503	75977953	221	29	0.0005168344	0.000000029477
16	75977954	77523677	667	29	0.0002684076	0.000000054081
16	77523678	78456291	629	29	0.0001613179	0.000000053021
16	78456292	79134814	555	29	0.0001310455	0.000000052362
16	79134815	80297373	776	29	-0.0000556234	0.000000046303
16	80297374	81772535	757	29	0.0004619848	0.000000059847
16	81772536	82747727	572	29	0.0002115989	0.000000054071
16	82747728	83477207	602	29	0.0000776963	0.000000049387
16	83477208	84445882	692	29	0.0001432312	0.000000053067
16	84445883	85148684	444	29	0.0001792643	0.000000045666
16	85148685	86156598	467	29	0.0001633031	0.000000049267
16	86156599	86815410	518	29	0.0000781335	0.000000051771
16	86815411	87647348	352	29	0.0001084414	0.000000035048
16	87647349	89041164	335	29	0.0004782958	0.000000042076
16	89041165	90292811	288	29	0.0001834375	0.000000024780
17	56	1172398	291	29	0.0000557230	0.000000032120
17	1172399	1928730	243	29	-0.0000031344	0.000000021280
17	1928731	3702311	608	29	0.0001976363	0.000000054316
17	3702312	4696260	343	29	0.0003621116	0.000000039685
17	4696261	5741333	370	29	0.0000730525	0.000000028868
17	5741334	7317397	601	29	0.0000074829	0.000000049722
17	7317398	8306424	288	29	0.0003807487	0.000000032445
17	8306425	9965920	633	29	0.0000686350	0.000000051143
17	9965921	11102814	464	29	0.0001983202	0.000000042172
17	11102815	12534768	548	29	0.0000049806	0.000000047851
17	12534769	13180371	295	29	0.0002916371	0.000000031865
17	13180372	13894636	360	29	0.0000983097	0.000000034108
17	13894637	15019096	594	29	0.0000176515	0.000000050262
17	15019097	16412341	301	29	0.0000390381	0.000000024364
17	16412342	18856319	535	29	0.0002609531	0.000000042185
17	18856320	21290356	366	29	0.0001830808	0.000000030894
17	21290357	27334243	490	29	0.0003467588	0.000000046451
17	27334244	29786490	479	29	0.0004013888	0.000000031157
17	29786491	31538424	535	29	0.0001431033	0.000000045995
17	31538425	32912797	813	29	0.0000885690	0.000000050452
17	32912798	34469035	489	29	0.0001962511	0.000000033915
17	34469036	36809343	495	29	0.0001762364	0.000000041777
17	36809344	38877403	427	29	0.0009041059	0.000000042502
17	38877404	39899809	306	29	0.0000395987	0.000000019760
17	39899810	41772086	349	29	0.0003204773	0.000000027725
17	41772087	43056904	326	29	0.0004064125	0.000000029804
17	43056905	45876021	582	29	0.0006049751	0.000000039038
17	45876022	47517399	521	29	0.0004415826	0.000000040783
17	47517400	49898956	742	29	0.0000875981	0.000000050858
17	49898957	50719054	283	27	0.0000288049	0.000000020236
17	50719055	51826117	307	29	0.0001577151	0.000000023422
17	51826118	53599431	607	29	0.0000809184	0.000000048166
17	53599432	55357540	602	29	0.0001188437	0.000000046360
17	55357541	57487511	664	29	0.0001268718	0.000000049305
17	57487512	59312754	237	22	-0.0000286817	0.000000011768
17	59312755	61545588	433	29	0.0000778307	0.000000033599
17	61545589	63148127	290	29	0.0001094380	0.000000020670
17	63148128	64800429	623	29	0.0001235692	0.000000041657
17	64800430	67858769	917	29	0.0003911507	0.000000055020
17	67858770	69387816	644	29	0.0001261782	0.000000038212
17	69387817	72672202	1402	29	0.0000738077	0.000000052152
17	72672203	74375559	384	29	0.0002813939	0.000000038462
17	74375560	76263412	704	29	-0.0000262482	0.000000048876
17	76263413	77298635	442	29	0.0006457230	0.000000059004
17	77298636	78837587	517	29	0.0000420198	0.000000044256
17	78837588	80034407	212	29	0.0001702414	0.000000024007
17	80034408	81194907	290	29	0.0003684765	0.000000022878
18	10644	912485	389	29	0.0001229250	0.000000036600
18	912486	1942910	364	29	0.0001075987	0.000000028679
18	1942911	3891657	751	29	0.0000493376	0.000000050223
18	3891658	5834179	768	29	0.0000109655	0.000000049997
18	5834180	7090484	557	29	0.0000238196	0.000000046548
18	7090485	8498930	568	29	0.0000542798	0.000000047087
18	8498931	11075912	1236	29	0.0001179728	0.000000051801
18	11075913	11905439	250	29	0.0001488744	0.000000024649
18	11905440	14440798	721	29	0.0002408355	0.000000054759
18	14440799	19485843	158	17	0.0001593550	0.000000014198
18	19485844	20649471	299	29	0.0000747529	0.000000022417
18	20649472	22996650	807	29	0.0003550184	0.000000055211
18	22996651	24026190	309	29	0.0002153481	0.000000030192
18	24026191	25927681	779	29	-0.0000182982	0.000000048176
18	25927682	26875586	244	26	0.0001783132	0.000000021307
18	26875587	27866477	269	27	0.0000098724	0.000000017609
18	27866478	30264065	868	29	0.0001599245	0.000000053211
18	30264066	31780066	342	29	0.0004583479	0.000000035223
18	31780067	33861963	609	29	0.0000552697	0.000000043129
18	33861964	35075249	473	29	0.0001708580	0.000000040760
18	35075250	36365489	486	29	0.0001423273	0.000000034188
18	36365490	37684366	346	29	0.0001274806	0.000000023514
18	37684367	39892647	764	29	0.0000530245	0.000000047792
18	39892648	42922105	927	29	0.0001480024	0.000000050074
18	42922106	44299245	679	29	0.0001037570	0.000000051507
18	44299246	45939731	583	29	0.0001311487	0.000000047626
18	45939732	47730583	769	29	0.0028320175	0.000000110813
18	47730584	51062184	1164	29	0.0000394604	0.000000049592
18	51062185	51554174	172	15	0.0000502302	0.000000012056
18	51554175	55213837	1093	29	0.0000915275	0.000000050608
18	55213838	56530219	601	29	0.0000632662	0.000000049213
18	56530220	57630482	575	29	0.0001106942	0.000000050873
18	57630483	59020750	431	29	0.0005731738	0.000000035517
18	59020751	60277714	537	29	0.0002159215	0.000000045216
18	60277715	61820251	568	29	0.0002168273	0.000000044840
18	61820252	63463401	516	29	0.0000061872	0.000000035427
18	63463402	64252800	237	22	0.0000749355	0.000000016175
18	64252801	66125816	727	29	0.0002025311	0.000000053142
18	66125817	67175819	320	29	0.0001912677	0.000000030492
18	67175820	68621178	451	29	0.0000427675	0.000000037496
18	68621179	69621617	381	29	0.0002277872	0.000000036431
18	69621618	71038473	556	29	-0.0000025910	0.000000044285
18	71038474	71971461	486	29	0.0002193439	0.000000050408
18	71971462	73526986	650	29	0.0001806249	0.000000053867
18	73526987	74813814	584	29	0.0001300629	0.000000053044
18	74813815	75976316	587	29	0.0002146928	0.000000053907
18	75976317	77149990	409	29	0.0000603855	0.000000031594
18	77149991	78017157	252	29	0.0002475093	0.000000027575
19	80840	610728	86	22	0.0001154363	0.000000014064
19	610729	2098395	268	29	0.0003604020	0.000000046376
19	2098396	3019659	222	29	0.0001540010	0.000000026192
19	3019660	4348966	293	29	0.0004176603	0.000000044901
19	4348967	5811851	375	29	0.0000003317	0.000000035810
19	5811852	6684884	195	29	0.0002430184	0.000000026657
19	6684885	8347512	493	29	0.0003392661	0.000000052108
19	8347513	9238392	246	29	0.0007479939	0.000000035467
19	9238393	11284027	469	29	0.0002501957	0.000000033769
19	11284028	13471126	394	29	0.0004307523	0.000000039890
19	13471127	14486346	197	29	0.0001372671	0.000000021483
19	14486347	15648609	351	29	0.0002645671	0.000000035286
19	15648610	16374415	347	29	0.0002999065	0.000000030567
19	16374416	18409861	527	29	0.0000567444	0.000000046720
19	18409862	19877470	312	29	0.0004164263	0.000000023463
19	19877471	20905756	129	20	0.0000561059	0.000000011024
19	20905757	22732895	304	29	0.0002491688	0.000000025554
19	22732896	23467745	125	13	0.0001004284	0.000000010687
19	23467746	28557892	268	27	0.0000505802	0.000000017385
19	28557893	29790946	464	29	0.0001136436	0.000000036500
19	29790947	30727953	327	29	0.0001430540	0.000000028884
19	30727954	32746519	638	29	0.0001252368	0.000000051704
19	32746520	34262951	490	29	0.0005780719	0.000000051642
19	34262952	36469294	634	29	0.0000750054	0.000000049230
19	36469295	37527032	219	20	0.0000446865	0.000000013733
19	37527033	40170618	588	29	0.0002116724	0.000000047226
19	40170619	40984600	175	25	0.0002836503	0.000000020848
19	40984601	42131572	283	29	0.0001281911	0.000000023983
19	42131573	43862454	156	21	0.0002027991	0.000000017428
19	43862455	44744107	280	29	0.0001750810	0.000000024407
19	44744108	46102696	343	29	0.0007096382	0.000000038456
19	46102697	47150081	283	29	0.0002360240	0.000000022652
19	47150082	49282226	566	29	0.0003684660	0.000000053709
19	49282227	51532566	578	29	0.0001221268	0.000000055503
19	51532567	52985289	614	29	0.0003663551	0.000000057617
19	52985290	54602361	469	29	0.0000894120	0.000000049569
19	54602362	55728079	338	29	0.0010161084	0.000000056396
19	55728080	57521334	661	29	0.0001941347	0.000000058571
19	57521335	59118838	522	29	0.0002291952	0.000000046277
20	60479	697599	257	29	0.0001543109	0.000000028391
20	697600	2469500	992	29	0.0001240956	0.000000052320
20	2469501	3828412	480	29	0.0001446532	0.000000043490
20	3828413	5477849	782	29	0.0000725096	0.000000051256
20	5477850	7084072	725	29	0.0002159214	0.000000053915
20	7084073	8117010	400	29	0.0002496177	0.000000034117
20	8117011	9730920	763	29	0.0002124477	0.000000053695
20	9730921	11249535	731	29	0.0002408744	0.000000052560
20	11249536	12447498	497	29	0.0001872794	0.000000038241
20	12447499	13689863	547	29	0.0000521687	0.000000043025
20	13689864	15958358	971	29	0.0000635526	0.000000051115
20	15958359	17487231	934	29	0.0003740825	0.000000058411
20	17487232	18972202	597	29	0.0001250618	0.000000047505
20	18972203	20959709	886	29	0.0001494407	0.000000054313
20	20959710	22491455	400	29	0.0001850919	0.000000029788
20	22491456	23293789	355	29	0.0000935126	0.000000027345
20	23293790	24717723	522	29	0.0001899721	0.000000042218
20	24717724	25344230	211	21	0.0000401329	0.000000013781
20	25344231	31614822	561	29	0.0003219717	0.000000041870
20	31614823	32813440	282	29	0.0000949960	0.000000019814
20	32813441	34960445	435	29	0.0003174488	0.000000025003
20	34960446	36909529	476	29	0.0001946989	0.000000036673
20	36909530	38436760	504	29	0.0001939719	0.000000039547
20	38436761	39610855	464	29	0.0002406424	0.000000039266
20	39610856	40585688	284	29	0.0000796875	0.000000016501
20	40585689	41615459	575	29	0.0001250341	0.000000052571
20	41615460	42680175	385	29	0.0002657272	0.000000036346
20	42680176	44839055	754	29	0.0010446834	0.000000067815
20	44839056	47199979	1005	29	0.0000690104	0.000000049985
20	47199980	49239657	737	29	0.0002099296	0.000000052496
20	49239658	52472548	1322	29	0.0002066913	0.000000052605
20	52472549	54055265	601	29	0.0000698289	0.000000050406
20	54055266	56447958	1121	29	0.0003131277	0.000000056871
20	56447959	58406571	862	29	0.0001690936	0.000000052827
20	58406572	59561723	539	29	0.0003539020	0.000000053051
20	59561724	61301854	723	29	0.0000738653	0.000000052037
20	61301855	62190179	273	29	0.0001186269	0.000000028116
20	62190180	62965162	217	29	0.0003107080	0.000000024482
21	9411243	15950981	269	29	0.0000097921	0.000000021390
21	15950982	18053164	649	29	0.0000804044	0.000000051662
21	18053165	19480374	431	29	0.0000904069	0.000000038684
21	19480375	20962338	600	29	0.0002838289	0.000000057503
21	20962339	22072763	352	29	0.0000995959	0.000000030420
21	22072764	23362874	518	29	0.0001698515	0.000000042509
21	23362875	24696230	354	29	0.0002126678	0.000000031765
21	24696231	26469121	644	29	0.0003035250	0.000000056065
21	26469122	27271018	217	25	0.0000035197	0.000000016386
21	27271019	29125225	863	29	0.0001911383	0.000000054298
21	29125226	31197024	679	29	0.0001084977	0.000000045898
21	31197025	32668641	443	29	0.0001091002	0.000000029654
21	32668642	34376998	637	29	0.0001793663	0.000000051972
21	34376999	35225464	282	29	0.0003690951	0.000000032190
21	35225465	36524372	556	29	0.0001406423	0.000000046018
21	36524373	37870778	525	29	0.0001962639	0.000000042476
21	37870779	38711703	304	29	0.0000900895	0.000000022464
21	38711704	40482901	829	29	0.0002005070	0.000000052273
21	40482902	41389526	486	29	0.0000190938	0.000000033218
21	41389527	43321527	982	29	0.0001153216	0.000000051219
21	43321528	44506267	674	29	0.0000454277	0.000000050507
21	44506268	46177104	541	29	0.0001083385	0.000000045418
21	46177105	47492225	482	29	0.0004696581	0.000000047771
21	47492226	48119751	228	26	0.0001433774	0.000000019196
22	16050408	17674294	199	29	0.0002671595	0.000000027259
22	17674295	18296087	250	29	0.0001051110	0.000000025567
22	18296088	19912357	516	29	0.0001073055	0.000000045296
22	19912358	22357324	570	29	0.0004568156	0.000000053967
22	22357325	23712646	321	29	0.0002807205	0.000000033661
22	23712647	24984203	346	29	0.0000441467	0.000000024517
22	24984204	26791627	730	29	0.0001734510	0.000000051990
22	26791628	27834751	725	29	0.0001032508	0.000000052260
22	27834752	29651798	565	29	0.0003216192	0.000000051594
22	29651799	31439917	524	29	0.0002383398	0.000000041302
22	31439918	32664985	342	29	0.0001675003	0.000000027226
22	32664986	34494913	920	29	0.0001607582	0.000000052434
22	34494914	35530984	489	29	0.0000467089	0.000000032971
22	35530985	37570268	814	29	0.0000259389	0.000000048131
22	37570269	39307893	508	29	0.0002527221	0.000000047294
22	39307894	40545796	319	29	0.0001189859	0.000000028702
22	40545797	42690817	446	29	0.0001310811	0.000000029365
22	42690818	43714199	386	29	0.0001806407	0.000000035728
22	43714200	44995307	682	29	0.0001403150	0.000000052215
22	44995308	46470494	595	29	0.0001529999	0.000000054786
22	46470495	47596317	442	29	-0.0000588974	0.000000036173
22	47596318	48903702	734	29	0.0001861953	0.000000053526
22	48903703	49824533	596	29	0.0000817451	0.000000050302
22	49824534	51243297	365	29	0.0001713650	0.000000035851
