chr	start	end	num_snp	k	local_h2g	var
1	10583	1892606	99	19	0.0000022259	0.000000001998
1	1892607	3582735	440	40	0.0000168285	0.000000009368
1	3582736	4380810	273	40	-0.0000154642	0.000000005237
1	4380811	5913892	871	40	-0.0000133685	0.000000011661
1	5913893	7247334	430	40	0.0001656110	0.000000010484
1	7247335	9365198	702	40	-0.0000016192	0.000000011822
1	9365199	10806983	352	40	0.0000236928	0.000000006387
1	10806984	11777840	259	40	0.0000540054	0.000000005882
1	11777841	12779465	284	40	-0.0000468765	0.000000005160
1	12779466	14891510	618	40	0.0000564484	0.000000012619
1	14891511	16897729	691	40	0.0000249678	0.000000012187
1	16897730	18662898	669	40	0.0000170843	0.000000012079
1	18662899	20469148	720	40	0.0000696971	0.000000012801
1	20469149	21736587	461	40	0.0000011802	0.000000008466
1	21736588	23086882	523	40	0.0000346350	0.000000010941
1	23086883	23920589	223	28	-0.0000013362	0.000000004111
1	23920590	25516844	522	40	0.0000340336	0.000000010838
1	25516845	27401866	413	40	0.0000807075	0.000000007711
1	27401867	30161880	554	40	0.0000543140	0.000000009977
1	30161881	32438684	938	40	-0.0000332875	0.000000011387
1	32438685	34799757	676	40	0.0000203196	0.000000012123
1	34799758	37549182	556	40	0.0000785810	0.000000011045
1	37549183	38731846	374	40	-0.0000171470	0.000000006488
1	38731847	40200566	447	40	0.0001436691	0.000000010136
1	40200567	41975326	557	40	0.0001456848	0.000000011373
1	41975327	43758456	543	40	0.0001391995	0.000000010714
1	43758457	44969182	371	35	0.0001160387	0.000000007487
1	44969183	46899500	458	38	0.0004326815	0.000000011874
1	46899501	48002575	298	33	0.0000177497	0.000000005055
1	48002576	48978187	344	40	0.0000798596	0.000000007581
1	48978188	49894176	247	28	0.0001221615	0.000000006297
1	49894177	51713725	260	25	0.0000985222	0.000000004891
1	51713726	54226261	565	40	0.0000432966	0.000000010656
1	54226262	56413116	839	40	0.0000200204	0.000000012119
1	56413117	57021727	272	31	0.0000958766	0.000000005725
1	57021728	58865398	851	40	0.0000411113	0.000000012409
1	58865399	59890408	383	40	-0.0000188909	0.000000006181
1	59890409	61922364	672	40	0.0000496126	0.000000012526
1	61922365	63455088	534	40	0.0000193350	0.000000010066
1	63455089	65041703	660	40	0.0000256644	0.000000010556
1	65041704	66939403	650	40	0.0001031811	0.000000012000
1	66939404	68477894	687	40	0.0001405576	0.000000012062
1	68477895	69687615	389	40	0.0000047519	0.000000006953
1	69687616	71372469	520	40	0.0000001262	0.000000008617
1	71372470	71684404	82	10	0.0000095066	0.000000001301
1	71684405	74326906	559	40	0.0001656005	0.000000010058
1	74326907	76728134	728	40	0.0001264258	0.000000011821
1	76728135	79661197	949	40	0.0000474309	0.000000012496
1	79661198	81354190	475	40	0.0000511266	0.000000008796
1	81354191	83991747	973	40	0.0001606187	0.000000014050
1	83991748	84844494	314	35	-0.0000085107	0.000000004625
1	84844495	86454750	652	40	-0.0000523318	0.000000010436
1	86454751	88128630	574	40	0.0002805292	0.000000013745
1	88128631	90066302	523	40	0.0001191748	0.000000010487
1	90066303	91886316	563	40	0.0000070686	0.000000009471
1	91886317	93536458	509	40	0.0000308605	0.000000007997
1	93536459	94506190	255	26	0.0000577805	0.000000004521
1	94506191	96150892	651	40	0.0001056381	0.000000012724
1	96150893	97885248	607	40	0.0000709801	0.000000009589
1	97885249	99800603	644	40	0.0000979728	0.000000011193
1	99800604	100826404	339	37	0.0000843392	0.000000006180
1	100826405	102041015	448	40	0.0000148043	0.000000007517
1	102041016	102898744	281	37	0.0000192701	0.000000004841
1	102898745	103914210	200	21	-0.0000056131	0.000000002853
1	103914211	106087841	455	40	0.0000120891	0.000000007834
1	106087842	108409664	732	40	0.0000745212	0.000000012868
1	108409665	110303930	568	40	0.0000071840	0.000000009235
1	110303931	111741736	572	40	0.0000684691	0.000000012118
1	111741737	113273305	721	40	0.0000643269	0.000000012728
1	113273306	114873844	512	40	0.0001466880	0.000000011007
1	114873845	115880592	346	37	0.0000111918	0.000000005508
1	115880593	118839066	839	40	0.0001435799	0.000000013816
1	118839067	144977493	566	40	-0.0000290984	0.000000008832
1	144977494	148361252	432	40	0.0000417689	0.000000007957
1	148361253	151538880	350	34	0.0001305120	0.000000007213
1	151538881	153180828	468	40	0.0000574639	0.000000007629
1	153180829	154770402	461	40	0.0000398252	0.000000008262
1	154770403	156336132	307	38	0.0000512038	0.000000006221
1	156336133	158027411	599	40	0.0002454862	0.000000013835
1	158027412	159913047	686	40	0.0000778307	0.000000012913
1	159913048	162346720	877	40	0.0000166546	0.000000012073
1	162346721	165191701	1205	40	0.0000375465	0.000000012360
1	165191702	166460516	533	40	0.0000118694	0.000000010296
1	166460517	169086323	1108	40	0.0000148684	0.000000012049
1	169086324	170557775	560	40	0.0001333986	0.000000009853
1	170557776	173097906	903	40	0.0000358293	0.000000012336
1	173097907	175089767	412	32	0.0000962835	0.000000005990
1	175089768	177433380	785	40	0.0000842956	0.000000013002
1	177433381	178944308	492	40	0.0000472782	0.000000008624
1	178944309	178954469	2	1	-0.0000018803	0.000000000021
1	178954470	181144120	753	40	0.0000230741	0.000000012018
1	181144121	182755355	601	40	0.0000700390	0.000000012045
1	182755356	184595512	630	40	0.0000874497	0.000000010882
1	184595513	186810022	524	40	0.0000378997	0.000000008520
1	186810023	188759944	620	40	-0.0000118894	0.000000009519
1	188759945	189904129	220	18	-0.0000352086	0.000000002378
1	189904130	191868929	538	40	0.0001288784	0.000000009010
1	191868930	194107441	584	40	0.0000217578	0.000000009435
1	194107442	196176200	581	40	0.0000036800	0.000000008358
1	196176201	197311513	197	16	-0.0000097532	0.000000002374
1	197311514	199239883	504	40	0.0000498980	0.000000009039
1	199239884	200137648	301	36	0.0000586572	0.000000005899
1	200137649	201589974	711	40	0.0000179404	0.000000012091
1	201589975	203334733	618	40	0.0000255753	0.000000011981
1	203334734	204681067	485	40	0.0000234109	0.000000009150
1	204681068	206073264	578	40	0.0002239251	0.000000013658
1	206073265	208410363	634	40	0.0004430573	0.000000017928
1	208410364	210787749	933	40	0.0000351833	0.000000012327
1	210787750	212842329	698	40	0.0000829055	0.000000012983
1	212842330	214578265	614	40	0.0000094522	0.000000011593
1	214578266	216243633	595	40	0.0000109685	0.000000010355
1	216243634	218705512	1085	40	0.0001581666	0.000000014016
1	218705513	219590570	281	34	0.0000446726	0.000000005306
1	219590571	221858230	690	40	0.0000690073	0.000000012625
1	221858231	222230219	174	21	0.0000026538	0.000000003460
1	222230220	224938519	468	40	0.0000969061	0.000000009589
1	224938520	226810859	520	40	0.0000404204	0.000000009383
1	226810860	229156247	695	40	0.0001716947	0.000000013512
1	229156248	230685254	530	40	0.0000226446	0.000000010373
1	230685255	232090251	590	40	0.0000553072	0.000000011438
1	232090252	233429283	608	40	-0.0000374914	0.000000011330
1	233429284	234599433	536	40	0.0000164141	0.000000010524
1	234599434	235819435	387	40	0.0000138569	0.000000007740
1	235819436	237555627	737	40	0.0000822177	0.000000012973
1	237555628	238567806	430	40	0.0001807815	0.000000010811
1	238567807	239925313	491	40	0.0000329991	0.000000009898
1	239925314	240564090	344	40	0.0001288884	0.000000008301
1	240564091	241582219	522	40	-0.0000203699	0.000000010899
1	241582220	242071601	222	40	0.0000114603	0.000000004687
1	242071602	244109498	623	40	-0.0000359101	0.000000011137
1	244109499	245506745	521	40	0.0000704611	0.000000011338
1	245506746	247344517	711	40	0.0000378932	0.000000012365
1	247344518	249239465	401	40	0.0000108335	0.000000007793
2	10133	1781021	664	40	0.0000168822	0.000000012076
2	1781022	3973778	970	40	0.0000065960	0.000000011935
2	3973779	5708336	635	40	0.0000819743	0.000000012970
2	5708337	6836253	567	40	0.0000548002	0.000000010838
2	6836254	8422146	657	40	-0.0000049596	0.000000011776
2	8422147	10298468	674	40	0.0000408350	0.000000012405
2	10298469	12419149	975	40	0.0001123104	0.000000013387
2	12419150	14335307	597	40	0.0000354933	0.000000011095
2	14335308	16329734	750	40	0.0001194685	0.000000013485
2	16329735	18647422	862	40	0.0000761767	0.000000012890
2	18647423	19692403	385	40	0.0000620916	0.000000008047
2	19692404	21050489	640	40	0.0000878819	0.000000012789
2	21050490	23341382	625	40	0.0000455026	0.000000012469
2	23341383	24686917	442	40	0.0000447369	0.000000008329
2	24686918	26894984	561	40	0.0001768483	0.000000012299
2	26894985	28598776	417	33	0.0002400876	0.000000009825
2	28598777	29217558	248	32	0.0002328442	0.000000007767
2	29217559	30463710	637	40	0.0000251913	0.000000012190
2	30463711	31550449	532	40	0.0000303451	0.000000011215
2	31550450	33363776	495	40	0.0000063695	0.000000010505
2	33363777	35345027	808	40	0.0000810961	0.000000012958
2	35345028	36122005	291	30	0.0000116017	0.000000005466
2	36122006	38132711	935	40	0.0000476098	0.000000012498
2	38132712	39031336	326	38	-0.0000198922	0.000000006757
2	39031337	40281482	303	32	-0.0000152235	0.000000005995
2	40281483	43309589	1313	40	-0.0000107365	0.000000011697
2	43309590	44313802	403	40	0.0000337380	0.000000008676
2	44313803	46482633	1073	40	0.0000367432	0.000000012349
2	46482634	47318771	419	40	0.0000498581	0.000000010295
2	47318772	48213000	301	40	0.0000700774	0.000000007731
2	48213001	50022256	716	40	0.0000019825	0.000000011872
2	50022257	50818927	345	34	0.0001438776	0.000000008648
2	50818928	52491132	648	40	-0.0000180745	0.000000011596
2	52491133	53508451	466	40	0.0000566108	0.000000009747
2	53508452	54685225	436	40	0.0000560456	0.000000009432
2	54685226	56203344	614	40	0.0000065309	0.000000011934
2	56203345	57429099	428	40	-0.0000050070	0.000000008523
2	57429100	58297314	272	29	0.0000896720	0.000000006536
2	58297315	60291999	741	40	0.0002068808	0.000000014685
2	60292000	62429043	587	40	0.0000495159	0.000000012453
2	62429044	64625912	583	40	-0.0000124953	0.000000010959
2	64625913	65933443	466	40	0.0000227357	0.000000009401
2	65933444	67226165	556	40	0.0000350367	0.000000010495
2	67226166	68010175	423	40	-0.0000249008	0.000000007374
2	68010176	69139563	472	40	-0.0000265903	0.000000007919
2	69139564	70755197	535	40	0.0000280647	0.000000009522
2	70755198	73174847	803	40	0.0000029482	0.000000011885
2	73174848	75630085	725	40	0.0000638863	0.000000012722
2	75630086	76913660	515	40	0.0000048061	0.000000009890
2	76913661	78079263	394	40	-0.0000287728	0.000000007913
2	78079264	80050402	828	40	0.0000586074	0.000000012649
2	80050403	81620840	579	40	0.0000414376	0.000000012247
2	81620841	85140679	891	40	0.0000191844	0.000000010586
2	85140680	88038506	634	40	0.0000300961	0.000000010427
2	88038507	89154525	245	30	0.0000322532	0.000000004618
2	89154526	95326451	4	2	-0.0000011778	0.000000000077
2	95326452	98995200	428	40	0.0001277827	0.000000008877
2	98995201	101822328	907	40	0.0001983613	0.000000014568
2	101822329	102688764	261	30	0.0000421689	0.000000004778
2	102688765	103588214	406	36	0.0000512311	0.000000006033
2	103588215	105125033	304	40	0.0000411526	0.000000005918
2	105125034	106210057	409	40	0.0000338950	0.000000008015
2	106210058	107408266	444	40	0.0001014519	0.000000009131
2	107408267	108429176	355	40	0.0000780539	0.000000006353
2	108429177	110572431	530	40	0.0000210373	0.000000009070
2	110572432	113921855	799	40	0.0000641653	0.000000012725
2	113921856	116772469	758	40	0.0000767647	0.000000012898
2	116772470	118367465	397	37	0.0000086446	0.000000005944
2	118367466	121303782	995	40	0.0000173350	0.000000012082
2	121303783	123302905	579	40	0.0001077810	0.000000011945
2	123302906	124732249	431	40	0.0000902057	0.000000007582
2	124732250	125840920	381	40	0.0000579819	0.000000007352
2	125840921	127373763	409	37	0.0000069646	0.000000005803
2	127373764	128034346	288	40	0.0000375478	0.000000005774
2	128034347	129474440	433	40	-0.0000300772	0.000000006783
2	129474441	130067169	223	26	-0.0000165914	0.000000003314
2	130067170	130658084	204	26	0.0000314251	0.000000003995
2	130658085	133042783	214	35	0.0000369863	0.000000004565
2	133042784	135158577	917	40	0.0000156871	0.000000012060
2	135158578	137042793	457	40	0.0001334687	0.000000008411
2	137042794	138698116	595	40	0.0000745758	0.000000011299
2	138698117	140100270	438	40	0.0000232845	0.000000006334
2	140100271	141805350	569	40	0.0000739359	0.000000011029
2	141805351	142518601	299	33	0.0000860752	0.000000006935
2	142518602	144519483	657	40	0.0001190359	0.000000012717
2	144519484	146445569	440	40	0.0000060268	0.000000007893
2	146445570	147277161	151	15	0.0000146950	0.000000002873
2	147277162	150210291	661	40	0.0001049047	0.000000011596
2	150210292	151731461	474	40	0.0000069352	0.000000008237
2	151731462	152486781	286	29	-0.0000130449	0.000000004374
2	152486782	154005055	481	40	0.0000264835	0.000000008718
2	154005056	155391134	487	40	0.0000181311	0.000000009006
2	155391135	157560634	555	40	0.0000743104	0.000000010441
2	157560635	158533217	172	25	-0.0000127348	0.000000003484
2	158533218	159577081	331	39	0.0000228785	0.000000006305
2	159577082	161769732	721	40	0.0001277972	0.000000013123
2	161769733	163503550	390	36	0.0001250758	0.000000007280
2	163503551	164466637	193	23	0.0000535931	0.000000004181
2	164466638	165178839	177	21	0.0000414944	0.000000003757
2	165178840	167160269	630	40	0.0001110596	0.000000011847
2	167160270	167355969	73	10	-0.0000121220	0.000000001098
2	167355970	169968235	832	40	0.0000000426	0.000000011845
2	169968236	171226244	491	40	0.0000194502	0.000000008835
2	171226245	173138904	576	40	0.0001217043	0.000000012588
2	173138905	175588928	843	40	0.0001177508	0.000000013461
2	175588929	177363635	535	40	0.0000705491	0.000000010033
2	177363636	178553182	475	40	0.0000054174	0.000000007483
2	178553183	181312738	1009	40	0.0006080655	0.000000020194
2	181312739	182266030	298	32	0.0000188334	0.000000005094
2	182266031	184357607	615	40	0.0000092442	0.000000010806
2	184357608	185280172	232	25	0.0000011455	0.000000003886
2	185280173	189882064	956	40	0.0001847036	0.000000014381
2	189882065	191973356	502	40	0.0000587971	0.000000009090
2	191973357	195861163	718	40	0.0000032569	0.000000011889
2	195861164	196447455	154	20	0.0000798997	0.000000003789
2	196447456	198078109	449	40	0.0001191995	0.000000008121
2	198078110	199311124	304	26	0.0000242798	0.000000004462
2	199311125	201576283	628	40	0.0002223430	0.000000013541
2	201576284	202818636	315	39	0.0000074890	0.000000005645
2	202818637	205799240	747	40	0.0000599810	0.000000012668
2	205799241	206735703	404	40	0.0000323660	0.000000008870
2	206735704	208645398	657	40	0.0000649643	0.000000012736
2	208645399	209941528	335	40	0.0000082960	0.000000006128
2	209941529	212379517	739	40	0.0000513610	0.000000012550
2	212379518	214014281	629	40	-0.0000032555	0.000000011800
2	214014282	215573794	444	40	0.0000691217	0.000000009066
2	215573795	217715660	801	40	0.0000147403	0.000000012047
2	217715661	218395479	276	36	0.0000329948	0.000000005830
2	218395480	220454550	597	40	0.0003122364	0.000000014014
2	220454551	222521175	855	40	-0.0000120716	0.000000011679
2	222521176	224859418	789	40	0.0000109327	0.000000011995
2	224859419	225840003	350	36	0.0000659858	0.000000006211
2	225840004	228119841	738	40	0.0000671924	0.000000012196
2	228119842	229370786	458	40	0.0001594069	0.000000009641
2	229370787	231843388	934	40	-0.0000153161	0.000000011634
2	231843389	233550002	466	40	0.0002290292	0.000000011354
2	233550003	235150986	797	40	-0.0000187443	0.000000011587
2	235150987	236043549	422	40	0.0000306799	0.000000009439
2	236043550	237449031	471	40	0.0000057065	0.000000009002
2	237449032	238760980	537	40	-0.0000152754	0.000000009828
2	238760981	239952642	413	40	0.0000960906	0.000000009128
2	239952643	241560083	654	40	-0.0000116039	0.000000011685
2	241560084	242149920	217	30	0.0000293137	0.000000004366
2	242149921	243188919	130	16	0.0000092203	0.000000002446
3	60157	1441778	620	40	0.0000769475	0.000000012901
3	1441779	2992119	902	40	0.0000245937	0.000000012182
3	2992120	4431646	773	40	0.0000152653	0.000000012054
3	4431647	6083182	777	40	0.0000186001	0.000000012100
3	6083183	7083386	431	40	0.0000321680	0.000000009483
3	7083387	8648560	862	40	0.0000819222	0.000000012969
3	8648561	9543182	490	40	0.0000103980	0.000000010157
3	9543183	11019664	596	40	0.0000173743	0.000000012083
3	11019665	13070798	738	40	0.0000792265	0.000000012932
3	13070799	14816899	795	40	0.0000567147	0.000000012623
3	14816900	16282441	532	40	0.0001522357	0.000000011296
3	16282442	17891117	500	40	0.0000726836	0.000000009755
3	17891118	19125143	344	40	0.0000657075	0.000000007175
3	19125144	20091347	196	25	0.0000546721	0.000000004761
3	20091348	21643706	638	40	-0.0000021902	0.000000011814
3	21643707	22204243	382	40	0.0000587418	0.000000008356
3	22204244	23804864	529	40	0.0000255406	0.000000010555
3	23804865	25461557	747	40	0.0001145130	0.000000013417
3	25461558	26877768	470	40	0.0000465744	0.000000008923
3	26877769	27840909	273	31	0.0001019019	0.000000006562
3	27840910	29142259	449	40	0.0000260496	0.000000009210
3	29142260	30717954	687	40	-0.0000130987	0.000000011665
3	30717955	32351714	660	40	-0.0000258420	0.000000011490
3	32351715	33255591	279	40	-0.0000175487	0.000000005656
3	33255592	35283457	583	40	0.0000723745	0.000000010723
3	35283458	36486841	409	40	0.0000162801	0.000000007679
3	36486842	38356115	596	40	0.0000296920	0.000000010588
3	38356116	40221297	659	40	0.0003501497	0.000000015343
3	40221298	41064527	150	16	0.0000738309	0.000000003612
3	41064528	42540001	450	40	0.0000660112	0.000000008787
3	42540002	45165152	707	40	0.0000651273	0.000000012191
3	45165153	46657499	517	40	0.0000989466	0.000000009878
3	46657500	47727211	176	17	0.0000367287	0.000000003316
3	47727212	49316971	257	15	0.0001955781	0.000000005256
3	49316972	51832014	440	25	0.0002632160	0.000000007688
3	51832015	54081389	609	40	0.0003144223	0.000000014424
3	54081390	55348859	664	40	0.0000767219	0.000000012898
3	55348860	56433906	371	40	0.0000159283	0.000000007343
3	56433907	58157518	542	40	0.0000489123	0.000000009618
3	58157519	60272905	977	40	0.0000098551	0.000000011980
3	60272906	62355665	983	40	0.0000160013	0.000000012064
3	62355666	63669285	672	40	-0.0000137959	0.000000011655
3	63669286	65273537	761	40	0.0000300041	0.000000012256
3	65273538	66270446	345	40	0.0000472377	0.000000008222
3	66270447	68286913	639	40	0.0000760809	0.000000012889
3	68286914	69276761	367	40	0.0000910960	0.000000008728
3	69276762	70449027	391	40	0.0002559456	0.000000011439
3	70449028	72529328	793	40	0.0000736683	0.000000012856
3	72529329	74321816	721	40	0.0000300064	0.000000012256
3	74321817	75704948	273	31	0.0001088409	0.000000006398
3	75704949	77508834	487	40	0.0000748930	0.000000010069
3	77508835	79024540	407	40	0.0000289475	0.000000007924
3	79024541	81427309	489	40	0.0000225812	0.000000006985
3	81427310	82643885	295	27	0.0000051242	0.000000004458
3	82643886	84367478	313	32	0.0000315313	0.000000005527
3	84367479	85582230	253	22	0.0000648752	0.000000004853
3	85582231	87409731	453	40	0.0001475815	0.000000009006
3	87409732	88298372	189	19	-0.0000167041	0.000000002514
3	88298373	94255315	463	40	0.0000931056	0.000000008709
3	94255316	95311970	216	18	0.0000113721	0.000000003203
3	95311971	98215949	567	40	0.0000077463	0.000000008485
3	98215950	99373761	330	39	0.0001040720	0.000000006568
3	99373762	100592216	332	28	0.0001416030	0.000000006634
3	100592217	103084959	661	40	0.0000153744	0.000000010392
3	103084960	104581612	413	40	0.0000312572	0.000000007033
3	104581613	106982810	713	40	0.0000169306	0.000000012077
3	106982811	109522394	763	40	0.0000952254	0.000000013152
3	109522395	110513769	252	25	0.0000469180	0.000000004019
3	110513770	112815698	696	40	0.0000387855	0.000000011711
3	112815699	113947862	376	40	0.0000183668	0.000000006384
3	113947863	115447079	409	40	0.0001037324	0.000000009541
3	115447080	116800152	523	40	0.0000149524	0.000000009413
3	116800153	118530250	574	40	0.0000320364	0.000000011285
3	118530251	120523054	667	40	0.0000334314	0.000000010331
3	120523055	121974096	390	37	0.0000236809	0.000000005113
3	121974097	123517767	531	40	0.0002466666	0.000000012260
3	123517768	124936641	628	40	0.0001055991	0.000000012248
3	124936642	126214942	386	40	0.0000464275	0.000000007029
3	126214943	128194860	673	40	0.0000404597	0.000000011876
3	128194861	130244734	437	40	0.0000495887	0.000000007781
3	130244735	131836515	548	40	0.0000173837	0.000000008641
3	131836516	133252172	516	40	0.0001065481	0.000000009627
3	133252173	135456905	865	40	0.0000445302	0.000000012456
3	135456906	137371082	442	38	0.0000582409	0.000000007332
3	137371083	139954596	843	40	0.0000287916	0.000000012240
3	139954597	141339096	478	40	0.0000671335	0.000000009844
3	141339097	143164627	626	40	0.0000536880	0.000000011987
3	143164628	144410815	389	40	0.0000096961	0.000000006903
3	144410816	145664618	354	40	0.0000575802	0.000000006143
3	145664619	146726628	336	40	0.0000149420	0.000000005913
3	146726629	149043236	683	40	0.0000193828	0.000000012111
3	149043237	150252003	425	40	-0.0000122636	0.000000008092
3	150252004	151348729	367	40	-0.0000181104	0.000000006664
3	151348730	153256570	566	40	0.0000139872	0.000000010016
3	153256571	154714217	407	40	0.0000299395	0.000000006236
3	154714218	156008699	332	40	-0.0000229477	0.000000005747
3	156008700	157312027	453	40	0.0001630253	0.000000009289
3	157312028	159477889	642	40	0.0001825951	0.000000011618
3	159477890	161524503	568	40	-0.0000017555	0.000000007763
3	161524504	163253204	473	40	0.0000102605	0.000000007124
3	163253205	165055468	437	36	0.0000658219	0.000000006303
3	165055469	167117428	454	40	0.0000049130	0.000000006932
3	167117429	168580959	363	40	0.0000487893	0.000000006400
3	168580960	170964908	719	40	0.0001138914	0.000000013408
3	170964909	172295730	511	40	0.0001795133	0.000000012430
3	172295731	173477284	388	40	0.0001229780	0.000000009331
3	173477285	175116538	601	40	0.0000037791	0.000000011896
3	175116539	176320286	342	40	-0.0000209203	0.000000005492
3	176320287	178107164	539	40	0.0001291380	0.000000011763
3	178107165	179374585	386	40	0.0002405267	0.000000009831
3	179374586	181511165	463	40	0.0000001299	0.000000008120
3	181511166	183769682	670	40	0.0000218387	0.000000011573
3	183769683	185068254	416	40	0.0000435309	0.000000008810
3	185068255	186890343	665	40	0.0000206547	0.000000012128
3	186890344	188856213	809	40	0.0000167200	0.000000012074
3	188856214	190226606	628	40	-0.0000068994	0.000000011750
3	190226607	192343813	745	40	0.0000481426	0.000000012505
3	192343814	194059670	517	40	0.0000256072	0.000000010651
3	194059671	194786673	266	40	-0.0000272449	0.000000005099
3	194786674	195971407	230	38	-0.0000456751	0.000000004116
3	195971408	197075986	289	40	0.0000531966	0.000000006319
3	197075987	197946621	183	29	0.0000196387	0.000000003881
4	10240	694714	106	13	0.0000021048	0.000000002161
4	694715	1478710	220	25	0.0000913048	0.000000005286
4	1478711	2842978	267	40	0.0001295311	0.000000007058
4	2842979	3846039	266	39	0.0000670917	0.000000006462
4	3846040	4684115	227	37	0.0000659123	0.000000005692
4	4684116	5502387	394	40	0.0000531955	0.000000009179
4	5502388	6773042	690	40	0.0000366564	0.000000012348
4	6773043	7539691	413	40	-0.0000027961	0.000000009146
4	7539692	8152234	360	40	-0.0000010550	0.000000007962
4	8152235	9326478	247	40	0.0000757881	0.000000006181
4	9326479	10699151	513	38	0.0000306503	0.000000008349
4	10699152	12323033	648	40	0.0000694694	0.000000012798
4	12323034	14272000	713	40	0.0000277272	0.000000012225
4	14272001	15147445	383	40	0.0000497762	0.000000008067
4	15147446	15927008	250	33	0.0001041579	0.000000006263
4	15927009	17383321	669	40	-0.0000078777	0.000000011736
4	17383322	18841873	420	40	0.0000134514	0.000000007593
4	18841874	20544556	470	40	0.0000168415	0.000000007663
4	20544557	22319346	669	40	0.0000635764	0.000000012717
4	22319347	24135528	607	40	0.0002870014	0.000000014833
4	24135529	25609321	606	40	0.0000009179	0.000000011857
4	25609322	27343721	568	40	-0.0000162196	0.000000011241
4	27343722	27965867	199	28	0.0000208277	0.000000004203
4	27965868	29762207	529	40	-0.0000038699	0.000000009036
4	29762208	30454534	158	24	0.0000038953	0.000000002843
4	30454535	31782980	407	40	0.0000498747	0.000000008281
4	31782981	33172765	313	37	-0.0000020840	0.000000005774
4	33172766	35151414	361	32	0.0000479567	0.000000005563
4	35151415	36020435	273	34	0.0000141979	0.000000004418
4	36020436	37255046	434	40	0.0001435315	0.000000008903
4	37255047	38907021	791	40	-0.0000117588	0.000000011683
4	38907022	40202608	400	40	0.0000442237	0.000000007258
4	40202609	42213057	715	40	0.0000468261	0.000000012487
4	42213058	43965044	528	40	0.0000015449	0.000000008897
4	43965045	45189156	340	38	0.0000764574	0.000000006095
4	45189157	47411895	453	40	-0.0000147410	0.000000006946
4	47411896	48123599	221	25	0.0000012724	0.000000003300
4	48123600	53877432	485	39	-0.0000246476	0.000000006952
4	53877433	55429555	536	40	0.0000879646	0.000000010486
4	55429556	56547643	374	40	0.0000398247	0.000000007316
4	56547644	58935007	853	40	0.0000387972	0.000000012377
4	58935008	60741086	454	40	0.0000361844	0.000000007786
4	60741087	62371762	427	40	0.0000291112	0.000000007689
4	62371763	64341000	436	40	0.0001033628	0.000000009275
4	64341001	66600491	504	40	0.0000908188	0.000000009009
4	66600492	68059496	385	40	0.0000685586	0.000000007143
4	68059497	68854764	246	31	-0.0000098387	0.000000003642
4	68854765	71049151	524	40	-0.0000224704	0.000000006486
4	71049152	72140557	222	27	0.0000875682	0.000000004717
4	72140558	74592389	490	40	0.0000209739	0.000000008074
4	74592390	77130706	734	40	-0.0000075676	0.000000011003
4	77130707	79093978	735	40	0.0000523686	0.000000012563
4	79093979	80990296	564	40	-0.0000013461	0.000000008123
4	80990297	82125314	245	30	0.0000132676	0.000000004452
4	82125315	83372592	365	40	0.0000394452	0.000000006980
4	83372593	84799655	485	40	0.0000365547	0.000000008714
4	84799656	86930608	594	40	0.0000112692	0.000000009457
4	86930609	87534647	139	18	0.0000259754	0.000000002652
4	87534648	89238027	570	40	0.0000647892	0.000000010571
4	89238028	90231563	325	40	0.0000486031	0.000000006586
4	90231564	91560676	339	40	0.0000315698	0.000000005952
4	91560677	94233298	567	40	0.0000388050	0.000000010903
4	94233299	96182187	607	40	0.0000467461	0.000000011915
4	96182188	97540702	490	40	0.0000373036	0.000000009506
4	97540703	99424066	404	36	0.0001366749	0.000000007251
4	99424067	100678359	413	40	0.0000880748	0.000000007883
4	100678360	103221355	797	40	-0.0000103154	0.000000011703
4	103221356	105305293	489	40	0.0000213940	0.000000007844
4	105305294	107501304	583	40	0.0000553311	0.000000009706
4	107501305	108815347	360	40	0.0000140902	0.000000005995
4	108815348	111256566	771	40	0.0000964901	0.000000013169
4	111256567	113870101	723	40	0.0000031153	0.000000011887
4	113870102	115666245	611	40	0.0000799069	0.000000012608
4	115666246	117276928	337	36	0.0000580527	0.000000005749
4	117276929	118479917	338	38	0.0000306312	0.000000006057
4	118479918	119933511	419	40	0.0000678957	0.000000007252
4	119933512	120392683	148	16	0.0000461873	0.000000002858
4	120392684	122657986	701	40	0.0000093648	0.000000011973
4	122657987	124286480	382	37	0.0000127438	0.000000005788
4	124286481	125210861	263	36	0.0000181938	0.000000004897
4	125210862	126480885	387	40	0.0001112855	0.000000008580
4	126480886	127275476	222	31	0.0000190272	0.000000004390
4	127275477	127830292	163	22	0.0000725486	0.000000004065
4	127830293	128996664	195	15	-0.0000041363	0.000000003250
4	128996665	130591884	444	40	0.0000585585	0.000000008211
4	130591885	131283820	183	22	0.0000131155	0.000000003627
4	131283821	132954032	355	40	0.0000231185	0.000000006922
4	132954033	134628433	372	40	0.0000259023	0.000000006417
4	134628434	136566406	425	40	0.0000727631	0.000000007744
4	136566407	138541970	515	40	0.0000506535	0.000000010045
4	138541971	139556510	353	40	0.0000508053	0.000000007372
4	139556511	141084630	502	40	0.0000249531	0.000000010143
4	141084631	143443264	719	40	0.0000701454	0.000000012808
4	143443265	146178186	510	40	0.0002459421	0.000000010639
4	146178187	148521872	618	40	0.0000565243	0.000000011408
4	148521873	150683579	529	40	0.0002742643	0.000000012733
4	150683580	152782183	516	40	0.0000446712	0.000000007477
4	152782184	154477640	503	40	0.0000180448	0.000000010215
4	154477641	155056125	205	28	-0.0000023625	0.000000003791
4	155056126	157485096	801	40	-0.0000216419	0.000000011547
4	157485097	158743717	320	40	-0.0000361223	0.000000005284
4	158743718	161058863	518	40	0.0000958961	0.000000009410
4	161058864	161826434	264	33	0.0000460112	0.000000005820
4	161826435	163243678	436	40	0.0000804316	0.000000008748
4	163243679	164478233	330	40	0.0000794512	0.000000007009
4	164478234	165823447	419	40	0.0000308137	0.000000008683
4	165823448	167018857	360	40	0.0000175331	0.000000007436
4	167018858	167852916	186	26	0.0000151355	0.000000003443
4	167852917	169676824	579	40	0.0000129631	0.000000010928
4	169676825	170776509	317	37	0.0000686200	0.000000006578
4	170776510	172558634	413	40	0.0000406188	0.000000007776
4	172558635	174264131	394	40	0.0000415702	0.000000007316
4	174264132	176570715	627	40	0.0001489272	0.000000013889
4	176570716	178991909	827	40	0.0000052673	0.000000011917
4	178991910	180122042	320	40	0.0000195959	0.000000006590
4	180122043	182066806	807	40	-0.0000221665	0.000000011540
4	182066807	183371274	707	40	0.0000179470	0.000000012091
4	183371275	184929454	590	40	0.0000140299	0.000000012037
4	184929455	186909089	877	40	-0.0000393060	0.000000011305
4	186909090	188472980	581	40	-0.0000499117	0.000000011159
4	188472981	189693510	340	40	0.0000191246	0.000000007292
4	189693511	191043593	288	40	0.0000055624	0.000000005761
5	11940	982251	229	26	0.0000120617	0.000000004271
5	982252	2132441	454	40	0.0000446982	0.000000010533
5	2132442	3361940	786	40	0.0000066336	0.000000011935
5	3361941	4632109	533	40	0.0000401784	0.000000010281
5	4632110	5973232	693	40	-0.0000103313	0.000000011703
5	5973233	7143217	575	40	0.0000199184	0.000000010858
5	7143218	8446335	586	40	0.0000082750	0.000000010413
5	8446336	9718831	601	40	0.0000524654	0.000000011304
5	9718832	11173270	734	40	0.0000795132	0.000000012936
5	11173271	13464831	561	40	0.0000085501	0.000000009942
5	13464832	14757803	585	40	0.0000351279	0.000000010805
5	14757804	16963612	752	40	-0.0000364065	0.000000011344
5	16963613	18051591	265	40	0.0000210707	0.000000005643
5	18051592	19917715	543	40	0.0000440726	0.000000009267
5	19917716	22152072	441	40	-0.0000003747	0.000000007049
5	22152073	23494323	404	40	0.0001311287	0.000000008308
5	23494324	26184850	649	40	0.0000418251	0.000000011871
5	26184851	26857603	150	22	-0.0000150841	0.000000002489
5	26857604	27984512	218	32	0.0000541523	0.000000004801
5	27984513	29714819	401	40	0.0000666815	0.000000007306
5	29714820	31390248	570	40	0.0000876716	0.000000010790
5	31390249	33500179	812	40	0.0000013224	0.000000011863
5	33500180	35048969	547	40	0.0000360182	0.000000010770
5	35048970	36433953	476	40	0.0000265212	0.000000008103
5	36433954	38802409	760	40	-0.0000026922	0.000000011807
5	38802410	40287728	533	40	0.0000690252	0.000000008923
5	40287729	41888709	539	40	-0.0000347897	0.000000006600
5	41888710	43983498	407	31	0.0000139857	0.000000006088
5	43983499	50163397	413	31	0.0001398096	0.000000007364
5	50163398	52134621	556	40	0.0000890766	0.000000010430
5	52134622	53703043	598	40	-0.0000114221	0.000000010451
5	53703044	55417348	592	40	0.0000548337	0.000000010268
5	55417349	56621101	499	40	0.0000661251	0.000000009688
5	56621102	57340072	265	36	0.0000374659	0.000000004925
5	57340073	58524621	531	40	-0.0000249795	0.000000008652
5	58524622	60935906	678	40	0.0000293636	0.000000011177
5	60935907	61672994	266	27	0.0000516280	0.000000005096
5	61672995	63218986	476	40	0.0000723397	0.000000008116
5	63218987	63968303	174	19	0.0000532440	0.000000003706
5	63968304	65911285	614	40	0.0000684485	0.000000010669
5	65911286	67850859	772	40	0.0000345233	0.000000012318
5	67850860	71240455	446	40	0.0000791419	0.000000008541
5	71240456	73759325	957	40	0.0000171606	0.000000012080
5	73759326	75798865	677	40	0.0000296085	0.000000011942
5	75798866	77623331	709	40	0.0000469238	0.000000012489
5	77623332	79393143	648	40	0.0000570482	0.000000012628
5	79393144	80481470	445	40	0.0000295512	0.000000008784
5	80481471	82025647	498	40	0.0000605370	0.000000010347
5	82025648	83972688	525	40	0.0000925579	0.000000011878
5	83972689	85767289	491	40	0.0000430756	0.000000008875
5	85767290	87389990	269	31	0.0000879351	0.000000006182
5	87389991	88891529	301	32	0.0001150509	0.000000006412
5	88891530	90422653	419	40	0.0001763919	0.000000009307
5	90422654	91840541	264	32	0.0000184353	0.000000004994
5	91840542	93809983	407	40	0.0000948255	0.000000007739
5	93809984	95963518	685	40	0.0000828210	0.000000012982
5	95963519	97315600	406	40	-0.0000117891	0.000000006065
5	97315601	99260991	481	40	0.0000283060	0.000000008128
5	99260992	101578768	497	40	0.0000579816	0.000000008629
5	101578769	103320004	475	40	0.0000699350	0.000000008486
5	103320005	104851482	408	40	0.0000745290	0.000000008265
5	104851483	105893054	165	21	0.0000050892	0.000000003587
5	105893055	107264195	548	40	0.0000095565	0.000000011571
5	107264196	108633933	379	40	0.0002308057	0.000000010313
5	108633934	110821143	623	40	-0.0000053204	0.000000010630
5	110821144	111981561	415	40	0.0000863557	0.000000009421
5	111981562	113396284	535	40	0.0000178748	0.000000009975
5	113396285	114830369	512	40	0.0000050141	0.000000009040
5	114830370	115831046	424	40	0.0000404768	0.000000008413
5	115831047	117346212	544	40	0.0000171106	0.000000011318
5	117346213	118608819	367	40	0.0000213093	0.000000007606
5	118608820	119669041	326	38	0.0000837509	0.000000007304
5	119669042	120452165	228	25	0.0000457233	0.000000005062
5	120452166	122556904	657	40	0.0000954540	0.000000013155
5	122556905	123798099	435	40	0.0000852873	0.000000009312
5	123798100	125785648	824	40	0.0000873078	0.000000013043
5	125785649	127344603	425	40	-0.0000173060	0.000000007076
5	127344604	129519024	646	40	0.0001043891	0.000000011233
5	129519025	132139648	601	40	0.0000392510	0.000000008372
5	132139649	134777400	893	40	0.0000095267	0.000000011975
5	134777401	136376049	585	40	0.0000538966	0.000000009995
5	136376050	139265071	685	40	0.0003302332	0.000000014618
5	139265072	140645970	350	31	0.0001201726	0.000000006576
5	140645971	142981247	916	40	0.0001163045	0.000000013441
5	142981248	144943353	619	40	0.0000400605	0.000000010517
5	144943354	147181997	731	40	0.0000652847	0.000000012741
5	147181998	148662623	548	40	-0.0000108719	0.000000009319
5	148662624	150561297	842	40	-0.0000004012	0.000000011839
5	150561298	152867773	839	40	0.0001138764	0.000000013384
5	152867774	153773087	425	40	0.0000059962	0.000000006451
5	153773088	155373504	558	40	0.0000448159	0.000000010439
5	155373505	156628699	371	40	0.0000343669	0.000000006863
5	156628700	158825697	867	40	0.0000571490	0.000000012629
5	158825698	159973943	413	40	0.0000400208	0.000000008596
5	159973944	161482132	513	40	0.0000435454	0.000000008763
5	161482133	162743907	353	40	0.0000072666	0.000000006563
5	162743908	163771581	376	40	0.0000288377	0.000000007449
5	163771582	165642394	536	40	0.0000433427	0.000000011464
5	165642395	166847739	415	40	0.0000880024	0.000000010297
5	166847740	168525317	763	40	0.0000223504	0.000000012151
5	168525318	169505663	474	40	0.0000348285	0.000000009852
5	169505664	171074291	649	40	0.0000200265	0.000000012119
5	171074292	172678326	668	40	0.0001426267	0.000000013803
5	172678327	173642870	494	40	0.0000676973	0.000000010326
5	173642871	175450594	808	40	-0.0000220800	0.000000011541
5	175450595	177251506	337	40	0.0001053684	0.000000007459
5	177251507	178413463	430	40	0.0000514856	0.000000009630
5	178413464	179401243	354	40	0.0000395328	0.000000007809
5	179401244	180559932	325	40	0.0000265101	0.000000006614
5	180559933	180885155	42	9	0.0000552563	0.000000001622
6	73924	1452361	676	40	0.0000086161	0.000000011963
6	1452362	2458935	437	40	0.0000493183	0.000000009150
6	2458936	3573592	578	40	0.0000678446	0.000000012252
6	3573593	4617816	514	40	0.0000679418	0.000000010591
6	4617817	5791471	590	40	0.0000124206	0.000000011753
6	5791472	6785206	590	40	0.0000251211	0.000000012189
6	6785207	7808935	511	40	0.0001401209	0.000000012104
6	7808936	9020025	496	40	0.0000392422	0.000000009035
6	9020026	10540316	605	40	0.0000276716	0.000000011820
6	10540317	11790815	563	40	0.0000868512	0.000000011990
6	11790816	13209387	592	40	0.0000073141	0.000000010898
6	13209388	14802923	678	40	0.0000424292	0.000000012427
6	14802924	17386404	985	40	0.0001107803	0.000000013366
6	17386405	19207486	635	40	0.0001680266	0.000000012083
6	19207487	21684064	1027	40	-0.0000017440	0.000000011820
6	21684065	22748306	513	40	0.0001536384	0.000000012265
6	22748307	23936618	489	40	0.0000570234	0.000000010821
6	23936619	24852274	400	40	-0.0000019054	0.000000008352
6	24852275	25684586	448	40	0.0001055253	0.000000009542
6	25684587	26791232	475	35	0.0000300988	0.000000006451
6	26791233	28017818	277	19	0.0000202245	0.000000003959
6	28017819	28917607	317	21	0.0000407621	0.000000004005
6	28917608	29737970	528	31	0.0000649342	0.000000006881
6	29737971	30798167	909	40	0.0000472114	0.000000008553
6	30798168	31571217	797	40	0.0000527742	0.000000009079
6	31571218	32682663	700	40	0.0000538063	0.000000009117
6	32682664	33236496	628	40	0.0000686641	0.000000008870
6	33236497	35455755	754	40	0.0001208456	0.000000013504
6	35455756	37572595	817	40	0.0001183170	0.000000013469
6	37572596	39295676	759	40	-0.0000044434	0.000000011783
6	39295677	40345114	400	40	-0.0000106447	0.000000007121
6	40345115	42038720	716	40	0.0001067420	0.000000013310
6	42038721	43756168	450	40	0.0000382232	0.000000008690
6	43756169	45406562	580	40	-0.0000080681	0.000000010877
6	45406563	47311897	762	40	0.0001257171	0.000000013571
6	47311898	48391124	355	38	0.0000643959	0.000000006142
6	48391125	50386144	494	40	0.0000814918	0.000000007604
6	50386145	52210475	620	40	0.0000731450	0.000000010828
6	52210476	53279101	430	40	0.0000709654	0.000000008310
6	53279102	55468269	855	40	0.0001032831	0.000000013239
6	55468270	56105312	211	20	-0.0000189791	0.000000002600
6	56105313	57599464	366	39	0.0000643334	0.000000006660
6	57599465	61880511	119	9	0.0000248051	0.000000001744
6	61880512	63552887	334	22	0.0000252125	0.000000004616
6	63552888	65765741	444	40	-0.0000271851	0.000000006374
6	65765742	67329214	481	40	0.0000052440	0.000000008048
6	67329215	68849482	461	40	0.0001310289	0.000000008992
6	68849483	69523447	217	26	0.0000046482	0.000000003652
6	69523448	71609509	742	40	0.0000468364	0.000000011845
6	71609510	73450096	629	40	0.0000683729	0.000000011404
6	73450097	75462002	574	40	0.0000600956	0.000000009866
6	75462003	77414880	451	40	0.0000283961	0.000000007159
6	77414881	78957727	486	40	0.0000088931	0.000000006396
6	78957728	80691169	580	40	0.0000500623	0.000000010227
6	80691170	81929221	369	28	0.0000131615	0.000000004851
6	81929222	83127148	348	40	0.0000907937	0.000000007117
6	83127149	85209988	555	40	0.0000360254	0.000000009110
6	85209989	87069499	592	40	0.0000388803	0.000000008604
6	87069500	88822139	541	40	-0.0000185361	0.000000007911
6	88822140	89973051	431	40	0.0000576831	0.000000008696
6	89973052	91843195	739	40	0.0000388730	0.000000012378
6	91843196	93428643	465	40	0.0000251071	0.000000008628
6	93428644	94118141	281	40	0.0000449510	0.000000005334
6	94118142	94441174	83	8	0.0000189022	0.000000001406
6	94441175	97093510	614	40	-0.0000053406	0.000000009775
6	97093511	97842283	228	26	0.0000798776	0.000000004729
6	97842284	100630145	789	40	0.0000682896	0.000000012782
6	100630146	102636771	492	40	0.0000310353	0.000000008875
6	102636772	103983394	331	33	0.0000373394	0.000000005701
6	103983395	106056732	663	40	0.0000575018	0.000000011730
6	106056733	107450305	625	40	-0.0000150683	0.000000011637
6	107450306	108464379	350	40	0.0000757222	0.000000007596
6	108464380	110304246	535	40	0.0000766524	0.000000009193
6	110304247	112345013	615	40	0.0000992960	0.000000011662
6	112345014	114220832	625	40	0.0000778625	0.000000011083
6	114220833	116131395	476	40	0.0000457138	0.000000007350
6	116131396	117672971	468	40	0.0000441916	0.000000007825
6	117672972	118963114	369	39	0.0009216889	0.000000018529
6	118963115	119963277	320	36	0.0007075264	0.000000015002
6	119963278	120512127	164	18	0.0000153852	0.000000002789
6	120512128	121905675	377	36	0.0006079218	0.000000013637
6	121905676	123856180	598	40	0.0010355052	0.000000023034
6	123856181	125424382	599	40	0.0000536236	0.000000012581
6	125424383	127540460	459	40	0.0000947332	0.000000008920
6	127540461	129861030	611	40	-0.0000059759	0.000000010241
6	129861031	130935453	492	40	0.0001346318	0.000000010960
6	130935454	132765668	599	40	0.0000453784	0.000000011041
6	132765669	134244242	584	40	0.0001189493	0.000000011813
6	134244243	136224176	584	40	0.0000059197	0.000000011593
6	136224177	137614217	340	40	0.0000848842	0.000000007839
6	137614218	138822628	475	40	0.0001124636	0.000000010419
6	138822629	139845435	381	40	0.0000664521	0.000000008438
6	139845436	142288478	526	40	0.0000071436	0.000000008737
6	142288479	145319809	1032	40	0.0000166405	0.000000012073
6	145319810	146665423	310	26	0.0000010631	0.000000004026
6	146665424	148920351	916	40	0.0000858270	0.000000013023
6	148920352	150253403	515	40	0.0000685849	0.000000009556
6	150253404	151912702	882	40	-0.0000157844	0.000000011628
6	151912703	153094495	557	40	0.0000498369	0.000000010485
6	153094496	154974119	795	40	0.0000647325	0.000000012733
6	154974120	156763325	725	40	0.0000388021	0.000000012377
6	156763326	158218718	374	40	-0.0000020062	0.000000007310
6	158218719	160580496	1030	40	0.0000282997	0.000000012233
6	160580497	162169563	759	40	-0.0000095245	0.000000011714
6	162169564	162931202	373	40	0.0000505119	0.000000008338
6	162931203	164383520	675	40	-0.0000089636	0.000000011721
6	164383521	165586863	537	40	0.0000595981	0.000000010286
6	165586864	167024732	806	40	-0.0000238654	0.000000011517
6	167024733	168042834	421	40	0.0000476115	0.000000008558
6	168042835	169382049	580	40	-0.0000106473	0.000000010462
6	169382050	170330172	393	40	0.0000148033	0.000000006831
6	170330173	171051269	235	30	0.0000410698	0.000000004951
7	16161	972751	88	15	0.0000194941	0.000000002188
7	972752	1353066	98	16	0.0000109299	0.000000002211
7	1353067	2062397	137	21	0.0000385153	0.000000003552
7	2062398	2772226	216	35	0.0000423943	0.000000005205
7	2772227	4573427	846	40	0.0000423257	0.000000012426
7	4573428	5416231	202	40	0.0000671029	0.000000005543
7	5416232	5854525	98	16	0.0000053652	0.000000002229
7	5854526	6573856	140	22	0.0000462573	0.000000003634
7	6573857	7808751	414	40	-0.0000284238	0.000000008249
7	7808752	9123422	728	40	0.0000236673	0.000000012169
7	9123423	9987498	354	40	0.0000429509	0.000000008068
7	9987499	11299197	467	40	-0.0000077432	0.000000009671
7	11299198	12635460	692	40	-0.0000148766	0.000000011640
7	12635461	13884201	564	40	0.0000490413	0.000000012518
7	13884202	15143656	572	40	0.0001863710	0.000000014404
7	15143657	16902068	748	40	0.0000614660	0.000000012688
7	16902069	19481546	1024	40	0.0000793393	0.000000012934
7	19481547	20124907	230	29	0.0000036631	0.000000004792
7	20124908	22507628	1195	40	0.0000699695	0.000000012805
7	22507629	23471441	308	40	0.0000319737	0.000000006713
7	23471442	25077258	697	40	0.0000259639	0.000000012201
7	25077259	25909554	445	40	-0.0000054004	0.000000008115
7	25909555	28360308	881	40	0.0001873061	0.000000014416
7	28360309	31137288	1239	40	-0.0000083559	0.000000011730
7	31137289	33555767	989	40	0.0000352800	0.000000012329
7	33555768	36213537	1006	40	0.0001743384	0.000000014238
7	36213538	37555183	638	40	0.0000835029	0.000000012991
7	37555184	38966702	633	40	-0.0000089831	0.000000010247
7	38966703	39862669	313	35	0.0000183307	0.000000005464
7	39862670	42001810	616	40	0.0001288520	0.000000012282
7	42001811	43159073	401	40	0.0000464709	0.000000008117
7	43159074	44763827	466	40	0.0000829081	0.000000009066
7	44763828	45952921	353	40	0.0000583468	0.000000007523
7	45952922	46986719	409	40	0.0000983355	0.000000008260
7	46986720	49212277	895	40	0.0000174531	0.000000012084
7	49212278	51675321	889	40	0.0000476590	0.000000012499
7	51675322	53176311	630	40	0.0000363850	0.000000011084
7	53176312	54222975	372	40	0.0000078329	0.000000005745
7	54222976	55691583	527	40	0.0000155833	0.000000009635
7	55691584	57382637	242	28	0.0000408908	0.000000004454
7	57382638	63307358	126	14	-0.0000271229	0.000000001855
7	63307359	63641124	53	6	0.0000072058	0.000000000988
7	63641125	65689808	305	25	0.0000053299	0.000000004508
7	65689809	68234073	704	40	0.0000285653	0.000000011761
7	68234074	69085363	264	39	0.0000194417	0.000000005220
7	69085364	71874884	834	40	-0.0000080235	0.000000011734
7	71874885	73334601	149	22	0.0000275492	0.000000003073
7	73334602	76458563	350	40	0.0000578878	0.000000007304
7	76458564	78093858	605	40	0.0000230950	0.000000012019
7	78093859	79888068	649	40	0.0000665250	0.000000012639
7	79888069	82022685	716	40	0.0000782334	0.000000012919
7	82022686	83801202	627	40	-0.0000179708	0.000000011074
7	83801203	85572181	403	40	0.0001478193	0.000000008111
7	85572182	87825003	564	40	0.0000239752	0.000000008423
7	87825004	90661783	953	40	0.0000108589	0.000000011993
7	90661784	92493751	426	40	0.0000365732	0.000000007366
7	92493752	93966600	357	40	0.0000812763	0.000000008215
7	93966601	96073507	691	40	-0.0000011299	0.000000011829
7	96073508	97099569	309	40	0.0000531778	0.000000006154
7	97099570	98715473	419	40	0.0000782845	0.000000008600
7	98715474	100196650	249	26	0.0002524661	0.000000007234
7	100196651	101199252	245	37	0.0006166678	0.000000013308
7	101199253	103197509	385	40	0.0000854226	0.000000008296
7	103197510	104159524	475	40	-0.0000062945	0.000000008482
7	104159525	105682904	537	40	0.0000305966	0.000000010292
7	105682905	107780177	744	40	0.0000708598	0.000000012817
7	107780178	109647593	552	40	0.0000533083	0.000000010010
7	109647594	112618683	829	40	0.0000975778	0.000000013184
7	112618684	113712386	220	27	0.0000685129	0.000000004738
7	113712387	116780177	712	40	0.0001368565	0.000000012891
7	116780178	118351580	372	38	0.0000358891	0.000000005822
7	118351581	121045272	438	40	0.0000340889	0.000000007119
7	121045273	121933629	228	28	0.0000980720	0.000000005002
7	121933630	124156804	662	40	0.0000856398	0.000000011213
7	124156805	124167551	6	2	-0.0000002468	0.000000000114
7	124167552	126519169	661	40	-0.0000222334	0.000000008832
7	126519170	126869220	140	18	0.0000232443	0.000000002614
7	126869221	128778385	592	40	0.0002425003	0.000000012321
7	128778386	130422413	470	40	0.0000120505	0.000000008496
7	130422414	132805847	924	40	0.0001438030	0.000000013819
7	132805848	134307595	441	35	0.0000862876	0.000000008142
7	134307596	135591082	500	40	0.0000976188	0.000000009812
7	135591083	136876561	408	40	0.0003266124	0.000000011769
7	136876562	138744678	614	40	0.0000877049	0.000000013049
7	138744679	139933176	331	40	0.0000096504	0.000000006218
7	139933177	140235209	120	25	-0.0000033400	0.000000002368
7	140235210	141226556	281	32	0.0000272763	0.000000005021
7	141226557	142656309	445	40	0.0000466455	0.000000007055
7	142656310	144968288	551	40	-0.0000233114	0.000000008675
7	144968289	146427959	379	40	0.0000268268	0.000000006996
7	146427960	147815317	571	40	0.0000872151	0.000000011377
7	147815318	149840657	621	40	0.0000380070	0.000000012366
7	149840658	150711504	308	38	0.0000850726	0.000000006143
7	150711505	152249805	463	40	0.0000222104	0.000000010248
7	152249806	153674018	465	40	0.0000088851	0.000000009757
7	153674019	154964729	552	40	0.0000545170	0.000000012093
7	154964730	156065249	480	40	0.0000108010	0.000000009830
7	156065250	157634596	521	40	0.0000237419	0.000000010839
7	157634597	159128574	459	40	0.0000868325	0.000000009451
8	10422	1044216	396	40	0.0000091919	0.000000009168
8	1044217	1163244	71	12	0.0000157324	0.000000001808
8	1163245	2042941	456	40	0.0000663632	0.000000011258
8	2042942	2573278	257	40	0.0000073223	0.000000005738
8	2573279	3392925	595	40	0.0000003397	0.000000011849
8	3392926	3783016	425	40	0.0000015147	0.000000009418
8	3783017	4480475	675	40	0.0000260771	0.000000012202
8	4480476	5146926	495	40	0.0000267548	0.000000011451
8	5146927	6142796	755	40	0.0000513432	0.000000012549
8	6142797	7153078	549	40	0.0000559949	0.000000012613
8	7153079	9154693	554	40	0.0000571657	0.000000012629
8	9154694	9640786	237	25	0.0000365441	0.000000005549
8	9640787	10463196	463	40	0.0000557857	0.000000011231
8	10463197	11278997	388	40	0.0001114538	0.000000009765
8	11278998	13491774	804	40	0.0001837930	0.000000014368
8	13491775	13944991	252	31	0.0000364478	0.000000005618
8	13944992	15991659	1083	40	0.0000386936	0.000000012376
8	15991660	17387875	552	40	0.0000770570	0.000000012902
8	17387876	17836398	271	35	0.0000116113	0.000000006032
8	17836399	19492839	967	40	0.0000521348	0.000000012560
8	19492840	20060855	335	40	0.0000067722	0.000000007028
8	20060856	21661736	751	40	0.0000101881	0.000000011984
8	21661737	22897056	464	40	0.0000986476	0.000000011131
8	22897057	24674717	656	40	0.0001402460	0.000000013770
8	24674718	25483453	289	35	0.0000218323	0.000000005323
8	25483454	26682524	617	40	0.0001185247	0.000000012829
8	26682525	28162391	737	40	0.0000277386	0.000000012225
8	28162392	29327895	371	40	0.0000223716	0.000000007101
8	29327896	31133728	545	40	0.0000167843	0.000000010079
8	31133729	31548359	125	20	0.0000032622	0.000000002364
8	31548360	32977217	486	40	0.0001053787	0.000000009398
8	32977218	35317231	538	40	0.0000242630	0.000000007386
8	35317232	37379388	360	40	-0.0000177425	0.000000005984
8	37379389	38938805	290	40	0.0001036782	0.000000007223
8	38938806	40703336	583	40	-0.0000160714	0.000000009390
8	40703337	41721453	383	40	0.0000855995	0.000000008866
8	41721454	42773822	192	22	0.0000519040	0.000000003876
8	42773823	46841314	43	7	-0.0000047209	0.000000000778
8	46841315	50082469	395	36	0.0000329425	0.000000006938
8	50082470	53302929	789	40	0.0000517154	0.000000011651
8	53302930	54418043	344	40	0.0000386545	0.000000006379
8	54418044	55945580	476	40	0.0000803527	0.000000008534
8	55945581	56956382	353	40	0.0000087146	0.000000006134
8	56956383	59068650	664	40	0.0000068566	0.000000011344
8	59068651	59728099	275	34	0.0001055462	0.000000006235
8	59728100	62329098	791	40	0.0000371207	0.000000012354
8	62329099	63349305	328	35	0.0000550003	0.000000005707
8	63349306	65232871	516	40	0.0000448885	0.000000008568
8	65232872	66489089	361	40	0.0000693667	0.000000006871
8	66489090	69863056	864	40	0.0000381228	0.000000012368
8	69863057	70867978	407	40	0.0000372487	0.000000008274
8	70867979	72289453	440	40	0.0000192332	0.000000007365
8	72289454	73817198	690	40	0.0000516864	0.000000012292
8	73817199	75445063	616	40	-0.0000331634	0.000000009963
8	75445064	76456541	291	38	0.0000775052	0.000000005827
8	76456542	79132860	688	40	0.0000215425	0.000000010334
8	79132861	81956394	804	40	0.0001220408	0.000000013520
8	81956395	82693738	219	33	0.0000612223	0.000000004568
8	82693739	84225588	416	40	0.0000947022	0.000000007218
8	84225589	85955618	356	39	0.0000152112	0.000000005846
8	85955619	87411708	267	25	-0.0000175569	0.000000003724
8	87411709	89085480	483	40	0.0000171892	0.000000008165
8	89085481	90638161	394	40	0.0000185945	0.000000006600
8	90638162	93554385	674	40	0.0000449014	0.000000011628
8	93554386	95005526	388	40	0.0000201537	0.000000007259
8	95005527	96534805	625	40	0.0000625551	0.000000012085
8	96534806	99401580	1102	40	-0.0000175916	0.000000011603
8	99401581	101620957	505	40	0.0000590331	0.000000007509
8	101620958	104123305	987	40	0.0000740425	0.000000012861
8	104123306	104988751	249	24	0.0000190345	0.000000003896
8	104988752	107410753	819	40	0.0002059455	0.000000014672
8	107410754	108648176	470	40	0.0000679842	0.000000008364
8	108648177	109248172	204	23	0.0000304985	0.000000003348
8	109248173	110484313	350	31	0.0000457879	0.000000005204
8	110484314	111850846	287	33	0.0000087362	0.000000004367
8	111850847	113064319	234	19	-0.0000077504	0.000000003130
8	113064320	116096494	781	40	0.0000649294	0.000000011048
8	116096495	119685456	1154	40	0.0000989597	0.000000013203
8	119685457	121201699	527	40	-0.0000284982	0.000000007798
8	121201700	124861458	1338	40	0.0000817675	0.000000012967
8	124861459	125683718	333	40	0.0000622228	0.000000006513
8	125683719	126410916	256	40	0.0000190920	0.000000005333
8	126410917	128659110	915	40	-0.0000072124	0.000000011745
8	128659111	130381138	674	40	0.0000353681	0.000000012330
8	130381139	131639624	466	40	0.0000923782	0.000000009622
8	131639625	133351143	759	40	0.0000717904	0.000000012830
8	133351144	134570000	707	40	0.0001688885	0.000000014163
8	134570001	136035604	753	40	0.0000865297	0.000000013033
8	136035605	137524150	552	40	0.0000760281	0.000000010393
8	137524151	139254829	739	40	0.0000076934	0.000000011950
8	139254830	140725642	756	40	0.0000318673	0.000000012282
8	140725643	143044913	824	40	0.0001154687	0.000000013430
8	143044914	144236880	366	40	0.0000876279	0.000000007782
8	144236881	146303866	338	40	0.0002106565	0.000000009682
9	10023	1079706	575	40	0.0000437464	0.000000012445
9	1079707	1916876	603	40	0.0000068786	0.000000011939
9	1916877	3190063	765	40	0.0000512625	0.000000012548
9	3190064	4495327	737	40	0.0000095289	0.000000011975
9	4495328	4884925	230	39	0.0000207094	0.000000005355
9	4884926	6557588	558	40	0.0000199229	0.000000012118
9	6557589	7154922	294	38	-0.0000004946	0.000000006267
9	7154923	8456298	927	40	0.0000392638	0.000000012384
9	8456299	9166402	401	40	0.0000239682	0.000000009157
9	9166403	10879252	843	40	0.0000097770	0.000000011979
9	10879253	12276488	464	40	0.0000613990	0.000000009813
9	12276489	14836362	1270	40	0.0001446353	0.000000013830
9	14836363	16659654	803	40	0.0000611011	0.000000012683
9	16659655	18661050	938	40	0.0000493600	0.000000012522
9	18661051	20463533	824	40	0.0000975065	0.000000013183
9	20463534	22206558	687	40	0.0001164696	0.000000013444
9	22206559	24158517	605	40	0.0001020647	0.000000013222
9	24158518	25330809	295	40	0.0000058722	0.000000006756
9	25330810	26111756	273	40	0.0000977986	0.000000007473
9	26111757	28224282	950	40	0.0000496331	0.000000012526
9	28224283	28811583	251	36	-0.0000169334	0.000000004722
9	28811584	30387391	550	40	0.0000464598	0.000000009158
9	30387392	31310382	245	23	-0.0000067316	0.000000003872
9	31310383	32019367	206	24	0.0000148203	0.000000003439
9	32019368	33578333	590	40	0.0000996672	0.000000011810
9	33578334	34642242	285	27	0.0000551425	0.000000004626
9	34642243	36743282	583	40	0.0001582374	0.000000012899
9	36743283	38641598	720	40	0.0000853940	0.000000013017
9	38641599	65472189	102	21	0.0000151265	0.000000002409
9	65472190	72512710	563	40	0.0001034455	0.000000011410
9	72512711	72753754	100	10	-0.0000045928	0.000000001530
9	72753755	74253039	594	40	0.0000000145	0.000000009516
9	74253040	76203945	571	40	0.0000487402	0.000000009948
9	76203946	76973080	180	22	0.0000041192	0.000000003198
9	76973081	78900182	803	40	0.0000541087	0.000000012587
9	78900183	79471207	292	40	0.0000457498	0.000000006712
9	79471208	81079054	523	40	-0.0000570423	0.000000009659
9	81079055	82590927	630	40	0.0001151706	0.000000013426
9	82590928	84211232	655	40	0.0000744935	0.000000012867
9	84211233	85440800	330	40	0.0000403148	0.000000007252
9	85440801	86938195	635	40	0.0001223343	0.000000013001
9	86938196	88109332	500	40	-0.0000036717	0.000000008636
9	88109333	88590416	113	14	-0.0000020024	0.000000001729
9	88590417	90136245	598	40	0.0000944592	0.000000012451
9	90136246	92528697	856	40	0.0000296473	0.000000012251
9	92528698	94167202	623	40	0.0000207064	0.000000011772
9	94167203	96671697	789	40	0.0000048348	0.000000011911
9	96671698	98922039	668	40	0.0000383174	0.000000011372
9	98922040	101592858	860	40	0.0001747188	0.000000014244
9	101592859	104624436	964	40	0.0000394668	0.000000012386
9	104624437	105967975	568	40	0.0000227522	0.000000009686
9	105967976	107581748	602	40	0.0000422203	0.000000009431
9	107581749	109298753	604	40	0.0000294330	0.000000011273
9	109298754	110695061	570	40	0.0000489253	0.000000011565
9	110695062	112778023	1100	40	0.0000738584	0.000000012859
9	112778024	114831081	910	40	0.0001363537	0.000000013717
9	114831082	115693144	314	30	-0.0000345150	0.000000004646
9	115693145	117019800	645	40	0.0000023492	0.000000011877
9	117019801	117921959	466	40	0.0000318628	0.000000009266
9	117921960	121321536	1466	40	-0.0000134603	0.000000011660
9	121321537	122260296	361	40	0.0000196900	0.000000006804
9	122260297	124871321	777	40	0.0000772756	0.000000012905
9	124871322	126971886	685	40	0.0000611497	0.000000012684
9	126971887	129059664	563	40	0.0001659026	0.000000012196
9	129059665	130055509	326	40	0.0001399977	0.000000007981
9	130055510	132165469	501	40	0.0001094953	0.000000010805
9	132165470	133223216	321	40	0.0000159667	0.000000006540
9	133223217	134127887	342	40	0.0000507677	0.000000007726
9	134127888	135298841	435	40	0.0000681278	0.000000008721
9	135298842	137041121	660	40	0.0000482548	0.000000012507
9	137041122	137589363	210	40	0.0000819334	0.000000005840
9	137589364	138938977	629	40	0.0000858932	0.000000013024
9	138938978	139500341	122	22	-0.0000034636	0.000000002601
9	139500342	141144795	247	37	0.0000206133	0.000000005283
10	60523	751338	125	15	0.0000236448	0.000000002996
10	751339	1523543	344	40	0.0000860917	0.000000008116
10	1523544	2254499	440	40	-0.0000103519	0.000000008521
10	2254500	3352698	675	40	-0.0000311255	0.000000011417
10	3352699	4572273	621	40	0.0000143641	0.000000012042
10	4572274	5983761	710	40	0.0000780456	0.000000012916
10	5983762	7171483	748	40	0.0000307511	0.000000012267
10	7171484	8774664	877	40	0.0000271970	0.000000012218
10	8774665	10249395	566	40	0.0000030533	0.000000009819
10	10249396	12586796	1039	40	0.0000407109	0.000000012403
10	12586797	13321599	446	40	-0.0000235389	0.000000009454
10	13321600	15026067	952	40	0.0000909000	0.000000013093
10	15026068	16551766	564	40	0.0000512503	0.000000012477
10	16551767	18537266	777	40	0.0000321062	0.000000012285
10	18537267	19716877	533	40	0.0000822543	0.000000010716
10	19716878	22772282	992	40	-0.0000041090	0.000000011788
10	22772283	23175131	126	14	0.0000202198	0.000000002855
10	23175132	25578595	771	40	0.0000075253	0.000000011948
10	25578596	26888683	536	40	0.0000719044	0.000000008939
10	26888684	29323235	906	40	0.0001584288	0.000000014020
10	29323236	29783691	268	40	0.0000856425	0.000000006221
10	29783692	30458837	364	40	0.0002357060	0.000000010711
10	30458838	31907518	483	40	0.0001119687	0.000000009891
10	31907519	33707967	629	40	0.0000969381	0.000000010894
10	33707968	35109354	503	40	-0.0000268645	0.000000008673
10	35109355	36572507	422	40	0.0000620893	0.000000007929
10	36572508	37790028	321	40	0.0000699143	0.000000006218
10	37790029	42372578	199	13	0.0000263392	0.000000002305
10	42372579	43894770	299	34	0.0000754140	0.000000006175
10	43894771	44730074	292	34	0.0000310666	0.000000005214
10	44730075	48760449	673	40	-0.0000386510	0.000000011314
10	48760450	50840914	666	40	0.0001393061	0.000000012401
10	50840915	53616628	755	40	0.0000075347	0.000000011948
10	53616629	55103571	685	40	0.0001260506	0.000000013575
10	55103572	57031139	763	40	0.0000049085	0.000000011912
10	57031140	57662145	178	18	0.0000140168	0.000000002418
10	57662146	58959527	381	25	-0.0000183722	0.000000004113
10	58959528	60289986	422	40	0.0000323850	0.000000006223
10	60289987	61891408	591	40	0.0000186198	0.000000011291
10	61891409	62659678	303	34	0.0000791208	0.000000006250
10	62659679	63341694	161	19	0.0000470455	0.000000003504
10	63341695	65794113	849	40	0.0000002493	0.000000011848
10	65794114	67549614	481	40	0.0000680801	0.000000008295
10	67549615	69900147	896	40	0.0000450993	0.000000012464
10	69900148	70195990	118	11	-0.0000128439	0.000000001698
10	70195991	72220849	896	40	-0.0000023259	0.000000011812
10	72220850	73508511	744	40	0.0000738163	0.000000012858
10	73508512	75422549	440	36	0.0000557106	0.000000006495
10	75422550	78706813	844	40	0.0001366627	0.000000013721
10	78706814	80876748	1017	40	0.0000683679	0.000000012783
10	80876749	82414678	499	40	0.0000684817	0.000000010219
10	82414679	84383744	718	40	-0.0000156625	0.000000011629
10	84383745	85458702	440	40	0.0000190902	0.000000006796
10	85458703	87937576	980	40	0.0000322907	0.000000012288
10	87937577	89127063	272	35	0.0001119688	0.000000006417
10	89127064	91013380	730	40	0.0000645226	0.000000012730
10	91013381	92006580	377	40	0.0000012300	0.000000006669
10	92006581	93335046	447	40	0.0000289999	0.000000007735
10	93335047	95396367	668	40	0.0001567828	0.000000013140
10	95396368	96221242	264	32	0.0002236759	0.000000008042
10	96221243	97822356	583	40	0.0001548443	0.000000010029
10	97822357	100241301	921	40	0.0000815113	0.000000012964
10	100241302	100668399	149	15	0.0000314392	0.000000002680
10	100668400	102949238	767	40	0.0002223910	0.000000014898
10	102949239	104380409	306	28	0.0000597265	0.000000005089
10	104380410	106695047	764	40	0.0000827529	0.000000012981
10	106695048	108726685	674	40	0.0000760956	0.000000012128
10	108726686	110317704	641	40	-0.0000095464	0.000000011047
10	110317705	112561492	662	40	0.0000751569	0.000000012186
10	112561493	115328431	1028	40	0.0000957451	0.000000013159
10	115328432	116421405	495	40	-0.0000139345	0.000000008851
10	116421406	119523933	1008	40	0.0000532700	0.000000012576
10	119523934	120591352	417	40	0.0000552490	0.000000008947
10	120591353	122407322	685	40	0.0000343598	0.000000012316
10	122407323	123231464	394	40	0.0000499472	0.000000008070
10	123231465	123900544	282	40	0.0000765074	0.000000006686
10	123900545	125869345	861	40	0.0000060796	0.000000011928
10	125869346	128001097	956	40	-0.0000116836	0.000000011684
10	128001098	129154361	530	40	0.0000357774	0.000000010577
10	129154362	130844283	944	40	-0.0000349043	0.000000011365
10	130844284	131741326	418	40	0.0000177962	0.000000008125
10	131741327	132580244	414	40	0.0000921056	0.000000008813
10	132580245	134336328	848	40	0.0000306656	0.000000012265
10	134336329	134494672	39	6	0.0000680983	0.000000001634
10	134494673	135523864	282	40	0.0000774228	0.000000006533
11	70855	1213589	256	40	0.0000917612	0.000000006164
11	1213590	3665480	806	40	0.0000183355	0.000000012096
11	3665481	4746708	425	40	0.0000177604	0.000000008598
11	4746709	6322868	988	40	0.0000250556	0.000000012188
11	6322869	7436700	547	40	0.0000478961	0.000000010031
11	7436701	8333273	495	40	-0.0000351808	0.000000009959
11	8333274	9087316	274	30	0.0000718476	0.000000006268
11	9087317	10952026	640	40	0.0001654459	0.000000014116
11	10952027	12564228	1102	40	0.0000461613	0.000000012478
11	12564229	13373123	400	40	0.0000470718	0.000000007888
11	13373124	15742551	770	40	0.0002096282	0.000000014532
11	15742552	17578401	600	40	0.0000097442	0.000000009982
11	17578402	19569534	783	40	-0.0000080882	0.000000011733
11	19569535	21017137	787	40	0.0000150238	0.000000012051
11	21017138	22374141	550	40	0.0000557384	0.000000011159
11	22374142	24088516	589	40	0.0000988000	0.000000011251
11	24088517	26045752	657	40	0.0000261729	0.000000012204
11	26045753	27020460	357	40	-0.0000031577	0.000000005688
11	27020461	28481592	405	40	0.0000461915	0.000000006742
11	28481593	30141356	411	40	0.0000787715	0.000000008228
11	30141357	32276900	629	40	0.0000906904	0.000000010120
11	32276901	33958738	560	40	0.0001203578	0.000000011144
11	33958739	35502604	816	40	0.0000669860	0.000000012764
11	35502605	37116814	740	40	0.0000048606	0.000000011911
11	37116815	39382002	419	40	0.0001451954	0.000000008619
11	39382003	42310002	915	40	0.0000421678	0.000000012423
11	42310003	44693798	962	40	0.0000733974	0.000000012852
11	44693799	47006136	708	40	0.0001807823	0.000000014327
11	47006137	49866049	477	25	0.0000691118	0.000000006584
11	49866050	54695472	131	7	0.0000067705	0.000000001287
11	54695473	55082656	6	3	0.0000105844	0.000000000285
11	55082657	58457494	1056	40	0.0000092868	0.000000011496
11	58457495	58780548	67	6	0.0000062083	0.000000001115
11	58780549	62223770	989	40	0.0002690825	0.000000015539
11	62223771	63804568	306	38	0.0001367422	0.000000007016
11	63804569	65898630	492	40	0.0001083586	0.000000010268
11	65898631	68005824	316	35	0.0000912672	0.000000006440
11	68005825	69516129	460	40	0.0000292157	0.000000008613
11	69516130	70926291	466	40	0.0000468038	0.000000010135
11	70926292	72286016	305	35	0.0000485257	0.000000005312
11	72286017	74412350	597	40	0.0001127442	0.000000011158
11	74412351	76797208	762	40	0.0000903391	0.000000013085
11	76797209	78355057	418	37	0.0001732904	0.000000008673
11	78355058	80722372	1059	40	0.0000154686	0.000000012057
11	80722373	81266711	259	38	0.0000393394	0.000000005422
11	81266712	84381271	1164	40	0.0000424394	0.000000012427
11	84381272	86619300	771	40	0.0000063038	0.000000011907
11	86619301	87430234	309	36	0.0000524217	0.000000005672
11	87430235	89208935	566	40	0.0000267850	0.000000010999
11	89208936	90966489	379	35	0.0001232323	0.000000007279
11	90966490	92077143	345	38	0.0000237051	0.000000006292
11	92077144	93276156	397	40	0.0000106614	0.000000006657
11	93276157	94242259	270	26	0.0001019126	0.000000005549
11	94242260	95726040	591	40	0.0000398701	0.000000011393
11	95726041	97057057	500	40	0.0000116411	0.000000009960
11	97057058	98705064	555	40	0.0000430198	0.000000011531
11	98705065	100417168	765	40	0.0000870850	0.000000013040
11	100417169	101331120	404	40	0.0000602096	0.000000007690
11	101331121	103959635	1079	40	0.0000059727	0.000000011926
11	103959636	104873283	283	23	0.0000044757	0.000000003438
11	104873284	106520893	467	40	0.0000397336	0.000000007764
11	106520894	107844199	466	40	0.0000536219	0.000000009209
11	107844200	108437036	135	11	-0.0000026050	0.000000001838
11	108437037	109866115	344	40	0.0000792837	0.000000007267
11	109866116	111114396	489	40	-0.0000136978	0.000000007788
11	111114397	112459487	381	38	0.0000988424	0.000000007511
11	112459488	114257727	787	40	0.0000578839	0.000000012639
11	114257728	114830665	228	27	-0.0000052802	0.000000003775
11	114830666	116383347	653	40	0.0000352767	0.000000012329
11	116383348	117747109	600	40	-0.0000103917	0.000000011702
11	117747110	119215475	516	40	0.0001235797	0.000000011188
11	119215476	120766805	628	40	0.0000641860	0.000000012726
11	120766806	121175942	199	23	0.0000354685	0.000000003980
11	121175943	122591909	468	40	0.0001033140	0.000000010744
11	122591910	123500116	418	40	0.0000627455	0.000000009452
11	123500117	124495527	480	40	0.0000863213	0.000000007954
11	124495528	126311319	797	40	0.0000326609	0.000000012293
11	126311320	127316678	560	40	-0.0000215894	0.000000009386
11	127316679	128188536	307	40	0.0000488470	0.000000006189
11	128188537	130342574	854	40	0.0001395266	0.000000013760
11	130342575	131074611	367	40	0.0000579157	0.000000008037
11	131074612	133000045	1098	40	0.0000025034	0.000000011879
11	133000046	134205992	547	40	0.0001223072	0.000000013286
11	134205993	134946451	402	40	-0.0000210002	0.000000007830
12	61107	1080330	312	40	-0.0000494533	0.000000005832
12	1080331	2544785	489	40	0.0001412956	0.000000011431
12	2544786	3677036	508	40	0.0001026790	0.000000011922
12	3677037	4417678	391	40	0.0000574396	0.000000008740
12	4417679	5321471	501	40	-0.0000237563	0.000000009641
12	5321472	6419752	554	40	0.0000798627	0.000000011942
12	6419753	8377535	172	29	0.0001335749	0.000000005065
12	8377536	9031394	0	0	-0.0000178592	-0.000000000000
12	9031395	10481533	215	29	0.0000072388	0.000000003829
12	10481534	11754845	338	40	0.0000192612	0.000000005807
12	11754846	12733527	442	40	0.0000717922	0.000000010501
12	12733528	15241483	1023	40	0.0000512464	0.000000012548
12	15241484	16310459	255	36	-0.0000147085	0.000000004516
12	16310460	18087872	558	40	0.0000301859	0.000000010975
12	18087873	20863942	931	40	0.0001024569	0.000000013251
12	20863943	23820633	1100	40	0.0000809685	0.000000012956
12	23820634	25371082	713	40	0.0004540999	0.000000018080
12	25371083	27799772	1023	40	0.0001070373	0.000000013314
12	27799773	29651254	694	40	0.0000698719	0.000000011971
12	29651255	30512405	461	40	-0.0000067271	0.000000007647
12	30512406	32165591	630	40	0.0000304687	0.000000011763
12	32165592	33076988	378	40	0.0000982869	0.000000008070
12	33076989	37856716	355	24	0.0004296382	0.000000010675
12	37856717	39227168	135	7	0.0001086740	0.000000003526
12	39227169	40816184	498	40	0.0000909553	0.000000008939
12	40816185	41658585	352	36	0.0000693725	0.000000005998
12	41658586	43984473	898	40	0.0000630450	0.000000012710
12	43984474	46024228	475	40	0.0000188320	0.000000007383
12	46024229	47714792	466	40	-0.0000207145	0.000000007621
12	47714793	49001865	541	40	0.0000963460	0.000000010387
12	49001866	51776493	632	40	0.0000734295	0.000000010903
12	51776494	53039003	635	40	0.0000912482	0.000000011457
12	53039004	54778822	588	40	0.0001116581	0.000000011760
12	54778823	55665836	273	36	0.0000372542	0.000000005323
12	55665837	57548859	422	40	0.0000295047	0.000000007316
12	57548860	59308665	464	40	0.0000238929	0.000000007618
12	59308666	61123728	451	40	-0.0000099219	0.000000006941
12	61123729	64032460	947	40	0.0000396090	0.000000012388
12	64032461	65559694	377	40	0.0001039151	0.000000008360
12	65559695	67181143	515	40	0.0000599773	0.000000009746
12	67181144	67909728	323	40	-0.0000207737	0.000000004763
12	67909729	69826541	814	40	0.0000067126	0.000000011937
12	69826542	70957986	496	40	0.0001046844	0.000000009175
12	70957987	72645074	567	40	0.0000192436	0.000000009543
12	72645075	73818453	302	30	-0.0000016126	0.000000004908
12	73818454	76511313	765	40	0.0000510555	0.000000012545
12	76511314	78570569	756	40	0.0000262690	0.000000012205
12	78570570	80448149	405	40	0.0000092273	0.000000006968
12	80448150	81467766	307	35	0.0000567638	0.000000005778
12	81467767	83502665	561	40	0.0001654912	0.000000011028
12	83502666	84303843	230	27	0.0000742559	0.000000004135
12	84303844	85990425	392	34	0.0000028781	0.000000005205
12	85990426	89682121	751	40	0.0000183523	0.000000010741
12	89682122	92066154	643	40	-0.0000144331	0.000000008725
12	92066155	94514566	907	40	0.0000082745	0.000000011958
12	94514567	96020784	694	40	0.0000134533	0.000000012029
12	96020785	97108838	454	40	-0.0000116695	0.000000008313
12	97108839	99305986	927	40	0.0000752983	0.000000012878
12	99305987	101447640	654	40	0.0000001844	0.000000011514
12	101447641	101862689	148	16	0.0000049014	0.000000002692
12	101862690	102964985	334	40	0.0000625031	0.000000007084
12	102964986	104848695	766	40	0.0001266673	0.000000013584
12	104848696	106436212	846	40	-0.0000108771	0.000000011695
12	106436213	106958747	233	34	0.0000227216	0.000000004676
12	106958748	109025900	741	40	0.0000217389	0.000000012095
12	109025901	110336718	399	40	0.0001582234	0.000000009128
12	110336719	113263517	463	40	0.0001386435	0.000000008907
12	113263518	113986708	218	29	0.0000130243	0.000000004143
12	113986709	115036601	541	40	0.0000243921	0.000000010017
12	115036602	115503215	195	36	0.0000906159	0.000000005206
12	115503216	117087470	748	40	0.0000832806	0.000000012988
12	117087471	118135374	463	40	-0.0000079500	0.000000009194
12	118135375	119754109	688	40	0.0000114328	0.000000012001
12	119754110	122007650	675	40	0.0000682202	0.000000012519
12	122007651	124977979	695	40	0.0000821928	0.000000012854
12	124977980	126445504	625	40	-0.0000190589	0.000000011583
12	126445505	127875097	644	40	0.0000472332	0.000000012136
12	127875098	129237296	707	40	0.0000067159	0.000000011937
12	129237297	130377920	685	40	0.0000353962	0.000000012330
12	130377921	131786750	740	40	-0.0000159072	0.000000011626
12	131786751	132807033	289	40	-0.0000259991	0.000000004998
12	132807034	133841510	170	25	0.0001062858	0.000000004644
13	19020013	20686719	296	36	0.0000342399	0.000000005658
13	20686720	22242173	585	40	0.0000264806	0.000000011019
13	22242174	23594701	673	40	-0.0000461574	0.000000011211
13	23594702	24531936	506	40	0.0000322025	0.000000010077
13	24531937	25784361	646	40	-0.0000090247	0.000000011720
13	25784362	27284361	547	40	0.0000890489	0.000000010857
13	27284362	29257550	859	40	0.0000840485	0.000000012998
13	29257551	30483266	502	40	0.0000039483	0.000000008930
13	30483267	32301814	777	40	0.0000152642	0.000000012054
13	32301815	33776902	583	40	0.0000267057	0.000000010167
13	33776903	35026463	456	40	-0.0000185382	0.000000007982
13	35026464	36046366	222	30	0.0000609187	0.000000005105
13	36046367	37498184	647	40	0.0001187203	0.000000013475
13	37498185	38878162	544	40	0.0000432333	0.000000008924
13	38878163	41069262	875	40	0.0000009605	0.000000011858
13	41069263	43101026	629	40	0.0000562683	0.000000011048
13	43101027	44901408	806	40	0.0000536542	0.000000012581
13	44901409	46495213	530	40	0.0000731788	0.000000010710
13	46495214	47431078	366	40	0.0001063799	0.000000007874
13	47431079	49383961	616	40	0.0000437191	0.000000011089
13	49383962	51591090	743	40	0.0000565557	0.000000012621
13	51591091	53339621	449	40	0.0000302319	0.000000008675
13	53339622	54682863	524	40	0.0000956444	0.000000010710
13	54682864	55817130	319	36	0.0000635905	0.000000005801
13	55817131	57554216	297	22	0.0000093453	0.000000003810
13	57554217	58410625	204	21	0.0000018990	0.000000002815
13	58410626	59302270	216	22	-0.0000009029	0.000000003106
13	59302271	60854777	554	40	0.0000901092	0.000000010492
13	60854778	61591948	284	35	0.0000476728	0.000000005583
13	61591949	63971558	637	40	0.0001074448	0.000000012320
13	63971559	65200601	301	31	0.0000637199	0.000000004955
13	65200602	67844452	783	40	0.0000701226	0.000000012807
13	67844453	70724515	886	40	0.0001059681	0.000000013299
13	70724516	71526790	318	40	0.0000025103	0.000000006025
13	71526791	73934088	847	40	0.0000320824	0.000000012285
13	73934089	75670142	736	40	0.0000059722	0.000000011926
13	75670143	77410554	786	40	0.0000368532	0.000000012350
13	77410555	78808812	436	40	0.0000481321	0.000000007525
13	78808813	80585675	574	40	0.0000469792	0.000000010184
13	80585676	82581813	607	40	0.0001297465	0.000000012460
13	82581814	84133143	392	35	0.0000185015	0.000000005207
13	84133144	85610915	411	40	0.0000796763	0.000000007744
13	85610916	88559881	756	40	0.0001086607	0.000000012908
13	88559882	90521310	466	40	0.0000329571	0.000000007364
13	90521311	93129690	861	40	0.0000406470	0.000000012403
13	93129691	93586454	121	16	-0.0000296422	0.000000002008
13	93586455	96087557	1198	40	-0.0000151998	0.000000011636
13	96087558	97519209	357	38	0.0000843790	0.000000007643
13	97519210	98938918	436	40	0.0000488585	0.000000009523
13	98938919	100574094	792	40	0.0000936886	0.000000013131
13	100574095	102300522	769	40	0.0000635745	0.000000012717
13	102300523	104066709	930	40	0.0000408018	0.000000012405
13	104066710	104844113	309	40	0.0000160608	0.000000005952
13	104844114	106247553	623	40	0.0000685794	0.000000012786
13	106247554	106749999	274	40	0.0000404443	0.000000005649
13	106750000	108189876	614	40	0.0000085540	0.000000011962
13	108189877	109121209	442	40	0.0000714236	0.000000009785
13	109121210	109815111	329	40	0.0000437226	0.000000006968
13	109815112	111232072	759	40	0.0000806590	0.000000012952
13	111232073	112247591	461	40	-0.0000137611	0.000000008806
13	112247592	113572487	463	40	0.0000324266	0.000000009771
13	113572488	115109852	409	40	0.0000061274	0.000000007871
14	19002084	21589401	595	40	0.0000621963	0.000000012698
14	21589402	23018664	713	40	0.0000177088	0.000000012088
14	23018665	24905122	713	40	0.0011488089	0.000000027619
14	24905123	26135685	559	40	0.0000430417	0.000000009443
14	26135686	28466532	698	40	-0.0000026235	0.000000011808
14	28466533	29972144	381	40	0.0000035903	0.000000006890
14	29972145	32383264	591	40	0.0001257951	0.000000012882
14	32383265	34846250	1274	40	0.0000090873	0.000000011969
14	34846251	35859592	246	30	0.0000573026	0.000000005173
14	35859593	38667724	878	40	0.0000118927	0.000000012008
14	38667725	40341989	545	40	0.0000105621	0.000000009258
14	40341990	41615501	347	32	0.0000642213	0.000000005668
14	41615502	43137388	415	36	-0.0000318017	0.000000006074
14	43137389	44543226	359	40	0.0000344392	0.000000007313
14	44543227	46081895	379	40	0.0000035466	0.000000006346
14	46081896	46749129	188	16	0.0000200091	0.000000002641
14	46749130	48573585	587	40	0.0000494145	0.000000011215
14	48573586	49005470	112	13	0.0000163431	0.000000002027
14	49005471	50507759	464	40	0.0000475905	0.000000009316
14	50507760	51493571	369	40	0.0000091445	0.000000007203
14	51493572	53474382	852	40	0.0001238760	0.000000013545
14	53474383	53997830	176	19	0.0000179505	0.000000003223
14	53997831	55233680	449	40	0.0000847375	0.000000010038
14	55233681	56216879	292	27	0.0001122486	0.000000006326
14	56216880	57481261	666	40	0.0000132073	0.000000012026
14	57481262	59448335	707	40	-0.0000089074	0.000000011722
14	59448336	61680423	609	40	0.0000658778	0.000000010254
14	61680424	63790014	811	40	0.0000528479	0.000000012570
14	63790015	65220297	351	34	0.0001040725	0.000000007724
14	65220298	66399554	407	40	0.0000845575	0.000000008426
14	66399555	67992316	419	33	-0.0000064508	0.000000004959
14	67992317	71131956	1239	40	0.0000468662	0.000000012488
14	71131957	72889614	684	40	0.0001902007	0.000000014456
14	72889615	76444766	1153	40	0.0001247430	0.000000013557
14	76444767	77229471	357	40	-0.0000187251	0.000000006679
14	77229472	78561944	640	40	0.0001671751	0.000000013949
14	78561945	80186578	612	40	0.0000670689	0.000000012075
14	80186579	81579713	510	40	-0.0000189137	0.000000008853
14	81579714	83138096	474	40	0.0000486277	0.000000008998
14	83138097	84241632	378	40	0.0000052096	0.000000006794
14	84241633	85746318	469	40	0.0001192988	0.000000010441
14	85746319	86647001	305	36	0.0004662283	0.000000012003
14	86647002	87635340	307	40	0.0000050300	0.000000005800
14	87635341	89497642	609	40	0.0000415936	0.000000010111
14	89497643	91296859	700	40	0.0000394912	0.000000012387
14	91296860	93132298	676	40	0.0001773038	0.000000014279
14	93132299	94325284	413	40	-0.0000040237	0.000000007330
14	94325285	95750866	877	40	-0.0000142654	0.000000011648
14	95750867	96262414	382	40	0.0000751474	0.000000008155
14	96262415	98341161	852	40	0.0000207228	0.000000012129
14	98341162	99138531	369	40	0.0000878799	0.000000007455
14	99138532	101534306	901	40	-0.0000131097	0.000000011664
14	101534307	103012101	437	40	0.0000923762	0.000000009859
14	103012102	105001722	476	40	0.0000497683	0.000000009180
14	105001723	106340357	160	29	0.0000623838	0.000000004137
14	106340358	107289453	39	5	-0.0000053682	0.000000000722
15	20001200	21131603	6	2	-0.0000038427	0.000000000088
15	21131604	24195126	310	40	0.0001261003	0.000000008334
15	24195127	25108589	194	28	0.0000175125	0.000000003922
15	25108590	27298111	873	40	-0.0000199650	0.000000011570
15	27298112	29338501	477	40	0.0000326320	0.000000009679
15	29338502	30165567	295	40	0.0000255498	0.000000006034
15	30165568	31591820	299	40	0.0000163032	0.000000006238
15	31591821	32441810	262	37	-0.0000037976	0.000000004760
15	32441811	34015424	733	40	0.0000048887	0.000000011912
15	34015425	35083250	403	40	0.0000083152	0.000000007783
15	35083251	37456501	936	40	0.0000789433	0.000000012928
15	37456502	38530776	349	40	0.0000542505	0.000000007632
15	38530777	40384131	782	40	0.0000519586	0.000000012558
15	40384132	41177513	235	28	0.0000507068	0.000000005106
15	41177514	42776398	430	40	-0.0000016447	0.000000007764
15	42776399	44198048	273	17	0.0000014326	0.000000003726
15	44198049	46618786	498	40	0.0000570396	0.000000008853
15	46618787	48136047	588	40	0.0000195295	0.000000010259
15	48136048	50008042	447	40	0.0000335805	0.000000007514
15	50008043	51677559	611	40	0.0001187275	0.000000011216
15	51677560	53069095	404	39	0.0000555144	0.000000007035
15	53069096	54508527	631	40	0.0000021150	0.000000011302
15	54508528	55136268	253	32	-0.0000024567	0.000000005391
15	55136269	56901772	536	40	0.0000192778	0.000000010849
15	56901773	58441365	627	40	0.0000247726	0.000000012185
15	58441366	59694115	515	40	0.0000433706	0.000000011679
15	59694116	61265835	667	40	-0.0000230666	0.000000011528
15	61265836	63215221	914	40	0.0000765971	0.000000012896
15	63215222	65104667	490	40	0.0000606630	0.000000009471
15	65104668	67094766	618	40	0.0000418635	0.000000012372
15	67094767	69017998	749	40	0.0001653213	0.000000014114
15	69017999	70133340	301	40	0.0001165793	0.000000007424
15	70133341	71922648	709	40	0.0000313729	0.000000012275
15	71922649	73628713	369	32	0.0004878023	0.000000012251
15	73628714	76398623	598	40	0.0004433873	0.000000017456
15	76398624	78516052	530	40	0.0000773320	0.000000009226
15	78516053	80860977	986	40	0.0000451305	0.000000012464
15	80860978	84260467	914	40	0.0001541222	0.000000013961
15	84260468	86652904	773	40	0.0000748773	0.000000012873
15	86652905	88369942	768	40	0.0000875289	0.000000013046
15	88369943	90475550	727	40	0.0001291244	0.000000013617
15	90475551	92164391	627	40	0.0001105592	0.000000013363
15	92164392	93780901	819	40	0.0000243972	0.000000012179
15	93780902	94924329	586	40	-0.0000033875	0.000000011798
15	94924330	96141595	589	40	0.0001080869	0.000000013329
15	96141596	98030909	750	40	0.0000509724	0.000000012544
15	98030910	99244058	576	40	0.0000382778	0.000000012370
15	99244059	100636846	549	40	0.0000743380	0.000000012556
15	100636847	101552693	405	40	0.0000293952	0.000000008853
15	101552694	102520965	441	40	0.0000864786	0.000000010726
16	60054	1207205	297	40	0.0000571670	0.000000007294
16	1207206	2764828	367	40	0.0001120710	0.000000008850
16	2764829	4001195	299	40	0.0000554682	0.000000007342
16	4001196	5118344	378	40	0.0001447094	0.000000010411
16	5118345	5891579	348	40	0.0000623535	0.000000008547
16	5891580	6893550	705	40	0.0000287778	0.000000012240
16	6893551	7529120	482	40	0.0001167393	0.000000012139
16	7529121	8338518	539	40	0.0000304183	0.000000011953
16	8338519	9799418	711	40	0.0000037013	0.000000011895
16	9799419	10426031	371	39	0.0000109099	0.000000007109
16	10426032	11520160	446	40	0.0001444613	0.000000011546
16	11520161	12613097	400	40	-0.0000012806	0.000000008811
16	12613098	13154436	310	40	0.0000386400	0.000000006521
16	13154437	14464001	559	40	0.0000294601	0.000000011298
16	14464002	16154059	316	40	0.0003989168	0.000000011600
16	16154060	17644748	396	40	0.0000628187	0.000000008932
16	17644749	18643606	176	28	-0.0000145065	0.000000003484
16	18643607	20150570	428	40	0.0000810667	0.000000008851
16	20150571	22448903	439	40	0.0000487449	0.000000007958
16	22448904	24136874	517	40	0.0000372378	0.000000010122
16	24136875	25986861	751	40	0.0000466339	0.000000012485
16	25986862	27445754	655	40	0.0000032964	0.000000011890
16	27445755	29036612	338	40	0.0001053590	0.000000007010
16	29036613	31382942	268	33	0.0000395875	0.000000005590
16	31382943	46399472	122	16	0.0000540161	0.000000002965
16	46399473	49007925	299	33	0.0000670451	0.000000005542
16	49007926	52035822	1085	40	0.0000556564	0.000000012609
16	52035823	53382571	454	40	0.0000183580	0.000000007542
16	53382572	55903773	1192	40	0.0000527172	0.000000012568
16	55903774	57664329	635	40	-0.0000160710	0.000000011624
16	57664330	59045404	509	40	0.0000413402	0.000000010843
16	59045405	60745693	500	40	-0.0000123427	0.000000009299
16	60745694	62229848	362	40	0.0000255234	0.000000006128
16	62229849	63691588	441	40	-0.0000029516	0.000000008267
16	63691589	65938565	808	40	0.0002791495	0.000000015678
16	65938566	68841362	676	40	0.0000990889	0.000000012729
16	68841363	71054027	387	40	0.0000503736	0.000000007768
16	71054028	72935149	454	38	0.0000392473	0.000000008491
16	72935150	74971502	793	40	0.0000113619	0.000000012000
16	74971503	75977953	227	30	0.0000350059	0.000000004962
16	75977954	77523677	683	40	0.0000234827	0.000000012167
16	77523678	78456291	648	40	0.0001058288	0.000000013298
16	78456292	79134814	574	40	-0.0000137791	0.000000011655
16	79134815	80297373	785	40	0.0000376568	0.000000012361
16	80297374	81772535	792	40	-0.0000425549	0.000000011260
16	81772536	82747727	587	40	0.0001168195	0.000000013448
16	82747728	83477207	607	40	0.0000123508	0.000000012014
16	83477208	84445882	722	40	0.0000169451	0.000000012077
16	84445883	85148684	465	40	0.0000037141	0.000000010588
16	85148685	86156598	487	40	0.0000216207	0.000000011380
16	86156599	86815410	535	40	0.0000642957	0.000000012727
16	86815411	87647348	365	40	-0.0000319609	0.000000007774
16	87647349	89041164	363	40	0.0001198764	0.000000009739
16	89041165	90292811	313	34	-0.0000231444	0.000000006335
17	56	1172398	318	40	0.0000046495	0.000000007094
17	1172399	1928730	255	40	0.0000559841	0.000000005956
17	1928731	3702311	647	40	0.0000582840	0.000000012645
17	3702312	4696260	364	40	0.0000059955	0.000000007207
17	4696261	5741333	391	40	0.0000053836	0.000000007388
17	5741334	7317397	634	40	-0.0000102430	0.000000011704
17	7317398	8306424	316	40	0.0000003546	0.000000006657
17	8306425	9965920	659	40	-0.0000080689	0.000000011734
17	9965921	11102814	478	40	0.0000086506	0.000000009303
17	11102815	12534768	564	40	0.0000169183	0.000000011791
17	12534769	13180371	299	40	0.0000150361	0.000000006480
17	13180372	13894636	375	40	0.0000572942	0.000000008786
17	13894637	15019096	609	40	-0.0000163192	0.000000011620
17	15019097	16412341	322	40	0.0002258093	0.000000009322
17	16412342	18856319	567	40	0.0001716537	0.000000011966
17	18856320	21290356	389	40	0.0000619707	0.000000007880
17	21290357	27334243	510	40	0.0000029311	0.000000009770
17	27334244	29786490	501	39	-0.0000537176	0.000000005868
17	29786491	31538424	548	40	0.0000021129	0.000000010471
17	31538425	32912797	831	40	0.0000005538	0.000000011852
17	32912798	34469035	524	40	0.0000296099	0.000000009946
17	34469036	36809343	517	40	0.0000265661	0.000000010213
17	36809344	38877403	449	40	0.0000728325	0.000000008951
17	38877404	39899809	324	34	0.0000137457	0.000000004883
17	39899810	41772086	377	39	0.0000896967	0.000000006701
17	41772087	43056904	341	38	-0.0000073263	0.000000005442
17	43056905	45876021	580	40	0.0001077548	0.000000010330
17	45876022	47517399	536	40	0.0001130366	0.000000010237
17	47517400	49898956	778	40	0.0000478188	0.000000012501
17	49898957	50719054	285	27	0.0000051742	0.000000004789
17	50719055	51826117	308	34	0.0000350881	0.000000005246
17	51826118	53599431	615	40	0.0001641046	0.000000013407
17	53599432	55357540	620	40	-0.0000479136	0.000000010425
17	55357541	57487511	688	40	0.0001309797	0.000000013643
17	57487512	59312754	246	23	0.0000046946	0.000000003370
17	59312755	61545588	445	40	0.0001238815	0.000000009865
17	61545589	63148127	307	37	0.0000473340	0.000000005461
17	63148128	64800429	637	40	0.0000232064	0.000000011354
17	64800430	67858769	950	40	0.0000151747	0.000000012053
17	67858770	69387816	648	40	0.0000955754	0.000000012609
17	69387817	72672202	1442	40	0.0000695975	0.000000012800
17	72672203	74375559	411	40	0.0000731117	0.000000009097
17	74375560	76263412	742	40	0.0001775621	0.000000014283
17	76263413	77298635	477	40	-0.0000278030	0.000000010393
17	77298636	78837587	558	40	0.0000004041	0.000000011279
17	78837588	80034407	239	40	0.0001052345	0.000000006490
17	80034408	81194907	308	35	0.0000198666	0.000000005721
18	10644	912485	410	40	0.0000610466	0.000000009121
18	912486	1942910	366	40	0.0000678991	0.000000007229
18	1942911	3891657	780	40	0.0000317034	0.000000012280
18	3891658	5834179	796	40	-0.0000522458	0.000000011127
18	5834180	7090484	583	40	0.0000118850	0.000000011627
18	7090485	8498930	587	40	0.0000367581	0.000000011968
18	8498931	11075912	1280	40	0.0000054519	0.000000011919
18	11075913	11905439	261	40	-0.0000336099	0.000000004776
18	11905440	14440798	750	40	0.0000716175	0.000000012828
18	14440799	19485843	159	17	-0.0000013344	0.000000002489
18	19485844	20649471	301	36	0.0002371850	0.000000008581
18	20649472	22996650	827	40	0.0000933370	0.000000013126
18	22996651	24026190	314	35	0.0000288286	0.000000006457
18	24026191	25927681	786	40	0.0001980557	0.000000014564
18	25927682	26875586	246	26	0.0002967892	0.000000008124
18	26875587	27866477	269	27	0.0000294295	0.000000004650
18	27866478	30264065	885	40	0.0001480420	0.000000013877
18	30264066	31780066	344	36	0.0000687424	0.000000006532
18	31780067	33861963	614	40	0.0000512396	0.000000010670
18	33861964	35075249	483	40	0.0001997329	0.000000011569
18	35075250	36365489	493	40	0.0000875824	0.000000008728
18	36365490	37684366	352	34	0.0000455157	0.000000005907
18	37684367	39892647	774	40	0.0000472084	0.000000012255
18	39892648	42922105	931	40	0.0000465278	0.000000012483
18	42922106	44299245	693	40	0.0000001807	0.000000011847
18	44299246	45939731	598	40	-0.0000095261	0.000000010929
18	45939732	47730583	786	40	0.0001394109	0.000000013759
18	47730584	51062184	1189	40	0.0000154470	0.000000012056
18	51062185	51554174	174	15	-0.0000003056	0.000000002668
18	51554175	55213837	1120	40	0.0000169152	0.000000012077
18	55213838	56530219	614	40	0.0000419086	0.000000012301
18	56530220	57630482	587	40	0.0000075750	0.000000011853
18	57630483	59020750	436	40	0.0000844797	0.000000009229
18	59020751	60277714	544	40	0.0000074488	0.000000009832
18	60277715	61820251	580	40	0.0000571229	0.000000010585
18	61820252	63463401	523	40	0.0000118100	0.000000008730
18	63463402	64252800	242	22	0.0000260786	0.000000004110
18	64252801	66125816	732	40	0.0000483160	0.000000012508
18	66125817	67175819	329	40	-0.0000116608	0.000000006327
18	67175820	68621178	466	40	0.0000412456	0.000000009940
18	68621179	69621617	385	40	-0.0000429312	0.000000006631
18	69621618	71038473	565	40	0.0000198732	0.000000010976
18	71038474	71971461	496	40	0.0000495746	0.000000011098
18	71971462	73526986	668	40	0.0000445766	0.000000012456
18	73526987	74813814	598	40	0.0000147682	0.000000012047
18	74813815	75976316	592	40	0.0000013130	0.000000011696
18	75976317	77149990	411	40	0.0001066778	0.000000008540
18	77149991	78017157	267	39	0.0001589518	0.000000007273
19	80840	610728	99	24	-0.0000038510	0.000000002126
19	610729	2098395	303	40	0.0000081754	0.000000006953
19	2098396	3019659	240	40	0.0000776834	0.000000006395
19	3019660	4348966	320	40	-0.0000086517	0.000000006982
19	4348967	5811851	410	40	0.0000551966	0.000000009728
19	5811852	6684884	212	40	0.0000229536	0.000000004820
19	6684885	8347512	537	40	0.0000547880	0.000000011835
19	8347513	9238392	263	40	0.0000618418	0.000000005094
19	9238393	11284027	500	40	0.0000762901	0.000000009686
19	11284028	13471126	419	40	0.0000412564	0.000000008518
19	13471127	14486346	207	40	-0.0000121543	0.000000004010
19	14486347	15648609	372	40	0.0000076341	0.000000007253
19	15648610	16374415	364	40	0.0000555385	0.000000006328
19	16374416	18409861	564	40	0.0000727406	0.000000012700
19	18409862	19877470	329	40	0.0000551797	0.000000006936
19	19877471	20905756	132	20	-0.0000128776	0.000000002472
19	20905757	22732895	311	37	0.0000691791	0.000000005807
19	22732896	23467745	127	13	0.0000170683	0.000000002225
19	23467746	28557892	277	27	0.0000240048	0.000000004411
19	28557893	29790946	467	40	-0.0000355188	0.000000007939
19	29790947	30727953	333	40	0.0001112402	0.000000007941
19	30727954	32746519	648	40	0.0000482234	0.000000012507
19	32746520	34262951	514	40	0.0000027796	0.000000009768
19	34262952	36469294	666	40	-0.0000265779	0.000000011479
19	36469295	37527032	233	20	0.0000726647	0.000000004254
19	37527033	40170618	639	40	0.0001984871	0.000000013856
19	40170619	40984600	188	25	0.0002430308	0.000000006705
19	40984601	42131572	303	40	0.0000390475	0.000000006408
19	42131573	43862454	168	22	0.0000240849	0.000000003307
19	43862455	44744107	301	40	0.0000273338	0.000000005517
19	44744108	46102696	364	40	0.0000312462	0.000000007860
19	46102697	47150081	293	40	0.0001586821	0.000000008142
19	47150082	49282226	601	40	0.0000397418	0.000000011867
19	49282227	51532566	647	40	-0.0000046071	0.000000011781
19	51532567	52985289	647	40	0.0000240611	0.000000012175
19	52985290	54602361	516	40	0.0000174648	0.000000011228
19	54602362	55728079	376	40	-0.0000086226	0.000000007740
19	55728080	57521334	688	40	0.0000249883	0.000000012188
19	57521335	59118838	545	40	0.0000252925	0.000000010670
20	60479	697599	272	40	0.0000351101	0.000000006189
20	697600	2469500	1019	40	-0.0000323680	0.000000011400
20	2469501	3828412	500	40	0.0000189386	0.000000009989
20	3828413	5477849	811	40	0.0000629393	0.000000012709
20	5477850	7084072	744	40	-0.0000095788	0.000000011713
20	7084073	8117010	409	40	0.0000622758	0.000000007600
20	8117011	9730920	778	40	0.0000313778	0.000000012275
20	9730921	11249535	743	40	0.0000685451	0.000000012786
20	11249536	12447498	503	40	0.0000253724	0.000000008655
20	12447499	13689863	554	40	0.0000136207	0.000000010296
20	13689864	15958358	991	40	0.0000072776	0.000000011944
20	15958359	17487231	946	40	0.0000359383	0.000000012338
20	17487232	18972202	620	40	0.0000197556	0.000000011616
20	18972203	20959709	892	40	0.0000041666	0.000000011902
20	20959710	22491455	407	39	0.0000041467	0.000000006071
20	22491456	23293789	360	40	0.0000079070	0.000000006383
20	23293790	24717723	530	40	-0.0000232518	0.000000008818
20	24717724	25344230	222	22	0.0000261516	0.000000003641
20	25344231	31614822	597	40	0.0000356823	0.000000009389
20	31614823	32813440	293	29	0.0000378415	0.000000005401
20	32813441	34960445	462	32	0.0000437021	0.000000006283
20	34960446	36909529	492	40	0.0010799832	0.000000022716
20	36909530	38436760	514	40	0.0000916085	0.000000009659
20	38436761	39610855	469	40	0.0000177183	0.000000009238
20	39610856	40585688	290	33	0.0000888611	0.000000006360
20	40585689	41615459	583	40	0.0000527750	0.000000012474
20	41615460	42680175	397	40	-0.0000008585	0.000000007704
20	42680176	44839055	786	40	0.0000964987	0.000000013169
20	44839056	47199979	1039	40	0.0000372976	0.000000012357
20	47199980	49239657	763	40	0.0000670950	0.000000012766
20	49239658	52472548	1354	40	0.0000567025	0.000000012623
20	52472549	54055265	625	40	0.0000000160	0.000000011845
20	54055266	56447958	1152	40	-0.0000193583	0.000000011579
20	56447959	58406571	893	40	0.0000285544	0.000000012236
20	58406572	59561723	549	40	-0.0000207714	0.000000009943
20	59561724	61301854	767	40	0.0000363489	0.000000012344
20	61301855	62190179	298	40	0.0000117219	0.000000006435
20	62190180	62965162	235	37	0.0000965200	0.000000005993
21	9411243	15950981	287	40	0.0000199524	0.000000005911
21	15950982	18053164	667	40	-0.0000012750	0.000000011827
21	18053165	19480374	442	40	0.0000758243	0.000000010058
21	19480375	20962338	612	40	0.0000024332	0.000000011878
21	20962339	22072763	358	40	-0.0000041508	0.000000006879
21	22072764	23362874	529	40	0.0000001375	0.000000009494
21	23362875	24696230	354	40	0.0000086953	0.000000006582
21	24696231	26469121	654	40	-0.0000132354	0.000000011544
21	26469122	27271018	222	25	0.0000595325	0.000000004968
21	27271019	29125225	879	40	0.0000589211	0.000000012653
21	29125226	31197024	692	40	0.0000366478	0.000000011301
21	31197025	32668641	457	40	0.0000428661	0.000000007311
21	32668642	34376998	664	40	0.0000637171	0.000000012719
21	34376999	35225464	290	40	0.0000298472	0.000000006235
21	35225465	36524372	571	40	0.0000679667	0.000000012778
21	36524373	37870778	540	40	0.0000507228	0.000000010307
21	37870779	38711703	314	39	0.0000236228	0.000000005395
21	38711704	40482901	843	40	-0.0000201189	0.000000011568
21	40482902	41389526	502	40	-0.0000559962	0.000000007658
21	41389527	43321527	1014	40	0.0000767018	0.000000012898
21	43321528	44506267	694	40	0.0000674943	0.000000012771
21	44506268	46177104	577	40	0.0000307124	0.000000012266
21	46177105	47492225	506	40	0.0000793208	0.000000010960
21	47492226	48119751	242	26	0.0000340889	0.000000004832
22	16050408	17674294	216	38	0.0001025320	0.000000006005
22	17674295	18296087	264	40	0.0001456980	0.000000007351
22	18296088	19912357	540	40	0.0000623739	0.000000011060
22	19912358	22357324	602	40	0.0000268605	0.000000010668
22	22357325	23712646	336	40	0.0000103920	0.000000006488
22	23712647	24984203	364	40	0.0000178291	0.000000006165
22	24984204	26791627	755	40	0.0000455261	0.000000012470
22	26791628	27834751	746	40	0.0000654174	0.000000012743
22	27834752	29651798	578	40	0.0000991583	0.000000013135
22	29651799	31439917	553	40	0.0000418354	0.000000009758
22	31439918	32664985	357	33	0.0000277509	0.000000006607
22	32664986	34494913	934	40	0.0000117467	0.000000012006
22	34494914	35530984	497	40	0.0000546408	0.000000008512
22	35530985	37570268	847	40	0.0000475713	0.000000012498
22	37570269	39307893	536	40	0.0002727361	0.000000014518
22	39307894	40545796	336	40	0.0000665785	0.000000007683
22	40545797	42690817	464	34	0.0001256388	0.000000008493
22	42690818	43714199	408	40	-0.0000186093	0.000000007721
22	43714200	44995307	713	40	-0.0000001765	0.000000011842
22	44995308	46470494	626	40	0.0001193405	0.000000013483
22	46470495	47596317	457	40	0.0000530460	0.000000010078
22	47596318	48903702	743	40	-0.0000003591	0.000000011839
22	48903703	49824533	615	40	0.0000347662	0.000000012322
22	49824534	51243297	396	40	0.0000046486	0.000000007969
