chr	start	end	num_snp	k	local_h2g	var
1	10583	1892606	151	16	0.0002746715	0.000000061414
1	1892607	3582735	471	16	0.0001647349	0.000000181499
1	3582736	4380810	275	16	0.0003770820	0.000000118089
1	4380811	5913892	895	16	0.0000281775	0.000000213927
1	5913893	7247334	402	16	0.0002633919	0.000000146821
1	7247335	9365198	688	16	0.0002135763	0.000000224171
1	9365199	10806983	347	16	0.0002518354	0.000000116320
1	10806984	11777840	256	16	0.0003165098	0.000000105532
1	11777841	12779465	236	16	0.0001884956	0.000000092711
1	12779466	14891510	601	16	0.0001399887	0.000000220105
1	14891511	16897729	702	16	0.0000979735	0.000000217784
1	16897730	18662898	620	16	0.0000643506	0.000000215926
1	18662899	20469148	705	16	-0.0000712258	0.000000208436
1	20469149	21736587	437	16	0.0002349688	0.000000151895
1	21736588	23086882	482	16	0.0015346397	0.000000254167
1	23086883	23920589	212	16	0.0002298902	0.000000076957
1	23920590	25516844	498	16	0.0001604241	0.000000182183
1	25516845	27401866	387	16	0.0005691527	0.000000137533
1	27401867	30161880	567	16	0.0000576388	0.000000168265
1	30161881	32438684	944	16	0.0003429508	0.000000231318
1	32438685	34799757	670	16	0.0006142827	0.000000246309
1	34799758	37549182	612	16	0.0001124704	0.000000205238
1	37549183	38731846	394	16	0.0001908376	0.000000132767
1	38731847	40200566	422	16	0.0000007784	0.000000136377
1	40200567	41975326	547	16	0.0000942252	0.000000163452
1	41975327	43758456	537	16	0.0001945558	0.000000163544
1	43758457	44969182	340	16	0.0000723545	0.000000096785
1	44969183	46899500	428	16	0.0000669312	0.000000098168
1	46899501	48002575	303	16	0.0000745769	0.000000088144
1	48002576	48978187	352	16	0.0001950412	0.000000121756
1	48978188	49894176	241	16	0.0001120045	0.000000079065
1	49894177	51713725	276	16	0.0001140489	0.000000062594
1	51713726	54226261	536	16	-0.0000510079	0.000000166861
1	54226262	56413116	819	16	0.0000333210	0.000000214212
1	56413117	57021727	265	16	-0.0000131167	0.000000069785
1	57021728	58865398	894	16	0.0000341606	0.000000214258
1	58865399	59890408	394	16	0.0002679525	0.000000127901
1	59890409	61922364	670	16	0.0000221470	0.000000213594
1	61922365	63455088	479	16	-0.0000073869	0.000000161950
1	63455089	65041703	670	16	0.0000155336	0.000000184394
1	65041704	66939403	639	16	0.0000111810	0.000000182293
1	66939404	68477894	677	16	0.0002350190	0.000000189063
1	68477895	69687615	384	16	0.0011749429	0.000000180202
1	69687616	71372469	543	16	0.0000427727	0.000000156100
1	71372470	71684404	87	10	-0.0000008886	0.000000019353
1	71684405	74326906	540	16	0.0001121959	0.000000138082
1	74326907	76728134	698	16	0.0001384238	0.000000178670
1	76728135	79661197	952	16	0.0001101032	0.000000218454
1	79661198	81354190	495	16	0.0000154796	0.000000143841
1	81354191	83991747	994	16	0.0002496438	0.000000226163
1	83991748	84844494	329	16	0.0002415238	0.000000093127
1	84844495	86454750	630	16	0.0000658377	0.000000199356
1	86454751	88128630	569	16	0.0001075923	0.000000180196
1	88128631	90066302	517	16	0.0003788143	0.000000173224
1	90066303	91886316	583	16	0.0002174934	0.000000182564
1	91886317	93536458	494	16	0.0003721993	0.000000148835
1	93536459	94506190	250	16	0.0002636136	0.000000072351
1	94506191	96150892	670	16	-0.0000063454	0.000000201524
1	96150893	97885248	640	16	0.0001319711	0.000000160103
1	97885249	99800603	659	16	0.0002839153	0.000000192682
1	99800604	100826404	313	16	0.0002222986	0.000000094973
1	100826405	102041015	459	16	0.0002435224	0.000000139147
1	102041016	102898744	290	16	0.0001027653	0.000000081429
1	102898745	103914210	193	16	0.0001613704	0.000000054454
1	103914211	106087841	484	16	0.0004249122	0.000000160108
1	106087842	108409664	753	16	0.0001348109	0.000000219819
1	108409665	110303930	455	16	0.0002152541	0.000000141979
1	110303931	111741736	575	16	0.0001849041	0.000000210657
1	111741737	113273305	673	16	0.0003621886	0.000000232381
1	113273306	114873844	533	16	0.0001097339	0.000000162493
1	114873845	115880592	333	16	0.0002041162	0.000000096470
1	115880593	118839066	850	16	0.0001034871	0.000000218088
1	118839067	144977493	506	16	0.0001573533	0.000000158349
1	144977494	148361252	432	16	0.0000982514	0.000000131615
1	148361253	151538880	294	16	0.0002236244	0.000000086798
1	151538881	153180828	478	16	0.0001420991	0.000000124024
1	153180829	154770402	449	16	0.0003675683	0.000000152539
1	154770403	156336132	288	16	0.0000511057	0.000000088106
1	156336133	158027411	546	16	0.0001522126	0.000000176674
1	158027412	159913047	627	16	0.0001417279	0.000000209223
1	159913048	162346720	720	16	0.0001910757	0.000000222927
1	162346721	165191701	1229	16	0.0000587357	0.000000215616
1	165191702	166460516	559	16	0.0002741810	0.000000194000
1	166460517	169086323	1144	16	0.0001502482	0.000000220672
1	169086324	170557775	466	16	0.0002854514	0.000000140573
1	170557776	173097906	850	16	0.0006900172	0.000000250493
1	173097907	175089767	494	16	0.0001534320	0.000000090795
1	175089768	177433380	814	16	0.0001587437	0.000000221141
1	177433381	178944308	467	16	0.0002235682	0.000000136742
1	178944309	178954469	2	1	-0.0000112409	0.000000000126
1	178954470	181144120	723	16	0.0003376535	0.000000223846
1	181144121	182755355	631	16	-0.0000207622	0.000000199779
1	182755356	184595512	609	16	0.0001729575	0.000000175069
1	184595513	186810022	562	16	0.0000867754	0.000000144200
1	186810023	188759944	699	16	0.0000117993	0.000000180934
1	188759945	189904129	247	16	0.0002809427	0.000000063732
1	189904130	191868929	578	16	0.0000810543	0.000000130235
1	191868930	194107441	652	16	0.0000633814	0.000000172242
1	194107442	196176200	620	16	-0.0000607970	0.000000145908
1	196176201	197311513	175	14	0.0001151072	0.000000044100
1	197311514	199239883	530	16	0.0002711753	0.000000163707
1	199239884	200137648	340	16	0.0005269867	0.000000121653
1	200137649	201589974	649	16	0.0001044192	0.000000214308
1	201589975	203334733	577	16	0.0000733928	0.000000198830
1	203334734	204681067	479	16	0.0000964365	0.000000160857
1	204681068	206073264	507	16	0.0000855518	0.000000166609
1	206073265	208410363	605	16	0.0002136639	0.000000214144
1	208410364	210787749	956	16	0.0001321500	0.000000219672
1	210787750	212842329	701	16	0.0003382165	0.000000231057
1	212842330	214578265	596	16	-0.0000358050	0.000000193276
1	214578266	216243633	608	16	0.0000294165	0.000000180977
1	216243634	218705512	1113	16	0.0000890891	0.000000217293
1	218705513	219590570	303	16	0.0003217343	0.000000098750
1	219590571	221858230	685	16	0.0003263672	0.000000216569
1	221858231	222230219	178	16	0.0000595608	0.000000058425
1	222230220	224938519	711	16	0.0001906662	0.000000222905
1	224938520	226810859	496	16	-0.0000937408	0.000000140964
1	226810860	229156247	698	16	0.0002834792	0.000000216098
1	229156248	230685254	530	16	0.0000546425	0.000000180514
1	230685255	232090251	579	16	-0.0000321492	0.000000180835
1	232090252	233429283	620	16	0.0001941240	0.000000221657
1	233429284	234599433	553	16	0.0000446668	0.000000186932
1	234599434	235819435	388	16	0.0003790248	0.000000149649
1	235819436	237555627	719	16	0.0002377430	0.000000225506
1	237555628	238567806	410	16	0.0002293500	0.000000147600
1	238567807	239925313	517	16	0.0001422885	0.000000176127
1	239925314	240564090	356	16	0.0001745580	0.000000122353
1	240564091	241582219	537	16	0.0000852139	0.000000204207
1	241582220	242071601	214	16	0.0001564226	0.000000082309
1	242071602	244109498	705	16	0.0002300791	0.000000225082
1	244109499	245506745	530	16	0.0001275473	0.000000198993
1	245506746	247344517	764	16	0.0000362404	0.000000214373
1	247344518	249239465	413	16	0.0001618413	0.000000138170
2	10133	1781021	625	16	0.0001345355	0.000000211678
2	1781022	3973778	973	16	0.0000496446	0.000000215114
2	3973779	5708336	656	16	-0.0000286106	0.000000210790
2	5708337	6836253	576	16	-0.0000265569	0.000000177893
2	6836254	8422146	656	16	0.0001690861	0.000000221713
2	8422147	10298468	663	16	0.0000502697	0.000000215148
2	10298469	12419149	960	16	0.0001899150	0.000000222863
2	12419150	14335307	607	16	0.0001426487	0.000000195136
2	14335308	16329734	744	16	0.0000655290	0.000000215991
2	16329735	18647422	865	16	0.0000340352	0.000000214251
2	18647423	19692403	385	16	0.0000574454	0.000000125017
2	19692404	21050489	617	16	0.0003819359	0.000000220584
2	21050490	23341382	568	16	0.0001424014	0.000000203109
2	23341383	24686917	422	16	0.0000843655	0.000000135236
2	24686918	26894984	495	16	0.0002160688	0.000000166984
2	26894985	28598776	258	16	-0.0000473287	0.000000071593
2	28598777	29217558	211	16	0.0004630605	0.000000089678
2	29217559	30463710	610	16	0.0002210247	0.000000224582
2	30463711	31550449	501	16	0.0001510323	0.000000190001
2	31550450	33363776	485	16	0.0001463890	0.000000185569
2	33363777	35345027	808	16	0.0002216694	0.000000224618
2	35345028	36122005	290	16	-0.0000086929	0.000000087751
2	36122006	38132711	919	16	-0.0000001446	0.000000212363
2	38132712	39031336	322	16	0.0002017407	0.000000130757
2	39031337	40281482	292	16	0.0002443063	0.000000115059
2	40281483	43309589	1270	16	0.0006206899	0.000000246663
2	43309590	44313802	271	16	0.0001071759	0.000000105856
2	44313803	46482633	1054	16	-0.0000434214	0.000000209972
2	46482634	47318771	393	16	0.0000713459	0.000000159026
2	47318772	48213000	286	16	0.0000091967	0.000000109859
2	48213001	50022256	699	16	0.0000450805	0.000000214861
2	50022257	50818927	331	16	0.0001459480	0.000000118637
2	50818928	52491132	649	16	0.0002511627	0.000000226247
2	52491133	53508451	477	16	0.0001912377	0.000000168335
2	53508452	54685225	428	16	0.0004868688	0.000000176012
2	54685226	56203344	565	16	0.0005445331	0.000000237181
2	56203345	57429099	432	16	0.0003085712	0.000000164416
2	57429100	58297314	285	16	0.0002579738	0.000000107358
2	58297315	60291999	749	16	0.0001217283	0.000000219096
2	60292000	62429043	571	16	0.0000398169	0.000000208830
2	62429044	64625912	579	16	0.0001187664	0.000000205112
2	64625913	65933443	459	16	0.0002514074	0.000000168476
2	65933444	67226165	550	16	0.0001599750	0.000000184929
2	67226166	68010175	408	16	0.0000554074	0.000000132768
2	68010176	69139563	469	16	0.0004571111	0.000000168551
2	69139564	70755197	512	16	0.0001670225	0.000000159779
2	70755198	73174847	741	16	0.0001110830	0.000000218508
2	73174848	75630085	679	16	0.0000589351	0.000000215627
2	75630086	76913660	511	16	-0.0000038332	0.000000173597
2	76913661	78079263	403	16	0.0001872556	0.000000157301
2	78079264	80050402	817	16	0.0002700966	0.000000227293
2	80050403	81620840	580	16	0.0000588561	0.000000213226
2	81620841	85140679	894	16	0.0000720837	0.000000186115
2	85140680	88038506	582	16	0.0003549974	0.000000190135
2	88038507	89154525	238	16	0.0003268366	0.000000085491
2	89154526	95326451	0	0	-0.0001694125	-0.000000000000
2	95326452	98995200	400	16	0.0001287413	0.000000120273
2	98995201	101822328	838	16	0.0000778046	0.000000216669
2	101822329	102688764	246	16	0.0003984525	0.000000089400
2	102688765	103588214	372	16	0.0000800762	0.000000090522
2	103588215	105125033	305	16	0.0001550165	0.000000097537
2	105125034	106210057	417	16	0.0000605546	0.000000137009
2	106210058	107408266	451	16	-0.0001287305	0.000000128382
2	107408267	108429176	356	16	0.0001325543	0.000000093807
2	108429177	110572431	542	16	0.0000585824	0.000000159680
2	110572432	113921855	760	16	0.0000832051	0.000000216968
2	113921856	116772469	768	16	0.0002889385	0.000000228334
2	116772470	118367465	420	16	0.0002041552	0.000000112861
2	118367466	121303782	973	16	0.0002639978	0.000000226956
2	121303783	123302905	592	16	0.0002737826	0.000000204241
2	123302906	124732249	437	16	0.0000841625	0.000000113538
2	124732250	125840920	392	16	0.0002253352	0.000000122986
2	125840921	127373763	436	16	0.0003062726	0.000000118876
2	127373764	128034346	274	16	0.0000428570	0.000000087240
2	128034347	129474440	390	16	0.0001976379	0.000000126204
2	129474441	130067169	232	16	0.0000681126	0.000000062092
2	130067170	130658084	211	16	0.0000751329	0.000000062074
2	130658085	133042783	240	16	0.0002157871	0.000000082689
2	133042784	135158577	915	16	-0.0000026787	0.000000212223
2	135158578	137042793	424	16	0.0000737808	0.000000110404
2	137042794	138698116	605	16	0.0000578176	0.000000184864
2	138698117	140100270	439	16	-0.0000180414	0.000000099426
2	140100271	141805350	566	16	-0.0000467261	0.000000173080
2	141805351	142518601	316	16	0.0002637182	0.000000113154
2	142518602	144519483	656	16	0.0001126497	0.000000204301
2	144519484	146445569	442	16	0.0000881716	0.000000136764
2	146445570	147277161	152	15	0.0000928552	0.000000048756
2	147277162	150210291	676	16	0.0001442046	0.000000189160
2	150210292	151731461	480	16	0.0004445269	0.000000165183
2	151731462	152486781	264	16	0.0001685431	0.000000080926
2	152486782	154005055	479	16	0.0002991792	0.000000158090
2	154005056	155391134	499	16	0.0002872337	0.000000172709
2	155391135	157560634	585	16	0.0002788604	0.000000183646
2	157560635	158533217	166	16	-0.0000066599	0.000000057614
2	158533218	159577081	333	16	0.0002164688	0.000000111838
2	159577082	161769732	682	16	0.0002112927	0.000000211166
2	161769733	163503550	387	16	0.0001289383	0.000000098622
2	163503551	164466637	203	16	0.0002718524	0.000000074004
2	164466638	165178839	171	16	0.0003509718	0.000000071119
2	165178840	167160269	585	16	0.0012185335	0.000000240461
2	167160270	167355969	61	9	0.0001791070	0.000000027994
2	167355970	169968235	806	16	0.0001965316	0.000000223229
2	169968236	171226244	448	16	-0.0000276702	0.000000138358
2	171226245	173138904	584	16	0.0002768089	0.000000208167
2	173138905	175588928	808	16	0.0000831273	0.000000216963
2	175588929	177363635	545	16	0.0000133750	0.000000161728
2	177363636	178553182	455	16	0.0001129461	0.000000129367
2	178553183	181312738	909	16	0.0000562023	0.000000215476
2	181312739	182266030	306	16	0.0000903385	0.000000085692
2	182266031	184357607	607	16	0.0001792742	0.000000199498
2	184357608	185280172	238	16	0.0000434956	0.000000066383
2	185280173	189882064	951	16	-0.0000219523	0.000000211158
2	189882065	191973356	465	16	0.0003384426	0.000000153147
2	191973357	195861163	722	16	0.0000301434	0.000000214036
2	195861164	196447455	154	16	0.0001257004	0.000000051331
2	196447456	198078109	419	16	0.0003331037	0.000000122046
2	198078110	199311124	311	16	0.0003114658	0.000000085466
2	199311125	201576283	620	16	0.0000643788	0.000000187553
2	201576284	202818636	277	16	0.0005577428	0.000000115800
2	202818637	205799240	687	16	0.0002611423	0.000000226798
2	205799241	206735703	400	16	0.0000452202	0.000000146367
2	206735704	208645398	645	16	0.0000145429	0.000000213174
2	208645399	209941528	321	16	0.0000668356	0.000000100268
2	209941529	212379517	722	16	0.0001510141	0.000000220714
2	212379518	214014281	636	16	-0.0000255751	0.000000210958
2	214014282	215573794	445	16	0.0002788179	0.000000153859
2	215573795	217715660	779	16	-0.0000222426	0.000000211142
2	217715661	218395479	288	16	0.0005536901	0.000000124376
2	218395480	220454550	527	16	0.0003370043	0.000000176353
2	220454551	222521175	867	16	0.0000755515	0.000000216545
2	222521176	224859418	771	16	0.0001633311	0.000000221395
2	224859419	225840003	338	16	0.0001480083	0.000000096736
2	225840004	228119841	697	16	0.0001949439	0.000000205064
2	228119842	229370786	449	16	0.0000666640	0.000000128136
2	229370787	231843388	911	16	0.0000465420	0.000000214942
2	231843389	233550002	472	16	0.0001997969	0.000000151296
2	233550003	235150986	694	16	0.0000718950	0.000000216343
2	235150987	236043549	442	16	0.0001317709	0.000000171432
2	236043550	237449031	471	16	0.0001166610	0.000000160614
2	237449032	238760980	515	16	0.0001296381	0.000000178646
2	238760981	239952642	418	16	0.0001328575	0.000000142744
2	239952643	241560083	669	16	0.0001800992	0.000000222321
2	241560084	242149920	198	16	0.0000794902	0.000000065927
2	242149921	243188919	140	16	0.0001340589	0.000000051000
3	60157	1441778	612	16	0.0003800882	0.000000233370
3	1441779	2992119	944	16	0.0001240030	0.000000219222
3	2992120	4431646	763	16	0.0000853415	0.000000217086
3	4431647	6083182	809	16	0.0002990947	0.000000228895
3	6083183	7083386	444	16	0.0003427605	0.000000180762
3	7083387	8648560	877	16	0.0000845789	0.000000217044
3	8648561	9543182	460	16	0.0000112088	0.000000168911
3	9543183	11019664	589	16	0.0001271057	0.000000219393
3	11019665	13070798	690	16	0.0002635340	0.000000226931
3	13070799	14816899	761	16	0.0000090407	0.000000212870
3	14816900	16282441	451	16	0.0001098755	0.000000141483
3	16282442	17891117	483	16	0.0002303697	0.000000158327
3	17891118	19125143	349	16	-0.0000153900	0.000000104668
3	19125144	20091347	194	16	0.0001649698	0.000000075034
3	20091348	21643706	634	16	0.0000193079	0.000000213437
3	21643707	22204243	399	16	0.0001825948	0.000000144592
3	22204244	23804864	549	16	0.0000677253	0.000000190070
3	23804865	25461557	759	16	0.0002483298	0.000000226091
3	25461558	26877768	469	16	0.0001994271	0.000000152611
3	26877769	27840909	252	16	0.0002089462	0.000000093414
3	27840910	29142259	454	16	0.0000795602	0.000000159026
3	29142260	30717954	679	16	0.0001001422	0.000000217903
3	30717955	32351714	648	16	0.0000223890	0.000000213608
3	32351715	33255591	279	16	0.0000122014	0.000000101081
3	33255592	35283457	595	16	0.0001119119	0.000000179512
3	35283458	36486841	407	16	0.0001993449	0.000000136724
3	36486842	38356115	569	16	0.0004478825	0.000000198939
3	38356116	40221297	553	16	0.0001579848	0.000000166506
3	40221298	41064527	150	16	0.0001366674	0.000000050749
3	41064528	42540001	448	16	0.0015359893	0.000000223347
3	42540002	45165152	671	16	0.0001252422	0.000000196987
3	45165153	46657499	523	16	0.0001961456	0.000000165889
3	46657500	47727211	149	15	0.0000715031	0.000000042116
3	47727212	49316971	229	13	0.0002668743	0.000000051580
3	49316972	51832014	452	16	0.0007070468	0.000000104613
3	51832015	54081389	481	16	0.0001760364	0.000000158478
3	54081390	55348859	653	16	0.0002381432	0.000000225528
3	55348860	56433906	383	16	0.0003463759	0.000000143042
3	56433907	58157518	508	16	0.0001599287	0.000000154009
3	58157519	60272905	986	16	-0.0000139256	0.000000211601
3	60272906	62355665	1029	16	0.0000626779	0.000000215834
3	62355666	63669285	668	16	0.0000801285	0.000000216798
3	63669286	65273537	750	16	-0.0000385109	0.000000210243
3	65273538	66270446	364	16	0.0000270182	0.000000139588
3	66270447	68286913	656	16	-0.0000148242	0.000000211552
3	68286914	69276761	361	16	0.0000054438	0.000000126961
3	69276762	70449027	408	16	0.0001976530	0.000000151623
3	70449028	72529328	794	16	-0.0000031042	0.000000212199
3	72529329	74321816	711	16	-0.0000177248	0.000000211391
3	74321817	75704948	273	16	-0.0000550693	0.000000077747
3	75704949	77508834	521	16	0.0001897678	0.000000176451
3	77508835	79024540	409	16	0.0001292181	0.000000135064
3	79024541	81427309	513	16	0.0003773802	0.000000136920
3	81427310	82643885	311	16	0.0001931030	0.000000085132
3	82643886	84367478	340	16	0.0001909170	0.000000099083
3	84367479	85582230	269	16	-0.0000035853	0.000000065837
3	85582231	87409731	432	16	0.0001137636	0.000000119452
3	87409732	88298372	188	16	0.0003888151	0.000000066053
3	88298373	94255315	492	16	0.0002993796	0.000000147916
3	94255316	95311970	227	16	0.0002890618	0.000000068144
3	95311971	98215949	574	16	0.0000727648	0.000000147434
3	98215950	99373761	324	16	0.0004535364	0.000000108440
3	99373762	100592216	330	16	0.0001713533	0.000000083534
3	100592217	103084959	657	16	0.0000252742	0.000000177046
3	103084960	104581612	448	16	0.0001127494	0.000000120689
3	104581613	106982810	728	16	0.0000397282	0.000000214566
3	106982811	109522394	724	16	-0.0000153625	0.000000211522
3	109522395	110513769	264	16	0.0000757696	0.000000062108
3	110513770	112815698	661	16	0.0000290121	0.000000194498
3	112815699	113947862	331	16	0.0003932787	0.000000116865
3	113947863	115447079	407	16	0.0001098413	0.000000145467
3	115447080	116800152	549	16	0.0004282068	0.000000186376
3	116800153	118530250	601	16	0.0000740557	0.000000198866
3	118530251	120523054	653	16	-0.0000043245	0.000000176802
3	120523055	121974096	361	16	0.0005219168	0.000000107206
3	121974097	123517767	453	16	0.0003438084	0.000000149914
3	123517768	124936641	573	16	0.0001170669	0.000000188129
3	124936642	126214942	362	16	0.0001101503	0.000000109414
3	126214943	128194860	662	16	0.0000405491	0.000000200322
3	128194861	130244734	425	16	-0.0000754956	0.000000114691
3	130244735	131836515	538	16	-0.0000300987	0.000000145356
3	131836516	133252172	495	16	0.0001387508	0.000000144838
3	133252173	135456905	841	16	0.0001525776	0.000000220800
3	135456906	137371082	477	16	0.0003684870	0.000000136000
3	137371083	139954596	801	16	0.0000171644	0.000000213319
3	139954597	141339096	468	16	-0.0000546255	0.000000148493
3	141339097	143164627	625	16	0.0001383843	0.000000202415
3	143164628	144410815	400	16	0.0000217720	0.000000116565
3	144410816	145664618	377	16	0.0000998520	0.000000100390
3	145664619	146726628	322	16	0.0001669260	0.000000102798
3	146726629	149043236	691	16	0.0000639708	0.000000215905
3	149043237	150252003	421	16	0.0003341695	0.000000159122
3	150252004	151348729	343	16	0.0001822910	0.000000124069
3	151348730	153256570	571	16	0.0000640272	0.000000177796
3	153256571	154714217	424	16	0.0001813407	0.000000109069
3	154714218	156008699	335	16	0.0003520711	0.000000122233
3	156008700	157312027	445	16	0.0003229577	0.000000136970
3	157312028	159477889	642	16	0.0000074994	0.000000163225
3	159477890	161524503	563	16	0.0000626037	0.000000135800
3	161524504	163253204	506	16	0.0002585559	0.000000133873
3	163253205	165055468	449	16	0.0000741950	0.000000094790
3	165055469	167117428	474	16	0.0002529468	0.000000134434
3	167117429	168580959	381	16	-0.0000355540	0.000000093402
3	168580960	170964908	653	16	0.0004464022	0.000000237034
3	170964909	172295730	505	16	0.0000277410	0.000000176259
3	172295731	173477284	384	16	0.0001072188	0.000000134734
3	173477285	175116538	614	16	0.0000290878	0.000000213978
3	175116539	176320286	357	16	0.0000620628	0.000000102963
3	176320287	178107164	574	16	0.0001640616	0.000000191650
3	178107165	179374585	395	16	0.0002420940	0.000000125623
3	179374586	181511165	471	16	0.0002695780	0.000000153352
3	181511166	183769682	627	16	0.0002574182	0.000000206627
3	183769683	185068254	373	16	0.0002389450	0.000000143719
3	185068255	186890343	580	16	0.0000378433	0.000000214462
3	186890344	188856213	785	16	-0.0001118923	0.000000206189
3	188856214	190226606	615	16	0.0002179492	0.000000224412
3	190226607	192343813	785	16	0.0000946565	0.000000217600
3	192343814	194059670	596	16	0.0001269094	0.000000217464
3	194059671	194786673	295	16	0.0001681730	0.000000110042
3	194786674	195971407	263	16	0.0002385509	0.000000100018
3	195971408	197075986	342	16	0.0000066643	0.000000102049
3	197075987	197946621	183	16	0.0000763406	0.000000064146
4	10240	694714	107	13	0.0000975261	0.000000040034
4	694715	1478710	202	16	0.0004811544	0.000000089856
4	1478711	2842978	273	16	0.0001059740	0.000000102410
4	2842979	3846039	243	16	0.0001452165	0.000000096166
4	3846040	4684115	237	16	0.0001066721	0.000000087826
4	4684116	5502387	393	16	0.0001172848	0.000000153008
4	5502388	6773042	617	16	0.0000573346	0.000000215538
4	6773043	7539691	423	16	0.0001952820	0.000000175384
4	7539692	8152234	329	16	0.0000774662	0.000000131787
4	8152235	9326478	230	16	0.0001666855	0.000000090691
4	9326479	10699151	505	16	-0.0000172619	0.000000138043
4	10699152	12323033	677	16	-0.0000036240	0.000000212170
4	12323034	14272000	724	16	0.0003533668	0.000000231894
4	14272001	15147445	382	16	0.0000788175	0.000000130112
4	15147446	15927008	247	16	0.0000847360	0.000000084148
4	15927009	17383321	665	16	0.0001942871	0.000000223105
4	17383322	18841873	403	16	0.0000577038	0.000000127208
4	18841874	20544556	489	16	0.0004519183	0.000000151455
4	20544557	22319346	676	16	0.0000039699	0.000000212590
4	22319347	24135528	611	16	0.0000104056	0.000000192062
4	24135529	25609321	584	16	0.0000152255	0.000000203189
4	25609322	27343721	548	16	0.0002100337	0.000000208729
4	27343722	27965867	217	16	0.0001328758	0.000000076532
4	27965868	29762207	553	16	-0.0000685931	0.000000158127
4	29762208	30454534	160	16	0.0001963443	0.000000055571
4	30454535	31782980	429	16	0.0000210396	0.000000135722
4	31782981	33172765	338	16	0.0001410430	0.000000111956
4	33172766	35151414	388	16	0.0003661456	0.000000104495
4	35151415	36020435	277	16	0.0001160520	0.000000076429
4	36020436	37255046	438	16	0.0001843916	0.000000125478
4	37255047	38907021	767	16	0.0000638749	0.000000215900
4	38907022	40202608	361	16	0.0000375139	0.000000105862
4	40202609	42213057	689	16	-0.0000674731	0.000000208643
4	42213058	43965044	535	16	-0.0000500612	0.000000150094
4	43965045	45189156	324	16	0.0000294800	0.000000082367
4	45189157	47411895	466	16	0.0003462669	0.000000141291
4	47411896	48123599	198	16	0.0002290072	0.000000061694
4	48123600	53877432	498	16	0.0001254818	0.000000131798
4	53877433	55429555	521	16	0.0000480849	0.000000161821
4	55429556	56547643	367	16	0.0000344037	0.000000112097
4	56547644	58935007	881	16	0.0001477708	0.000000220535
4	58935008	60741086	474	16	0.0003960944	0.000000151024
4	60741087	62371762	443	16	-0.0000157657	0.000000124487
4	62371763	64341000	454	16	0.0000692158	0.000000140577
4	64341001	66600491	546	16	0.0000444090	0.000000144985
4	66600492	68059496	414	16	0.0001401768	0.000000116606
4	68059497	68854764	235	16	0.0000146694	0.000000064003
4	68854765	71049151	549	16	-0.0000245066	0.000000117919
4	71049152	72140557	242	16	0.0000708630	0.000000066262
4	72140558	74592389	503	16	0.0002351509	0.000000146594
4	74592390	77130706	714	16	0.0000968799	0.000000199654
4	77130707	79093978	738	16	0.0002843408	0.000000228080
4	79093979	80990296	554	16	0.0001173755	0.000000143664
4	80990297	82125314	247	16	0.0000272152	0.000000070765
4	82125315	83372592	393	16	0.0003928143	0.000000136469
4	83372593	84799655	504	16	0.0002453729	0.000000155134
4	84799656	86930608	632	16	0.0001958278	0.000000177700
4	86930609	87534647	137	16	0.0001674562	0.000000046170
4	87534648	89238027	510	16	0.0007253285	0.000000194538
4	89238028	90231563	309	16	-0.0000348790	0.000000091338
4	90231564	91560676	356	16	0.0000341341	0.000000098479
4	91560677	94233298	599	16	0.0000775715	0.000000195297
4	94233299	96182187	617	16	0.0001160483	0.000000204489
4	96182188	97540702	510	16	-0.0000288173	0.000000156684
4	97540703	99424066	417	16	0.0000183860	0.000000092994
4	99424067	100678359	391	16	0.0000394555	0.000000115380
4	100678360	103221355	806	16	-0.0000022194	0.000000212248
4	103221356	105305293	487	16	0.0000671014	0.000000132094
4	105305294	107501304	594	16	0.0000828332	0.000000162372
4	107501305	108815347	360	16	0.0002967728	0.000000111163
4	108815348	111256566	759	16	0.0000213294	0.000000213549
4	111256567	113870101	706	16	0.0000253380	0.000000213771
4	113870102	115666245	604	16	-0.0000991287	0.000000194979
4	115666246	117276928	372	16	0.0000896283	0.000000089797
4	117276929	118479917	349	16	0.0001049607	0.000000102776
4	118479918	119933511	416	16	0.0000496684	0.000000109938
4	119933512	120392683	134	14	0.0001462391	0.000000042684
4	120392684	122657986	744	16	0.0006082686	0.000000245977
4	122657987	124286480	367	16	0.0000184422	0.000000095515
4	124286481	125210861	277	16	0.0000717473	0.000000084264
4	125210862	126480885	394	16	0.0003283964	0.000000138571
4	126480886	127275476	235	16	0.0000972575	0.000000075403
4	127275477	127830292	166	16	0.0000610965	0.000000053735
4	127830293	128996664	205	16	0.0001740403	0.000000066265
4	128996665	130591884	456	16	0.0001503488	0.000000137978
4	130591885	131283820	191	16	-0.0000170244	0.000000057450
4	131283821	132954032	371	16	0.0002407577	0.000000128567
4	132954033	134628433	399	16	0.0003576285	0.000000122112
4	134628434	136566406	444	16	0.0002198345	0.000000130015
4	136566407	138541970	555	16	0.0001684169	0.000000182163
4	138541971	139556510	363	16	0.0000519557	0.000000116065
4	139556511	141084630	527	16	0.0002979820	0.000000192532
4	141084631	143443264	703	16	-0.0000244402	0.000000211020
4	143443265	146178186	528	16	0.0006092928	0.000000157900
4	146178187	148521872	618	16	0.0001669018	0.000000200224
4	148521873	150683579	558	16	0.0000686576	0.000000164315
4	150683580	152782183	525	16	0.0004619674	0.000000140692
4	152782184	154477640	527	16	0.0000941480	0.000000182227
4	154477641	155056125	198	16	0.0000703788	0.000000064625
4	155056126	157485096	804	16	0.0001347528	0.000000219816
4	157485097	158743717	344	16	0.0002309352	0.000000114327
4	158743718	161058863	538	16	-0.0000980711	0.000000136268
4	161058864	161826434	273	16	-0.0000205224	0.000000087939
4	161826435	163243678	467	16	0.0001574006	0.000000146305
4	163243679	164478233	333	16	0.0002902225	0.000000117147
4	164478234	165823447	441	16	0.0001935508	0.000000157199
4	165823448	167018857	361	16	0.0001132140	0.000000131125
4	167018858	167852916	195	16	0.0001172135	0.000000060371
4	167852917	169676824	583	16	0.0001384971	0.000000197718
4	169676825	170776509	317	16	0.0000981697	0.000000101561
4	170776510	172558634	432	16	0.0001350444	0.000000133196
4	172558635	174264131	401	16	0.0002444471	0.000000127044
4	174264132	176570715	648	16	0.0002681892	0.000000227188
4	176570716	178991909	832	16	0.0000931402	0.000000217517
4	178991910	180122042	345	16	-0.0000336380	0.000000112235
4	180122043	182066806	842	16	0.0000552682	0.000000215424
4	182066807	183371274	741	16	0.0000016715	0.000000212463
4	183371275	184929454	587	16	0.0001043279	0.000000218135
4	184929455	186909089	864	16	0.0000689198	0.000000216178
4	186909090	188472980	584	16	0.0001508759	0.000000220706
4	188472981	189693510	438	16	0.0000032952	0.000000157091
4	189693511	191043593	317	16	0.0000457610	0.000000104190
5	11940	982251	210	16	-0.0000231778	0.000000063150
5	982252	2132441	485	16	0.0000804131	0.000000190770
5	2132442	3361940	819	16	-0.0000422888	0.000000210034
5	3361941	4632109	545	16	0.0000695425	0.000000177178
5	4632110	5973232	687	16	0.0000440315	0.000000214803
5	5973233	7143217	576	16	0.0001262958	0.000000197984
5	7143218	8446335	579	16	-0.0000211066	0.000000172646
5	8446336	9718831	607	16	0.0000303397	0.000000192692
5	9718832	11173270	715	16	0.0000462390	0.000000214925
5	11173271	13464831	627	16	0.0002278888	0.000000203118
5	13464832	14757803	533	16	0.0001095383	0.000000177999
5	14757804	16963612	744	16	0.0002678260	0.000000227168
5	16963613	18051591	279	16	0.0000729442	0.000000098077
5	18051592	19917715	575	16	0.0002380970	0.000000170459
5	19917716	22152072	482	16	0.0000961970	0.000000133691
5	22152073	23494323	432	16	0.0001040142	0.000000118918
5	23494324	26184850	671	16	0.0000408932	0.000000207460
5	26184851	26857603	157	16	-0.0000281027	0.000000045317
5	26857604	27984512	243	16	0.0000738026	0.000000075346
5	27984513	29714819	429	16	0.0000934421	0.000000116189
5	29714820	31390248	580	16	-0.0000223080	0.000000167983
5	31390249	33500179	780	16	0.0001960478	0.000000223202
5	33500180	35048969	518	16	0.0000714071	0.000000176820
5	35048970	36433953	445	16	0.0002712473	0.000000141543
5	36433954	38802409	745	16	0.0003727256	0.000000232963
5	38802410	40287728	525	16	0.0001728877	0.000000142294
5	40287729	41888709	498	16	-0.0000148267	0.000000115854
5	41888710	43983498	412	16	0.0000230832	0.000000101677
5	43983499	50163397	451	16	-0.0000222823	0.000000093287
5	50163398	52134621	568	16	0.0002735155	0.000000179232
5	52134622	53703043	578	16	-0.0000170147	0.000000180739
5	53703044	55417348	582	16	0.0001929793	0.000000178918
5	55417349	56621101	479	16	-0.0000682324	0.000000144603
5	56621102	57340072	273	16	-0.0000052494	0.000000072254
5	57340073	58524621	525	16	0.0001652837	0.000000166907
5	58524622	60935906	677	16	0.0001316671	0.000000198750
5	60935907	61672994	263	16	0.0000776577	0.000000078418
5	61672995	63218986	493	16	-0.0000086477	0.000000120090
5	63218987	63968303	180	16	-0.0000544613	0.000000045856
5	63968304	65911285	589	16	0.0001872536	0.000000173116
5	65911286	67850859	770	16	0.0002191557	0.000000224479
5	67850860	71240455	400	16	0.0000926294	0.000000122609
5	71240456	73759325	963	16	0.0001987420	0.000000223351
5	73759326	75798865	602	16	-0.0000337958	0.000000187748
5	75798866	77623331	688	16	0.0001930592	0.000000223037
5	77623332	79393143	600	16	0.0002026632	0.000000214488
5	79393144	80481470	417	16	0.0001119201	0.000000144694
5	80481471	82025647	492	16	0.0001591127	0.000000170657
5	82025648	83972688	530	16	0.0000143898	0.000000189000
5	83972689	85767289	530	16	0.0000161660	0.000000152385
5	85767290	87389990	278	16	0.0000997687	0.000000089520
5	87389991	88891529	312	16	0.0018182703	0.000000179690
5	88891530	90422653	399	16	0.0001720864	0.000000125667
5	90422654	91840541	274	16	0.0000886328	0.000000084773
5	91840542	93809983	424	16	0.0003929030	0.000000130021
5	93809984	95963518	678	16	0.0002201787	0.000000224535
5	95963519	97315600	356	16	0.0000056910	0.000000095659
5	97315601	99260991	499	16	0.0001353536	0.000000146424
5	99260992	101578768	528	16	0.0001134212	0.000000143004
5	101578769	103320004	480	16	0.0001357859	0.000000138058
5	103320005	104851482	415	16	-0.0000144651	0.000000124995
5	104851483	105893054	185	16	0.0003123780	0.000000079840
5	105893055	107264195	552	16	0.0000601951	0.000000208049
5	107264196	108633933	378	16	0.0001875514	0.000000129546
5	108633934	110821143	621	16	0.0000842712	0.000000198488
5	110821144	111981561	402	16	0.0001113411	0.000000144219
5	111981562	113396284	501	16	0.0001741572	0.000000173764
5	113396285	114830369	531	16	0.0000474297	0.000000161785
5	114830370	115831046	416	16	0.0000401398	0.000000134567
5	115831047	117346212	542	16	0.0001980390	0.000000206178
5	117346213	118608819	371	16	0.0001432375	0.000000135834
5	118608820	119669041	326	16	0.0000749066	0.000000110039
5	119669042	120452165	236	16	0.0004113013	0.000000098691
5	120452166	122556904	672	16	0.0006756493	0.000000249699
5	122556905	123798099	438	16	0.0001434482	0.000000149981
5	123798100	125785648	832	16	0.0001221009	0.000000219117
5	125785649	127344603	422	16	0.0002301956	0.000000139291
5	127344604	129519024	649	16	0.0003002612	0.000000188963
5	129519025	132139648	550	16	0.0007530645	0.000000167977
5	132139649	134777400	882	16	0.0001040778	0.000000218121
5	134777401	136376049	572	16	0.0004139728	0.000000182859
5	136376050	139265071	681	16	0.0001544189	0.000000185548
5	139265072	140645970	319	16	0.0004891976	0.000000103769
5	140645971	142981247	872	16	0.0000411196	0.000000214643
5	142981248	144943353	648	16	0.0003127369	0.000000196589
5	144943354	147181997	704	16	-0.0000191819	0.000000211311
5	147181998	148662623	500	16	0.0001264461	0.000000164318
5	148662624	150561297	735	16	0.0000834727	0.000000216982
5	150561298	152867773	789	16	0.0000940150	0.000000217085
5	152867774	153773087	409	16	0.0000584497	0.000000108286
5	153773088	155373504	531	16	0.0001653744	0.000000174651
5	155373505	156628699	360	16	0.0001333909	0.000000108138
5	156628700	158825697	753	16	-0.0000105661	0.000000211787
5	158825698	159973943	407	16	0.0001294668	0.000000145214
5	159973944	161482132	509	16	0.0001235348	0.000000145775
5	161482133	162743907	356	16	0.0001932641	0.000000119514
5	162743908	163771581	380	16	0.0002071929	0.000000133664
5	163771582	165642394	551	16	0.0000913991	0.000000202183
5	165642395	166847739	417	16	0.0001354720	0.000000164814
5	166847740	168525317	727	16	0.0001287350	0.000000219483
5	168525318	169505663	450	16	0.0000839537	0.000000158816
5	169505664	171074291	638	16	0.0002571229	0.000000226576
5	171074292	172678326	663	16	0.0000709528	0.000000216291
5	172678327	173642870	469	16	0.0001600029	0.000000168432
5	173642871	175450594	821	16	0.0000140156	0.000000213145
5	175450595	177251506	343	16	0.0002319903	0.000000113960
5	177251507	178413463	427	16	0.0000187047	0.000000154777
5	178413464	179401243	336	16	0.0001795460	0.000000127807
5	179401244	180559932	337	16	0.0000680118	0.000000116515
5	180559933	180885155	38	8	0.0000087398	0.000000013468
6	73924	1452361	671	16	0.0000213989	0.000000213553
6	1452362	2458935	435	16	0.0002545850	0.000000158763
6	2458936	3573592	561	16	0.0001345382	0.000000203619
6	3573593	4617816	512	16	0.0000233164	0.000000173251
6	4617817	5791471	592	16	0.0001756456	0.000000218242
6	5791472	6785206	584	16	0.0001589754	0.000000221154
6	6785207	7808935	472	16	0.0001041086	0.000000172651
6	7808936	9020025	487	16	0.0001406609	0.000000155188
6	9020026	10540316	615	16	0.0001199422	0.000000212301
6	10540317	11790815	508	16	0.0004673685	0.000000197705
6	11790816	13209387	523	16	0.0001776352	0.000000183592
6	13209388	14802923	660	16	0.0002002475	0.000000223434
6	14802924	17386404	973	16	0.0001581999	0.000000221111
6	17386405	19207486	622	16	0.0002283855	0.000000179951
6	19207487	21684064	900	16	0.0004130411	0.000000235191
6	21684065	22748306	517	16	0.0003235111	0.000000199042
6	22748307	23936618	496	16	0.0002124695	0.000000190136
6	23936619	24852274	346	16	0.0003120916	0.000000143346
6	24852275	25684586	376	16	0.0003034972	0.000000136771
6	25684587	26791232	340	16	0.0001794244	0.000000089734
6	26791233	28017818	262	16	-0.0000069062	0.000000057200
6	28017819	28917607	286	16	0.0000503883	0.000000057127
6	28917608	29737970	499	16	0.0002279471	0.000000107819
6	29737971	30798167	924	16	0.0000868000	0.000000140216
6	30798168	31571217	808	16	0.0000598678	0.000000146280
6	31571218	32682663	664	16	0.0007075471	0.000000178739
6	32682664	33236496	595	16	0.0000744575	0.000000130310
6	33236497	35455755	640	16	0.0002985775	0.000000215035
6	35455756	37572595	714	16	0.0001886777	0.000000222795
6	37572596	39295676	694	16	0.0002173410	0.000000224379
6	39295677	40345114	405	16	0.0000988794	0.000000131649
6	40345115	42038720	689	16	0.0000357074	0.000000214344
6	42038721	43756168	365	16	0.0001842185	0.000000131969
6	43756169	45406562	561	16	0.0000704057	0.000000192089
6	45406563	47311897	752	16	0.0002127634	0.000000224126
6	47311898	48391124	344	16	0.0001587151	0.000000096070
6	48391125	50386144	506	16	0.0003961114	0.000000136218
6	50386145	52210475	525	16	0.0001656165	0.000000165567
6	52210476	53279101	412	16	0.0001548529	0.000000134720
6	53279102	55468269	822	16	0.0001669541	0.000000221115
6	55468270	56105312	207	16	0.0001202839	0.000000050642
6	56105313	57599464	337	16	0.0005009954	0.000000120231
6	57599465	61880511	151	11	0.0001710663	0.000000035554
6	61880512	63552887	348	16	0.0000157614	0.000000071362
6	63552888	65765741	462	16	0.0002778918	0.000000129739
6	65765742	67329214	494	16	0.0001619153	0.000000145667
6	67329215	68849482	481	16	0.0001133750	0.000000132445
6	68849483	69523447	225	16	0.0001043727	0.000000066479
6	69523448	71609509	705	16	0.0003252837	0.000000206612
6	71609510	73450096	593	16	0.0001988232	0.000000187994
6	73450097	75462002	566	16	0.0001847794	0.000000167980
6	75462003	77414880	426	16	0.0000537634	0.000000113586
6	77414881	78957727	500	16	0.0002427460	0.000000120940
6	78957728	80691169	575	16	0.0003869010	0.000000184559
6	80691170	81929221	378	16	0.0002302651	0.000000089215
6	81929222	83127148	350	16	0.0003613172	0.000000117226
6	83127149	85209988	540	16	0.0002641755	0.000000159737
6	85209989	87069499	605	16	0.0002915740	0.000000159456
6	87069500	88822139	547	16	0.0001098303	0.000000149025
6	88822140	89973051	424	16	0.0000399441	0.000000133677
6	89973052	91843195	696	16	0.0001182757	0.000000218905
6	91843196	93428643	474	16	0.0001578142	0.000000154340
6	93428644	94118141	287	16	0.0000951715	0.000000083070
6	94118142	94441174	84	8	0.0002360936	0.000000031847
6	94441175	97093510	629	16	0.0002549898	0.000000190163
6	97093511	97842283	237	16	-0.0000166926	0.000000058270
6	97842284	100630145	806	16	0.0002072388	0.000000223820
6	100630146	102636771	478	16	0.0000856655	0.000000145916
6	102636772	103983394	350	16	0.0001198622	0.000000096451
6	103983395	106056732	677	16	0.0000244453	0.000000195658
6	106056733	107450305	606	16	-0.0000862285	0.000000202346
6	107450306	108464379	340	16	0.0002318620	0.000000122057
6	108464380	110304246	499	16	0.0000823404	0.000000138646
6	110304247	112345013	590	16	-0.0000046087	0.000000176787
6	112345014	114220832	628	16	0.0000264205	0.000000172502
6	114220833	116131395	516	16	0.0003377208	0.000000142567
6	116131396	117672971	430	16	0.0000855626	0.000000120061
6	117672972	118963114	305	16	0.0001286359	0.000000087785
6	118963115	119963277	292	16	0.0001152612	0.000000087054
6	119963278	120512127	173	16	0.0001609327	0.000000051677
6	120512128	121905675	382	16	-0.0000419347	0.000000087603
6	121905676	123856180	612	16	0.0001372453	0.000000164459
6	123856181	125424382	601	16	0.0003433218	0.000000231339
6	125424383	127540460	427	16	0.0010102914	0.000000180772
6	127540461	129861030	576	16	0.0002062768	0.000000181027
6	129861031	130935453	469	16	0.0000349289	0.000000155218
6	130935454	132765668	578	16	0.0001325676	0.000000191312
6	132765669	134244242	527	16	0.0003491634	0.000000183396
6	134244243	136224176	578	16	0.0001924097	0.000000212971
6	136224177	137614217	338	16	0.0000890458	0.000000116808
6	137614218	138822628	458	16	0.0000552888	0.000000151392
6	138822629	139845435	379	16	0.0000495483	0.000000132886
6	139845436	142288478	552	16	0.0002431766	0.000000165316
6	142288479	145319809	989	16	0.0001667074	0.000000221581
6	145319810	146665423	314	16	0.0002341380	0.000000080026
6	146665424	148920351	895	16	0.0001076986	0.000000218321
6	148920352	150253403	515	16	0.0001795286	0.000000158221
6	150253404	151912702	838	16	0.0007210419	0.000000252207
6	151912703	153094495	492	16	0.0010803442	0.000000218152
6	153094496	154974119	784	16	0.0000625197	0.000000215825
6	154974120	156763325	725	16	0.0002768083	0.000000227664
6	156763326	158218718	473	16	0.0002497415	0.000000174278
6	158218719	160580496	904	16	-0.0000593603	0.000000209091
6	160580497	162169563	660	16	0.0000640502	0.000000215909
6	162169564	162931202	377	16	0.0002484755	0.000000146884
6	162931203	164383520	682	16	0.0003884483	0.000000233832
6	164383521	165586863	559	16	0.0000404416	0.000000172355
6	165586864	167024732	791	16	0.0001004823	0.000000217922
6	167024733	168042834	410	16	0.0002365371	0.000000142708
6	168042835	169382049	628	16	0.0002735351	0.000000218400
6	169382050	170330172	393	16	-0.0000228362	0.000000107249
6	170330173	171051269	229	16	0.0000215801	0.000000074537
7	16161	972751	125	16	0.0002281610	0.000000057698
7	972752	1353066	143	16	0.0000721053	0.000000053146
7	1353067	2062397	164	16	0.0001248179	0.000000065585
7	2062398	2772226	207	16	0.0003463634	0.000000095556
7	2772227	4573427	841	16	0.0003497152	0.000000231692
7	4573428	5416231	209	16	0.0000982021	0.000000084471
7	5416232	5854525	101	16	0.0001209758	0.000000042086
7	5854526	6573856	130	16	0.0001011764	0.000000051176
7	6573857	7808751	416	16	0.0004020940	0.000000171352
7	7808752	9123422	738	16	0.0000121897	0.000000213044
7	9123423	9987498	380	16	0.0000792801	0.000000142901
7	9987499	11299197	498	16	0.0000224108	0.000000180127
7	11299198	12635460	680	16	-0.0001249001	0.000000205470
7	12635461	13884201	590	16	0.0002854964	0.000000228144
7	13884202	15143656	359	16	-0.0000369258	0.000000135634
7	15143657	16902068	728	16	0.0002659998	0.000000227067
7	16902069	19481546	1023	16	0.0002573720	0.000000226590
7	19481547	20124907	239	16	0.0001313367	0.000000087107
7	20124908	22507628	1131	16	0.0002064090	0.000000223775
7	22507629	23471441	299	16	-0.0000080318	0.000000104219
7	23471442	25077258	691	16	-0.0000093556	0.000000211854
7	25077259	25909554	431	16	0.0002699836	0.000000152044
7	25909555	28360308	781	16	0.0001128742	0.000000218607
7	28360309	31137288	1225	16	0.0002142450	0.000000224207
7	31137289	33555767	986	16	0.0003024290	0.000000229080
7	33555768	36213537	1025	16	0.0001183217	0.000000218908
7	36213538	37555183	616	16	0.0001320615	0.000000219667
7	37555184	38966702	600	16	0.0009027175	0.000000230030
7	38966703	39862669	317	16	0.0005982212	0.000000123029
7	39862670	42001810	620	16	0.0000419714	0.000000188183
7	42001811	43159073	402	16	0.0004548706	0.000000152055
7	43159074	44763827	428	16	0.0002155725	0.000000142876
7	44763828	45952921	351	16	0.0001246209	0.000000121339
7	45952922	46986719	406	16	0.0006060539	0.000000150321
7	46986720	49212277	846	16	0.0002407615	0.000000225672
7	49212278	51675321	889	16	0.0000381429	0.000000214478
7	51675322	53176311	659	16	0.0000852572	0.000000192440
7	53176312	54222975	386	16	-0.0000159232	0.000000096161
7	54222976	55691583	544	16	0.0002659709	0.000000180188
7	55691584	57382637	276	16	0.0001030397	0.000000076942
7	57382638	63307358	155	16	0.0002700584	0.000000059585
7	63307359	63641124	54	6	-0.0000108320	0.000000013532
7	63641125	65689808	354	16	0.0001041487	0.000000086860
7	65689809	68234073	740	16	0.0001176222	0.000000215516
7	68234074	69085363	277	16	0.0002468552	0.000000099223
7	69085364	71874884	853	16	-0.0001212943	0.000000205669
7	71874885	73334601	140	16	0.0002548867	0.000000053658
7	73334602	76458563	361	16	0.0002669899	0.000000128279
7	76458564	78093858	605	16	-0.0000254810	0.000000209046
7	78093859	79888068	655	16	0.0000907717	0.000000213554
7	79888069	82022685	715	16	0.0001807445	0.000000222357
7	82022686	83801202	651	16	0.0001512873	0.000000214986
7	83801203	85572181	419	16	0.0001635251	0.000000114039
7	85572182	87825003	541	16	0.0002713539	0.000000148581
7	87825004	90661783	958	16	0.0000771689	0.000000216634
7	90661784	92493751	452	16	0.0000612686	0.000000121755
7	92493752	93966600	352	16	0.0000473162	0.000000120991
7	93966601	96073507	670	16	0.0003244943	0.000000229818
7	96073508	97099569	329	16	0.0013482751	0.000000170810
7	97099570	98715473	402	16	0.0002703391	0.000000137563
7	98715474	100196650	211	16	0.0002186901	0.000000065902
7	100196651	101199252	221	16	0.0001482298	0.000000077778
7	101199253	103197509	388	16	0.0004958665	0.000000149060
7	103197510	104159524	474	16	0.0004856052	0.000000173697
7	104159525	105682904	537	16	0.0001983974	0.000000180593
7	105682905	107780177	717	16	-0.0000132068	0.000000211641
7	107780178	109647593	557	16	0.0002869146	0.000000177689
7	109647594	112618683	835	16	0.0002457444	0.000000225948
7	112618684	113712386	230	16	0.0000095767	0.000000064129
7	113712387	116780177	679	16	0.0000601781	0.000000190589
7	116780178	118351580	354	16	0.0002228318	0.000000098326
7	118351581	121045272	446	16	0.0009784661	0.000000167701
7	121045273	121933629	242	16	0.0000371347	0.000000065633
7	121933630	124156804	656	16	-0.0000052321	0.000000176290
7	124156805	124167551	6	2	0.0001034333	0.000000007449
7	124167552	126519169	688	16	0.0002251873	0.000000172927
7	126519170	126869220	137	16	0.0004874809	0.000000064364
7	126869221	128778385	559	16	0.0001650849	0.000000158324
7	128778386	130422413	432	16	0.0003134594	0.000000151334
7	130422414	132805847	898	16	-0.0000619719	0.000000208947
7	132805848	134307595	434	16	0.0001435803	0.000000122379
7	134307596	135591082	470	16	0.0003509243	0.000000156488
7	135591083	136876561	414	16	0.0002307758	0.000000140199
7	136876562	138744678	586	16	0.0002078901	0.000000223856
7	138744679	139933176	330	16	0.0001611097	0.000000112204
7	139933177	140235209	119	16	0.0001485918	0.000000046312
7	140235210	141226556	299	16	-0.0000887001	0.000000071382
7	141226557	142656309	381	16	0.0001350467	0.000000109077
7	142656310	144968288	546	16	0.0001189430	0.000000161643
7	144968289	146427959	391	16	0.0000683960	0.000000117827
7	146427960	147815317	570	16	0.0000279864	0.000000180898
7	147815318	149840657	601	16	0.0000562587	0.000000215479
7	149840658	150711504	259	16	0.0000308970	0.000000072595
7	150711505	152249805	458	16	0.0002219644	0.000000186957
7	152249806	153674018	494	16	0.0001435140	0.000000185410
7	153674019	154964729	558	16	-0.0000061476	0.000000206769
7	154964730	156065249	509	16	0.0001060389	0.000000187521
7	156065250	157634596	522	16	0.0002683910	0.000000202538
7	157634597	159128574	452	16	0.0003111384	0.000000167702
8	10422	1044216	393	16	0.0001622105	0.000000164927
8	1044217	1163244	73	12	0.0002812814	0.000000041545
8	1163245	2042941	462	16	0.0004743294	0.000000210618
8	2042942	2573278	239	16	0.0000500498	0.000000090129
8	2573279	3392925	580	16	0.0002096399	0.000000223953
8	3392926	3783016	423	16	0.0003166423	0.000000180237
8	3783017	4480475	686	16	0.0003241948	0.000000230282
8	4480476	5146926	509	16	-0.0000015198	0.000000202740
8	5146927	6142796	767	16	0.0002898856	0.000000228387
8	6142797	7153078	539	16	0.0001464059	0.000000215671
8	7153079	9154693	540	16	0.0004722140	0.000000233187
8	9154694	9640786	172	16	0.0001721667	0.000000069372
8	9640787	10463196	460	16	0.0000129013	0.000000182853
8	10463197	11278997	328	16	0.0001944411	0.000000134708
8	11278998	13491774	778	16	0.0001766516	0.000000222130
8	13491775	13944991	263	16	0.0002252559	0.000000100543
8	13944992	15991659	1115	16	0.0001643578	0.000000221451
8	15991660	17387875	541	16	0.0001175869	0.000000218867
8	17387876	17836398	231	16	0.0001616269	0.000000091657
8	17836399	19492839	929	16	0.0001683847	0.000000221674
8	19492840	20060855	253	16	0.0000610949	0.000000094074
8	20060856	21661736	768	16	0.0001682216	0.000000221665
8	21661737	22897056	440	16	0.0001601347	0.000000172536
8	22897057	24674717	594	16	0.0003054203	0.000000215413
8	24674718	25483453	268	16	0.0001285445	0.000000084893
8	25483454	26682524	607	16	0.0000728762	0.000000204000
8	26682525	28162391	667	16	0.0000162538	0.000000202771
8	28162392	29327895	344	16	0.0000537723	0.000000114016
8	29327896	31133728	520	16	-0.0000280983	0.000000169041
8	31133729	31548359	128	16	0.0001596870	0.000000045747
8	31548360	32977217	489	16	0.0002254310	0.000000148269
8	32977218	35317231	537	16	0.0002409807	0.000000134212
8	35317232	37379388	373	16	0.0000709608	0.000000111104
8	37379389	38938805	304	16	0.0001207457	0.000000104907
8	38938806	40703336	584	16	-0.0000142864	0.000000167966
8	40703337	41721453	366	16	0.0002964896	0.000000142928
8	41721454	42773822	190	16	0.0004636413	0.000000077658
8	42773823	46841314	63	8	0.0002018811	0.000000027719
8	46841315	50082469	409	16	0.0000264633	0.000000112520
8	50082470	53302929	798	16	0.0001494155	0.000000200669
8	53302930	54418043	374	16	0.0000899121	0.000000111715
8	54418044	55945580	467	16	0.0002540033	0.000000138412
8	55945581	56956382	342	16	0.0002207201	0.000000112495
8	56956383	59068650	670	16	0.0001818269	0.000000211436
8	59068651	59728099	274	16	0.0000455868	0.000000081185
8	59728100	62329098	792	16	0.0000240117	0.000000213697
8	62329099	63349305	329	16	-0.0000427688	0.000000080901
8	63349306	65232871	527	16	0.0002568607	0.000000152210
8	65232872	66489089	371	16	0.0004049195	0.000000123851
8	66489090	69863056	855	16	0.0000205573	0.000000213506
8	69863057	70867978	400	16	0.0000403412	0.000000131941
8	70867979	72289453	419	16	0.0004200682	0.000000138395
8	72289454	73817198	686	16	0.0002659099	0.000000223706
8	73817199	75445063	603	16	0.0000421903	0.000000183538
8	75445064	76456541	298	16	0.0000363110	0.000000083154
8	76456542	79132860	697	16	0.0002920524	0.000000193131
8	79132861	81956394	810	16	0.0001873863	0.000000222724
8	81956395	82693738	214	16	0.0003014518	0.000000075618
8	82693739	84225588	423	16	0.0001245348	0.000000108078
8	84225589	85955618	365	16	0.0002602092	0.000000107901
8	85955619	87411708	266	16	0.0000193799	0.000000065472
8	87411709	89085480	463	16	0.0000261028	0.000000133357
8	89085481	90638161	414	16	0.0001801550	0.000000120940
8	90638162	93554385	682	16	0.0003706534	0.000000215702
8	93554386	95005526	391	16	0.0000657222	0.000000122433
8	95005527	96534805	592	16	0.0001168562	0.000000196056
8	96534806	99401580	1083	16	0.0001473516	0.000000220512
8	99401581	101620957	503	16	0.0001913226	0.000000120265
8	101620958	104123305	962	16	0.0001133852	0.000000218635
8	104123306	104988751	252	16	0.0000373210	0.000000062822
8	104988752	107410753	808	16	0.0001147484	0.000000218710
8	107410754	108648176	482	16	0.0002204784	0.000000139634
8	108648177	109248172	205	16	0.0002961035	0.000000063371
8	109248173	110484313	337	16	0.0000697887	0.000000077988
8	110484314	111850846	287	16	-0.0000669842	0.000000067252
8	111850847	113064319	247	16	0.0002260778	0.000000067103
8	113064320	116096494	798	16	0.0001947148	0.000000192409
8	116096495	119685456	1149	16	0.0004563469	0.000000237583
8	119685457	121201699	507	16	0.0016863857	0.000000232054
8	121201700	124861458	1291	16	-0.0000188991	0.000000211327
8	124861459	125683718	316	16	0.0001137719	0.000000098211
8	125683719	126410916	264	16	0.0000796320	0.000000090913
8	126410917	128659110	904	16	0.0000026760	0.000000212519
8	128659111	130381138	692	16	0.0002816164	0.000000227930
8	130381139	131639624	479	16	0.0002962197	0.000000169585
8	131639625	133351143	744	16	-0.0000064650	0.000000212014
8	133351144	134570000	640	16	0.0002063928	0.000000223774
8	134570001	136035604	749	16	0.0002122305	0.000000224096
8	136035605	137524150	567	16	0.0000528222	0.000000168456
8	137524151	139254829	758	16	0.0001344728	0.000000219800
8	139254830	140725642	752	16	0.0000036890	0.000000212575
8	140725643	143044913	822	16	0.0001054450	0.000000218196
8	143044914	144236880	383	16	0.0002686197	0.000000135728
8	144236881	146303866	331	16	0.0004938424	0.000000141143
9	10023	1079706	550	16	0.0002198382	0.000000222598
9	1079707	1916876	606	16	0.0002459389	0.000000225959
9	1916877	3190063	772	16	0.0002443599	0.000000225871
9	3190064	4495327	712	16	0.0000413221	0.000000214654
9	4495328	4884925	203	16	0.0000316780	0.000000076726
9	4884926	6557588	554	16	0.0001231682	0.000000218216
9	6557589	7154922	291	16	0.0003713327	0.000000127983
9	7154923	8456298	926	16	0.0001844908	0.000000222564
9	8456299	9166402	402	16	0.0004110649	0.000000176804
9	9166403	10879252	853	16	0.0000637079	0.000000215890
9	10879253	12276488	490	16	0.0004212123	0.000000180531
9	12276489	14836362	1253	16	0.0001707657	0.000000221805
9	14836363	16659654	775	16	0.0003063296	0.000000229295
9	16659655	18661050	923	16	0.0000594602	0.000000215656
9	18661051	20463533	811	16	0.0000398715	0.000000214574
9	20463534	22206558	614	16	0.0000930426	0.000000217511
9	22206559	24158517	623	16	-0.0000139986	0.000000211118
9	24158518	25330809	310	16	0.0002218153	0.000000130557
9	25330810	26111756	288	16	0.0001991501	0.000000120265
9	26111757	28224282	939	16	0.0000119590	0.000000213031
9	28224283	28811583	243	16	0.0004499841	0.000000102452
9	28811584	30387391	573	16	0.0000172986	0.000000152897
9	30387392	31310382	264	16	0.0001873812	0.000000080730
9	31310383	32019367	215	16	0.0000309561	0.000000053283
9	32019368	33578333	551	16	-0.0000465012	0.000000171708
9	33578334	34642242	258	16	0.0002841209	0.000000075880
9	34642243	36743282	519	16	0.0004040477	0.000000195601
9	36743283	38641598	705	16	0.0001071370	0.000000218290
9	38641599	65472189	103	16	0.0002941792	0.000000051898
9	65472190	72512710	553	16	0.0002178994	0.000000180749
9	72512711	72753754	107	11	0.0000603093	0.000000030683
9	72753755	74253039	603	16	0.0001307095	0.000000174116
9	74253040	76203945	559	16	0.0001032978	0.000000162592
9	76203946	76973080	188	16	0.0001766935	0.000000062020
9	76973081	78900182	763	16	0.0001906126	0.000000222902
9	78900183	79471207	264	16	0.0000209754	0.000000096916
9	79471208	81079054	518	16	0.0001067045	0.000000189886
9	81079055	82590927	655	16	0.0001409225	0.000000220157
9	82590928	84211232	696	16	-0.0000501505	0.000000209600
9	84211233	85440800	331	16	0.0002031983	0.000000127373
9	85440801	86938195	620	16	0.0002423704	0.000000213355
9	86938196	88109332	506	16	0.0001036950	0.000000158098
9	88109333	88590416	115	14	0.0002030512	0.000000039595
9	88590417	90136245	611	16	0.0001651368	0.000000212416
9	90136246	92528697	879	16	0.0000265940	0.000000213840
9	92528698	94167202	654	16	0.0002999954	0.000000228945
9	94167203	96671697	787	16	0.0000423490	0.000000214710
9	96671698	98922039	694	16	0.0002817998	0.000000214583
9	98922040	101592858	838	16	0.0001150189	0.000000218725
9	101592859	104624436	945	16	0.0002278073	0.000000224957
9	104624437	105967975	590	16	0.0000605561	0.000000166144
9	105967976	107581748	611	16	0.0002363888	0.000000167198
9	107581749	109298753	601	16	0.0002622872	0.000000202670
9	109298754	110695061	588	16	0.0001940346	0.000000208792
9	110695062	112778023	1065	16	0.0006617049	0.000000248929
9	112778024	114831081	875	16	0.0004731366	0.000000238511
9	114831082	115693144	305	16	0.0000279784	0.000000086012
9	115693145	117019800	566	16	0.0001141239	0.000000208649
9	117019801	117921959	431	16	0.0002064017	0.000000153885
9	117921960	121321536	1527	16	0.0000453774	0.000000214878
9	121321537	122260296	374	16	0.0001641011	0.000000121780
9	122260297	124871321	765	16	-0.0000087311	0.000000211888
9	124871322	126971886	642	16	0.0000435178	0.000000214775
9	126971887	129059664	549	16	0.0000106239	0.000000170713
9	129059665	130055509	315	16	0.0000834602	0.000000104558
9	130055510	132165469	419	16	-0.0000265886	0.000000141976
9	132165470	133223216	286	16	0.0001605264	0.000000107084
9	133223217	134127887	301	16	0.0004979696	0.000000132353
9	134127888	135298841	387	16	0.0000315870	0.000000129708
9	135298842	137041121	602	16	0.0000243714	0.000000213717
9	137041122	137589363	226	16	0.0000844081	0.000000088266
9	137589364	138938977	598	16	0.0001581042	0.000000221106
9	138938978	139500341	103	16	0.0003880781	0.000000058955
9	139500342	141144795	311	16	0.0003283256	0.000000125200
10	60523	751338	129	14	0.0000025066	0.000000044622
10	751339	1523543	331	16	0.0000099850	0.000000113765
10	1523544	2254499	460	16	0.0001387406	0.000000161377
10	2254500	3352698	646	16	0.0001998668	0.000000223413
10	3352699	4572273	637	16	0.0001529262	0.000000220820
10	4572274	5983761	668	16	0.0002179071	0.000000224410
10	5983762	7171483	737	16	0.0001373003	0.000000219956
10	7171484	8774664	864	16	0.0002088332	0.000000223908
10	8774665	10249395	598	16	0.0002263778	0.000000189976
10	10249396	12586796	1041	16	0.0000931595	0.000000217518
10	12586797	13321599	434	16	0.0000632034	0.000000170400
10	13321600	15026067	938	16	-0.0000222377	0.000000211142
10	15026068	16551766	563	16	-0.0000132625	0.000000206376
10	16551767	18537266	742	16	0.0000090754	0.000000212872
10	18537267	19716877	506	16	0.0001874226	0.000000169032
10	19716878	22772282	1001	16	-0.0000997095	0.000000206862
10	22772283	23175131	122	14	0.0003342812	0.000000058371
10	23175132	25578595	775	16	0.0000535947	0.000000215332
10	25578596	26888683	526	16	0.0003017003	0.000000150689
10	26888684	29323235	907	16	0.0001947639	0.000000223131
10	29323236	29783691	270	16	0.0000998895	0.000000091605
10	29783692	30458837	356	16	0.0001675713	0.000000135418
10	30458838	31907518	472	16	0.0001804919	0.000000150680
10	31907519	33707967	614	16	0.0000756444	0.000000171084
10	33707968	35109354	494	16	0.0002478449	0.000000167377
10	35109355	36572507	427	16	0.0001146051	0.000000128152
10	36572508	37790028	326	16	0.0001581580	0.000000100220
10	37790029	42372578	198	13	0.0000050199	0.000000031522
10	42372579	43894770	294	16	0.0004079487	0.000000108445
10	43894771	44730074	248	16	0.0001037975	0.000000074945
10	44730075	48760449	627	16	-0.0000620106	0.000000191830
10	48760450	50840914	611	16	0.0001720425	0.000000184207
10	50840915	53616628	735	16	0.0000618865	0.000000215790
10	53616629	55103571	713	16	0.0001915272	0.000000222952
10	55103572	57031139	769	16	0.0002047575	0.000000223683
10	57031140	57662145	196	16	0.0003294290	0.000000056934
10	57662146	58959527	397	16	0.0003099972	0.000000091105
10	58959528	60289986	444	16	0.0003028152	0.000000117837
10	60289987	61891408	578	16	0.0004573269	0.000000216242
10	61891409	62659678	295	16	0.0000477667	0.000000086263
10	62659679	63341694	167	16	0.0001629900	0.000000055331
10	63341695	65794113	818	16	0.0001071271	0.000000218289
10	65794114	67549614	498	16	0.0001812636	0.000000135295
10	67549615	69900147	907	16	0.0001418567	0.000000220208
10	69900148	70195990	94	10	-0.0000151107	0.000000021998
10	70195991	72220849	826	16	0.0001732465	0.000000221942
10	72220850	73508511	681	16	-0.0000252707	0.000000210975
10	73508512	75422549	413	16	0.0002337634	0.000000101843
10	75422550	78706813	833	16	0.0002315068	0.000000225161
10	78706814	80876748	1018	16	0.0000950316	0.000000217621
10	80876749	82414678	485	16	0.0000028741	0.000000161150
10	82414679	84383744	734	16	0.0001742351	0.000000221997
10	84383745	85458702	449	16	0.0001610707	0.000000119036
10	85458703	87937576	967	16	0.0001385071	0.000000220023
10	87937577	89127063	282	16	0.0001655408	0.000000090629
10	89127064	91013380	684	16	-0.0000381727	0.000000210262
10	91013381	92006580	360	16	0.0003293260	0.000000128683
10	92006581	93335046	447	16	0.0001053658	0.000000130258
10	93335047	95396367	626	16	0.0001312889	0.000000193108
10	95396368	96221242	246	16	0.0002411685	0.000000090221
10	96221243	97822356	542	16	0.0001338021	0.000000141030
10	97822357	100241301	827	16	0.0004269739	0.000000235960
10	100241302	100668399	151	15	-0.0000413620	0.000000034418
10	100668400	102949238	724	16	0.0001436155	0.000000206957
10	102949239	104380409	273	16	0.0002419204	0.000000081670
10	104380410	106695047	618	16	0.0002791478	0.000000201727
10	106695048	108726685	682	16	-0.0000109868	0.000000196533
10	108726686	110317704	657	16	-0.0000012619	0.000000198488
10	110317705	112561492	664	16	0.0004226307	0.000000219988
10	112561493	115328431	996	16	0.0001506127	0.000000220692
10	115328432	116421405	414	16	0.0000592359	0.000000140471
10	116421406	119523933	989	16	0.0000937487	0.000000217550
10	119523934	120591352	426	16	0.0001711386	0.000000153285
10	120591353	122407322	679	16	0.0001804660	0.000000222341
10	122407323	123231464	391	16	0.0000914883	0.000000131244
10	123231465	123900544	269	16	0.0000968068	0.000000096027
10	123900545	125869345	883	16	0.0004456383	0.000000236992
10	125869346	128001097	946	16	0.0000309464	0.000000214080
10	128001098	129154361	508	16	0.0000203556	0.000000174008
10	129154362	130844283	929	16	0.0000300999	0.000000214034
10	130844284	131741326	447	16	0.0002131812	0.000000156488
10	131741327	132580244	406	16	0.0000299968	0.000000132252
10	132580245	134336328	877	16	-0.0000431950	0.000000209984
10	134336329	134494672	39	6	-0.0000374745	0.000000009087
10	134494673	135523864	236	16	0.0001105592	0.000000087624
11	70855	1213589	257	16	0.0002656831	0.000000097344
11	1213590	3665480	694	16	0.0002702869	0.000000227304
11	3665481	4746708	384	16	0.0000439346	0.000000134336
11	4746709	6322868	817	16	-0.0001055391	0.000000206540
11	6322869	7436700	465	16	-0.0000077493	0.000000147479
11	7436701	8333273	451	16	0.0000150917	0.000000169583
11	8333274	9087316	225	16	0.0004517054	0.000000100075
11	9087317	10952026	546	16	0.0001280202	0.000000194330
11	10952027	12564228	1073	16	-0.0000434489	0.000000209970
11	12564229	13373123	407	16	0.0003093546	0.000000141448
11	13373124	15742551	787	16	0.0008513281	0.000000252688
11	15742552	17578401	515	16	0.0014654007	0.000000227093
11	17578402	19569534	727	16	0.0000335935	0.000000214227
11	19569535	21017137	758	16	0.0001434641	0.000000220297
11	21017138	22374141	573	16	0.0001330012	0.000000199294
11	22374142	24088516	608	16	0.0001790444	0.000000184593
11	24088517	26045752	701	16	-0.0000899421	0.000000207402
11	26045753	27020460	344	16	0.0003765433	0.000000114685
11	27020461	28481592	376	16	0.0003198338	0.000000112425
11	28481593	30141356	417	16	0.0001406544	0.000000130886
11	30141357	32276900	644	16	0.0001296109	0.000000162230
11	32276901	33958738	523	16	0.0000683236	0.000000162027
11	33958739	35502604	773	16	0.0001754525	0.000000222064
11	35502605	37116814	725	16	0.0000387140	0.000000214510
11	37116815	39382002	446	16	0.0002049358	0.000000129632
11	39382003	42310002	949	16	0.0002018783	0.000000223524
11	42310003	44693798	952	16	0.0002126221	0.000000224118
11	44693799	47006136	596	16	0.0003774275	0.000000218913
11	47006137	49866049	367	16	0.0004854138	0.000000104387
11	49866050	54695472	175	10	0.0002048194	0.000000037006
11	54695473	55082656	14	4	0.0000678854	0.000000008477
11	55082657	58457494	973	16	0.0003325339	0.000000211712
11	58457495	58780548	62	7	-0.0000069421	0.000000015247
11	58780549	62223770	862	16	0.0001385603	0.000000220026
11	62223771	63804568	276	16	0.0001186856	0.000000086828
11	63804569	65898630	416	16	0.0005115274	0.000000158678
11	65898631	68005824	296	16	0.0006688862	0.000000121043
11	68005825	69516129	465	16	0.0005256823	0.000000171425
11	69516130	70926291	450	16	0.0000181291	0.000000166090
11	70926292	72286016	310	16	0.0000789331	0.000000084243
11	72286017	74412350	554	16	0.0002170792	0.000000170664
11	74412351	76797208	733	16	0.0003304975	0.000000230630
11	76797209	78355057	374	16	-0.0000387138	0.000000094914
11	78355058	80722372	1067	16	0.0001985398	0.000000223340
11	80722373	81266711	271	16	-0.0000853149	0.000000081065
11	81266712	84381271	1174	16	0.0000443781	0.000000214823
11	84381272	86619300	761	16	-0.0000699159	0.000000208029
11	86619301	87430234	321	16	0.0005430001	0.000000114162
11	87430235	89208935	579	16	0.0000081231	0.000000193346
11	89208936	90966489	395	16	0.0001745544	0.000000107429
11	90966490	92077143	358	16	0.0002106705	0.000000114067
11	92077144	93276156	398	16	0.0001161217	0.000000114860
11	93276157	94242259	278	16	0.0001208924	0.000000076693
11	94242260	95726040	557	16	0.0001843042	0.000000195563
11	95726041	97057057	517	16	0.0000126147	0.000000176349
11	97057058	98705064	580	16	0.0000658696	0.000000203139
11	98705065	100417168	773	16	0.0000883959	0.000000217254
11	100417169	101331120	358	16	0.0000210904	0.000000104113
11	101331121	103959635	992	16	0.0003488391	0.000000231644
11	103959636	104873283	295	16	0.0000003771	0.000000056397
11	104873284	106520893	448	16	0.0001205469	0.000000127608
11	106520894	107844199	462	16	0.0000979701	0.000000152842
11	107844200	108437036	126	10	0.0003334759	0.000000045150
11	108437037	109866115	346	16	0.0000003763	0.000000105106
11	109866116	111114396	498	16	0.0000954777	0.000000146455
11	111114397	112459487	382	16	0.0003018628	0.000000119485
11	112459488	114257727	752	16	0.0004131075	0.000000235194
11	114257728	114830665	210	16	0.0000897708	0.000000064477
11	114830666	116383347	664	16	0.0002927109	0.000000228543
11	116383348	117747109	533	16	-0.0000580994	0.000000195351
11	117747110	119215475	433	16	0.0000961081	0.000000143382
11	119215476	120766805	625	16	-0.0000791157	0.000000208000
11	120766806	121175942	188	16	0.0002404217	0.000000069884
11	121175943	122591909	468	16	0.0003165423	0.000000177498
11	122591910	123500116	401	16	0.0000474104	0.000000147380
11	123500117	124495527	437	16	0.0000812094	0.000000110811
11	124495528	126311319	684	16	-0.0000203389	0.000000211247
11	126311320	127316678	553	16	0.0002121279	0.000000178598
11	127316679	128188536	314	16	0.0000272128	0.000000094735
11	128188537	130342574	857	16	0.0003012768	0.000000229016
11	130342575	131074611	375	16	0.0001651543	0.000000135285
11	131074612	133000045	1114	16	0.0000439356	0.000000214798
11	133000046	134205992	520	16	-0.0000145019	0.000000199651
11	134205993	134946451	408	16	0.0000150113	0.000000142035
12	61107	1080330	290	16	0.0001358206	0.000000112522
12	1080331	2544785	505	16	0.0002696120	0.000000189120
12	2544786	3677036	492	16	0.0002128372	0.000000192013
12	3677037	4417678	393	16	0.0000265845	0.000000141782
12	4417679	5321471	459	16	0.0002175703	0.000000173873
12	5321472	6419752	528	16	0.0000962717	0.000000187448
12	6419753	8377535	132	16	0.0001246377	0.000000049309
12	8377536	9031394	0	0	-0.0001694125	-0.000000000000
12	9031395	10481533	193	16	0.0000596017	0.000000064842
12	10481534	11754845	346	16	0.0003242610	0.000000114354
12	11754846	12733527	435	16	0.0000620926	0.000000167141
12	12733528	15241483	1020	16	0.0002974412	0.000000228804
12	15241484	16310459	256	16	0.0000698849	0.000000082100
12	16310460	18087872	572	16	0.0001408826	0.000000198789
12	18087873	20863942	941	16	0.0002616380	0.000000226826
12	20863943	23820633	1036	16	0.0001087891	0.000000218381
12	23820634	25371082	714	16	0.0001488929	0.000000220597
12	25371083	27799772	973	16	0.0003198105	0.000000230040
12	27799773	29651254	696	16	0.0008115485	0.000000239555
12	29651255	30512405	466	16	0.0000757959	0.000000136524
12	30512406	32165591	606	16	0.0002238916	0.000000210440
12	32165592	33076988	372	16	0.0002402840	0.000000127678
12	33076989	37856716	373	16	0.0001872845	0.000000090576
12	37856717	39227168	143	7	0.0000390374	0.000000035690
12	39227169	40816184	475	16	-0.0000451433	0.000000127250
12	40816185	41658585	320	16	0.0000985486	0.000000087382
12	41658586	43984473	896	16	0.0002895192	0.000000228366
12	43984474	46024228	479	16	0.0000023936	0.000000121129
12	46024229	47714792	490	16	0.0000359352	0.000000141408
12	47714793	49001865	478	16	0.0001300677	0.000000151029
12	49001866	51776493	568	16	0.0003439771	0.000000173114
12	51776494	53039003	531	16	0.0000828967	0.000000167830
12	53039004	54778822	504	16	0.0014316307	0.000000232924
12	54778823	55665836	251	16	0.0001277126	0.000000081971
12	55665837	57548859	347	16	0.0002214670	0.000000113384
12	57548860	59308665	462	16	0.0004864690	0.000000146369
12	59308666	61123728	460	16	0.0005589039	0.000000150340
12	61123729	64032460	967	16	-0.0000861625	0.000000207610
12	64032461	65559694	367	16	0.0003299966	0.000000130871
12	65559695	67181143	527	16	0.0000382691	0.000000159015
12	67181144	67909728	321	16	0.0001385522	0.000000091225
12	67909729	69826541	820	16	-0.0000069190	0.000000211988
12	69826542	70957986	478	16	0.0001619950	0.000000135112
12	70957987	72645074	510	16	0.0001999647	0.000000160242
12	72645075	73818453	316	16	0.0000374136	0.000000087774
12	73818454	76511313	787	16	0.0002763734	0.000000227640
12	76511314	78570569	763	16	0.0002536769	0.000000226386
12	78570570	80448149	416	16	0.0001247105	0.000000126968
12	80448150	81467766	287	16	-0.0000311103	0.000000078231
12	81467767	83502665	581	16	0.0000812629	0.000000160023
12	83502666	84303843	241	16	0.0003726900	0.000000071507
12	84303844	85990425	422	16	0.0001393849	0.000000098355
12	85990426	89682121	774	16	0.0000937506	0.000000193844
12	89682122	92066154	617	16	0.0003499228	0.000000169834
12	92066155	94514566	913	16	0.0000894418	0.000000217312
12	94514567	96020784	684	16	0.0000229381	0.000000213638
12	96020785	97108838	430	16	0.0002313519	0.000000155701
12	97108839	99305986	935	16	0.0000122790	0.000000213049
12	99305987	101447640	653	16	0.0000327109	0.000000211304
12	101447641	101862689	137	16	0.0000595286	0.000000043416
12	101862690	102964985	271	16	0.0003433735	0.000000107001
12	102964986	104848695	744	16	0.0000929137	0.000000217504
12	104848696	106436212	875	16	0.0000730241	0.000000216405
12	106436213	106958747	223	16	0.0004061991	0.000000091859
12	106958748	109025900	738	16	0.0001274836	0.000000219414
12	109025901	110336718	323	16	0.0001660788	0.000000108657
12	110336719	113263517	324	16	0.0001848987	0.000000102941
12	113263518	113986708	186	16	0.0000465409	0.000000059714
12	113986709	115036601	534	16	-0.0000671355	0.000000166891
12	115036602	115503215	174	16	0.0002609746	0.000000074215
12	115503216	117087470	763	16	0.0003938011	0.000000234128
12	117087471	118135374	447	16	-0.0000192872	0.000000158115
12	118135375	119754109	685	16	0.0000020390	0.000000212483
12	119754110	122007650	582	16	0.0000415381	0.000000184897
12	122007651	124977979	638	16	0.0001592676	0.000000205455
12	124977980	126445504	634	16	0.0001375437	0.000000219970
12	126445505	127875097	682	16	0.0000345551	0.000000214280
12	127875098	129237296	720	16	0.0000470096	0.000000214968
12	129237297	130377920	667	16	0.0001648034	0.000000221476
12	130377921	131786750	752	16	0.0000729709	0.000000216402
12	131786751	132807033	299	16	-0.0000092044	0.000000092323
12	132807034	133841510	157	16	0.0000538539	0.000000053737
13	19020013	20686719	294	16	0.0001218040	0.000000094886
13	20686720	22242173	583	16	0.0002112712	0.000000203611
13	22242174	23594701	702	16	-0.0000514806	0.000000209526
13	23594702	24531936	500	16	0.0001324294	0.000000176961
13	24531937	25784361	633	16	0.0000402137	0.000000214592
13	25784362	27284361	547	16	0.0001919645	0.000000180699
13	27284362	29257550	871	16	-0.0000416637	0.000000210069
13	29257551	30483266	500	16	0.0001103532	0.000000160719
13	30483267	32301814	781	16	0.0000652745	0.000000215977
13	32301815	33776902	551	16	0.0001481030	0.000000173244
13	33776903	35026463	462	16	0.0000554839	0.000000144259
13	35026464	36046366	226	16	0.0001998632	0.000000082227
13	36046367	37498184	636	16	0.0002010432	0.000000220602
13	37498185	38878162	532	16	-0.0000417781	0.000000138916
13	38878163	41069262	871	16	-0.0000292865	0.000000210753
13	41069263	43101026	607	16	0.0002945453	0.000000196051
13	43101027	44901408	807	16	0.0001730354	0.000000221931
13	44901409	46495213	520	16	0.0001917973	0.000000180230
13	46495214	47431078	343	16	0.0000395369	0.000000106824
13	47431079	49383961	626	16	-0.0000094660	0.000000187684
13	49383962	51591090	728	16	0.0003930095	0.000000234084
13	51591091	53339621	439	16	0.0004523829	0.000000164725
13	53339622	54682863	536	16	0.0000343976	0.000000168356
13	54682864	55817130	328	16	0.0000386275	0.000000085349
13	55817131	57554216	311	16	0.0001787211	0.000000074165
13	57554217	58410625	205	16	0.0000362783	0.000000046461
13	58410626	59302270	218	16	0.0001268881	0.000000056527
13	59302271	60854777	568	16	0.0003554882	0.000000183287
13	60854778	61591948	296	16	0.0000526869	0.000000087362
13	61591949	63971558	667	16	0.0000897957	0.000000199735
13	63971559	65200601	325	16	0.0000375778	0.000000070111
13	65200602	67844452	822	16	0.0000357242	0.000000214344
13	67844453	70724515	904	16	0.0002466255	0.000000225996
13	70724516	71526790	336	16	0.0001007803	0.000000112310
13	71526791	73934088	860	16	0.0002755177	0.000000227593
13	73934089	75670142	744	16	-0.0000367217	0.000000210342
13	75670143	77410554	778	16	0.0001317921	0.000000219652
13	77410555	78808812	418	16	0.0000153327	0.000000115350
13	78808813	80585675	588	16	0.0002900590	0.000000185640
13	80585676	82581813	635	16	0.0000908233	0.000000199320
13	82581814	84133143	407	16	0.0000277326	0.000000085583
13	84133144	85610915	438	16	0.0002168010	0.000000128983
13	85610916	88559881	789	16	0.0001237900	0.000000215856
13	88559882	90521310	498	16	0.0000209561	0.000000120412
13	90521311	93129690	903	16	0.0003947727	0.000000234181
13	93129691	93586454	128	16	0.0002607545	0.000000053587
13	93586455	96087557	1232	16	-0.0000028262	0.000000212215
13	96087558	97519209	367	16	0.0000721965	0.000000114596
13	97519210	98938918	444	16	0.0000678616	0.000000158382
13	98938919	100574094	761	16	0.0002619051	0.000000226841
13	100574095	102300522	758	16	0.0004383249	0.000000236588
13	102300523	104066709	898	16	-0.0000269437	0.000000210882
13	104066710	104844113	316	16	0.0001909855	0.000000108750
13	104844114	106247553	648	16	0.0000590633	0.000000215634
13	106247554	106749999	275	16	0.0001776274	0.000000095438
13	106750000	108189876	629	16	-0.0000330864	0.000000210543
13	108189877	109121209	445	16	0.0003029318	0.000000171309
13	109121210	109815111	323	16	0.0003853828	0.000000124483
13	109815112	111232072	664	16	0.0003679835	0.000000232701
13	111232073	112247591	459	16	0.0001210452	0.000000163568
13	112247592	113572487	461	16	0.0001342031	0.000000167921
13	113572488	115109852	381	16	0.0000507604	0.000000129884
14	19002084	21589401	507	16	0.0000034930	0.000000196860
14	21589402	23018664	606	16	0.0002182947	0.000000224431
14	23018665	24905122	547	16	0.0001829084	0.000000203929
14	24905123	26135685	541	16	0.0001848038	0.000000161656
14	26135686	28466532	719	16	0.0002269883	0.000000224912
14	28466533	29972144	395	16	0.0001632960	0.000000126916
14	29972145	32383264	595	16	-0.0000384753	0.000000194544
14	32383265	34846250	1284	16	0.0000576655	0.000000215557
14	34846251	35859592	247	16	0.0000794943	0.000000079338
14	35859593	38667724	890	16	0.0000108290	0.000000212969
14	38667725	40341989	546	16	-0.0000098645	0.000000155011
14	40341990	41615501	368	16	0.0000746529	0.000000085249
14	41615502	43137388	436	16	0.0001709866	0.000000121297
14	43137389	44543226	372	16	0.0000739826	0.000000124186
14	44543227	46081895	376	16	-0.0000603666	0.000000103058
14	46081896	46749129	193	16	0.0001405080	0.000000046262
14	46749130	48573585	609	16	0.0000531232	0.000000189733
14	48573586	49005470	114	13	0.0004238026	0.000000052368
14	49005471	50507759	473	16	-0.0000174900	0.000000149187
14	50507760	51493571	297	16	-0.0000373196	0.000000100066
14	51493572	53474382	830	16	0.0001099056	0.000000218443
14	53474383	53997830	181	16	0.0002918802	0.000000064328
14	53997831	55233680	450	16	0.0004300687	0.000000175140
14	55233681	56216879	275	16	0.0002797854	0.000000090686
14	56216880	57481261	680	16	0.0000542007	0.000000215365
14	57481262	59448335	698	16	0.0000724004	0.000000216371
14	59448336	61680423	591	16	0.0002924794	0.000000174358
14	61680424	63790014	795	16	0.0001681758	0.000000221662
14	63790015	65220297	327	16	0.0000739043	0.000000101498
14	65220298	66399554	383	16	-0.0000760364	0.000000114228
14	66399555	67992316	442	16	0.0003398179	0.000000105554
14	67992317	71131956	1158	16	0.0002135116	0.000000224167
14	71131957	72889614	677	16	0.0000544057	0.000000215377
14	72889615	76444766	1042	16	0.0001470694	0.000000220496
14	76444767	77229471	354	16	0.0000594176	0.000000119492
14	77229472	78561944	553	16	0.0002524780	0.000000196058
14	78561945	80186578	604	16	0.0001974318	0.000000206617
14	80186579	81579713	503	16	0.0000968825	0.000000162239
14	81579714	83138096	479	16	0.0001283388	0.000000150488
14	83138097	84241632	396	16	0.0000283013	0.000000119083
14	84241633	85746318	485	16	0.0002671826	0.000000171153
14	85746319	86647001	325	16	0.0002704983	0.000000111834
14	86647002	87635340	320	16	0.0000088782	0.000000098784
14	87635341	89497642	587	16	0.0001163904	0.000000167396
14	89497643	91296859	670	16	0.0000842261	0.000000217024
14	91296860	93132298	628	16	0.0002986365	0.000000228870
14	93132299	94325284	400	16	0.0001317198	0.000000131704
14	94325285	95750866	819	16	0.0001711373	0.000000221826
14	95750867	96262414	368	16	-0.0000964168	0.000000109656
14	96262415	98341161	855	16	0.0002012872	0.000000223492
14	98341162	99138531	382	16	0.0002347963	0.000000122217
14	99138532	101534306	877	16	0.0000054703	0.000000212673
14	101534307	103012101	410	16	0.0001212704	0.000000147428
14	103012102	105001722	478	16	0.0003387638	0.000000166973
14	105001723	106340357	206	16	0.0001715479	0.000000074178
14	106340358	107289453	43	6	0.0000253274	0.000000014744
15	20001200	21131603	9	3	0.0001255165	0.000000010123
15	21131604	24195126	312	16	0.0001804192	0.000000122674
15	24195127	25108589	200	16	0.0003305988	0.000000080430
15	25108590	27298111	889	16	0.0000416316	0.000000214671
15	27298112	29338501	495	16	0.0002419067	0.000000179321
15	29338502	30165567	296	16	0.0003008187	0.000000111385
15	30165568	31591820	273	16	0.0000620070	0.000000096638
15	31591821	32441810	259	16	0.0002035986	0.000000088993
15	32441811	34015424	688	16	0.0000068815	0.000000212751
15	34015425	35083250	373	16	0.0000818284	0.000000123316
15	35083251	37456501	947	16	0.0000527841	0.000000215287
15	37456502	38530776	364	16	0.0002920359	0.000000137882
15	38530777	40384131	764	16	0.0001095891	0.000000218425
15	40384132	41177513	194	16	0.0005025247	0.000000091831
15	41177514	42776398	345	16	0.0002914942	0.000000125752
15	42776399	44198048	222	15	-0.0000432632	0.000000048445
15	44198049	46618786	462	16	0.0002045450	0.000000142271
15	46618787	48136047	594	16	0.0001422763	0.000000183030
15	48136048	50008042	429	16	0.0002048256	0.000000127462
15	50008043	51677559	558	16	0.0007943256	0.000000203329
15	51677560	53069095	350	16	0.0001545862	0.000000101283
15	53069096	54508527	643	16	0.0001746463	0.000000213893
15	54508528	55136268	244	16	0.0002274866	0.000000099830
15	55136269	56901772	499	16	0.0005854882	0.000000212083
15	56901773	58441365	594	16	-0.0000387106	0.000000210232
15	58441366	59694115	476	16	0.0002579678	0.000000197292
15	59694116	61265835	666	16	0.0000768265	0.000000216615
15	61265836	63215221	846	16	0.0000195989	0.000000213454
15	63215222	65104667	434	16	0.0000099788	0.000000137767
15	65104668	67094766	594	16	-0.0000250730	0.000000201914
15	67094767	69017998	656	16	0.0003774173	0.000000233223
15	69017999	70133340	296	16	0.0000208618	0.000000096910
15	70133341	71922648	729	16	0.0002555874	0.000000226492
15	71922649	73628713	348	16	0.0000906496	0.000000089852
15	73628714	76398623	527	16	0.0001558411	0.000000183315
15	76398624	78516052	498	16	-0.0000494548	0.000000131852
15	78516053	80860977	897	16	0.0000391099	0.000000214531
15	80860978	84260467	876	16	0.0001846075	0.000000222570
15	84260468	86652904	706	16	0.0003316743	0.000000230695
15	86652905	88369942	779	16	-0.0000462196	0.000000209817
15	88369943	90475550	677	16	0.0001229649	0.000000219164
15	90475551	92164391	574	16	0.0002361671	0.000000225419
15	92164392	93780901	827	16	0.0000190097	0.000000213421
15	93780902	94924329	602	16	0.0000237475	0.000000213683
15	94924330	96141595	590	16	-0.0000029017	0.000000212210
15	96141596	98030909	771	16	0.0000604963	0.000000215713
15	98030910	99244058	587	16	0.0000579723	0.000000215574
15	99244059	100636846	539	16	0.0001654571	0.000000210058
15	100636847	101552693	402	16	0.0002123418	0.000000158679
15	101552694	102520965	420	16	0.0001247083	0.000000166036
16	60054	1207205	286	16	0.0006643786	0.000000142321
16	1207206	2764828	318	16	0.0004413283	0.000000130533
16	2764829	4001195	269	16	0.0005402989	0.000000130412
16	4001196	5118344	314	16	0.0001888016	0.000000131351
16	5118345	5891579	367	16	0.0001229636	0.000000144857
16	5891580	6893550	728	16	0.0000860844	0.000000217127
16	6893551	7529120	501	16	0.0000683446	0.000000197138
16	7529121	8338518	560	16	0.0000502292	0.000000215146
16	8338519	9799418	699	16	-0.0000315082	0.000000210630
16	9799419	10426031	373	16	0.0001971618	0.000000129639
16	10426032	11520160	427	16	-0.0000812769	0.000000154704
16	11520161	12613097	380	16	0.0000622176	0.000000148640
16	12613098	13154436	314	16	0.0001679133	0.000000111726
16	13154437	14464001	549	16	0.0000417555	0.000000190041
16	14464002	16154059	292	16	0.0001971371	0.000000106133
16	16154060	17644748	377	16	-0.0000387497	0.000000131118
16	17644749	18643606	182	16	0.0000751815	0.000000066095
16	18643607	20150570	367	16	0.0000196920	0.000000126868
16	20150571	22448903	384	16	-0.0000166040	0.000000117054
16	22448904	24136874	503	16	0.0002755187	0.000000178886
16	24136875	25986861	727	16	0.0000319192	0.000000214134
16	25986862	27445754	655	16	0.0000538708	0.000000215347
16	27445755	29036612	313	16	0.0001916916	0.000000099961
16	29036613	31382942	288	16	0.0001562800	0.000000095937
16	31382943	46399472	129	16	0.0000923249	0.000000040527
16	46399473	49007925	278	16	0.0003574167	0.000000091237
16	49007926	52035822	1096	16	0.0005777267	0.000000244289
16	52035823	53382571	461	16	0.0000953019	0.000000130579
16	53382572	55903773	1065	16	-0.0000272755	0.000000210864
16	55903774	57664329	558	16	0.0000836645	0.000000196103
16	57664330	59045404	442	16	0.0001733221	0.000000164634
16	59045405	60745693	522	16	0.0000133118	0.000000169944
16	60745694	62229848	374	16	0.0001438165	0.000000110407
16	62229849	63691588	464	16	0.0002271017	0.000000159490
16	63691589	65938565	823	16	0.0000666906	0.000000216055
16	65938566	68841362	608	16	0.0003907321	0.000000212099
16	68841363	71054027	368	16	0.0003137245	0.000000129548
16	71054028	72935149	397	16	0.0002361233	0.000000134381
16	72935150	74971502	798	16	0.0001272471	0.000000219401
16	74971503	75977953	234	16	0.0003868129	0.000000096531
16	75977954	77523677	695	16	0.0001992675	0.000000223380
16	77523678	78456291	649	16	-0.0000251714	0.000000210980
16	78456292	79134814	583	16	0.0000621997	0.000000215807
16	79134815	80297373	782	16	0.0001912044	0.000000222935
16	80297374	81772535	739	16	0.0002696838	0.000000227270
16	81772536	82747727	582	16	0.0002403167	0.000000225648
16	82747728	83477207	613	16	0.0000688386	0.000000216174
16	83477208	84445882	683	16	-0.0000407784	0.000000210118
16	84445883	85148684	416	16	0.0001732886	0.000000172804
16	85148685	86156598	484	16	0.0000709207	0.000000199165
16	86156599	86815410	536	16	0.0004142733	0.000000235259
16	86815411	87647348	366	16	0.0003332509	0.000000159516
16	87647349	89041164	404	16	0.0002318631	0.000000166949
16	89041165	90292811	255	16	0.0002679519	0.000000109165
17	56	1172398	363	16	0.0000954559	0.000000144677
17	1172399	1928730	220	16	0.0002929104	0.000000093048
17	1928731	3702311	599	16	0.0004730280	0.000000238505
17	3702312	4696260	296	16	0.0003013908	0.000000117334
17	4696261	5741333	318	16	0.0001214590	0.000000113015
17	5741334	7317397	587	16	0.0000374962	0.000000214442
17	7317398	8306424	264	16	0.0004626642	0.000000118555
17	8306425	9965920	630	16	0.0000913402	0.000000217417
17	9965921	11102814	454	16	-0.0001159168	0.000000153252
17	11102815	12534768	566	16	0.0000447253	0.000000210533
17	12534769	13180371	285	16	0.0002588289	0.000000114581
17	13180372	13894636	376	16	0.0002129150	0.000000149797
17	13894637	15019096	621	16	-0.0000232874	0.000000211084
17	15019097	16412341	329	16	0.0001135777	0.000000111731
17	16412342	18856319	528	16	0.0001757184	0.000000172938
17	18856320	21290356	375	16	0.0000482525	0.000000115002
17	21290357	27334243	468	16	0.0000538502	0.000000159420
17	27334244	29786490	502	16	0.0001437161	0.000000109128
17	29786491	31538424	531	16	0.0001824862	0.000000189876
17	31538425	32912797	830	16	0.0002781103	0.000000227736
17	32912798	34469035	460	16	0.0002124404	0.000000158237
17	34469036	36809343	531	16	0.0000572138	0.000000183901
17	36809344	38877403	366	16	0.0002904437	0.000000131291
17	38877404	39899809	328	16	0.0001455427	0.000000088709
17	39899810	41772086	343	16	0.0005004232	0.000000111003
17	41772087	43056904	317	16	0.0016848246	0.000000179927
17	43056905	45876021	534	16	0.0001631882	0.000000151511
17	45876022	47517399	479	16	0.0001114444	0.000000141569
17	47517400	49898956	752	16	0.0005001907	0.000000240006
17	49898957	50719054	297	16	-0.0000485325	0.000000078105
17	50719055	51826117	332	16	0.0002371635	0.000000094956
17	51826118	53599431	620	16	-0.0000061276	0.000000195385
17	53599432	55357540	623	16	0.0001837665	0.000000207753
17	55357541	57487511	664	16	0.0000693108	0.000000216200
17	57487512	59312754	241	16	0.0002400807	0.000000064281
17	59312755	61545588	451	16	0.0003179917	0.000000158233
17	61545589	63148127	273	16	-0.0000418518	0.000000071073
17	63148128	64800429	604	16	0.0001762054	0.000000198391
17	64800430	67858769	894	16	0.0000587010	0.000000215614
17	67858770	69387816	599	16	0.0003170699	0.000000209447
17	69387817	72672202	1413	16	0.0006026180	0.000000245665
17	72672203	74375559	322	16	0.0002542413	0.000000124141
17	74375560	76263412	729	16	0.0000785076	0.000000216708
17	76263413	77298635	442	16	0.0000956929	0.000000182775
17	77298636	78837587	536	16	0.0001301719	0.000000197259
17	78837588	80034407	240	16	0.0005143217	0.000000111763
17	80034408	81194907	256	16	0.0001802118	0.000000088539
18	10644	912485	398	16	-0.0000268168	0.000000141072
18	912486	1942910	380	16	0.0000792648	0.000000112414
18	1942911	3891657	766	16	-0.0000355402	0.000000210407
18	3891658	5834179	810	16	0.0001792421	0.000000222274
18	5834180	7090484	545	16	0.0000101563	0.000000195812
18	7090485	8498930	584	16	0.0001455080	0.000000209432
18	8498931	11075912	1279	16	0.0000529951	0.000000215299
18	11075913	11905439	269	16	0.0001891320	0.000000099821
18	11905440	14440798	760	16	0.0004429882	0.000000236845
18	14440799	19485843	168	16	0.0000871556	0.000000047660
18	19485844	20649471	305	16	0.0001121749	0.000000095612
18	20649472	22996650	774	16	0.0001029175	0.000000218057
18	22996651	24026190	320	16	0.0001240389	0.000000110600
18	24026191	25927681	819	16	0.0001778568	0.000000222197
18	25927682	26875586	255	16	0.0002484184	0.000000081618
18	26875587	27866477	278	16	0.0000498847	0.000000074856
18	27866478	30264065	838	16	0.0002532663	0.000000226363
18	30264066	31780066	343	16	0.0001547753	0.000000099616
18	31780067	33861963	580	16	-0.0000199612	0.000000166279
18	33861964	35075249	475	16	0.0001933585	0.000000163478
18	35075250	36365489	505	16	0.0001782708	0.000000140389
18	36365490	37684366	355	16	0.0000489492	0.000000091320
18	37684367	39892647	773	16	0.0001015308	0.000000212238
18	39892648	42922105	939	16	0.0001406196	0.000000220140
18	42922106	44299245	640	16	0.0000276485	0.000000213898
18	44299246	45939731	615	16	0.0001995130	0.000000212888
18	45939732	47730583	718	16	0.0002992277	0.000000228903
18	47730584	51062184	1179	16	0.0001341517	0.000000219782
18	51062185	51554174	182	16	0.0003241666	0.000000062532
18	51554175	55213837	1150	16	0.0000943293	0.000000217582
18	55213838	56530219	571	16	0.0002352238	0.000000211539
18	56530220	57630482	584	16	0.0000541068	0.000000211051
18	57630483	59020750	392	16	-0.0000552401	0.000000124069
18	59020751	60277714	523	16	0.0002252998	0.000000178865
18	60277715	61820251	518	16	0.0004729740	0.000000187015
18	61820252	63463401	528	16	0.0001485337	0.000000156069
18	63463402	64252800	243	16	0.0000644507	0.000000064704
18	64252801	66125816	756	16	0.0000510981	0.000000215194
18	66125817	67175819	326	16	0.0001244263	0.000000115315
18	67175820	68621178	468	16	0.0000204220	0.000000162570
18	68621179	69621617	400	16	0.0001530886	0.000000137690
18	69621618	71038473	576	16	0.0000055462	0.000000192263
18	71038474	71971461	505	16	0.0000985394	0.000000195515
18	71971462	73526986	652	16	-0.0000151527	0.000000211534
18	73526987	74813814	602	16	0.0000871260	0.000000217184
18	74813815	75976316	603	16	-0.0000485406	0.000000209689
18	75976317	77149990	432	16	0.0003618132	0.000000148265
18	77149991	78017157	263	16	0.0002533209	0.000000099992
19	80840	610728	108	16	0.0001149574	0.000000045261
19	610729	2098395	322	16	0.0002092243	0.000000136392
19	2098396	3019659	240	16	0.0002278316	0.000000103192
19	3019660	4348966	285	16	0.0001289507	0.000000114280
19	4348967	5811851	401	16	0.0000830652	0.000000155164
19	5811852	6684884	199	16	0.0002577961	0.000000086207
19	6684885	8347512	437	16	0.0001749256	0.000000171072
19	8347513	9238392	179	16	0.0001423831	0.000000067346
19	9238393	11284027	409	16	0.0000009929	0.000000118884
19	11284028	13471126	393	16	0.0000147721	0.000000126598
19	13471127	14486346	205	16	-0.0000157875	0.000000066793
19	14486347	15648609	349	16	-0.0000597501	0.000000109514
19	15648610	16374415	320	16	0.0001824155	0.000000099035
19	16374416	18409861	478	16	0.0001134647	0.000000183292
19	18409862	19877470	285	16	0.0000944369	0.000000097573
19	19877471	20905756	140	16	0.0001950104	0.000000057865
19	20905757	22732895	356	16	0.0003047720	0.000000106981
19	22732896	23467745	148	13	0.0000802281	0.000000038318
19	23467746	28557892	310	16	0.0002540711	0.000000088461
19	28557893	29790946	490	16	0.0000691000	0.000000152600
19	29790947	30727953	356	16	0.0001968473	0.000000124867
19	30727954	32746519	656	16	0.0001216067	0.000000219089
19	32746520	34262951	456	16	0.0006101769	0.000000192743
19	34262952	36469294	585	16	-0.0000581229	0.000000199615
19	36469295	37527032	214	16	0.0001830773	0.000000058796
19	37527033	40170618	603	16	0.0004376594	0.000000211871
19	40170619	40984600	189	16	0.0002210906	0.000000070032
19	40984601	42131572	288	16	-0.0000086077	0.000000091518
19	42131573	43862454	154	16	-0.0000020865	0.000000046734
19	43862455	44744107	255	16	0.0000777520	0.000000079242
19	44744108	46102696	332	16	0.0001201411	0.000000120663
19	46102697	47150081	249	16	0.0001032950	0.000000092207
19	47150082	49282226	546	16	0.0004647362	0.000000213833
19	49282227	51532566	540	16	0.0000333498	0.000000205615
19	51532567	52985289	568	16	-0.0000758489	0.000000191538
19	52985290	54602361	484	16	0.0000478210	0.000000192249
19	54602362	55728079	296	16	0.0001451264	0.000000114739
19	55728080	57521334	621	16	0.0000393900	0.000000214547
19	57521335	59118838	486	16	-0.0000625899	0.000000163475
20	60479	697599	255	16	0.0000325468	0.000000092931
20	697600	2469500	959	16	0.0001081438	0.000000218346
20	2469501	3828412	441	16	0.0001385970	0.000000163176
20	3828413	5477849	793	16	0.0001207798	0.000000219044
20	5477850	7084072	743	16	0.0002672839	0.000000227138
20	7084073	8117010	416	16	0.0004774382	0.000000141540
20	8117011	9730920	764	16	0.0002841799	0.000000228071
20	9730921	11249535	731	16	0.0000831994	0.000000216967
20	11249536	12447498	513	16	0.0000516981	0.000000147615
20	12447499	13689863	562	16	0.0000834854	0.000000183956
20	13689864	15958358	995	16	0.0007501974	0.000000253818
20	15958359	17487231	935	16	-0.0000794248	0.000000207983
20	17487232	18972202	604	16	0.0001246398	0.000000204017
20	18972203	20959709	864	16	0.0000619329	0.000000215792
20	20959710	22491455	423	16	0.0003690231	0.000000124866
20	22491456	23293789	359	16	0.0000253960	0.000000107755
20	23293790	24717723	523	16	0.0001759385	0.000000167493
20	24717724	25344230	215	16	0.0001216090	0.000000059814
20	25344231	31614822	542	16	0.0001766003	0.000000150912
20	31614823	32813440	254	16	0.0001953380	0.000000082797
20	32813441	34960445	386	16	0.0000944669	0.000000092558
20	34960446	36909529	486	16	0.0003953379	0.000000159814
20	36909530	38436760	487	16	0.0001104751	0.000000141516
20	38436761	39610855	475	16	0.0002188264	0.000000169853
20	39610856	40585688	252	16	0.0000821027	0.000000082356
20	40585689	41615459	581	16	0.0001368503	0.000000217056
20	41615460	42680175	389	16	0.0001917108	0.000000143768
20	42680176	44839055	659	16	0.0001385032	0.000000220023
20	44839056	47199979	1020	16	0.0000148689	0.000000213192
20	47199980	49239657	714	16	0.0005528734	0.000000242916
20	49239658	52472548	1316	16	0.0002879670	0.000000228281
20	52472549	54055265	632	16	0.0003003091	0.000000228962
20	54055266	56447958	1153	16	0.0001626860	0.000000221359
20	56447959	58406571	884	16	0.0002268632	0.000000224905
20	58406572	59561723	547	16	-0.0000143878	0.000000178100
20	59561724	61301854	749	16	0.0004552257	0.000000237521
20	61301855	62190179	316	16	0.0000986195	0.000000119053
20	62190180	62965162	195	16	0.0001580232	0.000000077498
21	9411243	15950981	295	16	0.0002714481	0.000000114424
21	15950982	18053164	681	16	0.0000663010	0.000000216034
21	18053165	19480374	473	16	0.0001332690	0.000000174257
21	19480375	20962338	638	16	0.0001046151	0.000000218151
21	20962339	22072763	382	16	0.0002588038	0.000000139548
21	22072764	23362874	562	16	-0.0000381295	0.000000172169
21	23362875	24696230	395	16	0.0001931721	0.000000127255
21	24696231	26469121	702	16	0.0002905246	0.000000228422
21	26469122	27271018	224	16	0.0000430734	0.000000070005
21	27271019	29125225	891	16	0.0002299159	0.000000225073
21	29125226	31197024	706	16	0.0002274678	0.000000207330
21	31197025	32668641	454	16	0.0000868809	0.000000118409
21	32668642	34376998	671	16	0.0001318374	0.000000219655
21	34376999	35225464	254	16	0.0000884755	0.000000092230
21	35225465	36524372	563	16	-0.0000291817	0.000000207407
21	36524373	37870778	538	16	0.0005286732	0.000000198319
21	37870779	38711703	303	16	0.0004093301	0.000000106856
21	38711704	40482901	863	16	0.0004975650	0.000000239861
21	40482902	41389526	493	16	0.0001273042	0.000000153558
21	41389527	43321527	1005	16	0.0000144282	0.000000213168
21	43321528	44506267	614	16	0.0000520606	0.000000215247
21	44506268	46177104	516	16	-0.0000044372	0.000000191243
21	46177105	47492225	497	16	0.0000447490	0.000000169841
21	47492226	48119751	159	16	0.0001715037	0.000000060942
22	16050408	17674294	206	16	0.0001074048	0.000000077180
22	17674295	18296087	257	16	0.0000814734	0.000000094351
22	18296088	19912357	515	16	0.0000341112	0.000000181236
22	19912358	22357324	593	16	0.0001100860	0.000000181718
22	22357325	23712646	314	16	0.0003919947	0.000000124419
22	23712647	24984203	356	16	0.0001071496	0.000000105855
22	24984204	26791627	731	16	0.0000771735	0.000000216634
22	26791628	27834751	743	16	-0.0000398357	0.000000210170
22	27834752	29651798	569	16	0.0001217804	0.000000210974
22	29651799	31439917	472	16	0.0000436353	0.000000145834
22	31439918	32664985	310	16	-0.0000608129	0.000000089920
22	32664986	34494913	937	16	0.0001324052	0.000000219686
22	34494914	35530984	510	16	-0.0000263089	0.000000132682
22	35530985	37570268	796	16	0.0001192928	0.000000218961
22	37570269	39307893	526	16	0.0001982783	0.000000197736
22	39307894	40545796	337	16	-0.0001199326	0.000000112687
22	40545797	42690817	416	16	0.0000998277	0.000000110551
22	42690818	43714199	373	16	0.0004741287	0.000000153550
22	43714200	44995307	691	16	-0.0000525493	0.000000209467
22	44995308	46470494	622	16	0.0003377234	0.000000231029
22	46470495	47596317	440	16	0.0003365760	0.000000177237
22	47596318	48903702	780	16	0.0000262818	0.000000213823
22	48903703	49824533	648	16	0.0003385696	0.000000231076
22	49824534	51243297	383	16	0.0000736645	0.000000141264
