chr	start	end	num_snp	k	local_h2g	var
1	10583	1892606	81	17	0.0000031596	0.000000001384
1	1892607	3582735	360	40	0.0000237563	0.000000006886
1	3582736	4380810	233	40	0.0000798018	0.000000005214
1	4380811	5913892	825	40	0.0000162556	0.000000010340
1	5913893	7247334	352	40	0.0000115005	0.000000005962
1	7247335	9365198	620	40	0.0000231882	0.000000010428
1	9365199	10806983	289	40	0.0000232838	0.000000004820
1	10806984	11777840	213	40	0.0000066077	0.000000003842
1	11777841	12779465	184	40	0.0000082240	0.000000003540
1	12779466	14891510	555	40	0.0000030114	0.000000009684
1	14891511	16897729	560	40	0.0000016091	0.000000008894
1	16897730	18662898	545	40	0.0000858653	0.000000010249
1	18662899	20469148	609	40	-0.0000177557	0.000000009907
1	20469149	21736587	379	40	0.0001649634	0.000000008274
1	21736588	23086882	426	40	0.0000354085	0.000000007864
1	23086883	23920589	179	26	0.0000365638	0.000000003497
1	23920590	25516844	434	40	0.0000043912	0.000000007632
1	25516845	27401866	298	40	0.0000016948	0.000000004586
1	27401867	30161880	471	40	0.0000542034	0.000000007657
1	30161881	32438684	834	40	-0.0000174067	0.000000009912
1	32438685	34799757	591	40	0.0000235989	0.000000009701
1	34799758	37549182	500	40	-0.0000152081	0.000000007708
1	37549183	38731846	314	40	0.0000300034	0.000000005531
1	38731847	40200566	382	40	0.0000120447	0.000000006414
1	40200567	41975326	484	40	0.0000629612	0.000000007870
1	41975327	43758456	459	40	0.0001278879	0.000000008147
1	43758457	44969182	295	33	0.0000465807	0.000000004934
1	44969183	46899500	361	35	0.0000084932	0.000000004390
1	46899501	48002575	249	32	0.0000474095	0.000000004299
1	48002576	48978187	318	40	0.0000046873	0.000000005290
1	48978188	49894176	226	27	-0.0000035551	0.000000003653
1	49894177	51713725	239	24	0.0000188886	0.000000002931
1	51713726	54226261	481	40	0.0000235106	0.000000008017
1	54226262	56413116	717	40	-0.0000040924	0.000000010081
1	56413117	57021727	236	29	0.0000113006	0.000000003579
1	57021728	58865398	800	40	0.0001041912	0.000000011457
1	58865399	59890408	343	40	0.0000606892	0.000000005920
1	59890409	61922364	619	40	-0.0000470586	0.000000009251
1	61922365	63455088	418	40	0.0000468249	0.000000007665
1	63455089	65041703	598	40	0.0000216517	0.000000008338
1	65041704	66939403	589	40	-0.0000090105	0.000000008293
1	66939404	68477894	613	40	0.0000400894	0.000000008531
1	68477895	69687615	357	40	0.0000222603	0.000000005776
1	69687616	71372469	478	40	0.0000190807	0.000000007211
1	71372470	71684404	77	10	-0.0000056853	0.000000000871
1	71684405	74326906	493	40	0.0000099179	0.000000006347
1	74326907	76728134	637	40	0.0000376519	0.000000008440
1	76728135	79661197	855	40	0.0000274752	0.000000010482
1	79661198	81354190	445	40	0.0000357881	0.000000007019
1	81354191	83991747	910	40	0.0000083472	0.000000010239
1	83991748	84844494	297	35	0.0000318783	0.000000004304
1	84844495	86454750	575	40	-0.0000219234	0.000000008494
1	86454751	88128630	496	40	-0.0000118878	0.000000007466
1	88128631	90066302	472	40	0.0001193525	0.000000008646
1	90066303	91886316	527	40	0.0000036753	0.000000007745
1	91886317	93536458	441	40	-0.0000284956	0.000000005637
1	93536459	94506190	224	25	0.0000440062	0.000000003390
1	94506191	96150892	591	40	0.0000202700	0.000000009213
1	96150893	97885248	560	40	0.0000286328	0.000000007353
1	97885249	99800603	606	40	0.0000575552	0.000000008773
1	99800604	100826404	293	35	-0.0000135521	0.000000003848
1	100826405	102041015	411	40	0.0000106009	0.000000006092
1	102041016	102898744	264	36	0.0000337569	0.000000004126
1	102898745	103914210	178	20	0.0000355633	0.000000002780
1	103914211	106087841	436	40	0.0000502924	0.000000006920
1	106087842	108409664	691	40	0.0000637946	0.000000010944
1	108409665	110303930	392	40	0.0000649387	0.000000006539
1	110303931	111741736	501	40	0.0000941280	0.000000009623
1	111741737	113273305	613	40	-0.0000053678	0.000000009496
1	113273306	114873844	464	40	0.0000156517	0.000000007229
1	114873845	115880592	301	35	0.0000431684	0.000000004729
1	115880593	118839066	735	40	0.0000555211	0.000000010838
1	118839067	144977493	454	40	0.0000503459	0.000000007547
1	144977494	148361252	369	40	-0.0000020839	0.000000005649
1	148361253	151538880	249	28	0.0000252570	0.000000003877
1	151538881	153180828	401	40	0.0000584263	0.000000006053
1	153180829	154770402	358	40	-0.0000001284	0.000000005552
1	154770403	156336132	214	33	0.0000175393	0.000000003880
1	156336133	158027411	486	40	-0.0000099314	0.000000007390
1	158027412	159913047	547	40	0.0000202880	0.000000009111
1	159913048	162346720	627	40	-0.0000124130	0.000000009975
1	162346721	165191701	1109	40	0.0000347016	0.000000010574
1	165191702	166460516	491	40	0.0000722148	0.000000008959
1	166460517	169086323	995	40	0.0000186033	0.000000010369
1	169086324	170557775	426	40	0.0000847671	0.000000007013
1	170557776	173097906	731	40	0.0000068491	0.000000010220
1	173097907	175089767	372	30	0.0000394859	0.000000004239
1	175089768	177433380	702	40	0.0000244671	0.000000009916
1	177433381	178944308	397	40	-0.0000303382	0.000000005331
1	178944309	178954469	2	1	-0.0000030602	0.000000000001
1	178954470	181144120	629	40	0.0000360904	0.000000009495
1	181144121	182755355	544	40	0.0001485666	0.000000010741
1	182755356	184595512	542	40	0.0000279466	0.000000008012
1	184595513	186810022	450	40	0.0000218392	0.000000006498
1	186810023	188759944	588	40	0.0000284296	0.000000008343
1	188759945	189904129	209	17	0.0000319584	0.000000002754
1	189904130	191868929	515	40	0.0000850157	0.000000007158
1	191868930	194107441	537	40	0.0001284017	0.000000009065
1	194107442	196176200	551	40	0.0000458558	0.000000007511
1	196176201	197311513	156	13	0.0000479416	0.000000002434
1	197311514	199239883	474	40	0.0000867823	0.000000008030
1	199239884	200137648	286	35	-0.0000257304	0.000000003916
1	200137649	201589974	581	40	0.0001050259	0.000000010695
1	201589975	203334733	511	40	0.0000172179	0.000000008727
1	203334734	204681067	398	40	0.0000666539	0.000000007410
1	204681068	206073264	468	40	0.0000588411	0.000000008283
1	206073265	208410363	505	40	0.0000618838	0.000000009254
1	208410364	210787749	839	40	0.0000457473	0.000000010714
1	210787750	212842329	631	40	0.0000641162	0.000000010907
1	212842330	214578265	538	40	0.0000357501	0.000000009287
1	214578266	216243633	544	40	0.0000977199	0.000000009486
1	216243634	218705512	1021	40	0.0000072715	0.000000010225
1	218705513	219590570	262	32	0.0000135188	0.000000004010
1	219590571	221858230	606	40	0.0000020388	0.000000008940
1	221858231	222230219	162	20	0.0000737697	0.000000003666
1	222230220	224938519	413	40	0.0000004916	0.000000006429
1	224938520	226810859	433	40	0.0000109898	0.000000006765
1	226810860	229156247	581	40	-0.0000107647	0.000000008311
1	229156248	230685254	436	40	0.0000596237	0.000000008293
1	230685255	232090251	508	40	0.0001153614	0.000000009649
1	232090252	233429283	557	40	0.0000110645	0.000000009583
1	233429284	234599433	486	40	-0.0000099257	0.000000008079
1	234599434	235819435	339	40	-0.0000430319	0.000000005250
1	235819436	237555627	625	40	0.0000320565	0.000000010540
1	237555628	238567806	379	40	0.0000585974	0.000000007045
1	238567807	239925313	465	40	0.0000235923	0.000000008079
1	239925314	240564090	307	40	0.0000131081	0.000000005296
1	240564091	241582219	487	40	-0.0000067583	0.000000008808
1	241582220	242071601	190	36	0.0000214331	0.000000003748
1	242071602	244109498	595	40	0.0000054863	0.000000009654
1	244109499	245506745	473	40	0.0000535978	0.000000008987
1	245506746	247344517	643	40	0.0001161886	0.000000011609
1	247344518	249239465	320	40	0.0000638204	0.000000006222
2	10133	1781021	563	40	0.0000321453	0.000000009505
2	1781022	3973778	901	40	0.0001058043	0.000000011477
2	3973779	5708336	614	40	0.0000228171	0.000000010423
2	5708337	6836253	552	40	0.0001157004	0.000000009917
2	6836254	8422146	636	40	0.0001093909	0.000000011381
2	8422147	10298468	600	40	0.0000079808	0.000000010194
2	10298469	12419149	884	40	-0.0000145990	0.000000009947
2	12419150	14335307	570	40	-0.0000410424	0.000000008170
2	14335308	16329734	709	40	-0.0000213199	0.000000009862
2	16329735	18647422	815	40	-0.0000035050	0.000000010088
2	18647423	19692403	373	40	0.0000927299	0.000000007155
2	19692404	21050489	579	40	-0.0000134976	0.000000008926
2	21050490	23341382	549	40	0.0001473470	0.000000011111
2	23341383	24686917	395	40	0.0000977101	0.000000007501
2	24686918	26894984	456	40	0.0001068680	0.000000008447
2	26894985	28598776	241	26	0.0000118076	0.000000003827
2	28598777	29217558	202	28	0.0000498024	0.000000003906
2	29217559	30463710	591	40	0.0000471717	0.000000010549
2	30463711	31550449	475	40	-0.0000125478	0.000000008289
2	31550450	33363776	440	40	0.0000329766	0.000000008522
2	33363777	35345027	755	40	0.0000546039	0.000000010827
2	35345028	36122005	281	30	0.0000486498	0.000000005000
2	36122006	38132711	859	40	-0.0000130503	0.000000009967
2	38132712	39031336	300	37	0.0000355730	0.000000006066
2	39031337	40281482	280	30	-0.0000070781	0.000000004919
2	40281483	43309589	1201	40	0.0000473093	0.000000010734
2	43309590	44313802	258	39	0.0000359922	0.000000005324
2	44313803	46482633	995	40	-0.0000089608	0.000000010019
2	46482634	47318771	371	40	0.0000356451	0.000000007746
2	47318772	48213000	273	40	0.0000794821	0.000000006300
2	48213001	50022256	663	40	0.0000165915	0.000000010344
2	50022257	50818927	321	33	0.0000341902	0.000000005846
2	50818928	52491132	625	40	0.0000152563	0.000000010327
2	52491133	53508451	451	40	0.0000222653	0.000000007758
2	53508452	54685225	396	40	0.0000011959	0.000000007025
2	54685226	56203344	539	40	0.0000438663	0.000000010060
2	56203345	57429099	413	40	0.0000592242	0.000000007863
2	57429100	58297314	266	28	0.0000037527	0.000000004512
2	58297315	60291999	709	40	0.0001028467	0.000000011440
2	60292000	62429043	527	40	0.0001248588	0.000000011069
2	62429044	64625912	537	40	0.0000473939	0.000000009577
2	64625913	65933443	431	40	0.0000637423	0.000000008062
2	65933444	67226165	533	40	-0.0000396024	0.000000007783
2	67226166	68010175	401	40	0.0000287544	0.000000006808
2	68010176	69139563	432	40	-0.0000370005	0.000000006338
2	69139564	70755197	469	40	0.0001249360	0.000000008595
2	70755198	73174847	710	40	-0.0000131471	0.000000009966
2	73174848	75630085	632	40	0.0000424628	0.000000010673
2	75630086	76913660	492	40	0.0000345030	0.000000008582
2	76913661	78079263	382	40	-0.0000148623	0.000000006740
2	78079264	80050402	795	40	0.0000488867	0.000000010754
2	80050403	81620840	559	40	0.0000013523	0.000000009723
2	81620841	85140679	852	40	0.0000830127	0.000000009664
2	85140680	88038506	525	40	0.0000661009	0.000000008537
2	88038507	89154525	218	29	0.0000718580	0.000000004206
2	89154526	95326451	0	0	-0.0000089065	-0.000000000000
2	95326452	98995200	359	37	0.0000425478	0.000000005811
2	98995201	101822328	808	40	0.0000867582	0.000000011235
2	101822329	102688764	230	29	0.0000593038	0.000000004007
2	102688765	103588214	354	34	0.0000628333	0.000000005059
2	103588215	105125033	296	39	0.0000426021	0.000000004984
2	105125034	106210057	394	40	0.0000574092	0.000000007010
2	106210058	107408266	428	40	0.0000413826	0.000000006928
2	107408267	108429176	343	40	0.0000452999	0.000000004938
2	108429177	110572431	487	40	0.0000229909	0.000000007423
2	110572432	113921855	686	40	-0.0000031095	0.000000009829
2	113921856	116772469	727	40	0.0000144151	0.000000010316
2	116772470	118367465	388	37	0.0000127502	0.000000005070
2	118367466	121303782	918	40	0.0000476807	0.000000010739
2	121303783	123302905	551	40	0.0000441034	0.000000009150
2	123302906	124732249	416	40	0.0000068580	0.000000005419
2	124732250	125840920	372	40	0.0000217339	0.000000005769
2	125840921	127373763	401	37	0.0000279279	0.000000005201
2	127373764	128034346	242	39	0.0000142724	0.000000004060
2	128034347	129474440	372	40	0.0000071636	0.000000005604
2	129474441	130067169	213	25	0.0000787281	0.000000003931
2	130067170	130658084	196	26	0.0000117322	0.000000003142
2	130658085	133042783	197	33	0.0000073432	0.000000003348
2	133042784	135158577	884	40	-0.0000187193	0.000000009895
2	135158578	137042793	382	38	0.0000228027	0.000000005358
2	137042794	138698116	571	40	-0.0000010561	0.000000008637
2	138698117	140100270	421	40	0.0000159254	0.000000005191
2	140100271	141805350	537	40	0.0000482285	0.000000009020
2	141805351	142518601	294	33	0.0000011608	0.000000004842
2	142518602	144519483	626	40	0.0000051042	0.000000009263
2	144519484	146445569	422	40	0.0000217361	0.000000006739
2	146445570	147277161	144	15	0.0000266033	0.000000002546
2	147277162	150210291	639	40	0.0000903191	0.000000009575
2	150210292	151731461	458	40	0.0001033070	0.000000008098
2	151731462	152486781	253	28	0.0000511427	0.000000004286
2	152486782	154005055	440	40	0.0000652536	0.000000007575
2	154005056	155391134	471	40	0.0001380324	0.000000009106
2	155391135	157560634	538	40	0.0000928288	0.000000009059
2	157560635	158533217	156	24	0.0000412523	0.000000003395
2	158533218	159577081	311	38	0.0000634182	0.000000005631
2	159577082	161769732	640	40	0.0000212144	0.000000009387
2	161769733	163503550	365	35	0.0000560681	0.000000005155
2	163503551	164466637	190	23	0.0000213876	0.000000003184
2	164466638	165178839	160	20	0.0000686590	0.000000003461
2	165178840	167160269	547	40	0.0000615574	0.000000008885
2	167160270	167355969	60	9	0.0000247490	0.000000001296
2	167355970	169968235	747	40	0.0000731991	0.000000011063
2	169968236	171226244	426	40	0.0000559966	0.000000007457
2	171226245	173138904	522	40	0.0000258761	0.000000008878
2	173138905	175588928	766	40	0.0000212218	0.000000010403
2	175588929	177363635	496	40	0.0000884870	0.000000008497
2	177363636	178553182	440	40	0.0000038902	0.000000006088
2	178553183	181312738	871	40	0.0000893905	0.000000011269
2	181312739	182266030	290	31	0.0000231145	0.000000004334
2	182266031	184357607	565	40	0.0000298312	0.000000009111
2	184357608	185280172	223	25	-0.0000067768	0.000000003108
2	185280173	189882064	885	40	0.0000419025	0.000000010665
2	189882065	191973356	436	40	-0.0000153315	0.000000006147
2	191973357	195861163	684	40	0.0000616024	0.000000010916
2	195861164	196447455	148	19	0.0000391307	0.000000002765
2	196447456	198078109	399	40	-0.0000174521	0.000000004929
2	198078110	199311124	284	25	0.0000325473	0.000000003788
2	199311125	201576283	589	40	-0.0000065447	0.000000008507
2	201576284	202818636	257	34	0.0000343045	0.000000004556
2	202818637	205799240	620	40	0.0000760361	0.000000011018
2	205799241	206735703	380	40	0.0000120737	0.000000006940
2	206735704	208645398	590	40	0.0000702715	0.000000010660
2	208645399	209941528	299	38	0.0000836388	0.000000005807
2	209941529	212379517	683	40	-0.0000277320	0.000000009781
2	212379518	214014281	608	40	0.0000620411	0.000000010860
2	214014282	215573794	424	40	0.0000807087	0.000000007730
2	215573795	217715660	727	40	0.0000099048	0.000000010259
2	217715661	218395479	268	36	0.0000320980	0.000000004911
2	218395480	220454550	464	40	-0.0000161615	0.000000006764
2	220454551	222521175	822	40	0.0000118463	0.000000010283
2	222521176	224859418	734	40	0.0000159131	0.000000010335
2	224859419	225840003	312	35	0.0000492357	0.000000004927
2	225840004	228119841	660	40	0.0000330037	0.000000009334
2	228119842	229370786	416	40	0.0000807438	0.000000006942
2	229370787	231843388	850	40	0.0000467474	0.000000010727
2	231843389	233550002	416	40	0.0000746508	0.000000007229
2	233550003	235150986	657	40	0.0000146840	0.000000010218
2	235150987	236043549	403	40	-0.0000173978	0.000000007194
2	236043550	237449031	434	40	-0.0000106732	0.000000007016
2	237449032	238760980	477	40	0.0000052992	0.000000007867
2	238760981	239952642	380	40	0.0000154984	0.000000006417
2	239952643	241560083	595	40	-0.0000178719	0.000000009906
2	241560084	242149920	168	28	-0.0000035822	0.000000002767
2	242149921	243188919	106	15	0.0000276000	0.000000002076
3	60157	1441778	586	40	0.0000334992	0.000000010559
3	1441779	2992119	861	40	0.0000200134	0.000000010387
3	2992120	4431646	708	40	0.0000301712	0.000000010516
3	4431647	6083182	728	40	0.0000025218	0.000000010165
3	6083183	7083386	415	40	0.0000948336	0.000000008720
3	7083387	8648560	827	40	0.0000004671	0.000000010139
3	8648561	9543182	437	40	0.0000050648	0.000000007924
3	9543183	11019664	510	40	0.0000299736	0.000000009762
3	11019665	13070798	633	40	0.0001083825	0.000000011510
3	13070799	14816899	712	40	0.0000120359	0.000000010286
3	14816900	16282441	419	40	0.0000050733	0.000000006548
3	16282442	17891117	465	40	0.0000831989	0.000000008126
3	17891118	19125143	332	40	0.0000208656	0.000000005495
3	19125144	20091347	177	24	-0.0000218414	0.000000002938
3	20091348	21643706	606	40	0.0001183541	0.000000011637
3	21643707	22204243	374	40	0.0000055463	0.000000006412
3	22204244	23804864	516	40	0.0000874451	0.000000009640
3	23804865	25461557	713	40	0.0000101433	0.000000010262
3	25461558	26877768	442	40	0.0000134026	0.000000006998
3	26877769	27840909	241	30	0.0000629521	0.000000004879
3	27840910	29142259	433	40	0.0000183995	0.000000007587
3	29142260	30717954	645	40	0.0000694851	0.000000011016
3	30717955	32351714	616	40	0.0001300876	0.000000011786
3	32351715	33255591	255	40	-0.0000170322	0.000000004450
3	33255592	35283457	555	40	0.0000891274	0.000000009316
3	35283458	36486841	390	40	0.0000843239	0.000000007169
3	36486842	38356115	522	40	0.0000809972	0.000000008970
3	38356116	40221297	515	40	0.0000809014	0.000000008361
3	40221298	41064527	137	16	0.0000060311	0.000000002204
3	41064528	42540001	409	40	0.0000454618	0.000000007000
3	42540002	45165152	622	40	0.0000574855	0.000000009604
3	45165153	46657499	456	40	0.0000088748	0.000000007021
3	46657500	47727211	125	14	0.0000032205	0.000000001827
3	47727212	49316971	181	12	0.0000211283	0.000000001933
3	49316972	51832014	364	22	0.0000646469	0.000000003712
3	51832015	54081389	428	40	0.0001141293	0.000000008215
3	54081390	55348859	623	40	0.0000354155	0.000000010583
3	55348860	56433906	360	40	0.0000174080	0.000000006159
3	56433907	58157518	461	40	0.0000812590	0.000000008001
3	58157519	60272905	921	40	0.0000429941	0.000000010679
3	60272906	62355665	953	40	0.0000466612	0.000000010726
3	62355666	63669285	633	40	0.0001667765	0.000000012252
3	63669286	65273537	706	40	0.0000120525	0.000000010286
3	65273538	66270446	336	40	0.0001248925	0.000000007907
3	66270447	68286913	603	40	-0.0000177509	0.000000009907
3	68286914	69276761	343	40	0.0000476660	0.000000006623
3	69276762	70449027	377	40	0.0000170505	0.000000006801
3	70449028	72529328	758	40	0.0000536285	0.000000010814
3	72529329	74321816	685	40	0.0000847473	0.000000011210
3	74321817	75704948	256	31	0.0000227938	0.000000004188
3	75704949	77508834	475	40	0.0000655914	0.000000008369
3	77508835	79024540	375	40	0.0000081422	0.000000006142
3	79024541	81427309	478	40	0.0001703090	0.000000007836
3	81427310	82643885	287	27	-0.0000182155	0.000000003447
3	82643886	84367478	304	31	0.0000836458	0.000000005363
3	84367479	85582230	246	22	0.0000611838	0.000000004071
3	85582231	87409731	412	39	0.0000781860	0.000000006566
3	87409732	88298372	167	18	0.0000044650	0.000000002245
3	88298373	94255315	429	40	0.0000708215	0.000000006857
3	94255316	95311970	211	17	0.0000520982	0.000000003251
3	95311971	98215949	527	40	0.0001080090	0.000000008178
3	98215950	99373761	301	37	0.0000400433	0.000000004710
3	99373762	100592216	304	28	-0.0000044985	0.000000003540
3	100592217	103084959	606	40	0.0000208312	0.000000008530
3	103084960	104581612	402	40	0.0000064583	0.000000005575
3	104581613	106982810	687	40	0.0000068960	0.000000010119
3	106982811	109522394	679	40	0.0000408934	0.000000010348
3	109522395	110513769	242	24	0.0000433752	0.000000003382
3	110513770	112815698	613	40	0.0000224150	0.000000009220
3	112815699	113947862	313	40	0.0000045920	0.000000004784
3	113947863	115447079	394	40	0.0000330156	0.000000007166
3	115447080	116800152	509	40	0.0000488847	0.000000008339
3	116800153	118530250	561	40	0.0000703576	0.000000009950
3	118530251	120523054	589	40	0.0000244113	0.000000008271
3	120523055	121974096	328	34	-0.0000001153	0.000000003757
3	121974097	123517767	424	40	0.0000838021	0.000000007365
3	123517768	124936641	547	40	0.0000520549	0.000000009170
3	124936642	126214942	331	40	0.0000157438	0.000000005107
3	126214943	128194860	612	40	0.0000397550	0.000000009501
3	128194861	130244734	366	40	-0.0000311700	0.000000005138
3	130244735	131836515	496	40	0.0000185671	0.000000007144
3	131836516	133252172	475	40	0.0000594203	0.000000007379
3	133252173	135456905	793	40	0.0000507610	0.000000010778
3	135456906	137371082	403	37	0.0000351784	0.000000005778
3	137371083	139954596	757	40	0.0000955673	0.000000011347
3	139954597	141339096	438	40	0.0000393059	0.000000007610
3	141339097	143164627	575	40	0.0000221898	0.000000009318
3	143164628	144410815	374	40	0.0000142216	0.000000005795
3	144410816	145664618	346	40	-0.0000531748	0.000000003870
3	145664619	146726628	304	40	0.0000817049	0.000000005641
3	146726629	149043236	646	40	0.0000009160	0.000000010145
3	149043237	150252003	397	40	-0.0000087280	0.000000006616
3	150252004	151348729	313	40	0.0000527517	0.000000005961
3	151348730	153256570	535	40	0.0000752794	0.000000009079
3	153256571	154714217	389	40	0.0000088845	0.000000005000
3	154714218	156008699	309	39	0.0000149884	0.000000005158
3	156008700	157312027	414	40	-0.0000000615	0.000000005735
3	157312028	159477889	607	40	0.0000599191	0.000000008398
3	159477890	161524503	541	40	0.0000110387	0.000000006644
3	161524504	163253204	459	40	0.0000435521	0.000000006369
3	163253205	165055468	413	35	0.0000061954	0.000000004563
3	165055469	167117428	439	40	0.0000359017	0.000000006252
3	167117429	168580959	342	40	0.0000710501	0.000000005567
3	168580960	170964908	607	40	-0.0000133687	0.000000009577
3	170964909	172295730	466	40	0.0000112081	0.000000008083
3	172295731	173477284	369	40	-0.0000312383	0.000000005845
3	173477285	175116538	580	40	0.0000258002	0.000000010258
3	175116539	176320286	331	40	0.0000024760	0.000000004818
3	176320287	178107164	520	40	0.0000350475	0.000000008690
3	178107165	179374585	356	40	0.0000456145	0.000000005890
3	179374586	181511165	433	40	0.0000294514	0.000000006959
3	181511166	183769682	583	40	0.0000491279	0.000000009478
3	183769683	185068254	334	40	0.0000325164	0.000000006310
3	185068255	186890343	532	40	0.0000401986	0.000000009994
3	186890344	188856213	751	40	0.0000281384	0.000000010491
3	188856214	190226606	587	40	-0.0000128218	0.000000009604
3	190226607	192343813	701	40	0.0000140096	0.000000010311
3	192343814	194059670	474	40	0.0000102495	0.000000008375
3	194059671	194786673	234	40	0.0000078968	0.000000004221
3	194786674	195971407	189	33	0.0000205014	0.000000003595
3	195971408	197075986	246	40	0.0000205592	0.000000004362
3	197075987	197946621	163	27	0.0000130780	0.000000002978
4	10240	694714	85	12	0.0000066841	0.000000001610
4	694715	1478710	170	22	0.0000043597	0.000000002827
4	1478711	2842978	210	40	-0.0000113859	0.000000003795
4	2842979	3846039	206	33	0.0000351144	0.000000004304
4	3846040	4684115	215	36	-0.0000000685	0.000000003878
4	4684116	5502387	372	40	0.0000390929	0.000000007405
4	5502388	6773042	572	40	0.0000020816	0.000000010159
4	6773043	7539691	389	40	-0.0000314849	0.000000007015
4	7539692	8152234	304	40	0.0000428325	0.000000006481
4	8152235	9326478	212	37	0.0000631908	0.000000004640
4	9326479	10699151	471	36	0.0000595925	0.000000007240
4	10699152	12323033	622	40	0.0000386922	0.000000010604
4	12323034	14272000	688	40	0.0000019033	0.000000010157
4	14272001	15147445	370	40	0.0000315319	0.000000006580
4	15147446	15927008	231	32	0.0000285331	0.000000004322
4	15927009	17383321	624	40	0.0000453248	0.000000010709
4	17383322	18841873	387	40	0.0000263253	0.000000006413
4	18841874	20544556	449	40	0.0000185440	0.000000006274
4	20544557	22319346	645	40	0.0000607284	0.000000010905
4	22319347	24135528	583	40	0.0000599322	0.000000009737
4	24135529	25609321	555	40	0.0000713712	0.000000010329
4	25609322	27343721	519	40	0.0000026880	0.000000009091
4	27343722	27965867	197	28	0.0000837205	0.000000004377
4	27965868	29762207	514	40	0.0000897488	0.000000008696
4	29762208	30454534	153	24	-0.0000103066	0.000000002198
4	30454535	31782980	390	40	0.0000176971	0.000000006506
4	31782981	33172765	309	36	0.0000664920	0.000000005751
4	33172766	35151414	355	32	0.0000258526	0.000000004429
4	35151415	36020435	264	33	0.0000353747	0.000000003985
4	36020436	37255046	410	40	0.0000427923	0.000000006198
4	37255047	38907021	723	40	-0.0000071836	0.000000010042
4	38907022	40202608	333	40	0.0000487050	0.000000005627
4	40202609	42213057	647	40	0.0000177606	0.000000010359
4	42213058	43965044	501	40	-0.0000028593	0.000000007176
4	43965045	45189156	306	37	0.0000342826	0.000000004455
4	45189157	47411895	430	40	0.0000624678	0.000000006609
4	47411896	48123599	184	23	-0.0000032234	0.000000002389
4	48123600	53877432	434	38	0.0000246785	0.000000006049
4	53877433	55429555	492	40	0.0000104038	0.000000007648
4	55429556	56547643	336	40	0.0000096248	0.000000005373
4	56547644	58935007	781	40	0.0000111356	0.000000010274
4	58935008	60741086	435	40	-0.0000253838	0.000000005818
4	60741087	62371762	417	40	0.0001209028	0.000000007694
4	62371763	64341000	413	40	0.0000125041	0.000000006582
4	64341001	66600491	491	40	0.0000192946	0.000000006789
4	66600492	68059496	377	40	0.0000128676	0.000000005394
4	68059497	68854764	216	29	0.0001329027	0.000000004698
4	68854765	71049151	403	40	0.0000521304	0.000000005266
4	71049152	72140557	199	26	-0.0000041510	0.000000002840
4	72140558	74592389	436	40	0.0000727361	0.000000007002
4	74592390	77130706	656	40	0.0000203694	0.000000009214
4	77130707	79093978	685	40	0.0000626226	0.000000010522
4	79093979	80990296	513	40	0.0000631607	0.000000007386
4	80990297	82125314	222	28	0.0000415872	0.000000003842
4	82125315	83372592	347	40	0.0000071270	0.000000005362
4	83372593	84799655	441	40	0.0000175923	0.000000006889
4	84799656	86930608	563	40	0.0000859945	0.000000008709
4	86930609	87534647	131	17	0.0000127356	0.000000002048
4	87534648	89238027	465	40	0.0000106731	0.000000007246
4	89238028	90231563	281	40	-0.0000008652	0.000000004392
4	90231564	91560676	329	40	-0.0000393384	0.000000004187
4	91560677	94233298	547	40	0.0000216710	0.000000008967
4	94233299	96182187	570	40	0.0000941221	0.000000010374
4	96182188	97540702	472	40	0.0000025053	0.000000007507
4	97540703	99424066	387	35	0.0000236082	0.000000004784
4	99424067	100678359	349	40	0.0000438943	0.000000005767
4	100678360	103221355	745	40	-0.0000023701	0.000000010103
4	103221356	105305293	439	40	0.0001298958	0.000000007626
4	105305294	107501304	539	40	0.0000233813	0.000000007570
4	107501305	108815347	341	40	0.0000031648	0.000000004746
4	108815348	111256566	694	40	0.0000590439	0.000000010883
4	111256567	113870101	653	40	0.0000100087	0.000000009935
4	113870102	115666245	567	40	0.0000363046	0.000000009741
4	115666246	117276928	328	34	-0.0000074526	0.000000004087
4	117276929	118479917	328	38	0.0000048052	0.000000004787
4	118479918	119933511	397	40	-0.0000095281	0.000000005150
4	119933512	120392683	122	14	0.0000022083	0.000000001714
4	120392684	122657986	661	40	-0.0000027530	0.000000009854
4	122657987	124286480	347	37	0.0000617045	0.000000005468
4	124286481	125210861	252	35	0.0000787264	0.000000004878
4	125210862	126480885	364	40	0.0000174551	0.000000006038
4	126480886	127275476	213	31	-0.0000016599	0.000000003395
4	127275477	127830292	155	21	-0.0000285643	0.000000002148
4	127830293	128996664	185	15	0.0000117736	0.000000002861
4	128996665	130591884	422	40	0.0000319003	0.000000006524
4	130591885	131283820	179	22	0.0000506927	0.000000003555
4	131283821	132954032	342	40	0.0000677875	0.000000006353
4	132954033	134628433	363	38	0.0000220120	0.000000005369
4	134628434	136566406	415	40	0.0000730023	0.000000006601
4	136566407	138541970	500	40	0.0000444473	0.000000008364
4	138541971	139556510	338	40	0.0000850827	0.000000006492
4	139556511	141084630	473	40	0.0000782048	0.000000008934
4	141084631	143443264	664	40	0.0000234035	0.000000010085
4	143443265	146178186	461	40	0.0000013577	0.000000005814
4	146178187	148521872	566	40	0.0000686641	0.000000009442
4	148521873	150683579	511	40	0.0001259394	0.000000009094
4	150683580	152782183	475	40	0.0000901624	0.000000006718
4	152782184	154477640	473	40	0.0000535842	0.000000008723
4	154477641	155056125	184	26	-0.0000237489	0.000000002652
4	155056126	157485096	725	40	0.0000679371	0.000000010996
4	157485097	158743717	310	40	0.0001149479	0.000000006265
4	158743718	161058863	493	40	0.0000327045	0.000000007060
4	161058864	161826434	256	33	0.0000124347	0.000000004521
4	161826435	163243678	418	40	-0.0000042102	0.000000006268
4	163243679	164478233	309	40	0.0000943038	0.000000006043
4	164478234	165823447	405	40	0.0000068044	0.000000006975
4	165823448	167018857	321	40	-0.0000224053	0.000000005391
4	167018858	167852916	175	26	-0.0000140827	0.000000002432
4	167852917	169676824	535	40	-0.0000543857	0.000000007960
4	169676825	170776509	289	35	0.0000337129	0.000000004992
4	170776510	172558634	391	40	0.0000746634	0.000000006865
4	172558635	174264131	378	40	0.0000225313	0.000000005840
4	174264132	176570715	598	40	0.0000007056	0.000000010142
4	176570716	178991909	767	40	-0.0000412707	0.000000009609
4	178991910	180122042	315	40	0.0000278767	0.000000005706
4	180122043	182066806	776	40	0.0000185725	0.000000010369
4	182066807	183371274	696	40	0.0000349837	0.000000010577
4	183371275	184929454	539	40	0.0000372587	0.000000010606
4	184929455	186909089	802	40	0.0000001785	0.000000010135
4	186909090	188472980	542	40	0.0000532499	0.000000010261
4	188472981	189693510	391	40	-0.0000025616	0.000000006937
4	189693511	191043593	273	40	0.0000195698	0.000000004773
5	11940	982251	183	23	0.0000090795	0.000000003068
5	982252	2132441	423	40	-0.0000020882	0.000000007874
5	2132442	3361940	769	40	-0.0000137725	0.000000009958
5	3361941	4632109	519	40	-0.0000070454	0.000000008054
5	4632110	5973232	657	40	-0.0000453119	0.000000009557
5	5973233	7143217	540	40	0.0000221158	0.000000008932
5	7143218	8446335	547	40	0.0000426629	0.000000008746
5	8446336	9718831	576	40	0.0000504494	0.000000009474
5	9718832	11173270	675	40	0.0000243285	0.000000010442
5	11173271	13464831	549	40	0.0000096036	0.000000008408
5	13464832	14757803	496	40	0.0000404175	0.000000008475
5	14757804	16963612	707	40	0.0000292042	0.000000010504
5	16963613	18051591	254	40	0.0000440653	0.000000004982
5	18051592	19917715	527	40	-0.0000011899	0.000000007278
5	19917716	22152072	428	40	-0.0000001198	0.000000005876
5	22152073	23494323	398	40	0.0000017438	0.000000005515
5	23494324	26184850	613	40	0.0000043516	0.000000009416
5	26184851	26857603	145	22	-0.0000027001	0.000000002235
5	26857604	27984512	209	32	0.0000287077	0.000000003760
5	27984513	29714819	385	40	0.0001017106	0.000000006481
5	29714820	31390248	547	40	0.0000081417	0.000000008065
5	31390249	33500179	719	40	-0.0000071017	0.000000010043
5	33500180	35048969	475	40	0.0000085516	0.000000007969
5	35048970	36433953	425	40	0.0000040810	0.000000006212
5	36433954	38802409	712	40	0.0000111147	0.000000010274
5	38802410	40287728	496	40	0.0000216371	0.000000006576
5	40287729	41888709	478	40	0.0000570769	0.000000006440
5	41888710	43983498	374	30	0.0001005496	0.000000006123
5	43983499	50163397	397	30	0.0000596933	0.000000005282
5	50163398	52134621	534	40	0.0000260225	0.000000008028
5	52134622	53703043	535	40	0.0000280681	0.000000008744
5	53703044	55417348	532	40	0.0000195980	0.000000007927
5	55417349	56621101	457	40	0.0000007110	0.000000007019
5	56621102	57340072	256	35	0.0000041548	0.000000003710
5	57340073	58524621	493	40	0.0000614209	0.000000008194
5	58524622	60935906	650	40	0.0000771612	0.000000009996
5	60935907	61672994	254	27	0.0000610812	0.000000004452
5	61672995	63218986	457	40	0.0001071023	0.000000007196
5	63218987	63968303	170	18	-0.0000027469	0.000000002475
5	63968304	65911285	555	40	0.0000542249	0.000000008468
5	65911286	67850859	734	40	0.0000784831	0.000000011130
5	67850860	71240455	370	40	0.0001782384	0.000000007755
5	71240456	73759325	869	40	0.0000169582	0.000000010348
5	73759326	75798865	566	40	0.0000567524	0.000000009554
5	75798866	77623331	630	40	0.0000472793	0.000000010734
5	77623332	79393143	570	40	0.0000487774	0.000000009940
5	79393144	80481470	386	40	0.0000860449	0.000000007616
5	80481471	82025647	465	40	0.0000699633	0.000000008627
5	82025648	83972688	493	40	0.0000560708	0.000000009403
5	83972689	85767289	481	40	0.0000407340	0.000000007527
5	85767290	87389990	262	30	0.0000782425	0.000000005174
5	87389991	88891529	285	32	0.0000009603	0.000000003952
5	88891530	90422653	376	40	0.0000435423	0.000000006248
5	90422654	91840541	252	32	0.0000366721	0.000000004385
5	91840542	93809983	391	40	0.0000664131	0.000000006093
5	93809984	95963518	627	40	0.0000098292	0.000000010258
5	95963519	97315600	331	40	-0.0000332574	0.000000004264
5	97315601	99260991	459	40	0.0000150575	0.000000006675
5	99260992	101578768	483	40	0.0000513981	0.000000007176
5	101578769	103320004	448	40	0.0000201244	0.000000006557
5	103320005	104851482	390	40	0.0000503417	0.000000006637
5	104851483	105893054	162	21	0.0000561143	0.000000003664
5	105893055	107264195	533	40	0.0000733524	0.000000010496
5	107264196	108633933	354	39	0.0000524366	0.000000006462
5	108633934	110821143	579	40	0.0000361510	0.000000009293
5	110821144	111981561	390	40	0.0000249183	0.000000007043
5	111981562	113396284	483	40	0.0000704989	0.000000008755
5	113396285	114830369	492	40	0.0000105935	0.000000007671
5	114830370	115831046	395	40	0.0000596624	0.000000007099
5	115831047	117346212	517	40	0.0000046183	0.000000009115
5	117346213	118608819	347	40	0.0000415181	0.000000006525
5	118608820	119669041	309	37	0.0000896370	0.000000006227
5	119669042	120452165	221	24	0.0000311485	0.000000004133
5	120452166	122556904	628	40	-0.0000073091	0.000000010040
5	122556905	123798099	415	40	0.0000556301	0.000000007412
5	123798100	125785648	796	40	0.0000821743	0.000000011177
5	125785649	127344603	385	40	0.0000640779	0.000000006731
5	127344604	129519024	598	40	-0.0000025803	0.000000007929
5	129519025	132139648	507	38	0.0000653766	0.000000006848
5	132139649	134777400	822	40	0.0000408730	0.000000010652
5	134777401	136376049	536	40	0.0000899456	0.000000008698
5	136376050	139265071	614	40	0.0000077613	0.000000008101
5	139265072	140645970	276	28	0.0000812814	0.000000004708
5	140645971	142981247	799	40	0.0000281306	0.000000010490
5	142981248	144943353	606	40	0.0000297311	0.000000008765
5	144943354	147181997	661	40	0.0000727828	0.000000011037
5	147181998	148662623	474	40	-0.0000057225	0.000000007423
5	148662624	150561297	689	40	0.0000683857	0.000000011002
5	150561298	152867773	745	40	0.0001213126	0.000000011613
5	152867774	153773087	396	40	0.0000056944	0.000000005343
5	153773088	155373504	510	40	0.0000277821	0.000000008253
5	155373505	156628699	335	39	0.0000986735	0.000000006260
5	156628700	158825697	721	40	0.0000518401	0.000000010792
5	158825698	159973943	389	40	-0.0000000850	0.000000006644
5	159973944	161482132	474	40	0.0000201819	0.000000006922
5	161482133	162743907	337	40	-0.0000083554	0.000000005165
5	162743908	163771581	362	40	0.0000275029	0.000000006287
5	163771582	165642394	522	40	0.0000387298	0.000000009549
5	165642395	166847739	403	40	0.0001115153	0.000000008972
5	166847740	168525317	696	40	0.0000676119	0.000000010992
5	168525318	169505663	431	40	0.0000195384	0.000000007642
5	169505664	171074291	593	40	0.0000381328	0.000000010353
5	171074292	172678326	612	40	0.0000473303	0.000000010734
5	172678327	173642870	447	40	0.0000336388	0.000000007943
5	173642871	175450594	772	40	-0.0000071430	0.000000010042
5	175450595	177251506	257	40	-0.0000433856	0.000000003672
5	177251507	178413463	381	40	0.0000331148	0.000000007248
5	178413464	179401243	295	40	0.0000381446	0.000000005775
5	179401244	180559932	285	40	0.0000087934	0.000000004959
5	180559933	180885155	32	7	-0.0000020899	0.000000000555
6	73924	1452361	635	40	-0.0000244983	0.000000009822
6	1452362	2458935	416	40	0.0000184260	0.000000007183
6	2458936	3573592	515	40	0.0000198858	0.000000008944
6	3573593	4617816	479	40	0.0000908388	0.000000009034
6	4617817	5791471	555	40	0.0000113092	0.000000009627
6	5791472	6785206	549	40	0.0000139646	0.000000010067
6	6785207	7808935	446	40	0.0000293856	0.000000008193
6	7808936	9020025	461	40	0.0000206431	0.000000007170
6	9020026	10540316	577	40	0.0000081371	0.000000009505
6	10540317	11790815	482	40	0.0000421915	0.000000008517
6	11790816	13209387	497	40	0.0000122328	0.000000008238
6	13209388	14802923	617	40	0.0000278772	0.000000010264
6	14802924	17386404	922	40	-0.0000017135	0.000000010111
6	17386405	19207486	571	40	0.0000239805	0.000000008043
6	19207487	21684064	865	40	0.0000157489	0.000000010333
6	21684065	22748306	495	40	0.0000213254	0.000000008719
6	22748307	23936618	479	40	0.0000062959	0.000000008528
6	23936619	24852274	329	40	0.0000879891	0.000000007135
6	24852275	25684586	355	40	0.0001504885	0.000000007605
6	25684587	26791232	289	28	0.0000866533	0.000000004938
6	26791233	28017818	200	16	0.0000736074	0.000000003524
6	28017819	28917607	125	10	0.0000996621	0.000000002647
6	28917608	29737970	18	4	0.0000183637	0.000000000473
6	29737971	30798167	1	0	0.0000000000	0.000000000020
6	30798168	31571217	65	13	0.0000798969	0.000000002176
6	31571218	32682663	52	10	0.0000225830	0.000000001149
6	32682664	33236496	96	18	0.0000102273	0.000000001675
6	33236497	35455755	561	40	0.0000141186	0.000000008708
6	35455756	37572595	665	40	0.0000362039	0.000000010593
6	37572596	39295676	673	40	0.0000516377	0.000000010789
6	39295677	40345114	382	40	0.0000480192	0.000000006628
6	40345115	42038720	641	40	-0.0000233129	0.000000009816
6	42038721	43756168	334	40	0.0000150005	0.000000005865
6	43756169	45406562	523	40	-0.0000018545	0.000000008587
6	45406563	47311897	710	40	-0.0000003811	0.000000010128
6	47311898	48391124	326	38	0.0000225935	0.000000004670
6	48391125	50386144	463	40	0.0000574974	0.000000006061
6	50386145	52210475	497	40	0.0000508171	0.000000008039
6	52210476	53279101	381	40	0.0000578151	0.000000006671
6	53279102	55468269	782	40	0.0000776192	0.000000011058
6	55468270	56105312	195	19	-0.0000007007	0.000000002300
6	56105313	57599464	305	36	0.0000147249	0.000000004550
6	57599465	61880511	113	9	0.0000113964	0.000000001308
6	61880512	63552887	322	22	0.0000349554	0.000000003980
6	63552888	65765741	423	40	-0.0000034292	0.000000005470
6	65765742	67329214	456	40	0.0000579675	0.000000007361
6	67329215	68849482	451	40	0.0000101321	0.000000006208
6	68849483	69523447	213	26	0.0000648894	0.000000003836
6	69523448	71609509	670	40	0.0000424890	0.000000009556
6	71609510	73450096	563	40	-0.0000251331	0.000000007987
6	73450097	75462002	527	40	0.0000272891	0.000000007660
6	75462003	77414880	405	40	-0.0000206450	0.000000005029
6	77414881	78957727	477	40	-0.0000293393	0.000000004899
6	78957728	80691169	532	40	-0.0000247253	0.000000007323
6	80691170	81929221	349	27	0.0000444624	0.000000004443
6	81929222	83127148	331	40	0.0000534034	0.000000005484
6	83127149	85209988	502	40	0.0000428174	0.000000007533
6	85209989	87069499	557	40	-0.0000161175	0.000000006522
6	87069500	88822139	500	40	0.0000422581	0.000000007202
6	88822140	89973051	402	40	-0.0000055649	0.000000006271
6	89973052	91843195	665	40	-0.0000235436	0.000000009834
6	91843196	93428643	453	40	0.0000407177	0.000000007466
6	93428644	94118141	270	40	-0.0000031144	0.000000003900
6	94118142	94441174	80	8	0.0000271696	0.000000001327
6	94441175	97093510	584	40	0.0000600140	0.000000009007
6	97093511	97842283	217	26	0.0000614404	0.000000003732
6	97842284	100630145	750	40	0.0000711649	0.000000011037
6	100630146	102636771	451	40	0.0000512926	0.000000007418
6	102636772	103983394	324	33	0.0000288336	0.000000004749
6	103983395	106056732	637	40	-0.0000197424	0.000000008826
6	106056733	107450305	580	40	0.0000354894	0.000000010056
6	107450306	108464379	323	40	0.0000542493	0.000000006000
6	108464380	110304246	462	40	0.0000433071	0.000000006932
6	110304247	112345013	551	40	0.0000352198	0.000000008692
6	112345014	114220832	595	40	0.0000111406	0.000000008306
6	114220833	116131395	457	40	0.0000219486	0.000000005832
6	116131396	117672971	395	40	-0.0000245700	0.000000005242
6	117672972	118963114	280	34	0.0000261047	0.000000004392
6	118963115	119963277	275	31	0.0000518416	0.000000004617
6	119963278	120512127	160	18	0.0000610890	0.000000002922
6	120512128	121905675	362	35	0.0000332675	0.000000004886
6	121905676	123856180	570	40	0.0000354872	0.000000007764
6	123856181	125424382	575	40	0.0000837269	0.000000011075
6	125424383	127540460	406	40	0.0000330572	0.000000006418
6	127540461	129861030	556	40	0.0000409411	0.000000008643
6	129861031	130935453	453	40	0.0000109779	0.000000007493
6	130935454	132765668	548	40	-0.0000005268	0.000000008563
6	132765669	134244242	494	40	0.0000218499	0.000000008138
6	134244243	136224176	553	40	0.0000443203	0.000000009985
6	136224177	137614217	317	40	0.0000217635	0.000000005648
6	137614218	138822628	436	40	-0.0000257384	0.000000006885
6	138822629	139845435	354	40	0.0000635270	0.000000006865
6	139845436	142288478	517	40	0.0001455133	0.000000009100
6	142288479	145319809	942	40	-0.0000458810	0.000000009550
6	145319810	146665423	292	25	0.0000372291	0.000000003848
6	146665424	148920351	855	40	-0.0000237190	0.000000009832
6	148920352	150253403	479	40	0.0000542423	0.000000007739
6	150253404	151912702	798	40	0.0000843998	0.000000011205
6	151912703	153094495	462	40	0.0000381476	0.000000007899
6	153094496	154974119	746	40	0.0001079894	0.000000011505
6	154974120	156763325	676	40	0.0000350045	0.000000010578
6	156763326	158218718	356	40	0.0000739625	0.000000006937
6	158218719	160580496	858	40	-0.0000057589	0.000000010060
6	160580497	162169563	628	40	0.0000089359	0.000000010247
6	162169564	162931202	363	40	-0.0000128626	0.000000006260
6	162931203	164383520	649	40	0.0000030905	0.000000010172
6	164383521	165586863	529	40	0.0000122587	0.000000008137
6	165586864	167024732	749	40	0.0000864238	0.000000011231
6	167024733	168042834	392	40	0.0001010942	0.000000007585
6	168042835	169382049	533	40	0.0000561711	0.000000009161
6	169382050	170330172	352	40	-0.0000082140	0.000000005106
6	170330173	171051269	210	29	-0.0000080040	0.000000003435
7	16161	972751	72	14	0.0000301064	0.000000001766
7	972752	1353066	90	16	0.0000421737	0.000000002200
7	1353067	2062397	125	20	-0.0000032228	0.000000002369
7	2062398	2772226	170	30	0.0000256240	0.000000003600
7	2772227	4573427	788	40	0.0000532672	0.000000010810
7	4573428	5416231	170	36	0.0000588082	0.000000004081
7	5416232	5854525	82	15	0.0000257911	0.000000001852
7	5854526	6573856	94	18	0.0000218030	0.000000002043
7	6573857	7808751	379	40	0.0000827407	0.000000007878
7	7808752	9123422	698	40	0.0000093168	0.000000010251
7	9123423	9987498	346	40	0.0000378081	0.000000006761
7	9987499	11299197	453	40	0.0000774805	0.000000009128
7	11299198	12635460	637	40	0.0000602137	0.000000010898
7	12635461	13884201	544	40	0.0000839857	0.000000011200
7	13884202	15143656	345	40	0.0000164940	0.000000006774
7	15143657	16902068	688	40	0.0000310248	0.000000010527
7	16902069	19481546	968	40	0.0000222503	0.000000010416
7	19481547	20124907	222	28	0.0000033455	0.000000003942
7	20124908	22507628	1077	40	0.0001361268	0.000000011863
7	22507629	23471441	281	38	-0.0000046591	0.000000004929
7	23471442	25077258	639	40	0.0000771343	0.000000011113
7	25077259	25909554	415	40	-0.0000153144	0.000000006471
7	25909555	28360308	748	40	-0.0000140414	0.000000009955
7	28360309	31137288	1130	40	0.0000195789	0.000000010382
7	31137289	33555767	913	40	-0.0000172050	0.000000009914
7	33555768	36213537	958	40	0.0000999950	0.000000011404
7	36213538	37555183	589	40	0.0000133838	0.000000010262
7	37555184	38966702	555	40	0.0000762408	0.000000009153
7	38966703	39862669	295	35	0.0000583010	0.000000005123
7	39862670	42001810	585	40	-0.0000239127	0.000000008347
7	42001811	43159073	383	40	0.0000246171	0.000000006493
7	43159074	44763827	385	40	0.0000626636	0.000000006733
7	44763828	45952921	306	40	0.0000659310	0.000000006027
7	45952922	46986719	389	40	0.0000445983	0.000000006261
7	46986720	49212277	792	40	0.0000440286	0.000000010692
7	49212278	51675321	829	40	0.0000327824	0.000000010550
7	51675322	53176311	612	40	0.0000191430	0.000000009036
7	53176312	54222975	364	40	0.0000843083	0.000000005796
7	54222976	55691583	491	40	0.0000465767	0.000000008188
7	55691584	57382637	217	25	-0.0000072297	0.000000002942
7	57382638	63307358	116	14	0.0000063034	0.000000001886
7	63307359	63641124	49	6	0.0000017863	0.000000000745
7	63641125	65689808	281	24	0.0000266732	0.000000003956
7	65689809	68234073	665	40	0.0001464380	0.000000011343
7	68234074	69085363	255	38	0.0000652559	0.000000004949
7	69085364	71874884	796	40	0.0001200085	0.000000011658
7	71874885	73334601	98	19	0.0000035728	0.000000001711
7	73334602	76458563	287	40	0.0000459566	0.000000005269
7	76458564	78093858	546	40	-0.0000220405	0.000000009061
7	78093859	79888068	622	40	0.0000419865	0.000000010179
7	79888069	82022685	673	40	0.0001211250	0.000000011672
7	82022686	83801202	599	40	0.0000670986	0.000000010193
7	83801203	85572181	395	40	0.0000179241	0.000000005337
7	85572182	87825003	503	40	0.0000191507	0.000000006626
7	87825004	90661783	908	40	0.0000045597	0.000000010191
7	90661784	92493751	382	40	0.0000917794	0.000000006617
7	92493752	93966600	330	40	0.0000699665	0.000000006603
7	93966601	96073507	616	40	0.0000216195	0.000000009818
7	96073508	97099569	303	40	0.0000692600	0.000000005463
7	97099570	98715473	358	40	0.0000357210	0.000000006148
7	98715474	100196650	170	23	0.0000779044	0.000000003417
7	100196651	101199252	169	30	0.0000111969	0.000000003175
7	101199253	103197509	343	40	0.0000509141	0.000000006281
7	103197510	104159524	456	40	0.0000575831	0.000000007822
7	104159525	105682904	498	40	0.0000436786	0.000000008496
7	105682905	107780177	661	40	0.0000514484	0.000000010787
7	107780178	109647593	511	40	0.0000886879	0.000000008723
7	109647594	112618683	788	40	-0.0000123673	0.000000009976
7	112618684	113712386	206	26	0.0000516764	0.000000003789
7	113712387	116780177	637	40	0.0000589097	0.000000009500
7	116780178	118351580	336	36	0.0000945887	0.000000005421
7	118351581	121045272	413	40	0.0000397106	0.000000005957
7	121045273	121933629	212	27	-0.0000141991	0.000000002853
7	121933630	124156804	617	40	0.0000545863	0.000000008918
7	124156805	124167551	6	2	-0.0000008698	0.000000000089
7	124167552	126519169	637	40	0.0000757113	0.000000008558
7	126519170	126869220	133	16	0.0000151402	0.000000002119
7	126869221	128778385	509	40	-0.0000136782	0.000000006674
7	128778386	130422413	395	40	-0.0000218379	0.000000006004
7	130422414	132805847	853	40	0.0000449993	0.000000010705
7	132805848	134307595	410	34	0.0000594335	0.000000006389
7	134307596	135591082	448	40	0.0000304199	0.000000007031
7	135591083	136876561	392	40	0.0000793334	0.000000007147
7	136876562	138744678	548	40	0.0000414364	0.000000010639
7	138744679	139933176	296	40	0.0000270067	0.000000005190
7	139933177	140235209	107	23	0.0000252501	0.000000002167
7	140235210	141226556	268	32	0.0000507310	0.000000004462
7	141226557	142656309	280	39	0.0000117678	0.000000003887
7	142656310	144968288	492	40	-0.0000042868	0.000000007036
7	144968289	146427959	373	40	-0.0000033759	0.000000005551
7	146427960	147815317	549	40	-0.0000081390	0.000000008345
7	147815318	149840657	544	40	0.0000366137	0.000000010293
7	149840658	150711504	230	33	0.0000308408	0.000000003706
7	150711505	152249805	401	40	-0.0000048731	0.000000007393
7	152249806	153674018	447	40	-0.0000285674	0.000000007599
7	153674019	154964729	510	40	0.0000016824	0.000000009159
7	154964730	156065249	454	40	0.0000112476	0.000000008043
7	156065250	157634596	476	40	0.0000799348	0.000000009362
7	157634597	159128574	388	40	-0.0000262165	0.000000006252
8	10422	1044216	365	40	0.0000298619	0.000000007530
8	1044217	1163244	68	12	-0.0000167057	0.000000001093
8	1163245	2042941	402	40	-0.0000139748	0.000000007642
8	2042942	2573278	226	36	0.0000362476	0.000000004702
8	2573279	3392925	549	40	0.0000238710	0.000000010436
8	3392926	3783016	404	40	-0.0000017862	0.000000007655
8	3783017	4480475	642	40	0.0000648475	0.000000010957
8	4480476	5146926	481	40	0.0000415248	0.000000009726
8	5146927	6142796	729	40	-0.0000024006	0.000000010102
8	6142797	7153078	500	40	0.0000494178	0.000000009867
8	7153079	9154693	511	40	0.0000190585	0.000000009684
8	9154694	9640786	168	18	0.0000400443	0.000000003601
8	9640787	10463196	431	40	0.0000105209	0.000000008480
8	10463197	11278997	308	36	0.0000653502	0.000000006686
8	11278998	13491774	709	40	0.0000693841	0.000000011015
8	13491775	13944991	243	31	0.0000376036	0.000000004719
8	13944992	15991659	1046	40	0.0000675350	0.000000010991
8	15991660	17387875	508	40	0.0000807084	0.000000010915
8	17387876	17836398	211	30	0.0000522220	0.000000004562
8	17836399	19492839	880	40	0.0000250890	0.000000010452
8	19492840	20060855	248	40	0.0000059325	0.000000004640
8	20060856	21661736	731	40	0.0000994678	0.000000011397
8	21661737	22897056	386	40	0.0000880307	0.000000008249
8	22897057	24674717	560	40	-0.0000374452	0.000000008622
8	24674718	25483453	251	32	0.0000368416	0.000000004306
8	25483454	26682524	571	40	0.0000857498	0.000000010288
8	26682525	28162391	636	40	0.0000401798	0.000000009973
8	28162392	29327895	322	40	-0.0000087672	0.000000005120
8	29327896	31133728	492	40	-0.0000009866	0.000000007989
8	31133729	31548359	123	20	0.0000099624	0.000000002073
8	31548360	32977217	463	40	-0.0000025204	0.000000006452
8	32977218	35317231	509	40	0.0000618173	0.000000006581
8	35317232	37379388	343	40	0.0000151849	0.000000005363
8	37379389	38938805	253	40	-0.0000094442	0.000000004223
8	38938806	40703336	538	40	0.0000230526	0.000000008011
8	40703337	41721453	343	40	-0.0000143294	0.000000005857
8	41721454	42773822	169	22	-0.0000044014	0.000000002495
8	42773823	46841314	41	7	0.0000008759	0.000000000693
8	46841315	50082469	365	36	0.0000012363	0.000000005347
8	50082470	53302929	748	40	0.0000495253	0.000000009544
8	53302930	54418043	334	40	-0.0000081449	0.000000004845
8	54418044	55945580	452	40	0.0000181752	0.000000006370
8	55945581	56956382	327	39	0.0000237260	0.000000005209
8	56956383	59068650	637	40	0.0000255132	0.000000009665
8	59068651	59728099	261	34	-0.0000195394	0.000000003712
8	59728100	62329098	759	40	0.0000515582	0.000000010788
8	62329099	63349305	309	34	-0.0000061777	0.000000004043
8	63349306	65232871	495	40	0.0000311424	0.000000007081
8	65232872	66489089	351	40	0.0000511040	0.000000005596
8	66489090	69863056	802	40	0.0000015869	0.000000010153
8	69863057	70867978	381	40	0.0000295551	0.000000006616
8	70867979	72289453	406	40	0.0000323067	0.000000006105
8	72289454	73817198	653	40	-0.0000141892	0.000000009465
8	73817199	75445063	571	40	0.0000803438	0.000000009509
8	75445064	76456541	281	37	-0.0000151554	0.000000003828
8	76456542	79132860	647	40	0.0000000207	0.000000008266
8	79132861	81956394	770	40	0.0000365497	0.000000010597
8	81956395	82693738	203	31	0.0000161256	0.000000003197
8	82693739	84225588	407	40	0.0000294597	0.000000005403
8	84225589	85955618	341	38	-0.0000047917	0.000000004524
8	85955619	87411708	242	23	0.0000399134	0.000000003721
8	87411709	89085480	436	40	0.0000010563	0.000000006275
8	89085481	90638161	378	39	0.0000103353	0.000000005443
8	90638162	93554385	641	40	0.0000595910	0.000000009854
8	93554386	95005526	369	40	0.0000898975	0.000000006876
8	95005527	96534805	556	40	-0.0000189059	0.000000008573
8	96534806	99401580	1024	40	0.0000109677	0.000000010272
8	99401581	101620957	457	40	0.0000370984	0.000000005782
8	101620958	104123305	913	40	0.0000186595	0.000000010370
8	104123306	104988751	232	23	0.0000554009	0.000000003675
8	104988752	107410753	778	40	0.0000843815	0.000000011205
8	107410754	108648176	453	40	0.0000401127	0.000000006669
8	108648177	109248172	200	23	0.0000192022	0.000000002713
8	109248173	110484313	324	30	0.0000178034	0.000000003984
8	110484314	111850846	277	33	0.0000271526	0.000000003941
8	111850847	113064319	228	19	0.0000140664	0.000000002910
8	113064320	116096494	751	40	0.0000167128	0.000000008721
8	116096495	119685456	1100	40	0.0000601837	0.000000010898
8	119685457	121201699	478	40	-0.0000020045	0.000000006600
8	121201700	124861458	1230	40	0.0000248534	0.000000010449
8	124861459	125683718	295	37	0.0000730838	0.000000005391
8	125683719	126410916	239	39	-0.0000036414	0.000000004176
8	126410917	128659110	855	40	0.0000637649	0.000000010943
8	128659111	130381138	655	40	0.0000135424	0.000000010224
8	130381139	131639624	438	40	0.0000477420	0.000000007535
8	131639625	133351143	715	40	0.0000155201	0.000000010330
8	133351144	134570000	623	40	0.0000188281	0.000000010372
8	134570001	136035604	713	40	-0.0000367898	0.000000009665
8	136035605	137524150	541	40	0.0000197777	0.000000008111
8	137524151	139254829	710	40	-0.0000194726	0.000000009581
8	139254830	140725642	714	40	0.0000342830	0.000000010569
8	140725643	143044913	755	40	0.0000811008	0.000000011163
8	143044914	144236880	326	40	0.0000907173	0.000000006382
8	144236881	146303866	251	40	-0.0000358306	0.000000004050
9	10023	1079706	508	40	0.0000036165	0.000000009468
9	1079707	1916876	584	40	0.0000449965	0.000000010705
9	1916877	3190063	721	40	0.0000280318	0.000000010489
9	3190064	4495327	676	40	0.0000306326	0.000000010522
9	4495328	4884925	187	35	0.0000335124	0.000000004022
9	4884926	6557588	517	40	0.0000304496	0.000000009849
9	6557589	7154922	276	37	0.0000961819	0.000000006390
9	7154923	8456298	894	40	0.0000208778	0.000000010398
9	8456299	9166402	384	40	0.0000787898	0.000000008273
9	9166403	10879252	815	40	0.0000641841	0.000000010949
9	10879253	12276488	455	40	0.0000237421	0.000000007858
9	12276489	14836362	1185	40	0.0000072281	0.000000010225
9	14836363	16659654	741	40	0.0000107012	0.000000010269
9	16659655	18661050	885	40	0.0000180334	0.000000010362
9	18661051	20463533	767	40	0.0000207435	0.000000010397
9	20463534	22206558	585	40	0.0000903107	0.000000011280
9	22206559	24158517	584	40	0.0000353465	0.000000010562
9	24158518	25330809	285	40	0.0000041260	0.000000005586
9	25330810	26111756	265	40	0.0000032573	0.000000005131
9	26111757	28224282	888	40	0.0000045578	0.000000010191
9	28224283	28811583	229	34	0.0000329253	0.000000004317
9	28811584	30387391	538	40	0.0000687811	0.000000008065
9	30387392	31310382	239	22	0.0000463541	0.000000003883
9	31310383	32019367	199	23	0.0000539907	0.000000003335
9	32019368	33578333	520	40	-0.0000105968	0.000000008009
9	33578334	34642242	239	26	0.0000213686	0.000000003324
9	34642243	36743282	483	40	0.0000039885	0.000000008053
9	36743283	38641598	653	40	0.0000240971	0.000000010439
9	38641599	65472189	98	20	-0.0000123045	0.000000001651
9	65472190	72512710	507	40	0.0000253149	0.000000008222
9	72512711	72753754	94	10	0.0000612014	0.000000002120
9	72753755	74253039	563	40	0.0000329851	0.000000008360
9	74253040	76203945	526	40	-0.0000308211	0.000000007043
9	76203946	76973080	174	22	-0.0000073507	0.000000002497
9	76973081	78900182	717	40	-0.0000181290	0.000000009903
9	78900183	79471207	241	40	-0.0000108361	0.000000004448
9	79471208	81079054	484	40	0.0000562903	0.000000009203
9	81079055	82590927	611	40	0.0000059177	0.000000010208
9	82590928	84211232	642	40	0.0000213054	0.000000010404
9	84211233	85440800	316	40	0.0000617259	0.000000006418
9	85440801	86938195	587	40	0.0000689280	0.000000010196
9	86938196	88109332	477	40	0.0000292423	0.000000007664
9	88109333	88590416	111	14	-0.0000042200	0.000000001411
9	88590417	90136245	570	40	0.0000478042	0.000000009846
9	90136246	92528697	791	40	-0.0000214154	0.000000009861
9	92528698	94167202	593	40	0.0000062880	0.000000009603
9	94167203	96671697	711	40	0.0000465139	0.000000010602
9	96671698	98922039	611	40	0.0000646118	0.000000009512
9	98922040	101592858	747	40	0.0000379082	0.000000010615
9	101592859	104624436	877	40	0.0000248216	0.000000010448
9	104624437	105967975	551	40	0.0000150683	0.000000008011
9	105967976	107581748	560	40	-0.0000241504	0.000000006926
9	107581749	109298753	548	40	0.0000183461	0.000000008782
9	109298754	110695061	546	40	0.0000134475	0.000000009166
9	110695062	112778023	994	40	0.0000117664	0.000000010282
9	112778024	114831081	805	40	0.0000741006	0.000000011075
9	114831082	115693144	286	29	-0.0000205320	0.000000003921
9	115693145	117019800	536	40	-0.0000197778	0.000000009110
9	117019801	117921959	407	40	0.0000740889	0.000000007788
9	117921960	121321536	1415	40	0.0000219724	0.000000010412
9	121321537	122260296	347	40	0.0000425776	0.000000005953
9	122260297	124871321	705	40	-0.0000162250	0.000000009927
9	124871322	126971886	600	40	0.0000770251	0.000000010624
9	126971887	129059664	514	40	0.0000157861	0.000000008202
9	129059665	130055509	290	40	0.0000464175	0.000000005315
9	130055510	132165469	367	40	0.0000707004	0.000000007280
9	132165470	133223216	265	40	0.0000233293	0.000000004982
9	133223217	134127887	281	40	-0.0000066462	0.000000004985
9	134127888	135298841	359	40	0.0000388723	0.000000006471
9	135298842	137041121	511	40	0.0000315464	0.000000009802
9	137041122	137589363	200	40	0.0000299853	0.000000004219
9	137589364	138938977	541	40	-0.0000027878	0.000000010098
9	138938978	139500341	79	18	-0.0000009249	0.000000001513
9	139500342	141144795	197	34	-0.0000055918	0.000000003405
10	60523	751338	115	14	0.0000089824	0.000000002222
10	751339	1523543	312	40	0.0001011496	0.000000006756
10	1523544	2254499	429	40	-0.0000338450	0.000000006884
10	2254500	3352698	607	40	0.0000349183	0.000000010312
10	3352699	4572273	599	40	0.0001060478	0.000000011338
10	4572274	5983761	621	40	0.0000210273	0.000000010400
10	5983762	7171483	700	40	0.0000622667	0.000000010924
10	7171484	8774664	812	40	0.0000118585	0.000000010284
10	8774665	10249395	556	40	0.0000104215	0.000000008378
10	10249396	12586796	972	40	0.0000057430	0.000000010206
10	12586797	13321599	407	40	0.0000270934	0.000000008002
10	13321600	15026067	888	40	-0.0000321950	0.000000009724
10	15026068	16551766	524	40	0.0000669029	0.000000010211
10	16551767	18537266	688	40	0.0000046965	0.000000010193
10	18537267	19716877	477	40	0.0000351918	0.000000007841
10	19716878	22772282	929	40	0.0000439153	0.000000010691
10	22772283	23175131	118	14	0.0000125981	0.000000002247
10	23175132	25578595	726	40	-0.0000151119	0.000000009941
10	25578596	26888683	487	40	0.0000594819	0.000000007097
10	26888684	29323235	827	40	0.0000168157	0.000000010347
10	29323236	29783691	256	40	0.0000146117	0.000000004427
10	29783692	30458837	331	40	0.0000572041	0.000000006664
10	30458838	31907518	446	40	-0.0000071497	0.000000006595
10	31907519	33707967	577	40	0.0001110677	0.000000009270
10	33707968	35109354	471	40	0.0000028470	0.000000007370
10	35109355	36572507	402	40	0.0000465247	0.000000006447
10	36572508	37790028	307	39	0.0000935530	0.000000005630
10	37790029	42372578	181	12	0.0000254309	0.000000001968
10	42372579	43894770	264	32	0.0000574509	0.000000004809
10	43894771	44730074	224	29	0.0000440339	0.000000003974
10	44730075	48760449	571	40	0.0000665028	0.000000009800
10	48760450	50840914	573	40	0.0000405287	0.000000008699
10	50840915	53616628	690	40	0.0000819447	0.000000011174
10	53616629	55103571	665	40	0.0000201802	0.000000010166
10	55103572	57031139	732	40	0.0000528709	0.000000010805
10	57031140	57662145	176	18	-0.0000328472	0.000000001471
10	57662146	58959527	372	25	0.0000424577	0.000000004216
10	58959528	60289986	409	40	0.0000106972	0.000000004963
10	60289987	61891408	546	40	0.0000197730	0.000000009084
10	61891409	62659678	277	31	0.0000526667	0.000000004789
10	62659679	63341694	156	19	0.0000329461	0.000000002767
10	63341695	65794113	767	40	0.0001963371	0.000000012628
10	65794114	67549614	466	40	0.0000606539	0.000000006910
10	67549615	69900147	860	40	0.0000361694	0.000000010593
10	69900148	70195990	86	10	0.0000005634	0.000000001171
10	70195991	72220849	759	40	0.0000292103	0.000000010504
10	72220850	73508511	642	40	0.0000299768	0.000000010514
10	73508512	75422549	362	32	0.0000775545	0.000000005185
10	75422550	78706813	770	40	0.0000740543	0.000000011074
10	78706814	80876748	961	40	-0.0000356733	0.000000009680
10	80876749	82414678	438	40	0.0000325068	0.000000007625
10	82414679	84383744	696	40	0.0000082487	0.000000010136
10	84383745	85458702	423	40	0.0000883347	0.000000006594
10	85458703	87937576	925	40	0.0000789579	0.000000011136
10	87937577	89127063	245	34	-0.0000224005	0.000000003535
10	89127064	91013380	656	40	0.0000602804	0.000000010899
10	91013381	92006580	345	40	0.0000773015	0.000000006373
10	92006581	93335046	427	40	0.0000005001	0.000000006126
10	93335047	95396367	563	40	0.0000460503	0.000000008931
10	95396368	96221242	230	29	0.0000547257	0.000000004593
10	96221243	97822356	496	40	0.0000396428	0.000000006825
10	97822357	100241301	779	40	0.0001237531	0.000000011705
10	100241302	100668399	142	15	0.0000371728	0.000000002318
10	100668400	102949238	654	40	0.0000672415	0.000000009829
10	102949239	104380409	234	25	0.0000675195	0.000000003930
10	104380410	106695047	578	40	0.0000592200	0.000000009362
10	106695048	108726685	648	40	0.0000619914	0.000000010047
10	108726686	110317704	630	40	0.0000665392	0.000000010247
10	110317705	112561492	635	40	0.0000075524	0.000000009234
10	112561493	115328431	942	40	0.0000019797	0.000000010158
10	115328432	116421405	393	40	0.0000236105	0.000000006905
10	116421406	119523933	922	40	0.0000553412	0.000000010836
10	119523934	120591352	389	40	0.0000418325	0.000000007156
10	120591353	122407322	612	40	0.0000885632	0.000000011258
10	122407323	123231464	379	40	0.0000512767	0.000000006831
10	123231465	123900544	246	40	-0.0000119712	0.000000004070
10	123900545	125869345	771	40	0.0000464454	0.000000010723
10	125869346	128001097	879	40	0.0001307030	0.000000011794
10	128001098	129154361	483	40	-0.0000122940	0.000000007907
10	129154362	130844283	873	40	-0.0000035489	0.000000010088
10	130844284	131741326	407	40	0.0001143827	0.000000008036
10	131741327	132580244	387	40	0.0000408888	0.000000006699
10	132580245	134336328	803	40	-0.0000017867	0.000000010110
10	134336329	134494672	37	6	-0.0000114635	0.000000000436
10	134494673	135523864	201	34	0.0000158520	0.000000003838
11	70855	1213589	169	35	0.0000434166	0.000000003423
11	1213590	3665480	610	40	-0.0000019991	0.000000010108
11	3665481	4746708	352	40	0.0000302872	0.000000006484
11	4746709	6322868	759	40	-0.0000058473	0.000000010059
11	6322869	7436700	430	40	0.0000952937	0.000000008077
11	7436701	8333273	414	40	0.0000341685	0.000000008051
11	8333274	9087316	209	26	0.0000266535	0.000000004036
11	9087317	10952026	501	40	0.0000757954	0.000000009329
11	10952027	12564228	1022	40	0.0000092862	0.000000010251
11	12564229	13373123	385	40	0.0001672103	0.000000008140
11	13373124	15742551	728	40	0.0000196781	0.000000009814
11	15742552	17578401	471	40	0.0000692865	0.000000007727
11	17578402	19569534	676	40	0.0000160566	0.000000010337
11	19569535	21017137	717	40	0.0000315278	0.000000010534
11	21017138	22374141	529	40	0.0000301729	0.000000009014
11	22374142	24088516	566	40	0.0000315395	0.000000008565
11	24088517	26045752	634	40	0.0000810462	0.000000011163
11	26045753	27020460	328	40	0.0000328207	0.000000005062
11	27020461	28481592	355	39	0.0000875840	0.000000005797
11	28481593	30141356	394	40	0.0000402406	0.000000006549
11	30141357	32276900	596	40	0.0001658663	0.000000009399
11	32276901	33958738	491	40	-0.0000070345	0.000000007264
11	33958739	35502604	739	40	0.0000456134	0.000000010713
11	35502605	37116814	699	40	-0.0000318360	0.000000009728
11	37116815	39382002	408	40	0.0000473664	0.000000006215
11	39382003	42310002	900	40	0.0000262180	0.000000010466
11	42310003	44693798	897	40	0.0000114353	0.000000010278
11	44693799	47006136	554	40	0.0000247734	0.000000009310
11	47006137	49866049	300	20	0.0001396742	0.000000005368
11	49866050	54695472	122	6	0.0000291222	0.000000001352
11	54695473	55082656	6	3	0.0000046577	0.000000000179
11	55082657	58457494	886	40	-0.0000241658	0.000000008587
11	58457495	58780548	57	6	-0.0000098687	0.000000000677
11	58780549	62223770	781	40	0.0000196229	0.000000010382
11	62223771	63804568	239	33	0.0000489214	0.000000004278
11	63804569	65898630	334	40	0.0000922953	0.000000006765
11	65898631	68005824	234	31	0.0000208998	0.000000003862
11	68005825	69516129	402	40	-0.0000108896	0.000000006265
11	69516130	70926291	409	40	-0.0000031790	0.000000007354
11	70926292	72286016	279	35	0.0000015929	0.000000003758
11	72286017	74412350	509	40	0.0000134423	0.000000007464
11	74412351	76797208	676	40	0.0000383581	0.000000010620
11	76797209	78355057	321	31	0.0000199318	0.000000004676
11	78355058	80722372	1022	40	0.0000404897	0.000000010647
11	80722373	81266711	253	37	-0.0000085056	0.000000004013
11	81266712	84381271	1125	40	-0.0000134796	0.000000009962
11	84381272	86619300	717	40	0.0000191020	0.000000010355
11	86619301	87430234	297	35	0.0000542916	0.000000004810
11	87430235	89208935	532	40	0.0001434751	0.000000010595
11	89208936	90966489	350	33	0.0000364870	0.000000005088
11	90966490	92077143	339	38	-0.0000186786	0.000000004812
11	92077144	93276156	365	40	0.0000512423	0.000000005840
11	93276157	94242259	243	25	0.0000360484	0.000000003752
11	94242260	95726040	536	40	0.0001225689	0.000000010329
11	95726041	97057057	484	40	0.0000481151	0.000000008755
11	97057058	98705064	539	40	0.0000428930	0.000000009683
11	98705065	100417168	733	40	0.0000058868	0.000000010208
11	100417169	101331120	339	40	0.0000173739	0.000000005310
11	101331121	103959635	935	40	-0.0000277947	0.000000009780
11	103959636	104873283	274	22	0.0000460478	0.000000003396
11	104873284	106520893	431	40	0.0000603672	0.000000006684
11	106520894	107844199	438	40	-0.0000432287	0.000000006420
11	107844200	108437036	113	10	0.0000199903	0.000000001638
11	108437037	109866115	327	39	0.0000294198	0.000000005503
11	109866116	111114396	471	40	0.0000009405	0.000000006718
11	111114397	112459487	343	36	-0.0000263383	0.000000004574
11	112459488	114257727	704	40	0.0000263415	0.000000010468
11	114257728	114830665	198	25	0.0000503379	0.000000003651
11	114830666	116383347	636	40	0.0000526989	0.000000010803
11	116383348	117747109	477	40	0.0000607203	0.000000009625
11	117747110	119215475	389	40	0.0000217760	0.000000006699
11	119215476	120766805	567	40	0.0000124385	0.000000009742
11	120766806	121175942	180	23	0.0000097599	0.000000002976
11	121175943	122591909	440	40	-0.0000293552	0.000000007163
11	122591910	123500116	374	40	-0.0000062299	0.000000006627
11	123500117	124495527	412	40	-0.0000140320	0.000000005033
11	124495528	126311319	639	40	0.0000387919	0.000000010626
11	126311320	127316678	537	40	0.0000351920	0.000000008429
11	127316679	128188536	298	40	0.0000278270	0.000000004938
11	128188537	130342574	784	40	0.0000373897	0.000000010608
11	130342575	131074611	351	40	0.0000403496	0.000000006510
11	131074612	133000045	1057	40	0.0000956100	0.000000011348
11	133000046	134205992	497	40	-0.0000287486	0.000000008854
11	134205993	134946451	377	40	0.0000459068	0.000000007107
12	61107	1080330	251	40	0.0000382396	0.000000005130
12	1080331	2544785	458	40	-0.0000013340	0.000000007742
12	2544786	3677036	455	40	-0.0000265686	0.000000007786
12	3677037	4417678	361	40	-0.0000171718	0.000000006144
12	4417679	5321471	444	40	-0.0000096007	0.000000007657
12	5321472	6419752	500	40	0.0000249170	0.000000008866
12	6419753	8377535	385	40	0.0000415798	0.000000007396
12	8377536	9031394	99	17	0.0000148381	0.000000001994
12	9031395	10481533	442	40	0.0000396462	0.000000007796
12	10481534	11754845	290	40	0.0000443548	0.000000004885
12	11754846	12733527	410	40	0.0000397975	0.000000008122
12	12733528	15241483	954	40	0.0000564842	0.000000010851
12	15241484	16310459	242	35	-0.0000227351	0.000000003611
12	16310460	18087872	532	40	0.0000344985	0.000000009109
12	18087873	20863942	868	40	0.0000327849	0.000000010550
12	20863943	23820633	969	40	0.0000481350	0.000000010745
12	23820634	25371082	676	40	-0.0000153381	0.000000009938
12	25371083	27799772	908	40	0.0000577828	0.000000010867
12	27799773	29651254	647	40	-0.0000003107	0.000000008850
12	29651255	30512405	445	40	0.0000375100	0.000000006939
12	30512406	32165591	559	40	0.0000704305	0.000000009890
12	32165592	33076988	348	40	0.0000935126	0.000000006700
12	33076989	37856716	339	23	0.0000547663	0.000000004674
12	37856717	39227168	128	7	0.0000282186	0.000000002023
12	39227169	40816184	453	40	0.0000254817	0.000000006665
12	40816185	41658585	298	33	-0.0000169791	0.000000003865
12	41658586	43984473	852	40	0.0000713012	0.000000011039
12	43984474	46024228	446	40	0.0000816131	0.000000006812
12	46024229	47714792	443	40	0.0000474300	0.000000007045
12	47714793	49001865	437	40	0.0000630916	0.000000007487
12	49001866	51776493	472	40	0.0001131272	0.000000008020
12	51776494	53039003	489	40	0.0000820129	0.000000008415
12	53039004	54778822	449	40	0.0000836644	0.000000007991
12	54778823	55665836	227	33	0.0000067370	0.000000003703
12	55665837	57548859	292	40	0.0000007174	0.000000004534
12	57548860	59308665	396	40	-0.0000019524	0.000000005327
12	59308666	61123728	433	39	-0.0000378689	0.000000005417
12	61123729	64032460	902	40	-0.0000399802	0.000000009625
12	64032461	65559694	344	40	0.0000287043	0.000000005857
12	65559695	67181143	479	40	0.0000485977	0.000000007930
12	67181144	67909728	313	40	-0.0000131770	0.000000004095
12	67909729	69826541	767	40	0.0000225462	0.000000010419
12	69826542	70957986	454	40	0.0000809545	0.000000007187
12	70957987	72645074	486	40	0.0000351597	0.000000007517
12	72645075	73818453	291	30	0.0000034922	0.000000004186
12	73818454	76511313	733	40	0.0000350495	0.000000010578
12	76511314	78570569	710	40	0.0000659669	0.000000010971
12	78570570	80448149	391	40	-0.0000162817	0.000000005509
12	80448150	81467766	271	33	0.0001116443	0.000000005355
12	81467767	83502665	526	40	0.0000020300	0.000000007238
12	83502666	84303843	225	27	-0.0000037943	0.000000002542
12	84303844	85990425	378	34	0.0000095527	0.000000004464
12	85990426	89682121	724	40	0.0000591321	0.000000009544
12	89682122	92066154	580	40	-0.0000038004	0.000000007063
12	92066155	94514566	865	40	0.0000478809	0.000000010741
12	94514567	96020784	629	40	0.0000412946	0.000000010495
12	96020785	97108838	401	40	0.0000359334	0.000000007182
12	97108839	99305986	881	40	-0.0000224339	0.000000009848
12	99305987	101447640	607	40	0.0000385527	0.000000009952
12	101447641	101862689	126	16	0.0000037373	0.000000002075
12	101862690	102964985	241	37	0.0000213268	0.000000004492
12	102964986	104848695	659	40	0.0000123704	0.000000009620
12	104848696	106436212	806	40	0.0000308220	0.000000010525
12	106436213	106958747	213	32	0.0000291416	0.000000003846
12	106958748	109025900	661	40	0.0000235527	0.000000009721
12	109025901	110336718	282	40	0.0000330453	0.000000004984
12	110336719	113263517	269	32	0.0000382965	0.000000004708
12	113263518	113986708	162	25	0.0000390713	0.000000003166
12	113986709	115036601	497	40	0.0000138354	0.000000008016
12	115036602	115503215	162	33	0.0000248546	0.000000003328
12	115503216	117087470	720	40	0.0000358086	0.000000010588
12	117087471	118135374	421	40	0.0000719611	0.000000008389
12	118135375	119754109	644	40	0.0001208465	0.000000011668
12	119754110	122007650	495	40	0.0000102221	0.000000008193
12	122007651	124977979	510	40	0.0000422300	0.000000008680
12	124977980	126445504	580	40	0.0000635524	0.000000010940
12	126445505	127875097	619	40	-0.0000260932	0.000000009172
12	127875098	129237296	670	40	0.0000308325	0.000000010525
12	129237297	130377920	642	40	0.0000191470	0.000000010376
12	130377921	131786750	691	40	-0.0000024058	0.000000010102
12	131786751	132807033	255	39	0.0000295743	0.000000004476
12	132807034	133841510	120	21	0.0000148865	0.000000002236
13	19020013	20686719	245	34	0.0000545379	0.000000004651
13	20686720	22242173	537	40	0.0000447215	0.000000009219
13	22242174	23594701	661	40	-0.0000272752	0.000000009786
13	23594702	24531936	464	40	0.0000572858	0.000000008486
13	24531937	25784361	576	40	0.0000176705	0.000000010073
13	25784362	27284361	500	40	-0.0000180887	0.000000007529
13	27284362	29257550	788	40	0.0000447663	0.000000010702
13	29257551	30483266	467	40	0.0000246339	0.000000007504
13	30483267	32301814	724	40	-0.0000001325	0.000000010131
13	32301815	33776902	503	40	-0.0000091120	0.000000007582
13	33776903	35026463	443	40	0.0000165506	0.000000007058
13	35026464	36046366	211	30	0.0000575846	0.000000004227
13	36046367	37498184	593	40	0.0000012533	0.000000009580
13	37498185	38878162	499	40	0.0001070093	0.000000008105
13	38878163	41069262	813	40	0.0000262772	0.000000010467
13	41069263	43101026	571	40	0.0000614579	0.000000009127
13	43101027	44901408	764	40	-0.0000072893	0.000000010040
13	44901409	46495213	491	40	0.0000030855	0.000000007940
13	46495214	47431078	325	40	0.0000096438	0.000000005192
13	47431079	49383961	590	40	0.0000437588	0.000000009328
13	49383962	51591090	670	40	0.0000547678	0.000000010585
13	51591091	53339621	397	40	0.0001047214	0.000000007954
13	53339622	54682863	505	40	0.0000901505	0.000000008944
13	54682864	55817130	310	36	0.0000116907	0.000000004269
13	55817131	57554216	293	22	0.0000168814	0.000000003368
13	57554217	58410625	195	20	0.0000080965	0.000000002391
13	58410626	59302270	204	21	-0.0000142853	0.000000002329
13	59302271	60854777	545	40	0.0000464776	0.000000008389
13	60854778	61591948	278	34	-0.0000199482	0.000000003908
13	61591949	63971558	618	40	-0.0000261713	0.000000008765
13	63971559	65200601	296	31	-0.0000014859	0.000000003397
13	65200602	67844452	762	40	0.0000579370	0.000000010869
13	67844453	70724515	866	40	0.0000772936	0.000000011115
13	70724516	71526790	315	40	0.0000289410	0.000000005457
13	71526791	73934088	809	40	0.0000626896	0.000000010930
13	73934089	75670142	711	40	0.0000271702	0.000000010478
13	75670143	77410554	738	40	0.0000663661	0.000000010976
13	77410555	78808812	398	40	0.0000007529	0.000000005543
13	78808813	80585675	553	40	0.0001249221	0.000000009588
13	80585676	82581813	592	40	0.0000646781	0.000000009777
13	82581814	84133143	383	35	0.0000822043	0.000000005224
13	84133144	85610915	404	40	0.0000352464	0.000000006062
13	85610916	88559881	728	40	0.0000331593	0.000000009884
13	88559882	90521310	459	40	0.0000595722	0.000000006613
13	90521311	93129690	834	40	-0.0000223504	0.000000009849
13	93129691	93586454	118	16	-0.0000074552	0.000000001913
13	93586455	96087557	1134	40	-0.0000056086	0.000000010062
13	96087558	97519209	335	37	0.0001017807	0.000000006522
13	97519210	98938918	418	40	0.0000402470	0.000000007804
13	98938919	100574094	720	40	0.0000537096	0.000000010815
13	100574095	102300522	723	40	0.0000505347	0.000000010775
13	102300523	104066709	857	40	0.0000227760	0.000000010422
13	104066710	104844113	306	40	0.0000232244	0.000000005182
13	104844114	106247553	614	40	0.0001111481	0.000000011545
13	106247554	106749999	266	40	0.0000652855	0.000000005090
13	106750000	108189876	596	40	-0.0000202236	0.000000009876
13	108189877	109121209	426	40	0.0000270012	0.000000007636
13	109121210	109815111	309	40	0.0000087991	0.000000005201
13	109815112	111232072	610	40	0.0000822498	0.000000011178
13	111232073	112247591	415	40	0.0000501812	0.000000007728
13	112247592	113572487	423	40	0.0000020153	0.000000007319
13	113572488	115109852	283	40	0.0000239108	0.000000005050
14	19002084	21589401	469	40	0.0000120858	0.000000008926
14	21589402	23018664	572	40	-0.0000139843	0.000000009569
14	23018665	24905122	509	40	0.0000020460	0.000000008798
14	24905123	26135685	510	40	0.0000009764	0.000000007224
14	26135686	28466532	686	40	0.0000277246	0.000000010485
14	28466533	29972144	374	40	0.0000077459	0.000000005854
14	29972145	32383264	543	40	0.0000489937	0.000000009537
14	32383265	34846250	1209	40	0.0000605088	0.000000010902
14	34846251	35859592	215	27	-0.0000183434	0.000000003224
14	35859593	38667724	828	40	0.0000515463	0.000000010788
14	38667725	40341989	502	40	0.0001062242	0.000000008682
14	40341990	41615501	346	31	0.0000513528	0.000000004732
14	41615502	43137388	403	36	0.0001598006	0.000000007480
14	43137389	44543226	350	40	-0.0000200490	0.000000005441
14	44543227	46081895	352	40	-0.0000001854	0.000000005228
14	46081896	46749129	186	16	0.0000182512	0.000000002239
14	46749130	48573585	569	40	0.0001259574	0.000000010332
14	48573586	49005470	108	13	-0.0000154588	0.000000001289
14	49005471	50507759	441	40	0.0000414855	0.000000007658
14	50507760	51493571	283	39	-0.0000369786	0.000000004540
14	51493572	53474382	782	40	0.0000082464	0.000000010238
14	53474383	53997830	168	19	-0.0000123700	0.000000002313
14	53997831	55233680	431	40	0.0000418221	0.000000007844
14	55233681	56216879	257	25	0.0000273492	0.000000004105
14	56216880	57481261	643	40	0.0000653932	0.000000010964
14	57481262	59448335	663	40	0.0000323910	0.000000010545
14	59448336	61680423	549	40	0.0000767270	0.000000008571
14	61680424	63790014	763	40	0.0000014888	0.000000010152
14	63790015	65220297	284	32	-0.0000115720	0.000000004458
14	65220298	66399554	360	40	0.0000466250	0.000000006327
14	66399555	67992316	377	32	0.0000982474	0.000000005367
14	67992317	71131956	1097	40	0.0000335977	0.000000010560
14	71131957	72889614	646	40	0.0000768115	0.000000010824
14	72889615	76444766	953	40	0.0001603616	0.000000012171
14	76444767	77229471	338	40	0.0000134747	0.000000005826
14	77229472	78561944	529	40	0.0000855922	0.000000009677
14	78561945	80186578	583	40	-0.0000113825	0.000000009095
14	80186579	81579713	478	40	0.0000611213	0.000000008251
14	81579714	83138096	453	40	0.0000777531	0.000000007835
14	83138097	84241632	374	40	0.0000095536	0.000000005796
14	84241633	85746318	455	40	0.0000796267	0.000000008385
14	85746319	86647001	298	35	-0.0000284357	0.000000004345
14	86647002	87635340	301	39	0.0000537843	0.000000005509
14	87635341	89497642	553	40	0.0000179942	0.000000007906
14	89497643	91296859	641	40	0.0000665433	0.000000010978
14	91296860	93132298	581	40	0.0000299647	0.000000010087
14	93132299	94325284	368	40	0.0001354454	0.000000007535
14	94325285	95750866	771	40	0.0000026599	0.000000010167
14	95750867	96262414	351	40	-0.0000014684	0.000000005555
14	96262415	98341161	809	40	0.0000438581	0.000000010690
14	98341162	99138531	360	40	0.0000788864	0.000000006292
14	99138532	101534306	811	40	0.0000172982	0.000000010353
14	101534307	103012101	373	40	0.0000591311	0.000000007295
14	103012102	105001722	420	40	0.0000224096	0.000000006829
14	105001723	106340357	133	27	-0.0000079369	0.000000002349
14	106340358	107289453	37	5	0.0000213805	0.000000000933
15	20001200	21131603	5	2	-0.0000041176	0.000000000048
15	21131604	24195126	270	40	0.0000390794	0.000000005424
15	24195127	25108589	187	27	0.0000237261	0.000000003354
15	25108590	27298111	815	40	0.0000297847	0.000000010511
15	27298112	29338501	448	40	0.0000363505	0.000000008018
15	29338502	30165567	274	40	0.0000115642	0.000000004711
15	30165568	31591820	254	40	-0.0000133480	0.000000004335
15	31591821	32441810	244	35	0.0000629771	0.000000004678
15	32441811	34015424	662	40	0.0000204015	0.000000010392
15	34015425	35083250	344	40	0.0000460289	0.000000006198
15	35083251	37456501	895	40	0.0000142559	0.000000010314
15	37456502	38530776	339	40	-0.0000395771	0.000000005213
15	38530777	40384131	716	40	0.0000360515	0.000000010591
15	40384132	41177513	182	25	0.0000262281	0.000000003507
15	41177514	42776398	311	39	0.0000281968	0.000000005467
15	42776399	44198048	188	15	-0.0000201553	0.000000002214
15	44198049	46618786	424	40	0.0000357395	0.000000006573
15	46618787	48136047	560	40	0.0001048746	0.000000009577
15	48136048	50008042	404	40	0.0000357429	0.000000006209
15	50008043	51677559	523	40	0.0000549541	0.000000008234
15	51677560	53069095	326	34	0.0000267857	0.000000004783
15	53069096	54508527	617	40	-0.0000111646	0.000000009382
15	54508528	55136268	230	30	0.0000055577	0.000000004313
15	55136269	56901772	470	40	0.0000414806	0.000000008833
15	56901773	58441365	571	40	0.0000200290	0.000000010245
15	58441366	59694115	441	40	0.0000387447	0.000000008818
15	59694116	61265835	625	40	0.0000236447	0.000000010433
15	61265836	63215221	809	40	0.0000526706	0.000000010802
15	63215222	65104667	407	40	0.0000840711	0.000000007611
15	65104668	67094766	540	40	0.0000093958	0.000000009298
15	67094767	69017998	614	40	0.0000215397	0.000000010000
15	69017999	70133340	280	40	0.0000351582	0.000000005132
15	70133341	71922648	679	40	-0.0000052116	0.000000010067
15	71922649	73628713	323	30	0.0000196633	0.000000004512
15	73628714	76398623	460	40	0.0000966087	0.000000009006
15	76398624	78516052	466	40	0.0000465913	0.000000007014
15	78516053	80860977	854	40	0.0000285445	0.000000010496
15	80860978	84260467	807	40	0.0000190405	0.000000010375
15	84260468	86652904	637	40	0.0000665324	0.000000010978
15	86652905	88369942	736	40	-0.0000047317	0.000000010073
15	88369943	90475550	620	40	0.0000294617	0.000000010507
15	90475551	92164391	525	40	0.0000430498	0.000000010334
15	92164392	93780901	768	40	0.0000004718	0.000000010139
15	93780902	94924329	554	40	0.0000197772	0.000000010364
15	94924330	96141595	560	40	0.0000280336	0.000000010489
15	96141596	98030909	724	40	0.0000233271	0.000000010429
15	98030910	99244058	549	40	0.0000178722	0.000000010360
15	99244059	100636846	495	40	0.0000375647	0.000000009453
15	100636847	101552693	368	40	-0.0000086257	0.000000006617
15	101552694	102520965	397	40	-0.0000047899	0.000000007394
16	60054	1207205	217	40	-0.0000068819	0.000000004034
16	1207206	2764828	242	40	0.0000945274	0.000000005340
16	2764829	4001195	222	40	-0.0000229018	0.000000003992
16	4001196	5118344	274	40	0.0000108954	0.000000005430
16	5118345	5891579	333	40	0.0000084912	0.000000006389
16	5891580	6893550	679	40	0.0000315558	0.000000010534
16	6893551	7529120	472	40	0.0000718917	0.000000009726
16	7529121	8338518	526	40	0.0000387139	0.000000010137
16	8338519	9799418	656	40	0.0000705031	0.000000011029
16	9799419	10426031	361	38	0.0000864636	0.000000006914
16	10426032	11520160	393	40	0.0000007026	0.000000007302
16	11520161	12613097	354	40	0.0000325867	0.000000007160
16	12613098	13154436	292	40	0.0001062921	0.000000006236
16	13154437	14464001	520	40	0.0000330867	0.000000009132
16	14464002	16154059	258	37	-0.0000234663	0.000000004025
16	16154060	17644748	354	40	-0.0000192017	0.000000006017
16	17644749	18643606	171	27	0.0000183107	0.000000003326
16	18643607	20150570	335	40	0.0000416442	0.000000006345
16	20150571	22448903	343	40	0.0000952274	0.000000006641
16	22448904	24136874	453	40	0.0000056309	0.000000007547
16	24136875	25986861	682	40	0.0000434297	0.000000010685
16	25986862	27445754	605	40	-0.0000062221	0.000000010054
16	27445755	29036612	277	37	0.0000401509	0.000000004590
16	29036613	31382942	191	27	0.0001423494	0.000000005039
16	31382943	46399472	103	15	0.0000253229	0.000000001987
16	46399473	49007925	262	31	0.0000636324	0.000000004424
16	49007926	52035822	1031	40	0.0000237309	0.000000010434
16	52035823	53382571	434	40	0.0001065598	0.000000007431
16	53382572	55903773	1016	40	0.0000304028	0.000000010519
16	55903774	57664329	514	40	0.0000855706	0.000000009738
16	57664330	59045404	397	40	0.0000828174	0.000000008081
16	59045405	60745693	482	40	0.0001057713	0.000000009244
16	60745694	62229848	353	40	0.0000286453	0.000000005271
16	62229849	63691588	435	40	0.0000798648	0.000000008023
16	63691589	65938565	780	40	-0.0000051227	0.000000010068
16	65938566	68841362	547	40	0.0001325978	0.000000010193
16	68841363	71054027	322	37	0.0000486000	0.000000005888
16	71054028	72935149	352	35	0.0000302764	0.000000006039
16	72935150	74971502	738	40	0.0000995263	0.000000011398
16	74971503	75977953	201	27	0.0000226005	0.000000003723
16	75977954	77523677	637	40	0.0000588780	0.000000010881
16	77523678	78456291	610	40	0.0000313208	0.000000010531
16	78456292	79134814	548	40	-0.0000241418	0.000000009826
16	79134815	80297373	755	40	-0.0000238178	0.000000009830
16	80297374	81772535	691	40	0.0000421076	0.000000010668
16	81772536	82747727	550	40	0.0001275068	0.000000011753
16	82747728	83477207	584	40	0.0000357226	0.000000010587
16	83477208	84445882	647	40	0.0000132434	0.000000010301
16	84445883	85148684	385	40	0.0000433860	0.000000008006
16	85148685	86156598	448	40	0.0000043365	0.000000008746
16	86156599	86815410	508	40	-0.0000237904	0.000000009668
16	86815411	87647348	334	40	-0.0000117977	0.000000006293
16	87647349	89041164	296	40	0.0000063760	0.000000005675
16	89041165	90292811	200	27	0.0000958591	0.000000005095
17	56	1172398	291	40	-0.0000084612	0.000000005447
17	1172399	1928730	188	38	0.0001075627	0.000000004820
17	1928731	3702311	527	40	0.0000479429	0.000000009726
17	3702312	4696260	261	40	-0.0000465263	0.000000004076
17	4696261	5741333	286	40	0.0000130161	0.000000005154
17	5741334	7317397	522	40	0.0000101855	0.000000009958
17	7317398	8306424	198	36	0.0000210307	0.000000003985
17	8306425	9965920	591	40	-0.0000268822	0.000000009791
17	9965921	11102814	424	40	0.0000148774	0.000000007644
17	11102815	12534768	522	40	0.0000254796	0.000000009603
17	12534769	13180371	271	40	0.0000570393	0.000000005611
17	13180372	13894636	356	40	0.0000202824	0.000000006781
17	13894637	15019096	589	40	-0.0000180266	0.000000009782
17	15019097	16412341	273	40	0.0000232516	0.000000005001
17	16412342	18856319	447	40	0.0000514593	0.000000007622
17	18856320	21290356	328	40	0.0000352288	0.000000005597
17	21290357	27334243	415	40	-0.0000013983	0.000000007032
17	27334244	29786490	406	36	0.0000265177	0.000000005163
17	29786491	31538424	500	40	-0.0000134362	0.000000008095
17	31538425	32912797	792	40	0.0000424318	0.000000010672
17	32912798	34469035	418	40	0.0000247502	0.000000006960
17	34469036	36809343	448	40	0.0000280627	0.000000007994
17	36809344	38877403	307	40	0.0000478634	0.000000005737
17	38877404	39899809	252	30	0.0000158145	0.000000003576
17	39899810	41772086	266	35	-0.0000156375	0.000000003439
17	41772087	43056904	262	33	0.0000049574	0.000000004063
17	43056905	45876021	275	40	0.0000355278	0.000000004592
17	45876022	47517399	428	40	0.0000367209	0.000000006545
17	47517400	49898956	669	40	0.0000077696	0.000000010232
17	49898957	50719054	284	27	0.0000383427	0.000000004507
17	50719055	51826117	302	34	0.0000219308	0.000000004319
17	51826118	53599431	585	40	0.0000418391	0.000000009750
17	53599432	55357540	577	40	0.0000127595	0.000000009198
17	55357541	57487511	591	40	0.0000363786	0.000000010108
17	57487512	59312754	219	22	0.0000222302	0.000000002832
17	59312755	61545588	399	40	0.0000399196	0.000000006909
17	61545589	63148127	240	30	-0.0000185180	0.000000003262
17	63148128	64800429	566	40	0.0000440047	0.000000009291
17	64800430	67858769	812	40	0.0000151957	0.000000010326
17	67858770	69387816	570	40	-0.0000052586	0.000000008868
17	69387817	72672202	1326	40	-0.0000115146	0.000000009987
17	72672203	74375559	260	40	0.0000139420	0.000000004822
17	74375560	76263412	659	40	0.0000081625	0.000000010237
17	76263413	77298635	401	40	0.0000456989	0.000000008420
17	77298636	78837587	486	40	0.0000692597	0.000000009307
17	78837588	80034407	184	38	0.0000731919	0.000000004324
17	80034408	81194907	215	30	0.0000676653	0.000000004314
18	10644	912485	360	40	0.0000105459	0.000000006577
18	912486	1942910	359	40	0.0000253949	0.000000005593
18	1942911	3891657	710	40	0.0000072095	0.000000010225
18	3891658	5834179	761	40	0.0000545612	0.000000010826
18	5834180	7090484	514	40	0.0000879869	0.000000010154
18	7090485	8498930	555	40	0.0000862771	0.000000010396
18	8498931	11075912	1177	40	-0.0000030207	0.000000010095
18	11075913	11905439	246	40	0.0000548091	0.000000004937
18	11905440	14440798	678	40	0.0000113191	0.000000010277
18	14440799	19485843	139	15	0.0000031426	0.000000002007
18	19485844	20649471	284	34	0.0000038347	0.000000004392
18	20649472	22996650	742	40	0.0000428958	0.000000010678
18	22996651	24026190	300	34	0.0000293367	0.000000005401
18	24026191	25927681	756	40	-0.0000055385	0.000000010063
18	25927682	26875586	243	26	0.0000622989	0.000000004246
18	26875587	27866477	266	27	0.0000236705	0.000000003877
18	27866478	30264065	791	40	-0.0000305660	0.000000009745
18	30264066	31780066	328	35	0.0001132395	0.000000006021
18	31780067	33861963	540	40	0.0001197708	0.000000009320
18	33861964	35075249	452	40	0.0000304156	0.000000007578
18	35075250	36365489	478	40	-0.0000220841	0.000000006021
18	36365490	37684366	339	33	-0.0000170504	0.000000004187
18	37684367	39892647	753	40	0.0000332687	0.000000010190
18	39892648	42922105	889	40	0.0000132281	0.000000010301
18	42922106	44299245	610	40	0.0000637525	0.000000010618
18	44299246	45939731	565	40	-0.0000060976	0.000000008999
18	45939732	47730583	681	40	0.0000362021	0.000000010593
18	47730584	51062184	1115	40	0.0000873691	0.000000011243
18	51062185	51554174	172	15	0.0000529235	0.000000002939
18	51554175	55213837	1051	40	0.0001596117	0.000000012161
18	55213838	56530219	536	40	-0.0000157680	0.000000009019
18	56530220	57630482	560	40	-0.0000013954	0.000000009709
18	57630483	59020750	373	40	0.0000468701	0.000000006735
18	59020751	60277714	501	40	0.0000194451	0.000000008148
18	60277715	61820251	500	40	0.0000123444	0.000000007835
18	61820252	63463401	505	40	0.0000205461	0.000000007392
18	63463402	64252800	233	22	0.0000177869	0.000000003359
18	64252801	66125816	705	40	0.0000114188	0.000000010278
18	66125817	67175819	310	40	-0.0000225959	0.000000005005
18	67175820	68621178	437	40	0.0000526444	0.000000008265
18	68621179	69621617	377	40	0.0000720015	0.000000007054
18	69621618	71038473	548	40	0.0000669699	0.000000009806
18	71038474	71971461	474	40	0.0000612523	0.000000009408
18	71971462	73526986	619	40	-0.0000197244	0.000000009882
18	73526987	74813814	567	40	0.0000887549	0.000000011098
18	74813815	75976316	574	40	-0.0000179551	0.000000009438
18	75976317	77149990	401	40	0.0000468293	0.000000006613
18	77149991	78017157	242	36	-0.0000130605	0.000000003875
19	80840	610728	85	23	0.0000087153	0.000000001756
19	610729	2098395	227	40	0.0000314817	0.000000004863
19	2098396	3019659	193	40	0.0000849184	0.000000004835
19	3019660	4348966	221	40	-0.0000179559	0.000000004014
19	4348967	5811851	332	40	-0.0000382798	0.000000005836
19	5811852	6684884	170	36	0.0000051519	0.000000003240
19	6684885	8347512	383	40	0.0000091015	0.000000007085
19	8347513	9238392	150	34	0.0000387622	0.000000003122
19	9238393	11284027	330	40	-0.0000042825	0.000000004934
19	11284028	13471126	306	40	0.0000055717	0.000000005160
19	13471127	14486346	174	36	0.0000241866	0.000000003360
19	14486347	15648609	285	40	0.0000314902	0.000000005206
19	15648610	16374415	283	39	0.0000428625	0.000000004645
19	16374416	18409861	378	40	-0.0000325637	0.000000006596
19	18409862	19877470	226	39	0.0000446875	0.000000004466
19	19877471	20905756	122	20	0.0000172613	0.000000002387
19	20905757	22732895	283	35	0.0000048412	0.000000003981
19	22732896	23467745	121	13	0.0000246685	0.000000001958
19	23467746	28557892	259	27	-0.0000417610	0.000000002826
19	28557893	29790946	449	40	-0.0000061139	0.000000006912
19	29790947	30727953	323	40	0.0000892139	0.000000006484
19	30727954	32746519	623	40	0.0000416201	0.000000010560
19	32746520	34262951	418	40	-0.0000310818	0.000000006858
19	34262952	36469294	525	40	0.0000044060	0.000000008930
19	36469295	37527032	180	18	0.0000600307	0.000000002989
19	37527033	40170618	494	40	0.0000361285	0.000000008055
19	40170619	40984600	156	24	0.0000333042	0.000000002972
19	40984601	42131572	222	40	0.0000810335	0.000000004806
19	42131573	43862454	124	19	0.0000314100	0.000000002466
19	43862455	44744107	234	39	-0.0000032757	0.000000003616
19	44744108	46102696	272	40	0.0000828894	0.000000005878
19	46102697	47150081	212	40	0.0000598699	0.000000004598
19	47150082	49282226	460	40	-0.0000136160	0.000000007647
19	49282227	51532566	441	40	0.0000337127	0.000000008491
19	51532567	52985289	524	40	-0.0000236584	0.000000008573
19	52985290	54602361	427	40	-0.0000013085	0.000000008006
19	54602362	55728079	251	40	0.0000166428	0.000000004776
19	55728080	57521334	543	40	0.0001127463	0.000000011261
19	57521335	59118838	407	40	0.0000583816	0.000000007751
20	60479	697599	233	40	-0.0000354588	0.000000003853
20	697600	2469500	911	40	-0.0000034956	0.000000010089
20	2469501	3828412	402	40	0.0000711765	0.000000007913
20	3828413	5477849	731	40	-0.0000164211	0.000000009924
20	5477850	7084072	688	40	-0.0000236004	0.000000009833
20	7084073	8117010	393	40	0.0000245271	0.000000005926
20	8117011	9730920	721	40	0.0000207250	0.000000010396
20	9730921	11249535	689	40	-0.0000117211	0.000000009984
20	11249536	12447498	488	40	0.0000122500	0.000000007044
20	12447499	13689863	528	40	-0.0000101335	0.000000008218
20	13689864	15958358	956	40	-0.0000036122	0.000000010087
20	15958359	17487231	887	40	0.0000244037	0.000000010443
20	17487232	18972202	561	40	0.0000364597	0.000000009418
20	18972203	20959709	833	40	0.0000100861	0.000000010261
20	20959710	22491455	393	39	0.0000598188	0.000000005828
20	22491456	23293789	340	40	-0.0000229077	0.000000004900
20	23293790	24717723	488	40	0.0000017963	0.000000007397
20	24717724	25344230	186	20	0.0000261593	0.000000002902
20	25344231	31614822	482	40	0.0002025736	0.000000008953
20	31614823	32813440	223	28	-0.0000160209	0.000000003233
20	32813441	34960445	338	26	-0.0000339970	0.000000003569
20	34960446	36909529	438	40	0.0000080640	0.000000006363
20	36909530	38436760	462	40	0.0000195241	0.000000006812
20	38436761	39610855	447	40	0.0000038102	0.000000007503
20	39610856	40585688	242	31	-0.0000032434	0.000000003858
20	40585689	41615459	564	40	0.0000617696	0.000000010593
20	41615460	42680175	362	40	-0.0000078485	0.000000006202
20	42680176	44839055	604	40	0.0000794452	0.000000010553
20	44839056	47199979	981	40	0.0000301690	0.000000010516
20	47199980	49239657	658	40	0.0001377087	0.000000011822
20	49239658	52472548	1267	40	0.0000788245	0.000000011135
20	52472549	54055265	586	40	0.0000183620	0.000000010163
20	54055266	56447958	1077	40	0.0000508392	0.000000010779
20	56447959	58406571	820	40	0.0000039975	0.000000010184
20	58406572	59561723	533	40	-0.0000111885	0.000000008346
20	59561724	61301854	676	40	0.0000594665	0.000000010889
20	61301855	62190179	255	40	0.0000580112	0.000000005381
20	62190180	62965162	166	30	0.0001039843	0.000000004351
21	9411243	15950981	257	40	0.0000067124	0.000000004549
21	15950982	18053164	634	40	0.0000376921	0.000000010612
21	18053165	19480374	421	40	0.0000267765	0.000000007795
21	19480375	20962338	583	40	-0.0000152471	0.000000009939
21	20962339	22072763	350	40	0.0001155346	0.000000007323
21	22072764	23362874	510	40	-0.0000069878	0.000000007792
21	23362875	24696230	350	40	0.0000194231	0.000000005719
21	24696231	26469121	637	40	0.0000721403	0.000000010704
21	26469122	27271018	208	25	-0.0000026248	0.000000003302
21	27271019	29125225	833	40	0.0000562776	0.000000010848
21	29125226	31197024	655	40	0.0000368681	0.000000009505
21	31197025	32668641	419	40	0.0000218869	0.000000005751
21	32668642	34376998	600	40	0.0000044911	0.000000009763
21	34376999	35225464	240	40	0.0000466558	0.000000004894
21	35225465	36524372	520	40	0.0000460210	0.000000009905
21	36524373	37870778	485	40	0.0000242665	0.000000007945
21	37870779	38711703	283	37	0.0001260216	0.000000005618
21	38711704	40482901	799	40	0.0000320757	0.000000010541
21	40482902	41389526	451	40	0.0001156134	0.000000008254
21	41389527	43321527	912	40	0.0000093822	0.000000010252
21	43321528	44506267	574	40	-0.0000050827	0.000000009743
21	44506268	46177104	472	40	-0.0000278384	0.000000008176
21	46177105	47492225	439	40	0.0000203178	0.000000007591
21	47492226	48119751	140	20	0.0000347190	0.000000002890
22	16050408	17674294	183	34	0.0000077347	0.000000003413
22	17674295	18296087	243	40	-0.0000052279	0.000000004277
22	18296088	19912357	460	40	0.0000250784	0.000000008260
22	19912358	22357324	496	40	-0.0000239759	0.000000007151
22	22357325	23712646	283	40	0.0000031689	0.000000004807
22	23712647	24984203	312	40	0.0000623979	0.000000005356
22	24984204	26791627	675	40	0.0000352078	0.000000010580
22	26791628	27834751	707	40	-0.0000030744	0.000000010094
22	27834752	29651798	540	40	0.0000551222	0.000000010183
22	29651799	31439917	431	40	0.0000706696	0.000000007522
22	31439918	32664985	289	30	0.0000787312	0.000000005503
22	32664986	34494913	880	40	0.0000357979	0.000000010588
22	34494914	35530984	482	40	0.0000185409	0.000000006699
22	35530985	37570268	727	40	-0.0000088246	0.000000010021
22	37570269	39307893	445	40	0.0000607179	0.000000008712
22	39307894	40545796	296	40	0.0000496799	0.000000005922
22	40545797	42690817	379	30	-0.0000033023	0.000000005048
22	42690818	43714199	335	40	0.0000100326	0.000000005924
22	43714200	44995307	633	40	0.0000051943	0.000000010199
22	44995308	46470494	562	40	0.0000639675	0.000000010946
22	46470495	47596317	406	40	0.0000687528	0.000000008166
22	47596318	48903702	726	40	-0.0000285896	0.000000009770
22	48903703	49824533	592	40	-0.0000319945	0.000000009726
22	49824534	51243297	317	40	0.0000473196	0.000000006296
