chr	start	end	num_snp	k	local_rho	var
1	10583	1892606	97	18	-0.0000160014	0.0000000213
1	1892607	3582735	438	40	-0.0000238120	0.0000000651
1	3582736	4380810	273	40	-0.0000148734	0.0000000381
1	4380811	5913892	869	40	-0.0001967978	0.0000000703
1	5913893	7247334	430	40	0.0000255210	0.0000000496
1	7247335	9365198	700	40	-0.0001317790	0.0000000737
1	9365199	10806983	352	40	-0.0000861386	0.0000000407
1	10806984	11777840	258	40	-0.0001296482	0.0000000305
1	11777841	12779465	283	40	0.0003069709	0.0000000376
1	12779466	14891510	618	40	-0.0000028163	0.0000000776
1	14891511	16897729	691	40	0.0002741414	0.0000000752
1	16897730	18662898	666	40	-0.0002873580	0.0000000789
1	18662899	20469148	717	40	-0.0002191797	0.0000000743
1	20469149	21736587	461	40	0.0000444346	0.0000000540
1	21736588	23086882	523	40	0.0001286550	0.0000000635
1	23086883	23920589	223	28	0.0003450983	0.0000000258
1	23920590	25516844	521	40	-0.0001045416	0.0000000641
1	25516845	27401866	413	40	0.0001080951	0.0000000420
1	27401867	30161880	553	40	-0.0001044464	0.0000000548
1	30161881	32438684	935	40	-0.0002042798	0.0000000715
1	32438685	34799757	676	40	-0.0000771304	0.0000000710
1	34799758	37549182	552	40	0.0002712038	0.0000000611
1	37549183	38731846	374	40	-0.0000672749	0.0000000434
1	38731847	40200566	447	40	-0.0000724547	0.0000000563
1	40200567	41975326	557	40	0.0000776474	0.0000000636
1	41975327	43758456	543	40	0.0000077280	0.0000000569
1	43758457	44969182	371	35	-0.0002250204	0.0000000371
1	44969183	46899500	458	38	-0.0005173893	0.0000000456
1	46899501	48002575	298	33	-0.0001283580	0.0000000274
1	48002576	48978187	344	40	0.0000174196	0.0000000371
1	48978188	49894176	247	28	0.0000299508	0.0000000266
1	49894177	51713725	260	25	-0.0001920325	0.0000000206
1	51713726	54226261	563	40	0.0002135576	0.0000000662
1	54226262	56413116	838	40	0.0001925950	0.0000000712
1	56413117	57021727	271	31	0.0000596959	0.0000000341
1	57021728	58865398	847	40	0.0001036872	0.0000000691
1	58865399	59890408	383	40	0.0003826751	0.0000000426
1	59890409	61922364	672	40	-0.0001466025	0.0000000689
1	61922365	63455088	533	40	0.0000318860	0.0000000602
1	63455089	65041703	659	40	-0.0002174707	0.0000000581
1	65041704	66939403	650	40	0.0001422090	0.0000000642
1	66939404	68477894	687	40	-0.0001031459	0.0000000607
1	68477895	69687615	388	40	-0.0000911403	0.0000000418
1	69687616	71372469	520	40	-0.0000481590	0.0000000523
1	71372470	71684404	82	10	-0.0001051432	0.0000000090
1	71684405	74326906	559	40	-0.0002337142	0.0000000469
1	74326907	76728134	728	40	0.0001971930	0.0000000577
1	76728135	79661197	947	40	-0.0000429875	0.0000000662
1	79661198	81354190	475	40	-0.0001524987	0.0000000529
1	81354191	83991747	973	40	0.0002326565	0.0000000717
1	83991748	84844494	314	35	0.0001106361	0.0000000309
1	84844495	86454750	652	40	0.0002089943	0.0000000647
1	86454751	88128630	572	40	-0.0000210066	0.0000000605
1	88128631	90066302	523	40	0.0002108468	0.0000000559
1	90066303	91886316	559	40	-0.0000891603	0.0000000605
1	91886317	93536458	509	40	0.0001316002	0.0000000503
1	93536459	94506190	255	26	0.0000831814	0.0000000250
1	94506191	96150892	651	40	-0.0000546901	0.0000000697
1	96150893	97885248	606	40	0.0002264103	0.0000000546
1	97885249	99800603	643	40	0.0001237119	0.0000000605
1	99800604	100826404	339	37	-0.0000280304	0.0000000332
1	100826405	102041015	447	40	-0.0001647893	0.0000000429
1	102041016	102898744	279	37	-0.0000339425	0.0000000351
1	102898745	103914210	200	21	-0.0000032214	0.0000000237
1	103914211	106087841	455	40	0.0001158311	0.0000000444
1	106087842	108409664	728	40	0.0000071590	0.0000000688
1	108409665	110303930	566	40	-0.0001422655	0.0000000677
1	110303931	111741736	572	40	-0.0001371961	0.0000000683
1	111741737	113273305	721	40	0.0000139590	0.0000000721
1	113273306	114873844	512	40	-0.0000142796	0.0000000531
1	114873845	115880592	345	37	-0.0000443001	0.0000000326
1	115880593	118839066	837	40	0.0004334413	0.0000000744
1	118839067	144977493	568	40	0.0000924744	0.0000000578
1	144977494	148361252	432	40	-0.0000883850	0.0000000408
1	148361253	151538880	350	34	0.0001269572	0.0000000389
1	151538881	153180828	468	40	0.0000550846	0.0000000431
1	153180829	154770402	460	40	0.0001865620	0.0000000536
1	154770403	156336132	307	38	0.0003787196	0.0000000416
1	156336133	158027411	597	40	-0.0001901110	0.0000000672
1	158027412	159913047	684	40	-0.0000554042	0.0000000773
1	159913048	162346720	876	40	0.0000399213	0.0000000764
1	162346721	165191701	1198	40	0.0001137479	0.0000000721
1	165191702	166460516	533	40	0.0000553818	0.0000000561
1	166460517	169086323	1106	40	0.0001633473	0.0000000695
1	169086324	170557775	560	40	-0.0000249858	0.0000000471
1	170557776	173097906	902	40	-0.0001674984	0.0000000794
1	173097907	175089767	412	32	-0.0000478238	0.0000000279
1	175089768	177433380	785	40	-0.0001043082	0.0000000735
1	177433381	178944308	492	40	-0.0002198101	0.0000000457
1	178944309	178954469	2	1	0.0000019808	-0.0000000000
1	178954470	181144120	751	40	0.0001990741	0.0000000688
1	181144121	182755355	601	40	-0.0001417940	0.0000000693
1	182755356	184595512	630	40	0.0000887153	0.0000000587
1	184595513	186810022	525	40	-0.0002171983	0.0000000517
1	186810023	188759944	620	40	0.0000526506	0.0000000571
1	188759945	189904129	219	17	-0.0000762457	0.0000000156
1	189904130	191868929	538	40	0.0000593882	0.0000000453
1	191868930	194107441	584	40	0.0001733105	0.0000000566
1	194107442	196176200	581	40	0.0001095194	0.0000000483
1	196176201	197311513	196	16	-0.0000233885	0.0000000162
1	197311514	199239883	504	40	0.0001795750	0.0000000522
1	199239884	200137648	301	36	-0.0000913079	0.0000000345
1	200137649	201589974	710	40	0.0000483300	0.0000000720
1	201589975	203334733	618	40	0.0003830427	0.0000000814
1	203334734	204681067	485	40	-0.0002559328	0.0000000568
1	204681068	206073264	577	40	0.0001021151	0.0000000705
1	206073265	208410363	634	40	-0.0000835420	0.0000000737
1	208410364	210787749	932	40	0.0001947250	0.0000000710
1	210787750	212842329	698	40	0.0000375377	0.0000000740
1	212842330	214578265	612	40	0.0000587936	0.0000000814
1	214578266	216243633	593	40	0.0001471148	0.0000000649
1	216243634	218705512	1085	40	-0.0004162302	0.0000000711
1	218705513	219590570	282	34	0.0000676558	0.0000000272
1	219590571	221858230	690	40	-0.0000233924	0.0000000688
1	221858231	222230219	174	21	0.0000046616	0.0000000192
1	222230220	224938519	467	40	0.0000055910	0.0000000517
1	224938520	226810859	520	40	0.0001071215	0.0000000542
1	226810860	229156247	695	40	-0.0001443070	0.0000000690
1	229156248	230685254	530	40	0.0000245770	0.0000000683
1	230685255	232090251	589	40	-0.0001283388	0.0000000710
1	232090252	233429283	607	40	-0.0000819860	0.0000000759
1	233429284	234599433	536	40	0.0001103390	0.0000000619
1	234599434	235819435	385	40	0.0000518748	0.0000000488
1	235819436	237555627	734	40	0.0000624981	0.0000000727
1	237555628	238567806	430	40	-0.0001378862	0.0000000495
1	238567807	239925313	491	40	-0.0000714840	0.0000000544
1	239925314	240564090	343	40	0.0000972717	0.0000000404
1	240564091	241582219	519	40	-0.0001892869	0.0000000740
1	241582220	242071601	220	38	-0.0000667851	0.0000000328
1	242071602	244109498	622	40	0.0002809802	0.0000000675
1	244109499	245506745	519	40	0.0000486904	0.0000000721
1	245506746	247344517	711	40	-0.0001421208	0.0000000729
1	247344518	249239465	400	40	-0.0002249332	0.0000000477
2	10133	1781021	664	40	-0.0002341775	0.0000000716
2	1781022	3973778	968	40	-0.0003051797	0.0000000726
2	3973779	5708336	632	40	-0.0001044735	0.0000000711
2	5708337	6836253	567	40	-0.0000452527	0.0000000638
2	6836254	8422146	655	40	0.0001197357	0.0000000731
2	8422147	10298468	674	40	0.0000421701	0.0000000699
2	10298469	12419149	974	40	0.0001829208	0.0000000721
2	12419150	14335307	595	40	-0.0000707184	0.0000000634
2	14335308	16329734	748	40	0.0000768571	0.0000000654
2	16329735	18647422	861	40	-0.0001273699	0.0000000697
2	18647423	19692403	384	40	-0.0000025112	0.0000000412
2	19692404	21050489	636	40	0.0001125261	0.0000000716
2	21050490	23341382	622	40	-0.0000339629	0.0000000682
2	23341383	24686917	442	40	-0.0002095514	0.0000000520
2	24686918	26894984	560	40	0.0000671188	0.0000000663
2	26894985	28598776	417	33	0.0005208044	0.0000000611
2	28598777	29217558	247	32	0.0000072689	0.0000000303
2	29217559	30463710	636	40	0.0000128022	0.0000000708
2	30463711	31550449	531	40	0.0002008424	0.0000000689
2	31550450	33363776	495	40	-0.0000670207	0.0000000628
2	33363777	35345027	805	40	-0.0000082897	0.0000000657
2	35345028	36122005	291	30	-0.0002930139	0.0000000314
2	36122006	38132711	932	40	-0.0002203683	0.0000000796
2	38132712	39031336	326	38	-0.0000504180	0.0000000435
2	39031337	40281482	303	32	0.0001634152	0.0000000398
2	40281483	43309589	1312	40	0.0000221192	0.0000000742
2	43309590	44313802	403	40	-0.0003642900	0.0000000643
2	44313803	46482633	1073	40	0.0005373810	0.0000000737
2	46482634	47318771	419	40	0.0000256227	0.0000000644
2	47318772	48213000	301	40	-0.0002016741	0.0000000507
2	48213001	50022256	716	40	0.0004142868	0.0000000695
2	50022257	50818927	345	34	0.0001131479	0.0000000418
2	50818928	52491132	648	40	0.0000781589	0.0000000739
2	52491133	53508451	466	40	-0.0001413784	0.0000000520
2	53508452	54685225	436	40	0.0001950047	0.0000000530
2	54685226	56203344	614	40	0.0000699832	0.0000000726
2	56203345	57429099	428	40	0.0001751040	0.0000000511
2	57429100	58297314	272	29	-0.0000965145	0.0000000342
2	58297315	60291999	741	40	-0.0001112143	0.0000000683
2	60292000	62429043	587	40	0.0000504408	0.0000000707
2	62429044	64625912	583	40	0.0001263148	0.0000000691
2	64625913	65933443	464	40	-0.0000883855	0.0000000536
2	65933444	67226165	555	40	0.0000964765	0.0000000549
2	67226166	68010175	423	40	-0.0000467174	0.0000000441
2	68010176	69139563	471	40	0.0000654152	0.0000000567
2	69139564	70755197	535	40	0.0000952592	0.0000000568
2	70755198	73174847	802	40	-0.0003395339	0.0000000685
2	73174848	75630085	722	40	0.0002047812	0.0000000772
2	75630086	76913660	515	40	-0.0001371440	0.0000000581
2	76913661	78079263	394	40	0.0000314306	0.0000000535
2	78079264	80050402	826	40	-0.0002668717	0.0000000690
2	80050403	81620840	579	40	-0.0000430215	0.0000000669
2	81620841	85140679	891	40	0.0003054740	0.0000000581
2	85140680	88038506	634	40	0.0002120170	0.0000000627
2	88038507	89154525	245	30	0.0002955481	0.0000000337
2	89154526	95326451	4	2	-0.0000081359	0.0000000004
2	95326452	98995200	428	40	-0.0001573705	0.0000000459
2	98995201	101822328	907	40	0.0001545711	0.0000000673
2	101822329	102688764	261	30	0.0000030311	0.0000000238
2	102688765	103588214	406	36	-0.0000887114	0.0000000359
2	103588215	105125033	304	40	-0.0001166073	0.0000000309
2	105125034	106210057	407	40	0.0000149266	0.0000000437
2	106210058	107408266	444	40	-0.0003344150	0.0000000441
2	107408267	108429176	355	40	0.0000080152	0.0000000323
2	108429177	110572431	530	40	-0.0000203480	0.0000000501
2	110572432	113921855	799	40	0.0000377860	0.0000000766
2	113921856	116772469	758	40	0.0001688665	0.0000000670
2	116772470	118367465	397	37	0.0001638313	0.0000000399
2	118367466	121303782	995	40	0.0004048814	0.0000000712
2	121303783	123302905	578	40	0.0001181907	0.0000000669
2	123302906	124732249	430	40	0.0000712931	0.0000000389
2	124732250	125840920	381	40	0.0000457339	0.0000000391
2	125840921	127373763	409	37	-0.0000444384	0.0000000362
2	127373764	128034346	287	40	0.0002368401	0.0000000365
2	128034347	129474440	433	40	0.0002214436	0.0000000520
2	129474441	130067169	223	26	-0.0002764996	0.0000000265
2	130067170	130658084	204	26	0.0000280306	0.0000000210
2	130658085	133042783	214	35	-0.0000827275	0.0000000326
2	133042784	135158577	916	40	-0.0000167032	0.0000000749
2	135158578	137042793	457	40	0.0000903263	0.0000000424
2	137042794	138698116	595	40	-0.0000184690	0.0000000647
2	138698117	140100270	434	40	-0.0000583931	0.0000000380
2	140100271	141805350	569	40	0.0002424155	0.0000000628
2	141805351	142518601	299	33	-0.0001124465	0.0000000352
2	142518602	144519483	657	40	0.0000215522	0.0000000641
2	144519484	146445569	440	40	-0.0001459373	0.0000000470
2	146445570	147277161	151	15	0.0000012417	0.0000000188
2	147277162	150210291	661	40	0.0002720548	0.0000000632
2	150210292	151731461	474	40	0.0001765750	0.0000000496
2	151731462	152486781	286	29	0.0001703589	0.0000000328
2	152486782	154005055	481	40	0.0000778191	0.0000000489
2	154005056	155391134	486	40	0.0000554540	0.0000000529
2	155391135	157560634	554	40	-0.0001045472	0.0000000572
2	157560635	158533217	172	25	0.0001124366	0.0000000237
2	158533218	159577081	331	39	-0.0000511158	0.0000000399
2	159577082	161769732	721	40	0.0002502331	0.0000000701
2	161769733	163503550	390	36	0.0000777404	0.0000000356
2	163503551	164466637	193	23	0.0001720621	0.0000000224
2	164466638	165178839	177	21	-0.0001468929	0.0000000260
2	165178840	167160269	630	40	-0.0000198943	0.0000000584
2	167160270	167355969	73	10	0.0000466717	0.0000000107
2	167355970	169968235	832	40	-0.0001105470	0.0000001658
2	169968236	171226244	491	40	0.0000791554	0.0000000528
2	171226245	173138904	576	40	0.0001501856	0.0000000655
2	173138905	175588928	842	40	-0.0000549798	0.0000000732
2	175588929	177363635	534	40	0.0003439874	0.0000000582
2	177363636	178553182	475	40	0.0000777501	0.0000000425
2	178553183	181312738	1009	40	0.0003574342	0.0000000706
2	181312739	182266030	298	32	0.0000749693	0.0000000316
2	182266031	184357607	615	40	0.0000232984	0.0000000619
2	184357608	185280172	232	25	0.0000457602	0.0000000235
2	185280173	189882064	956	40	0.0002665239	0.0000000722
2	189882065	191973356	502	40	0.0000911564	0.0000000532
2	191973357	195861163	716	40	0.0000771112	0.0000000712
2	195861164	196447455	153	20	-0.0000690110	0.0000000205
2	196447456	198078109	447	40	-0.0001644362	0.0000000392
2	198078110	199311124	304	26	0.0000179727	0.0000000259
2	199311125	201576283	628	40	0.0001517353	0.0000000619
2	201576284	202818636	316	39	-0.0001067184	0.0000000336
2	202818637	205799240	746	40	-0.0001460464	0.0000000709
2	205799241	206735703	404	40	-0.0000071861	0.0000000507
2	206735704	208645398	657	40	-0.0001243783	0.0000000735
2	208645399	209941528	334	40	-0.0000907231	0.0000000400
2	209941529	212379517	740	40	-0.0000549257	0.0000000708
2	212379518	214014281	627	40	0.0002159041	0.0000000788
2	214014282	215573794	444	40	-0.0001178118	0.0000000479
2	215573795	217715660	796	40	0.0001870848	0.0000000695
2	217715661	218395479	276	36	-0.0002312271	0.0000000357
2	218395480	220454550	594	40	0.0000821604	0.0000000612
2	220454551	222521175	854	40	-0.0001539029	0.0000000671
2	222521176	224859418	789	40	0.0001243603	0.0000000695
2	224859419	225840003	350	36	0.0001218987	0.0000000347
2	225840004	228119841	737	40	0.0000290812	0.0000000630
2	228119842	229370786	454	40	-0.0000318357	0.0000000424
2	229370787	231843388	933	40	0.0000152356	0.0000000682
2	231843389	233550002	466	40	0.0003414353	0.0000000543
2	233550003	235150986	797	40	0.0000119593	0.0000000707
2	235150987	236043549	417	40	-0.0001692021	0.0000000519
2	236043550	237449031	471	40	0.0001893526	0.0000000568
2	237449032	238760980	536	40	0.0001351896	0.0000000599
2	238760981	239952642	413	40	0.0000794658	0.0000000483
2	239952643	241560083	654	40	0.0000568842	0.0000000706
2	241560084	242149920	216	29	0.0002160794	0.0000000264
2	242149921	243188919	130	16	-0.0000082755	0.0000000238
3	60157	1441778	620	40	0.0000394643	0.0000000695
3	1441779	2992119	897	40	-0.0000825920	0.0000000664
3	2992120	4431646	771	40	0.0000366766	0.0000000713
3	4431647	6083182	775	40	-0.0000010870	0.0000000697
3	6083183	7083386	430	40	0.0001818468	0.0000000530
3	7083387	8648560	861	40	0.0002896890	0.0000000659
3	8648561	9543182	489	40	-0.0001378376	0.0000000697
3	9543183	11019664	594	40	-0.0000939796	0.0000000742
3	11019665	13070798	738	40	0.0001143271	0.0000000792
3	13070799	14816899	790	40	-0.0002041886	0.0000000692
3	14816900	16282441	532	40	-0.0000235225	0.0000000675
3	16282442	17891117	500	40	0.0001275165	0.0000000512
3	17891118	19125143	342	40	-0.0003056069	0.0000000394
3	19125144	20091347	196	25	0.0000582634	0.0000000262
3	20091348	21643706	638	40	-0.0002035544	0.0000000687
3	21643707	22204243	381	40	-0.0002550375	0.0000000440
3	22204244	23804864	529	40	-0.0000921099	0.0000000651
3	23804865	25461557	747	40	-0.0000431742	0.0000000744
3	25461558	26877768	469	40	-0.0000780152	0.0000000498
3	26877769	27840909	273	31	0.0000366746	0.0000000339
3	27840910	29142259	449	40	0.0000601574	0.0000000512
3	29142260	30717954	686	40	0.0001738557	0.0000000739
3	30717955	32351714	659	40	0.0000725686	0.0000000698
3	32351715	33255591	276	40	-0.0000393422	0.0000000407
3	33255592	35283457	583	40	-0.0002513978	0.0000000597
3	35283458	36486841	409	40	-0.0001036346	0.0000000444
3	36486842	38356115	596	40	-0.0000767890	0.0000000622
3	38356116	40221297	659	40	-0.0000878356	0.0000000648
3	40221298	41064527	149	15	-0.0000687046	0.0000000186
3	41064528	42540001	450	40	-0.0000186324	0.0000000464
3	42540002	45165152	707	40	0.0001498013	0.0000000726
3	45165153	46657499	516	40	0.0001051332	0.0000000516
3	46657500	47727211	176	17	-0.0000496032	0.0000000213
3	47727212	49316971	257	15	0.0000737928	0.0000000191
3	49316972	51832014	440	25	0.0001677568	0.0000000287
3	51832015	54081389	609	40	0.0001765489	0.0000000655
3	54081390	55348859	664	40	0.0001514991	0.0000000712
3	55348860	56433906	370	40	0.0003672280	0.0000000430
3	56433907	58157518	542	40	0.0000670622	0.0000000609
3	58157519	60272905	975	40	-0.0000332022	0.0000000745
3	60272906	62355665	982	40	0.0000064794	0.0000000716
3	62355666	63669285	671	40	-0.0000897481	0.0000000724
3	63669286	65273537	760	40	-0.0001059354	0.0000000748
3	65273538	66270446	345	40	0.0002943660	0.0000000499
3	66270447	68286913	639	40	-0.0001352891	0.0000000783
3	68286914	69276761	367	40	-0.0000179212	0.0000000465
3	69276762	70449027	391	40	-0.0002714293	0.0000000525
3	70449028	72529328	793	40	0.0002990661	0.0000000762
3	72529329	74321816	721	40	-0.0001191140	0.0000000726
3	74321817	75704948	273	31	0.0000837031	0.0000000317
3	75704949	77508834	485	40	0.0002315375	0.0000000567
3	77508835	79024540	407	40	0.0001766603	0.0000000533
3	79024541	81427309	489	40	0.0004133938	0.0000000390
3	81427310	82643885	295	27	0.0000196585	0.0000000280
3	82643886	84367478	313	32	-0.0001367815	0.0000000325
3	84367479	85582230	253	22	-0.0000248810	0.0000000245
3	85582231	87409731	453	40	-0.0001492892	0.0000000410
3	87409732	88298372	189	19	-0.0000512940	0.0000000219
3	88298373	94255315	463	40	0.0000010478	0.0000000422
3	94255316	95311970	216	18	0.0001266794	0.0000000165
3	95311971	98215949	567	40	-0.0001685554	0.0000000504
3	98215950	99373761	330	39	0.0001718312	0.0000000308
3	99373762	100592216	332	28	0.0000251799	0.0000000310
3	100592217	103084959	659	40	0.0000779536	0.0000000630
3	103084960	104581612	413	40	0.0003307770	0.0000000418
3	104581613	106982810	711	40	0.0003103391	0.0000000682
3	106982811	109522394	763	40	-0.0001177907	0.0000000752
3	109522395	110513769	252	25	0.0000584060	0.0000000201
3	110513770	112815698	695	40	-0.0000604262	0.0000000671
3	112815699	113947862	376	40	0.0002413064	0.0000000404
3	113947863	115447079	406	40	-0.0001226979	0.0000000523
3	115447080	116800152	523	40	-0.0001666191	0.0000000588
3	116800153	118530250	569	40	0.0001172154	0.0000000649
3	118530251	120523054	668	40	0.0002520009	0.0000000575
3	120523055	121974096	390	37	0.0002278586	0.0000000384
3	121974097	123517767	529	40	0.0002317641	0.0000000616
3	123517768	124936641	628	40	0.0001281002	0.0000000671
3	124936642	126214942	386	40	0.0001988733	0.0000000391
3	126214943	128194860	672	40	0.0001066048	0.0000000692
3	128194861	130244734	437	40	-0.0004023747	0.0000000430
3	130244735	131836515	546	40	0.0000785180	0.0000000519
3	131836516	133252172	516	40	-0.0000582151	0.0000000501
3	133252173	135456905	864	40	-0.0000296019	0.0000000684
3	135456906	137371082	441	38	0.0001613723	0.0000000378
3	137371083	139954596	843	40	0.0002406475	0.0000000664
3	139954597	141339096	478	40	-0.0002547925	0.0000000522
3	141339097	143164627	624	40	0.0000600615	0.0000000675
3	143164628	144410815	389	40	-0.0002355602	0.0000000436
3	144410816	145664618	354	40	-0.0001950223	0.0000000329
3	145664619	146726628	336	40	0.0001133469	0.0000000393
3	146726629	149043236	682	40	0.0000551848	0.0000000731
3	149043237	150252003	425	40	0.0001892300	0.0000000501
3	150252004	151348729	367	40	0.0004552131	0.0000000470
3	151348730	153256570	566	40	-0.0002203807	0.0000000618
3	153256571	154714217	407	40	0.0003052696	0.0000000371
3	154714218	156008699	332	40	0.0000235715	0.0000000350
3	156008700	157312027	453	40	0.0001902397	0.0000000462
3	157312028	159477889	642	40	0.0000397075	0.0000000510
3	159477890	161524503	568	40	0.0001449410	0.0000000456
3	161524504	163253204	473	40	-0.0000137893	0.0000000451
3	163253205	165055468	437	36	-0.0001612640	0.0000000378
3	165055469	167117428	454	40	0.0000855474	0.0000000420
3	167117429	168580959	363	40	0.0001642439	0.0000000346
3	168580960	170964908	719	40	-0.0001145413	0.0000000846
3	170964909	172295730	509	40	0.0001790465	0.0000000589
3	172295731	173477284	385	40	-0.0000682196	0.0000000448
3	173477285	175116538	601	40	-0.0001379918	0.0000000737
3	175116539	176320286	340	40	0.0002296400	0.0000000334
3	176320287	178107164	537	40	0.0000649115	0.0000000653
3	178107165	179374585	386	40	0.0002132643	0.0000000411
3	179374586	181511165	463	40	-0.0001004357	0.0000000512
3	181511166	183769682	668	40	-0.0000899117	0.0000000695
3	183769683	185068254	416	40	-0.0000205134	0.0000000538
3	185068255	186890343	663	40	0.0000523946	0.0000000772
3	186890344	188856213	806	40	0.0000597892	0.0000000764
3	188856214	190226606	628	40	0.0000452410	0.0000000684
3	190226607	192343813	745	40	-0.0001379695	0.0000000669
3	192343814	194059670	514	40	0.0000527405	0.0000000685
3	194059671	194786673	265	40	-0.0001659848	0.0000000398
3	194786674	195971407	230	38	-0.0002010886	0.0000000409
3	195971408	197075986	289	40	-0.0000894658	0.0000000367
3	197075987	197946621	182	29	-0.0002341986	0.0000000241
4	10240	694714	105	12	0.0000141292	0.0000000126
4	694715	1478710	220	25	-0.0000253528	0.0000000330
4	1478711	2842978	267	40	0.0001260647	0.0000000378
4	2842979	3846039	263	39	0.0000200821	0.0000000371
4	3846040	4684115	228	37	-0.0001638088	0.0000000319
4	4684116	5502387	392	40	-0.0000924689	0.0000000526
4	5502388	6773042	686	40	-0.0000308771	0.0000000849
4	6773043	7539691	410	40	0.0000398144	0.0000000646
4	7539692	8152234	357	40	-0.0001335292	0.0000000493
4	8152235	9326478	245	40	0.0000678624	0.0000000407
4	9326479	10699151	512	38	-0.0000054820	0.0000000534
4	10699152	12323033	648	40	-0.0000698171	0.0000000718
4	12323034	14272000	713	40	0.0002335972	0.0000000774
4	14272001	15147445	383	40	0.0002044754	0.0000000472
4	15147446	15927008	250	33	0.0000499652	0.0000000274
4	15927009	17383321	668	40	0.0001126933	0.0000000687
4	17383322	18841873	420	40	0.0001871620	0.0000000486
4	18841874	20544556	470	40	-0.0000319298	0.0000000481
4	20544557	22319346	669	40	0.0002300415	0.0000000686
4	22319347	24135528	606	40	-0.0002829670	0.0000000653
4	24135529	25609321	605	40	-0.0000254541	0.0000000714
4	25609322	27343721	565	40	0.0001946796	0.0000000716
4	27343722	27965867	199	28	-0.0000011621	0.0000000318
4	27965868	29762207	529	40	-0.0001514386	0.0000000540
4	29762208	30454534	158	24	0.0000106834	0.0000000148
4	30454535	31782980	406	40	0.0001353041	0.0000000472
4	31782981	33172765	312	36	-0.0001339044	0.0000000379
4	33172766	35151414	360	32	-0.0000400703	0.0000000347
4	35151415	36020435	273	34	0.0000328948	0.0000000271
4	36020436	37255046	434	40	0.0003528770	0.0000000414
4	37255047	38907021	791	40	0.0000604919	0.0000000761
4	38907022	40202608	400	40	0.0000227576	0.0000000440
4	40202609	42213057	715	40	-0.0001273647	0.0000000735
4	42213058	43965044	528	40	0.0000635422	0.0000000524
4	43965045	45189156	340	38	0.0001781239	0.0000000331
4	45189157	47411895	453	40	0.0000806313	0.0000000413
4	47411896	48123599	221	25	-0.0000027742	0.0000000204
4	48123600	53877432	484	39	0.0000535608	0.0000000424
4	53877433	55429555	536	40	0.0001122674	0.0000000604
4	55429556	56547643	373	40	0.0001818076	0.0000000469
4	56547644	58935007	854	40	0.0001030167	0.0000000690
4	58935008	60741086	454	40	0.0003647304	0.0000000485
4	60741087	62371762	427	40	0.0000648587	0.0000000493
4	62371763	64341000	436	40	0.0003239745	0.0000000478
4	64341001	66600491	504	40	-0.0001316337	0.0000000463
4	66600492	68059496	385	40	0.0000461113	0.0000000407
4	68059497	68854764	246	31	-0.0002854539	0.0000000233
4	68854765	71049151	524	40	-0.0001306286	0.0000000447
4	71049152	72140557	220	27	0.0001352652	0.0000000201
4	72140558	74592389	490	40	0.0002751410	0.0000000471
4	74592390	77130706	734	40	0.0002048735	0.0000000632
4	77130707	79093978	732	40	0.0001655853	0.0000000716
4	79093979	80990296	563	40	0.0002260532	0.0000000464
4	80990297	82125314	245	30	0.0000728637	0.0000000219
4	82125315	83372592	363	40	0.0000647862	0.0000000435
4	83372593	84799655	484	40	0.0001154503	0.0000000541
4	84799656	86930608	592	40	0.0000098185	0.0000000571
4	86930609	87534647	138	18	-0.0000017119	0.0000000238
4	87534648	89238027	570	40	-0.0002184978	0.0000000694
4	89238028	90231563	325	40	-0.0000311550	0.0000000440
4	90231564	91560676	339	40	0.0002203381	0.0000000387
4	91560677	94233298	567	40	0.0002282490	0.0000000641
4	94233299	96182187	607	40	0.0000972392	0.0000000675
4	96182188	97540702	489	40	0.0001729281	0.0000000521
4	97540703	99424066	404	36	0.0001465187	0.0000000390
4	99424067	100678359	412	40	0.0001054593	0.0000000482
4	100678360	103221355	797	40	0.0000731943	0.0000000731
4	103221356	105305293	489	40	0.0000734587	0.0000000473
4	105305294	107501304	583	40	0.0000055399	0.0000000551
4	107501305	108815347	360	40	0.0000135963	0.0000000367
4	108815348	111256566	771	40	0.0000613984	0.0000000700
4	111256567	113870101	721	40	-0.0000501369	0.0000000671
4	113870102	115666245	611	40	0.0001000333	0.0000000707
4	115666246	117276928	336	36	-0.0000977642	0.0000000317
4	117276929	118479917	338	38	-0.0001547587	0.0000000336
4	118479918	119933511	419	40	-0.0000402303	0.0000000377
4	119933512	120392683	148	16	0.0000500211	0.0000000154
4	120392684	122657986	701	40	-0.0001912389	0.0000000681
4	122657987	124286480	382	37	-0.0000844911	0.0000000323
4	124286481	125210861	263	36	0.0000014264	0.0000000277
4	125210862	126480885	387	40	0.0000969808	0.0000000438
4	126480886	127275476	222	31	-0.0001394142	0.0000000270
4	127275477	127830292	163	22	-0.0001092758	0.0000000245
4	127830293	128996664	195	15	-0.0000402045	0.0000000203
4	128996665	130591884	443	40	-0.0000558305	0.0000000427
4	130591885	131283820	183	22	-0.0000804823	0.0000000246
4	131283821	132954032	355	40	-0.0000931446	0.0000000408
4	132954033	134628433	372	40	-0.0002446142	0.0000000352
4	134628434	136566406	425	40	-0.0000986801	0.0000000423
4	136566407	138541970	514	40	0.0000059375	0.0000000570
4	138541971	139556510	353	40	-0.0003310055	0.0000000446
4	139556511	141084630	501	40	0.0000023969	0.0000000612
4	141084631	143443264	717	40	0.0001663753	0.0000000727
4	143443265	146178186	510	40	0.0001545473	0.0000000521
4	146178187	148521872	617	40	0.0002707941	0.0000000647
4	148521873	150683579	528	40	0.0001000154	0.0000000617
4	150683580	152782183	516	40	0.0000548053	0.0000000467
4	152782184	154477640	501	40	0.0002296753	0.0000000613
4	154477641	155056125	205	28	-0.0000270677	0.0000000249
4	155056126	157485096	801	40	-0.0001947956	0.0000000687
4	157485097	158743717	320	40	0.0000180608	0.0000000378
4	158743718	161058863	518	40	0.0002317313	0.0000000499
4	161058864	161826434	264	33	-0.0000283794	0.0000000332
4	161826435	163243678	436	40	0.0002839893	0.0000000492
4	163243679	164478233	330	40	-0.0000648273	0.0000000394
4	164478234	165823447	419	40	-0.0001580999	0.0000000483
4	165823448	167018857	360	40	0.0000484271	0.0000000485
4	167018858	167852916	186	26	0.0001122950	0.0000000219
4	167852917	169676824	578	40	-0.0001234949	0.0000000675
4	169676825	170776509	315	37	-0.0001635903	0.0000000370
4	170776510	172558634	413	40	-0.0001908292	0.0000000488
4	172558635	174264131	393	40	0.0001741612	0.0000000418
4	174264132	176570715	626	40	-0.0002027741	0.0000000771
4	176570716	178991909	825	40	0.0001756653	0.0000000723
4	178991910	180122042	320	40	-0.0001042920	0.0000000440
4	180122043	182066806	806	40	0.0001761396	0.0000000728
4	182066807	183371274	707	40	-0.0001087431	0.0000000693
4	183371275	184929454	587	40	0.0001512952	0.0000000796
4	184929455	186909089	871	40	0.0000183103	0.0000000782
4	186909090	188472980	611	40	0.0003251990	0.0000000803
4	188472981	189693510	409	40	-0.0003105127	0.0000000554
4	189693511	191043593	298	40	-0.0001921116	0.0000000372
5	11940	982251	229	26	-0.0000113615	0.0000000305
5	982252	2132441	453	40	0.0001726208	0.0000000638
5	2132442	3361940	785	40	0.0001582190	0.0000000706
5	3361941	4632109	532	40	-0.0000981208	0.0000000629
5	4632110	5973232	692	40	0.0001189159	0.0000000708
5	5973233	7143217	574	40	0.0000002888	0.0000000665
5	7143218	8446335	585	40	0.0001120323	0.0000000593
5	8446336	9718831	600	40	0.0002038624	0.0000000676
5	9718832	11173270	732	40	-0.0001733450	0.0000000703
5	11173271	13464831	561	40	0.0000747096	0.0000000560
5	13464832	14757803	584	40	0.0001624045	0.0000000636
5	14757804	16963612	753	40	0.0000795012	0.0000000713
5	16963613	18051591	266	40	0.0000959086	0.0000000329
5	18051592	19917715	543	40	-0.0001609378	0.0000000514
5	19917716	22152072	440	40	-0.0001426246	0.0000000408
5	22152073	23494323	404	40	-0.0000033977	0.0000000381
5	23494324	26184850	648	40	-0.0000071470	0.0000000669
5	26184851	26857603	150	22	0.0000458774	0.0000000140
5	26857604	27984512	218	32	0.0000424649	0.0000000261
5	27984513	29714819	401	40	0.0001135988	0.0000000380
5	29714820	31390248	570	40	-0.0002742684	0.0000000560
5	31390249	33500179	811	40	-0.0000720252	0.0000000747
5	33500180	35048969	545	40	0.0000964195	0.0000000607
5	35048970	36433953	476	40	0.0002095917	0.0000000468
5	36433954	38802409	756	40	-0.0001136347	0.0000000729
5	38802410	40287728	533	40	0.0001046902	0.0000000495
5	40287729	41888709	540	40	-0.0000180686	0.0000000437
5	41888710	43983498	407	31	0.0001016667	0.0000000382
5	43983499	50163397	413	31	-0.0001160965	0.0000000326
5	50163398	52134621	556	40	0.0000618876	0.0000000561
5	52134622	53703043	598	40	-0.0002893672	0.0000000592
5	53703044	55417348	590	40	0.0000959000	0.0000000598
5	55417349	56621101	497	40	-0.0002008079	0.0000000593
5	56621102	57340072	265	36	0.0000468658	0.0000000341
5	57340073	58524621	530	40	0.0001801876	0.0000000510
5	58524622	60935906	678	40	0.0001198001	0.0000000609
5	60935907	61672994	266	27	-0.0000500482	0.0000000248
5	61672995	63218986	476	40	0.0001976853	0.0000000428
5	63218987	63968303	174	19	0.0000024119	0.0000000212
5	63968304	65911285	613	40	0.0000696337	0.0000000612
5	65911286	67850859	772	40	-0.0001605558	0.0000000692
5	67850860	71240455	446	40	0.0003659355	0.0000000468
5	71240456	73759325	954	40	-0.0000518745	0.0000000731
5	73759326	75798865	675	40	0.0000152069	0.0000000724
5	75798866	77623331	709	40	0.0000581319	0.0000000741
5	77623332	79393143	648	40	-0.0001485056	0.0000000769
5	79393144	80481470	445	40	-0.0001240717	0.0000000532
5	80481471	82025647	498	40	0.0000413362	0.0000000537
5	82025648	83972688	522	40	0.0001461118	0.0000000620
5	83972689	85767289	491	40	-0.0000190724	0.0000000470
5	85767290	87389990	269	31	-0.0000684201	0.0000000274
5	87389991	88891529	301	32	0.0002332251	0.0000000325
5	88891530	90422653	419	40	-0.0002675856	0.0000000474
5	90422654	91840541	264	32	0.0001286725	0.0000000301
5	91840542	93809983	406	40	-0.0000023607	0.0000000453
5	93809984	95963518	685	40	0.0000072048	0.0000000734
5	95963519	97315600	407	40	0.0000483164	0.0000000371
5	97315601	99260991	480	40	0.0001188220	0.0000000477
5	99260992	101578768	497	40	0.0004170839	0.0000000511
5	101578769	103320004	475	40	-0.0000754197	0.0000000470
5	103320005	104851482	407	40	-0.0000748724	0.0000000422
5	104851483	105893054	165	21	0.0000889843	0.0000000215
5	105893055	107264195	548	40	0.0004982428	0.0000000722
5	107264196	108633933	379	40	0.0001576235	0.0000000491
5	108633934	110821143	622	40	0.0002129169	0.0000000634
5	110821144	111981561	415	40	0.0000363479	0.0000000468
5	111981562	113396284	535	40	0.0001380352	0.0000000594
5	113396285	114830369	512	40	-0.0000344257	0.0000000555
5	114830370	115831046	424	40	0.0000374947	0.0000000465
5	115831047	117346212	544	40	-0.0000919970	0.0000000686
5	117346213	118608819	367	40	-0.0004633966	0.0000000494
5	118608820	119669041	326	38	0.0000007581	0.0000000375
5	119669042	120452165	228	25	0.0001484470	0.0000000303
5	120452166	122556904	655	40	-0.0000857741	0.0000000691
5	122556905	123798099	434	40	0.0001015315	0.0000000517
5	123798100	125785648	822	40	-0.0002245392	0.0000000689
5	125785649	127344603	425	40	0.0002039129	0.0000000455
5	127344604	129519024	645	40	0.0001074652	0.0000000606
5	129519025	132139648	601	40	0.0000944788	0.0000000564
5	132139649	134777400	892	40	-0.0000771667	0.0000000714
5	134777401	136376049	585	40	-0.0000924353	0.0000000536
5	136376050	139265071	686	40	-0.0000498922	0.0000000611
5	139265072	140645970	350	31	0.0000777887	0.0000000290
5	140645971	142981247	914	40	-0.0000323003	0.0000000756
5	142981248	144943353	619	40	0.0000924910	0.0000000579
5	144943354	147181997	730	40	-0.0000412081	0.0000000748
5	147181998	148662623	548	40	0.0001678829	0.0000000601
5	148662624	150561297	841	40	0.0002386406	0.0000000715
5	150561298	152867773	836	40	-0.0001037137	0.0000000706
5	152867774	153773087	425	40	-0.0001582531	0.0000000433
5	153773088	155373504	556	40	-0.0000188506	0.0000000595
5	155373505	156628699	371	40	0.0000384199	0.0000000401
5	156628700	158825697	868	40	0.0000096894	0.0000000690
5	158825698	159973943	413	40	0.0003161452	0.0000000494
5	159973944	161482132	513	40	0.0001944094	0.0000000504
5	161482133	162743907	350	40	0.0002187438	0.0000000377
5	162743908	163771581	376	40	-0.0000240275	0.0000000453
5	163771582	165642394	534	40	-0.0002811229	0.0000000665
5	165642395	166847739	414	40	-0.0000323449	0.0000000604
5	166847740	168525317	763	40	0.0002291787	0.0000000729
5	168525318	169505663	473	40	0.0002184756	0.0000000550
5	169505664	171074291	647	40	-0.0000527287	0.0000000696
5	171074292	172678326	668	40	-0.0000230256	0.0000000713
5	172678327	173642870	491	40	0.0000732837	0.0000000538
5	173642871	175450594	808	40	0.0000308635	0.0000000710
5	175450595	177251506	336	40	-0.0000665045	0.0000000569
5	177251507	178413463	430	40	-0.0000595898	0.0000000582
5	178413464	179401243	353	40	0.0000903777	0.0000000475
5	179401244	180559932	325	40	-0.0000181607	0.0000000420
5	180559933	180885155	42	9	-0.0000299962	0.0000000054
6	73924	1452361	675	40	-0.0000974762	0.0000000762
6	1452362	2458935	433	40	0.0000017871	0.0000000532
6	2458936	3573592	577	40	0.0000650770	0.0000000702
6	3573593	4617816	514	40	0.0001388847	0.0000000587
6	4617817	5791471	589	40	0.0000792973	0.0000000715
6	5791472	6785206	590	40	-0.0000250523	0.0000000708
6	6785207	7808935	511	40	-0.0002365540	0.0000000693
6	7808936	9020025	494	40	-0.0001990938	0.0000000554
6	9020026	10540316	606	40	0.0000099002	0.0000000695
6	10540317	11790815	562	40	0.0001328474	0.0000000688
6	11790816	13209387	590	40	0.0002396093	0.0000000662
6	13209388	14802923	675	40	-0.0001992345	0.0000000752
6	14802924	17386404	986	40	-0.0000895135	0.0000000732
6	17386405	19207486	635	40	0.0002284702	0.0000000596
6	19207487	21684064	1022	40	0.0003998126	0.0000000750
6	21684065	22748306	513	40	0.0000077733	0.0000000629
6	22748307	23936618	487	40	0.0002240498	0.0000000675
6	23936619	24852274	399	40	0.0001776876	0.0000000614
6	24852275	25684586	448	40	-0.0003344626	0.0000000758
6	25684587	26791232	476	35	-0.0004490732	0.0000000919
6	26791233	28017818	277	19	-0.0000778308	0.0000000373
6	28017819	28917607	317	21	-0.0003913854	0.0000000401
6	28917608	29737970	528	31	-0.0000467198	0.0000000527
6	29737971	30798167	910	40	0.0000559890	0.0000000655
6	30798168	31571217	798	40	-0.0001660573	0.0000000685
6	31571218	32682663	699	40	-0.0002280591	0.0000000628
6	32682664	33236496	628	40	-0.0001723082	0.0000000572
6	33236497	35455755	753	40	-0.0000278529	0.0000000762
6	35455756	37572595	817	40	0.0000042680	0.0000000732
6	37572596	39295676	760	40	-0.0000973703	0.0000000721
6	39295677	40345114	400	40	0.0000553539	0.0000000443
6	40345115	42038720	715	40	-0.0000096026	0.0000000755
6	42038721	43756168	449	40	0.0002728401	0.0000000558
6	43756169	45406562	576	40	-0.0006676749	0.0000000789
6	45406563	47311897	760	40	-0.0000935410	0.0000000689
6	47311898	48391124	355	38	-0.0000828739	0.0000000331
6	48391125	50386144	494	40	-0.0000456119	0.0000000383
6	50386145	52210475	620	40	0.0000723507	0.0000000614
6	52210476	53279101	430	40	0.0000674574	0.0000000477
6	53279102	55468269	855	40	0.0000966733	0.0000000672
6	55468270	56105312	211	20	-0.0001153821	0.0000000188
6	56105313	57599464	366	39	-0.0000736847	0.0000000371
6	57599465	61880511	119	9	0.0000765815	0.0000000098
6	61880512	63552887	334	22	0.0000625159	0.0000000270
6	63552888	65765741	444	40	-0.0000019963	0.0000000428
6	65765742	67329214	481	40	0.0000367278	0.0000000477
6	67329215	68849482	461	40	0.0001092055	0.0000000434
6	68849483	69523447	217	26	-0.0001664609	0.0000000254
6	69523448	71609509	741	40	0.0000715602	0.0000000631
6	71609510	73450096	629	40	0.0000139458	0.0000000664
6	73450097	75462002	574	40	0.0000032403	0.0000000542
6	75462003	77414880	447	40	-0.0000105738	0.0000000441
6	77414881	78957727	486	40	0.0000508137	0.0000000380
6	78957728	80691169	580	40	-0.0000055578	0.0000000580
6	80691170	81929221	369	28	-0.0001364529	0.0000000302
6	81929222	83127148	348	40	-0.0001263929	0.0000000325
6	83127149	85209988	555	40	-0.0003915885	0.0000000518
6	85209989	87069499	592	40	0.0001342587	0.0000000455
6	87069500	88822139	540	40	-0.0000536564	0.0000000555
6	88822140	89973051	431	40	-0.0000957338	0.0000000514
6	89973052	91843195	737	40	0.0001276198	0.0000000720
6	91843196	93428643	465	40	0.0000220201	0.0000000511
6	93428644	94118141	281	40	-0.0001998034	0.0000000350
6	94118142	94441174	83	8	0.0001014057	0.0000000101
6	94441175	97093510	614	40	0.0000202825	0.0000000552
6	97093511	97842283	228	26	-0.0000505629	0.0000000220
6	97842284	100630145	787	40	0.0001699394	0.0000000726
6	100630146	102636771	492	40	-0.0000552226	0.0000000546
6	102636772	103983394	331	33	0.0000226045	0.0000000320
6	103983395	106056732	661	40	0.0000583727	0.0000000625
6	106056733	107450305	623	40	0.0001106285	0.0000000740
6	107450306	108464379	351	40	-0.0000100745	0.0000000374
6	108464380	110304246	533	40	0.0000270441	0.0000000550
6	110304247	112345013	614	40	-0.0000521005	0.0000000633
6	112345014	114220832	625	40	-0.0000675379	0.0000000577
6	114220833	116131395	476	40	-0.0000502402	0.0000000429
6	116131396	117672971	468	40	-0.0000513859	0.0000000443
6	117672972	118963114	369	39	0.0000639203	0.0000000370
6	118963115	119963277	320	36	0.0001477610	0.0000000312
6	119963278	120512127	164	18	0.0000092536	0.0000000130
6	120512128	121905675	377	36	-0.0002304389	0.0000000302
6	121905676	123856180	597	40	-0.0000369166	0.0000000503
6	123856181	125424382	596	40	-0.0001092051	0.0000000704
6	125424383	127540460	459	40	0.0001052861	0.0000000627
6	127540461	129861030	611	40	-0.0002131836	0.0000000655
6	129861031	130935453	492	40	-0.0000509131	0.0000000597
6	130935454	132765668	599	40	0.0000009816	0.0000000650
6	132765669	134244242	584	40	0.0000365214	0.0000000578
6	134244243	136224176	583	40	0.0004150975	0.0000000791
6	136224177	137614217	337	40	0.0000751853	0.0000000376
6	137614218	138822628	474	40	-0.0001438601	0.0000000545
6	138822629	139845435	381	40	-0.0001362175	0.0000000458
6	139845436	142288478	526	40	-0.0001380605	0.0000000524
6	142288479	145319809	1031	40	0.0003505853	0.0000000716
6	145319810	146665423	310	26	0.0000332946	0.0000000234
6	146665424	148920351	915	40	0.0002244536	0.0000000678
6	148920352	150253403	515	40	0.0000792593	0.0000000545
6	150253404	151912702	883	40	-0.0001768575	0.0000000740
6	151912703	153094495	556	40	0.0000899584	0.0000000600
6	153094496	154974119	792	40	-0.0000320523	0.0000000842
6	154974120	156763325	723	40	-0.0000973730	0.0000000683
6	156763326	158218718	372	40	0.0002026403	0.0000000589
6	158218719	160580496	1030	40	0.0000679168	0.0000000706
6	160580497	162169563	758	40	0.0001747554	0.0000000682
6	162169564	162931202	372	40	-0.0001977875	0.0000000564
6	162931203	164383520	674	40	0.0001314455	0.0000000757
6	164383521	165586863	535	40	-0.0000703617	0.0000000559
6	165586864	167024732	803	40	0.0001453921	0.0000000703
6	167024733	168042834	421	40	0.0001445978	0.0000000505
6	168042835	169382049	580	40	0.0001014933	0.0000000629
6	169382050	170330172	393	40	-0.0000505808	0.0000000407
6	170330173	171051269	234	30	0.0000859356	0.0000000278
7	16161	972751	88	15	-0.0000393896	0.0000000165
7	972752	1353066	98	16	0.0000269856	0.0000000158
7	1353067	2062397	137	21	0.0001100443	0.0000000251
7	2062398	2772226	216	35	0.0001042724	0.0000000331
7	2772227	4573427	846	40	0.0000506405	0.0000000722
7	4573428	5416231	201	40	-0.0001939357	0.0000000344
7	5416232	5854525	98	16	-0.0000510496	0.0000000133
7	5854526	6573856	140	22	-0.0001193248	0.0000000245
7	6573857	7808751	414	40	0.0002066149	0.0000000563
7	7808752	9123422	723	40	-0.0000424684	0.0000000712
7	9123423	9987498	354	40	0.0003844364	0.0000000457
7	9987499	11299197	467	40	-0.0002438503	0.0000000553
7	11299198	12635460	692	40	-0.0001425942	0.0000000702
7	12635461	13884201	563	40	0.0000868312	0.0000000690
7	13884202	15143656	570	40	-0.0007636383	0.0000001049
7	15143657	16902068	748	40	-0.0000977024	0.0000000734
7	16902069	19481546	1022	40	-0.0000824065	0.0000000713
7	19481547	20124907	228	28	-0.0001185044	0.0000000298
7	20124908	22507628	1191	40	0.0000024204	0.0000000704
7	22507629	23471441	309	40	-0.0000416422	0.0000000413
7	23471442	25077258	697	40	-0.0002267615	0.0000000724
7	25077259	25909554	445	40	-0.0001246144	0.0000000464
7	25909555	28360308	881	40	0.0000828037	0.0000000711
7	28360309	31137288	1239	40	0.0000958277	0.0000000733
7	31137289	33555767	986	40	-0.0000481776	0.0000000708
7	33555768	36213537	1006	40	0.0000844258	0.0000000728
7	36213538	37555183	634	40	-0.0000404031	0.0000000710
7	37555184	38966702	631	40	-0.0000078788	0.0000000615
7	38966703	39862669	313	35	-0.0000433979	0.0000000302
7	39862670	42001810	614	40	0.0000260274	0.0000000688
7	42001811	43159073	401	40	-0.0000875121	0.0000000495
7	43159074	44763827	466	40	0.0004080383	0.0000000653
7	44763828	45952921	352	40	-0.0000204405	0.0000000454
7	45952922	46986719	409	40	-0.0000353969	0.0000000439
7	46986720	49212277	895	40	0.0001112307	0.0000000714
7	49212278	51675321	887	40	-0.0001014432	0.0000000781
7	51675322	53176311	630	40	-0.0000905745	0.0000000613
7	53176312	54222975	372	40	-0.0004407372	0.0000000346
7	54222976	55691583	527	40	-0.0000371577	0.0000000572
7	55691584	57382637	242	28	0.0000374457	0.0000000226
7	57382638	63307358	126	14	0.0001029959	0.0000000185
7	63307359	63641124	53	6	-0.0000674656	0.0000000109
7	63641125	65689808	306	25	0.0000280853	0.0000000310
7	65689809	68234073	704	40	0.0000834311	0.0000000695
7	68234074	69085363	264	39	0.0000779130	0.0000000309
7	69085364	71874884	834	40	-0.0000188179	0.0000000675
7	71874885	73334601	148	22	-0.0001185741	0.0000000206
7	73334602	76458563	349	40	0.0001841449	0.0000000457
7	76458564	78093858	605	40	0.0002546502	0.0000000729
7	78093859	79888068	646	40	0.0001171462	0.0000000669
7	79888069	82022685	715	40	0.0002502003	0.0000000685
7	82022686	83801202	627	40	0.0000406140	0.0000000692
7	83801203	85572181	402	40	0.0000130448	0.0000000391
7	85572182	87825003	564	40	-0.0000563696	0.0000000476
7	87825004	90661783	953	40	0.0002588316	0.0000000768
7	90661784	92493751	425	40	0.0001995561	0.0000000444
7	92493752	93966600	355	40	-0.0000317343	0.0000000434
7	93966601	96073507	691	40	0.0001074975	0.0000000654
7	96073508	97099569	309	40	0.0000077309	0.0000000326
7	97099570	98715473	418	40	-0.0000417370	0.0000000441
7	98715474	100196650	249	26	0.0001297016	0.0000000269
7	100196651	101199252	245	37	-0.0000006433	0.0000000413
7	101199253	103197509	384	40	0.0002086458	0.0000000439
7	103197510	104159524	475	40	-0.0003500282	0.0000000491
7	104159525	105682904	535	40	-0.0000190700	0.0000000576
7	105682905	107780177	743	40	0.0003439696	0.0000000735
7	107780178	109647593	552	40	-0.0001565546	0.0000000557
7	109647594	112618683	829	40	-0.0000972281	0.0000000697
7	112618684	113712386	219	26	0.0000572642	0.0000000248
7	113712387	116780177	709	40	0.0001321282	0.0000000648
7	116780178	118351580	372	38	-0.0000262180	0.0000000304
7	118351581	121045272	438	40	0.0000895439	0.0000000425
7	121045273	121933629	228	28	0.0002425478	0.0000000285
7	121933630	124156804	662	40	-0.0000079980	0.0000000605
7	124156805	124167551	6	2	0.0000223592	0.0000000004
7	124167552	126519169	661	40	-0.0001945632	0.0000000529
7	126519170	126869220	140	18	-0.0000669112	0.0000000132
7	126869221	128778385	592	40	-0.0000106716	0.0000000511
7	128778386	130422413	470	40	-0.0000465559	0.0000000534
7	130422414	132805847	922	40	-0.0000039269	0.0000000716
7	132805848	134307595	441	35	0.0000788264	0.0000000416
7	134307596	135591082	500	40	-0.0001649819	0.0000000559
7	135591083	136876561	408	40	-0.0001372636	0.0000000455
7	136876562	138744678	612	40	0.0000030082	0.0000000769
7	138744679	139933176	330	40	-0.0000624172	0.0000000462
7	139933177	140235209	120	25	-0.0001871767	0.0000000220
7	140235210	141226556	281	32	-0.0003063372	0.0000000293
7	141226557	142656309	444	40	-0.0000134870	0.0000000477
7	142656310	144968288	550	40	-0.0000398744	0.0000000579
7	144968289	146427959	379	40	-0.0002847929	0.0000000448
7	146427960	147815317	571	40	0.0000541347	0.0000000634
7	147815318	149840657	619	40	-0.0001372741	0.0000000710
7	149840658	150711504	308	38	-0.0001054491	0.0000000357
7	150711505	152249805	462	40	0.0001177967	0.0000000806
7	152249806	153674018	464	40	-0.0003665577	0.0000000624
7	153674019	154964729	550	40	-0.0001149226	0.0000000763
7	154964730	156065249	479	40	-0.0001712509	0.0000000679
7	156065250	157634596	521	40	-0.0000467801	0.0000000630
7	157634597	159128574	459	40	-0.0000691911	0.0000000590
8	10422	1044216	396	40	-0.0000207760	0.0000000562
8	1044217	1163244	71	12	-0.0000785854	0.0000000147
8	1163245	2042941	457	40	0.0001079440	0.0000000678
8	2042942	2573278	259	40	0.0002002877	0.0000000360
8	2573279	3392925	595	40	0.0000384804	0.0000000695
8	3392926	3783016	424	40	-0.0001131156	0.0000000548
8	3783017	4480475	670	40	0.0001899919	0.0000000788
8	4480476	5146926	492	40	-0.0000284711	0.0000000711
8	5146927	6142796	755	40	-0.0000361280	0.0000000689
8	6142797	7153078	548	40	0.0001186951	0.0000000756
8	7153079	9154693	554	40	0.0002542347	0.0000000775
8	9154694	9640786	237	25	0.0002235452	0.0000000401
8	9640787	10463196	463	40	-0.0003859922	0.0000000709
8	10463197	11278997	388	40	0.0000870508	0.0000000479
8	11278998	13491774	802	40	0.0000961193	0.0000000701
8	13491775	13944991	252	31	0.0001220336	0.0000000290
8	13944992	15991659	1083	40	-0.0000247873	0.0000000684
8	15991660	17387875	550	40	-0.0000232047	0.0000000686
8	17387876	17836398	271	35	0.0002083994	0.0000000379
8	17836399	19492839	966	40	0.0002339905	0.0000000674
8	19492840	20060855	335	40	-0.0001802743	0.0000000432
8	20060856	21661736	750	40	0.0000145754	0.0000000701
8	21661737	22897056	462	40	0.0002054726	0.0000000739
8	22897057	24674717	656	40	-0.0002647726	0.0000000746
8	24674718	25483453	287	35	-0.0001073984	0.0000000387
8	25483454	26682524	617	40	-0.0000362097	0.0000000702
8	26682525	28162391	737	40	-0.0002542150	0.0000000771
8	28162392	29327895	369	40	-0.0000063511	0.0000000402
8	29327896	31133728	544	40	0.0002267691	0.0000000630
8	31133729	31548359	125	20	-0.0000129273	0.0000000201
8	31548360	32977217	486	40	0.0002557813	0.0000000515
8	32977218	35317231	537	40	0.0001328284	0.0000000462
8	35317232	37379388	359	40	-0.0001959306	0.0000000362
8	37379389	38938805	290	40	0.0002503635	0.0000000401
8	38938806	40703336	583	40	0.0002830222	0.0000000602
8	40703337	41721453	382	40	-0.0002362090	0.0000000527
8	41721454	42773822	192	22	0.0001030269	0.0000000216
8	42773823	46841314	43	7	-0.0000243026	0.0000000052
8	46841315	50082469	395	36	-0.0001363830	0.0000000381
8	50082470	53302929	787	40	0.0000376615	0.0000000631
8	53302930	54418043	344	40	-0.0001445593	0.0000000379
8	54418044	55945580	475	40	-0.0000371916	0.0000000494
8	55945581	56956382	353	40	0.0002070943	0.0000000406
8	56956383	59068650	664	40	0.0002428615	0.0000000666
8	59068651	59728099	275	34	-0.0000877748	0.0000000359
8	59728100	62329098	790	40	-0.0005005528	0.0000000732
8	62329099	63349305	328	35	-0.0001131083	0.0000000290
8	63349306	65232871	516	40	0.0001255716	0.0000000428
8	65232872	66489089	361	40	-0.0001698439	0.0000000387
8	66489090	69863056	864	40	0.0001649840	0.0000000696
8	69863057	70867978	405	40	-0.0001164451	0.0000000462
8	70867979	72289453	440	40	-0.0001416760	0.0000000457
8	72289454	73817198	689	40	-0.0001701622	0.0000000669
8	73817199	75445063	616	40	0.0000946684	0.0000000612
8	75445064	76456541	291	38	-0.0001602050	0.0000000271
8	76456542	79132860	687	40	-0.0002616145	0.0000000669
8	79132861	81956394	803	40	0.0000972002	0.0000000749
8	81956395	82693738	219	33	-0.0001118118	0.0000000278
8	82693739	84225588	416	40	-0.0000745828	0.0000000370
8	84225589	85955618	356	39	0.0001367890	0.0000000327
8	85955619	87411708	267	25	0.0000909045	0.0000000268
8	87411709	89085480	483	40	0.0002827942	0.0000000511
8	89085481	90638161	394	40	0.0000747126	0.0000000414
8	90638162	93554385	674	40	-0.0000749187	0.0000000626
8	93554386	95005526	387	40	0.0001273732	0.0000000400
8	95005527	96534805	625	40	0.0004050920	0.0000000737
8	96534806	99401580	1101	40	-0.0001783748	0.0000000666
8	99401581	101620957	504	40	0.0002491283	0.0000000428
8	101620958	104123305	986	40	-0.0000093025	0.0000000744
8	104123306	104988751	249	24	0.0003077845	0.0000000231
8	104988752	107410753	819	40	0.0001604661	0.0000000715
8	107410754	108648176	470	40	-0.0001996950	0.0000000443
8	108648177	109248172	204	23	-0.0001050547	0.0000000193
8	109248173	110484313	350	31	-0.0000042288	0.0000000320
8	110484314	111850846	287	33	0.0000865427	0.0000000235
8	111850847	113064319	234	19	0.0000826414	0.0000000209
8	113064320	116096494	781	40	0.0002182552	0.0000000580
8	116096495	119685456	1154	40	-0.0003910734	0.0000000724
8	119685457	121201699	527	40	-0.0000882900	0.0000000473
8	121201700	124861458	1337	40	-0.0001274390	0.0000000730
8	124861459	125683718	333	40	-0.0002895938	0.0000000373
8	125683719	126410916	254	40	0.0000565686	0.0000000298
8	126410917	128659110	914	40	0.0000599386	0.0000000713
8	128659111	130381138	674	40	-0.0002782671	0.0000000770
8	130381139	131639624	466	40	0.0001187936	0.0000000484
8	131639625	133351143	759	40	0.0000383271	0.0000000709
8	133351144	134570000	707	40	0.0000464726	0.0000000690
8	134570001	136035604	753	40	-0.0000904283	0.0000000681
8	136035605	137524150	552	40	-0.0000279483	0.0000000564
8	137524151	139254829	738	40	0.0000985269	0.0000000697
8	139254830	140725642	755	40	0.0001165533	0.0000000765
8	140725643	143044913	824	40	-0.0000492849	0.0000000688
8	143044914	144236880	366	40	-0.0000064607	0.0000000380
8	144236881	146303866	338	40	0.0000004434	0.0000000429
9	10023	1079706	575	40	0.0001952899	0.0000000723
9	1079707	1916876	601	40	-0.0001135691	0.0000000709
9	1916877	3190063	765	40	-0.0000416732	0.0000000741
9	3190064	4495327	737	40	0.0000226984	0.0000000767
9	4495328	4884925	229	39	-0.0003277832	0.0000000332
9	4884926	6557588	557	40	-0.0000551164	0.0000000681
9	6557589	7154922	294	38	0.0000010117	0.0000000405
9	7154923	8456298	927	40	0.0001604726	0.0000000733
9	8456299	9166402	400	40	-0.0002766194	0.0000000631
9	9166403	10879252	837	40	0.0003186503	0.0000000752
9	10879253	12276488	463	40	-0.0000577347	0.0000000573
9	12276489	14836362	1262	40	0.0000824579	0.0000000765
9	14836363	16659654	802	40	-0.0000793707	0.0000000773
9	16659655	18661050	938	40	-0.0001437258	0.0000000706
9	18661051	20463533	823	40	0.0002495932	0.0000000740
9	20463534	22206558	685	40	-0.0002004548	0.0000000793
9	22206559	24158517	605	40	0.0000638045	0.0000000781
9	24158518	25330809	295	40	-0.0000065003	0.0000000417
9	25330810	26111756	272	40	0.0000596124	0.0000000447
9	26111757	28224282	948	40	-0.0001643604	0.0000000716
9	28224283	28811583	251	36	-0.0002033507	0.0000000357
9	28811584	30387391	550	40	0.0000851158	0.0000000465
9	30387392	31310382	245	23	0.0001306916	0.0000000282
9	31310383	32019367	206	24	-0.0000155580	0.0000000245
9	32019368	33578333	589	40	0.0001432477	0.0000000691
9	33578334	34642242	285	27	0.0000184595	0.0000000305
9	34642243	36743282	583	40	-0.0003671588	0.0000000647
9	36743283	38641598	720	40	0.0001393446	0.0000000686
9	38641599	65472189	102	21	-0.0000367660	0.0000000173
9	65472190	72512710	563	40	0.0000817542	0.0000000605
9	72512711	72753754	100	10	0.0000559299	0.0000000139
9	72753755	74253039	594	40	0.0000925960	0.0000000667
9	74253040	76203945	571	40	0.0000645911	0.0000000593
9	76203946	76973080	180	22	-0.0000129229	0.0000000165
9	76973081	78900182	803	40	-0.0000079175	0.0000000701
9	78900183	79471207	292	40	-0.0000564233	0.0000000393
9	79471208	81079054	523	40	-0.0000777398	0.0000000650
9	81079055	82590927	630	40	-0.0000757113	0.0000000688
9	82590928	84211232	655	40	-0.0000566970	0.0000000700
9	84211233	85440800	328	40	-0.0001712082	0.0000000434
9	85440801	86938195	635	40	-0.0001630348	0.0000000709
9	86938196	88109332	500	40	0.0000667437	0.0000000487
9	88109333	88590416	113	14	0.0000845605	0.0000000142
9	88590417	90136245	598	40	0.0000028994	0.0000000695
9	90136246	92528697	856	40	-0.0001370080	0.0000000677
9	92528698	94167202	623	40	-0.0000311370	0.0000000709
9	94167203	96671697	789	40	-0.0000329066	0.0000000695
9	96671698	98922039	667	40	0.0002159641	0.0000000626
9	98922040	101592858	860	40	-0.0000315522	0.0000000712
9	101592859	104624436	964	40	0.0002156585	0.0000000728
9	104624437	105967975	567	40	0.0000071523	0.0000000503
9	105967976	107581748	602	40	0.0000367630	0.0000000501
9	107581749	109298753	604	40	0.0001594711	0.0000000657
9	109298754	110695061	571	40	-0.0001024226	0.0000000710
9	110695062	112778023	1099	40	-0.0000376460	0.0000000683
9	112778024	114831081	908	40	0.0003686605	0.0000000749
9	114831082	115693144	314	30	0.0003394424	0.0000000331
9	115693145	117019800	643	40	0.0000296837	0.0000000757
9	117019801	117921959	465	40	-0.0001490967	0.0000000566
9	117921960	121321536	1466	40	-0.0000507305	0.0000000693
9	121321537	122260296	359	40	0.0001831127	0.0000000404
9	122260297	124871321	774	40	-0.0003008624	0.0000000781
9	124871322	126971886	685	40	0.0003207152	0.0000000764
9	126971887	129059664	563	40	-0.0000641261	0.0000000610
9	129059665	130055509	326	40	-0.0002027808	0.0000000407
9	130055510	132165469	500	40	0.0001262584	0.0000000566
9	132165470	133223216	319	40	-0.0000954810	0.0000000436
9	133223217	134127887	340	40	0.0001878130	0.0000000462
9	134127888	135298841	434	40	-0.0000596912	0.0000000485
9	135298842	137041121	657	40	-0.0007143399	0.0000000980
9	137041122	137589363	207	40	0.0001829011	0.0000000387
9	137589364	138938977	627	40	-0.0000678076	0.0000000752
9	138938978	139500341	120	22	0.0002792906	0.0000000238
9	139500342	141144795	241	35	-0.0000325864	0.0000000355
10	60523	751338	125	15	0.0001911062	0.0000000206
10	751339	1523543	341	40	-0.0000369583	0.0000000440
10	1523544	2254499	440	40	-0.0000649829	0.0000000494
10	2254500	3352698	674	40	-0.0002640154	0.0000000696
10	3352699	4572273	619	40	0.0000276424	0.0000000771
10	4572274	5983761	710	40	-0.0000165413	0.0000000762
10	5983762	7171483	746	40	0.0000411096	0.0000000716
10	7171484	8774664	872	40	0.0001581285	0.0000000712
10	8774665	10249395	566	40	0.0002090565	0.0000000594
10	10249396	12586796	1039	40	0.0002956949	0.0000000707
10	12586797	13321599	446	40	0.0001596451	0.0000000638
10	13321600	15026067	950	40	-0.0000710736	0.0000000717
10	15026068	16551766	563	40	-0.0002130728	0.0000000683
10	16551767	18537266	777	40	0.0001412019	0.0000000765
10	18537267	19716877	533	40	0.0001257868	0.0000000596
10	19716878	22772282	992	40	-0.0000485202	0.0000000731
10	22772283	23175131	126	14	0.0000390591	0.0000000232
10	23175132	25578595	771	40	-0.0000399904	0.0000000746
10	25578596	26888683	536	40	-0.0001536744	0.0000000505
10	26888684	29323235	906	40	-0.0002682996	0.0000000697
10	29323236	29783691	268	40	0.0001618509	0.0000000340
10	29783692	30458837	364	40	0.0000630883	0.0000000468
10	30458838	31907518	482	40	-0.0001482742	0.0000000485
10	31907519	33707967	629	40	-0.0001194217	0.0000000586
10	33707968	35109354	501	40	0.0001483568	0.0000000548
10	35109355	36572507	422	40	0.0002859199	0.0000000483
10	36572508	37790028	321	40	0.0001104172	0.0000000308
10	37790029	42372578	199	13	0.0000139346	0.0000000141
10	42372579	43894770	299	34	-0.0000431760	0.0000000329
10	43894771	44730074	292	34	0.0000666945	0.0000000320
10	44730075	48760449	673	40	0.0001302942	0.0000000733
10	48760450	50840914	666	40	-0.0001083427	0.0000000680
10	50840915	53616628	754	40	-0.0002396735	0.0000000809
10	53616629	55103571	683	40	-0.0001159268	0.0000000733
10	55103572	57031139	763	40	0.0000493292	0.0000000757
10	57031140	57662145	178	18	0.0000191514	0.0000000167
10	57662146	58959527	381	25	0.0000169939	0.0000000238
10	58959528	60289986	422	40	0.0001016702	0.0000000357
10	60289987	61891408	591	40	-0.0000907903	0.0000000680
10	61891409	62659678	303	34	0.0001808165	0.0000000356
10	62659679	63341694	161	19	-0.0001489972	0.0000000227
10	63341695	65794113	849	40	0.0000822878	0.0000000796
10	65794114	67549614	481	40	0.0001888145	0.0000000516
10	67549615	69900147	896	40	-0.0002360830	0.0000000690
10	69900148	70195990	118	11	0.0000611399	0.0000000172
10	70195991	72220849	896	40	0.0000459256	0.0000000782
10	72220850	73508511	744	40	0.0001806852	0.0000000734
10	73508512	75422549	440	36	-0.0000013314	0.0000000359
10	75422550	78706813	843	40	-0.0001794172	0.0000000686
10	78706814	80876748	1016	40	-0.0000626861	0.0000000690
10	80876749	82414678	497	40	0.0002157643	0.0000000571
10	82414679	84383744	715	40	-0.0000723004	0.0000000690
10	84383745	85458702	439	40	-0.0000357268	0.0000000379
10	85458703	87937576	980	40	-0.0000469131	0.0000000712
10	87937577	89127063	272	35	0.0001928524	0.0000000353
10	89127064	91013380	729	40	-0.0002462208	0.0000000776
10	91013381	92006580	376	40	0.0001201434	0.0000000434
10	92006581	93335046	447	40	-0.0001773099	0.0000000422
10	93335047	95396367	668	40	0.0001146457	0.0000000717
10	95396368	96221242	264	32	-0.0002098891	0.0000000298
10	96221243	97822356	583	40	-0.0002348671	0.0000000508
10	97822357	100241301	919	40	0.0001349075	0.0000000711
10	100241302	100668399	149	15	0.0000646347	0.0000000155
10	100668400	102949238	767	40	0.0000087047	0.0000000719
10	102949239	104380409	306	28	-0.0000097293	0.0000000290
10	104380410	106695047	764	40	-0.0001591477	0.0000000691
10	106695048	108726685	674	40	0.0003016846	0.0000000673
10	108726686	110317704	640	40	-0.0000193870	0.0000000674
10	110317705	112561492	662	40	-0.0000110467	0.0000000657
10	112561493	115328431	1026	40	-0.0004473307	0.0000000792
10	115328432	116421405	494	40	0.0000672993	0.0000000587
10	116421406	119523933	1004	40	-0.0000192037	0.0000000757
10	119523934	120591352	411	40	0.0000296707	0.0000000504
10	120591353	122407322	681	40	-0.0000075880	0.0000000693
10	122407323	123231464	391	40	-0.0001743029	0.0000000443
10	123231465	123900544	280	40	0.0003100713	0.0000000363
10	123900545	125869345	860	40	0.0001451115	0.0000000677
10	125869346	128001097	957	40	-0.0003947322	0.0000000687
10	128001098	129154361	529	40	-0.0002308236	0.0000000609
10	129154362	130844283	941	40	0.0001132402	0.0000000761
10	130844284	131741326	416	40	0.0003126818	0.0000000531
10	131741327	132580244	414	40	0.0000279348	0.0000000454
10	132580245	134336328	848	40	-0.0001081796	0.0000000710
10	134336329	134494672	39	6	0.0000629228	0.0000000099
10	134494673	135523864	282	40	-0.0003207936	0.0000000339
11	70855	1213589	255	40	0.0000781903	0.0000000377
11	1213590	3665480	801	40	-0.0000217800	0.0000000757
11	3665481	4746708	425	40	0.0003347905	0.0000000548
11	4746709	6322868	987	40	0.0001711846	0.0000000734
11	6322869	7436700	545	40	-0.0000613052	0.0000000607
11	7436701	8333273	491	40	-0.0000033923	0.0000000601
11	8333274	9087316	274	30	0.0001281664	0.0000000458
11	9087317	10952026	639	40	-0.0003122111	0.0000000760
11	10952027	12564228	1101	40	0.0002400875	0.0000000724
11	12564229	13373123	400	40	-0.0001300109	0.0000000457
11	13373124	15742551	770	40	-0.0000950348	0.0000000665
11	15742552	17578401	600	40	-0.0001783295	0.0000000594
11	17578402	19569534	783	40	0.0003060814	0.0000000754
11	19569535	21017137	786	40	0.0001657292	0.0000000715
11	21017138	22374141	547	40	-0.0001934417	0.0000000686
11	22374142	24088516	589	40	0.0001844774	0.0000000645
11	24088517	26045752	656	40	-0.0000329184	0.0000000736
11	26045753	27020460	357	40	0.0000268558	0.0000000319
11	27020461	28481592	405	40	-0.0001352643	0.0000000406
11	28481593	30141356	411	40	-0.0003924171	0.0000000515
11	30141357	32276900	627	40	-0.0000337158	0.0000000554
11	32276901	33958738	557	40	-0.0001551661	0.0000000564
11	33958739	35502604	815	40	-0.0000053486	0.0000000739
11	35502605	37116814	740	40	0.0001189201	0.0000000696
11	37116815	39382002	418	40	-0.0002405662	0.0000000393
11	39382003	42310002	915	40	0.0001010503	0.0000000670
11	42310003	44693798	962	40	0.0000285407	0.0000000681
11	44693799	47006136	707	40	0.0003208432	0.0000000832
11	47006137	49866049	477	25	0.0001667393	0.0000000502
11	49866050	54695472	131	7	-0.0000011035	0.0000000091
11	54695473	55082656	6	3	0.0000077057	0.0000000027
11	55082657	58457494	1056	40	0.0000649898	0.0000000719
11	58457495	58780548	67	6	0.0000269340	0.0000000058
11	58780549	62223770	986	40	-0.0000791687	0.0000000807
11	62223771	63804568	305	38	-0.0001119109	0.0000000301
11	63804569	65898630	492	40	-0.0000544667	0.0000000554
11	65898631	68005824	316	35	0.0000072710	0.0000000297
11	68005825	69516129	460	40	-0.0001402472	0.0000000511
11	69516130	70926291	466	40	0.0002751804	0.0000000584
11	70926292	72286016	305	35	0.0000642571	0.0000000322
11	72286017	74412350	597	40	-0.0000566641	0.0000000602
11	74412351	76797208	761	40	0.0000982843	0.0000000731
11	76797209	78355057	418	37	0.0001520846	0.0000000409
11	78355058	80722372	1059	40	0.0000688362	0.0000000716
11	80722373	81266711	259	38	-0.0001046525	0.0000000307
11	81266712	84381271	1164	40	0.0001927526	0.0000000659
11	84381272	86619300	771	40	0.0001653020	0.0000000668
11	86619301	87430234	309	36	0.0001597043	0.0000000349
11	87430235	89208935	565	40	-0.0000452341	0.0000000625
11	89208936	90966489	378	35	0.0000327072	0.0000000316
11	90966490	92077143	345	38	0.0000276926	0.0000000355
11	92077144	93276156	397	40	0.0000813214	0.0000000986
11	93276157	94242259	270	26	-0.0001636243	0.0000000231
11	94242260	95726040	590	40	0.0000486864	0.0000000700
11	95726041	97057057	499	40	-0.0000287275	0.0000000607
11	97057058	98705064	555	40	-0.0003426387	0.0000000640
11	98705065	100417168	762	40	0.0000430509	0.0000000669
11	100417169	101331120	404	40	-0.0001302664	0.0000000480
11	101331121	103959635	1080	40	0.0000533457	0.0000000730
11	103959636	104873283	283	23	0.0000628511	0.0000000221
11	104873284	106520893	467	40	0.0000629638	0.0000000470
11	106520894	107844199	466	40	0.0002379903	0.0000000489
11	107844200	108437036	135	11	-0.0001286500	0.0000000135
11	108437037	109866115	342	39	0.0000428589	0.0000000401
11	109866116	111114396	488	40	0.0001884709	0.0000000491
11	111114397	112459487	381	38	-0.0000213346	0.0000000378
11	112459488	114257727	787	40	0.0000391037	0.0000000716
11	114257728	114830665	228	27	0.0000857445	0.0000000240
11	114830666	116383347	653	40	0.0000653482	0.0000000705
11	116383348	117747109	600	40	0.0000219625	0.0000000764
11	117747110	119215475	516	40	0.0001891008	0.0000000628
11	119215476	120766805	627	40	0.0000191284	0.0000000697
11	120766806	121175942	198	23	-0.0001872274	0.0000000230
11	121175943	122591909	464	40	-0.0001651319	0.0000000562
11	122591910	123500116	417	40	-0.0000561764	0.0000000522
11	123500117	124495527	479	40	-0.0001028944	0.0000000371
11	124495528	126311319	797	40	0.0003281897	0.0000000725
11	126311320	127316678	560	40	-0.0000439015	0.0000000620
11	127316679	128188536	307	40	-0.0000601783	0.0000000359
11	128188537	130342574	854	40	-0.0000522720	0.0000000702
11	130342575	131074611	366	40	0.0000721956	0.0000000424
11	131074612	133000045	1093	40	-0.0000165525	0.0000000700
11	133000046	134205992	547	40	0.0000801299	0.0000000757
11	134205993	134946451	401	40	0.0002532134	0.0000000561
12	61107	1080330	312	40	0.0000052911	0.0000000368
12	1080331	2544785	486	40	0.0001591044	0.0000000605
12	2544786	3677036	507	40	0.0000804018	0.0000000727
12	3677037	4417678	390	40	-0.0000190349	0.0000000495
12	4417679	5321471	501	40	-0.0002726539	0.0000000630
12	5321472	6419752	553	40	-0.0000396286	0.0000000648
12	6419753	8377535	525	40	-0.0004075471	0.0000000695
12	8377536	9031394	132	23	0.0001607082	0.0000000243
12	9031395	10481533	533	40	-0.0000641518	0.0000000551
12	10481534	11754845	338	40	0.0002997846	0.0000000376
12	11754846	12733527	439	40	-0.0000280983	0.0000000573
12	12733528	15241483	1022	40	-0.0000515558	0.0000000726
12	15241484	16310459	254	36	0.0000155431	0.0000000302
12	16310460	18087872	557	40	-0.0000178484	0.0000000639
12	18087873	20863942	930	40	0.0000063618	0.0000000676
12	20863943	23820633	1100	40	-0.0000137146	0.0000000646
12	23820634	25371082	713	40	-0.0001432741	0.0000000715
12	25371083	27799772	1023	40	0.0000947249	0.0000000671
12	27799773	29651254	693	40	-0.0000128098	0.0000000617
12	29651255	30512405	461	40	0.0001911387	0.0000000509
12	30512406	32165591	630	40	0.0001191626	0.0000000697
12	32165592	33076988	378	40	-0.0001475695	0.0000000423
12	33076989	37856716	355	24	-0.0000484471	0.0000000328
12	37856717	39227168	135	7	-0.0000311488	0.0000000107
12	39227169	40816184	497	40	-0.0000685099	0.0000000424
12	40816185	41658585	352	36	0.0001219796	0.0000000296
12	41658586	43984473	898	40	0.0003682907	0.0000000721
12	43984474	46024228	475	40	0.0000542965	0.0000000434
12	46024229	47714792	466	40	0.0000005255	0.0000000505
12	47714793	49001865	540	40	-0.0001377099	0.0000000591
12	49001866	51776493	632	40	-0.0000926475	0.0000000620
12	51776494	53039003	633	40	0.0000176519	0.0000000660
12	53039004	54778822	588	40	-0.0002683733	0.0000000666
12	54778823	55665836	273	36	0.0003480516	0.0000000338
12	55665837	57548859	422	40	0.0000611753	0.0000000513
12	57548860	59308665	463	40	-0.0006875320	0.0000000581
12	59308666	61123728	451	40	-0.0000138682	0.0000000442
12	61123729	64032460	947	40	0.0001155357	0.0000000763
12	64032461	65559694	376	40	0.0002191673	0.0000000455
12	65559695	67181143	515	40	0.0001382209	0.0000000559
12	67181144	67909728	323	40	-0.0000860618	0.0000000303
12	67909729	69826541	814	40	0.0000263866	0.0000000697
12	69826542	70957986	496	40	0.0001311518	0.0000000473
12	70957987	72645074	567	40	-0.0001661411	0.0000000577
12	72645075	73818453	302	30	0.0000276427	0.0000000341
12	73818454	76511313	764	40	-0.0003001706	0.0000000723
12	76511314	78570569	756	40	0.0001869199	0.0000000720
12	78570570	80448149	405	40	-0.0000267943	0.0000000469
12	80448150	81467766	307	35	-0.0002272747	0.0000000334
12	81467767	83502665	561	40	-0.0001953794	0.0000000555
12	83502666	84303843	230	27	0.0000422728	0.0000000193
12	84303844	85990425	392	34	-0.0000373954	0.0000000320
12	85990426	89682121	751	40	-0.0000354948	0.0000000590
12	89682122	92066154	643	40	-0.0000306728	0.0000000517
12	92066155	94514566	906	40	-0.0000776072	0.0000000686
12	94514567	96020784	694	40	0.0002122053	0.0000000707
12	96020785	97108838	454	40	-0.0002861797	0.0000000564
12	97108839	99305986	927	40	0.0000402336	0.0000000706
12	99305987	101447640	654	40	0.0000910745	0.0000000753
12	101447641	101862689	148	16	0.0000364431	0.0000000193
12	101862690	102964985	334	40	0.0002004171	0.0000000431
12	102964986	104848695	764	40	-0.0000847340	0.0000000694
12	104848696	106436212	845	40	-0.0001314462	0.0000000689
12	106436213	106958747	233	34	0.0001020062	0.0000000296
12	106958748	109025900	741	40	0.0000198740	0.0000000707
12	109025901	110336718	399	40	0.0000324226	0.0000000492
12	110336719	113263517	463	40	-0.0000219876	0.0000000593
12	113263518	113986708	217	28	0.0004041569	0.0000000295
12	113986709	115036601	540	40	0.0000244800	0.0000000584
12	115036602	115503215	194	36	0.0001630973	0.0000000254
12	115503216	117087470	748	40	-0.0000667129	0.0000000710
12	117087471	118135374	461	40	0.0001041586	0.0000000556
12	118135375	119754109	684	40	0.0002095089	0.0000000712
12	119754110	122007650	675	40	0.0001847603	0.0000000753
12	122007651	124977979	694	40	0.0002011722	0.0000000768
12	124977980	126445504	624	40	0.0000374976	0.0000000716
12	126445505	127875097	640	40	-0.0000323544	0.0000000653
12	127875098	129237296	702	40	0.0000997308	0.0000000779
12	129237297	130377920	682	40	-0.0000651039	0.0000000731
12	130377921	131786750	735	40	0.0000604733	0.0000000707
12	131786751	132807033	289	40	-0.0000660015	0.0000000342
12	132807034	133841510	169	25	0.0001771890	0.0000000272
13	19020013	20686719	296	36	0.0001645272	0.0000000314
13	20686720	22242173	585	40	0.0000415280	0.0000000605
13	22242174	23594701	672	40	0.0001433632	0.0000000803
13	23594702	24531936	508	40	0.0000928997	0.0000000573
13	24531937	25784361	644	40	0.0001959376	0.0000000686
13	25784362	27284361	543	40	0.0001931894	0.0000000598
13	27284362	29257550	853	40	-0.0000489568	0.0000000719
13	29257551	30483266	502	40	0.0000594779	0.0000000538
13	30483267	32301814	774	40	0.0001731476	0.0000000751
13	32301815	33776902	582	40	-0.0000614432	0.0000000561
13	33776903	35026463	456	40	0.0000583646	0.0000000510
13	35026464	36046366	221	30	-0.0000906915	0.0000000282
13	36046367	37498184	647	40	0.0001538801	0.0000000710
13	37498185	38878162	544	40	-0.0000069763	0.0000000528
13	38878163	41069262	874	40	0.0000584701	0.0000000686
13	41069263	43101026	629	40	0.0001536186	0.0000000595
13	43101027	44901408	803	40	-0.0000241161	0.0000000722
13	44901409	46495213	530	40	0.0002191485	0.0000000587
13	46495214	47431078	363	40	0.0001486057	0.0000000398
13	47431079	49383961	616	40	0.0000079187	0.0000000604
13	49383962	51591090	743	40	0.0001979680	0.0000000735
13	51591091	53339621	449	40	0.0001565462	0.0000000518
13	53339622	54682863	524	40	-0.0000368066	0.0000000568
13	54682864	55817130	319	36	-0.0000942989	0.0000000278
13	55817131	57554216	297	22	0.0000221926	0.0000000245
13	57554217	58410625	205	21	-0.0000783870	0.0000000203
13	58410626	59302270	216	22	-0.0000149037	0.0000000190
13	59302271	60854777	554	40	0.0002793036	0.0000000593
13	60854778	61591948	284	35	0.0001150035	0.0000000371
13	61591949	63971558	637	40	0.0002142096	0.0000000646
13	63971559	65200601	301	31	0.0001940741	0.0000000261
13	65200602	67844452	783	40	0.0002630674	0.0000000691
13	67844453	70724515	887	40	0.0000648833	0.0000000688
13	70724516	71526790	317	40	0.0002641447	0.0000000339
13	71526791	73934088	846	40	-0.0001298749	0.0000000777
13	73934089	75670142	735	40	-0.0000851414	0.0000000726
13	75670143	77410554	784	40	0.0001298577	0.0000000780
13	77410555	78808812	435	40	0.0000102613	0.0000000457
13	78808813	80585675	574	40	0.0001088065	0.0000000586
13	80585676	82581813	607	40	-0.0001283800	0.0000000667
13	82581814	84133143	392	35	0.0000451369	0.0000000280
13	84133144	85610915	411	40	-0.0001349830	0.0000000436
13	85610916	88559881	756	40	-0.0000315054	0.0000000668
13	88559882	90521310	467	40	-0.0002455185	0.0000000444
13	90521311	93129690	861	40	-0.0002143726	0.0000000707
13	93129691	93586454	121	16	0.0000258457	0.0000000170
13	93586455	96087557	1196	40	0.0001467486	0.0000000729
13	96087558	97519209	357	38	0.0000311720	0.0000000442
13	97519210	98938918	435	40	0.0003155272	0.0000000504
13	98938919	100574094	790	40	0.0001264774	0.0000000697
13	100574095	102300522	768	40	-0.0003769539	0.0000000710
13	102300523	104066709	928	40	0.0000637823	0.0000000686
13	104066710	104844113	309	40	0.0003582540	0.0000000377
13	104844114	106247553	624	40	0.0001103838	0.0000000707
13	106247554	106749999	273	40	0.0001993311	0.0000000364
13	106750000	108189876	611	40	0.0000335253	0.0000000743
13	108189877	109121209	439	40	0.0000542065	0.0000000548
13	109121210	109815111	327	40	-0.0000311200	0.0000000397
13	109815112	111232072	757	40	0.0000775696	0.0000000773
13	111232073	112247591	462	40	-0.0000345661	0.0000000584
13	112247592	113572487	461	40	0.0000346084	0.0000000619
13	113572488	115109852	408	40	-0.0004080737	0.0000000574
14	19002084	21589401	592	40	0.0000607602	0.0000000749
14	21589402	23018664	708	40	0.0000140803	0.0000000736
14	23018665	24905122	708	40	0.0000954695	0.0000000809
14	24905123	26135685	559	40	-0.0001168529	0.0000000565
14	26135686	28466532	697	40	0.0002512964	0.0000000722
14	28466533	29972144	380	40	0.0002530779	0.0000000409
14	29972145	32383264	591	40	0.0002908119	0.0000000706
14	32383265	34846250	1267	40	0.0000911531	0.0000000702
14	34846251	35859592	246	30	0.0000332071	0.0000000290
14	35859593	38667724	878	40	-0.0002027955	0.0000000708
14	38667725	40341989	545	40	-0.0001234256	0.0000000583
14	40341990	41615501	347	32	-0.0002741107	0.0000000265
14	41615502	43137388	415	36	0.0000458195	0.0000000408
14	43137389	44543226	358	40	0.0000862306	0.0000000443
14	44543227	46081895	379	40	0.0002075893	0.0000000420
14	46081896	46749129	188	16	0.0000773255	0.0000000187
14	46749130	48573585	586	40	0.0001876684	0.0000000609
14	48573586	49005470	112	13	0.0001030752	0.0000000127
14	49005471	50507759	463	40	0.0002233059	0.0000000555
14	50507760	51493571	369	40	0.0001288507	0.0000000467
14	51493572	53474382	851	40	0.0002913445	0.0000000708
14	53474383	53997830	176	19	0.0000136765	0.0000000241
14	53997831	55233680	449	40	0.0000167483	0.0000000573
14	55233681	56216879	292	27	0.0002691754	0.0000000277
14	56216880	57481261	666	40	0.0000377005	0.0000000677
14	57481262	59448335	707	40	-0.0000342991	0.0000000700
14	59448336	61680423	609	40	0.0000316219	0.0000000540
14	61680424	63790014	811	40	0.0001513718	0.0000000684
14	63790015	65220297	350	34	0.0003896231	0.0000000545
14	65220298	66399554	407	40	-0.0000723722	0.0000000458
14	66399555	67992316	419	33	0.0000348800	0.0000000351
14	67992317	71131956	1239	40	0.0000416185	0.0000000676
14	71131957	72889614	682	40	-0.0003340993	0.0000000696
14	72889615	76444766	1153	40	0.0001765415	0.0000000736
14	76444767	77229471	355	40	0.0000569073	0.0000000503
14	77229472	78561944	639	40	0.0001638031	0.0000000732
14	78561945	80186578	612	40	-0.0003084621	0.0000000649
14	80186579	81579713	510	40	0.0000706665	0.0000000516
14	81579714	83138096	474	40	0.0001238885	0.0000000535
14	83138097	84241632	378	40	0.0000340537	0.0000000428
14	84241633	85746318	469	40	0.0002308995	0.0000000521
14	85746319	86647001	305	36	-0.0004567464	0.0000000346
14	86647002	87635340	306	40	0.0003825092	0.0000000399
14	87635341	89497642	609	40	0.0002018067	0.0000000586
14	89497643	91296859	698	40	0.0003265384	0.0000000748
14	91296860	93132298	675	40	-0.0000185002	0.0000000745
14	93132299	94325284	413	40	-0.0001848260	0.0000000507
14	94325285	95750866	876	40	-0.0001360767	0.0000000722
14	95750867	96262414	380	40	0.0000371844	0.0000000438
14	96262415	98341161	847	40	-0.0001679795	0.0000000732
14	98341162	99138531	369	40	0.0000259012	0.0000000350
14	99138532	101534306	901	40	0.0004434416	0.0000000807
14	101534307	103012101	434	40	-0.0000670446	0.0000000581
14	103012102	105001722	475	40	0.0001243299	0.0000000537
14	105001723	106340357	160	29	0.0000462087	0.0000000254
14	106340358	107289453	39	5	0.0000324820	0.0000000048
15	20001200	21131603	6	2	-0.0000502349	0.0000000023
15	21131604	24195126	308	40	0.0000669130	0.0000000385
15	24195127	25108589	194	28	0.0000132831	0.0000000231
15	25108590	27298111	870	40	-0.0000343022	0.0000000727
15	27298112	29338501	476	40	-0.0000280017	0.0000000537
15	29338502	30165567	295	40	-0.0003158913	0.0000000369
15	30165568	31591820	299	40	0.0000328753	0.0000000372
15	31591821	32441810	262	37	-0.0000369725	0.0000000294
15	32441811	34015424	731	40	0.0001480004	0.0000000713
15	34015425	35083250	403	40	-0.0000796042	0.0000000466
15	35083251	37456501	934	40	-0.0000872867	0.0000000740
15	37456502	38530776	348	40	-0.0000445604	0.0000000417
15	38530777	40384131	782	40	-0.0001878611	0.0000000743
15	40384132	41177513	234	28	-0.0000158851	0.0000000266
15	41177514	42776398	430	40	-0.0000081297	0.0000000523
15	42776399	44198048	273	17	-0.0000539138	0.0000000287
15	44198049	46618786	497	40	-0.0000294229	0.0000000475
15	46618787	48136047	586	40	-0.0000547342	0.0000000549
15	48136048	50008042	446	40	-0.0001855140	0.0000000438
15	50008043	51677559	611	40	0.0000022579	0.0000000585
15	51677560	53069095	404	39	0.0001715578	0.0000000380
15	53069096	54508527	630	40	0.0000422501	0.0000000682
15	54508528	55136268	253	32	0.0000180488	0.0000000315
15	55136269	56901772	534	40	0.0004542481	0.0000000684
15	56901773	58441365	627	40	0.0000947480	0.0000000719
15	58441366	59694115	514	40	0.0004960506	0.0000000782
15	59694116	61265835	667	40	-0.0000209483	0.0000000772
15	61265836	63215221	914	40	0.0000948650	0.0000000735
15	63215222	65104667	490	40	0.0005070713	0.0000000648
15	65104668	67094766	618	40	-0.0001894435	0.0000000755
15	67094767	69017998	748	40	-0.0001655620	0.0000000711
15	69017999	70133340	299	40	0.0000814449	0.0000000373
15	70133341	71922648	708	40	0.0001240001	0.0000000749
15	71922649	73628713	369	32	-0.0003213044	0.0000000380
15	73628714	76398623	597	40	0.0003072970	0.0000000777
15	76398624	78516052	530	40	-0.0000444410	0.0000000469
15	78516053	80860977	985	40	0.0000468403	0.0000000691
15	80860978	84260467	911	40	-0.0000284727	0.0000000759
15	84260468	86652904	773	40	-0.0000397005	0.0000000697
15	86652905	88369942	766	40	0.0003373262	0.0000000670
15	88369943	90475550	722	40	-0.0000202152	0.0000000752
15	90475551	92164391	622	40	0.0000922585	0.0000000840
15	92164392	93780901	817	40	0.0001283714	0.0000000733
15	93780902	94924329	584	40	-0.0001700460	0.0000000760
15	94924330	96141595	587	40	0.0000077279	0.0000000727
15	96141596	98030909	749	40	0.0001741925	0.0000000745
15	98030910	99244058	569	40	-0.0000322153	0.0000000775
15	99244059	100636846	547	40	-0.0002661640	0.0000000711
15	100636847	101552693	405	40	-0.0000876004	0.0000000547
15	101552694	102520965	439	40	-0.0001841612	0.0000000646
16	60054	1207205	294	40	0.0002464092	0.0000000591
16	1207206	2764828	363	40	0.0003673548	0.0000000491
16	2764829	4001195	298	40	-0.0002131341	0.0000000450
16	4001196	5118344	376	40	-0.0000122911	0.0000000560
16	5118345	5891579	348	40	-0.0001707353	0.0000000511
16	5891580	6893550	703	40	0.0001346662	0.0000000738
16	6893551	7529120	482	40	0.0001282796	0.0000000669
16	7529121	8338518	537	40	0.0000609475	0.0000000672
16	8338519	9799418	711	40	0.0001783601	0.0000000770
16	9799419	10426031	370	39	-0.0000095464	0.0000000443
16	10426032	11520160	443	40	0.0000876318	0.0000000573
16	11520161	12613097	397	40	0.0000094897	0.0000000541
16	12613098	13154436	310	40	0.0001214998	0.0000000415
16	13154437	14464001	559	40	-0.0001133814	0.0000000631
16	14464002	16154059	315	40	-0.0002333347	0.0000000462
16	16154060	17644748	396	40	0.0000009899	0.0000000556
16	17644749	18643606	175	28	-0.0003544048	0.0000000268
16	18643607	20150570	424	40	0.0003410513	0.0000000517
16	20150571	22448903	438	40	0.0000857215	0.0000000492
16	22448904	24136874	515	40	-0.0001703141	0.0000000578
16	24136875	25986861	751	40	0.0001437811	0.0000000709
16	25986862	27445754	648	40	0.0001839338	0.0000000760
16	27445755	29036612	337	40	-0.0001344233	0.0000000378
16	29036613	31382942	268	33	0.0000584636	0.0000000343
16	31382943	46399472	122	16	0.0001240391	0.0000000127
16	46399473	49007925	299	33	-0.0000510895	0.0000000322
16	49007926	52035822	1083	40	0.0001426037	0.0000000679
16	52035823	53382571	452	40	-0.0001082585	0.0000000452
16	53382572	55903773	1188	40	0.0000303614	0.0000000729
16	55903774	57664329	634	40	0.0000177162	0.0000000721
16	57664330	59045404	509	40	-0.0000759053	0.0000000637
16	59045405	60745693	500	40	0.0002245768	0.0000000542
16	60745694	62229848	360	40	0.0000502186	0.0000000375
16	62229849	63691588	441	40	0.0000341828	0.0000000505
16	63691589	65938565	808	40	0.0000871755	0.0000000670
16	65938566	68841362	676	40	-0.0000664497	0.0000000765
16	68841363	71054027	387	40	-0.0000273412	0.0000000459
16	71054028	72935149	454	38	0.0000564283	0.0000000471
16	72935150	74971502	792	40	-0.0000129046	0.0000000764
16	74971503	75977953	227	30	0.0000238914	0.0000000322
16	75977954	77523677	681	40	0.0000978893	0.0000000697
16	77523678	78456291	647	40	0.0003041107	0.0000000737
16	78456292	79134814	568	40	0.0001497943	0.0000000759
16	79134815	80297373	784	40	0.0001147597	0.0000000726
16	80297374	81772535	790	40	0.0001635709	0.0000000729
16	81772536	82747727	587	40	0.0001247547	0.0000000795
16	82747728	83477207	605	40	0.0000525691	0.0000000706
16	83477208	84445882	720	40	-0.0001138263	0.0000000798
16	84445883	85148684	462	40	0.0000657931	0.0000000708
16	85148685	86156598	482	40	0.0002145181	0.0000000777
16	86156599	86815410	531	40	0.0000558104	0.0000000782
16	86815411	87647348	365	40	-0.0002479428	0.0000000551
16	87647349	89041164	359	40	0.0003508786	0.0000000720
16	89041165	90292811	313	34	0.0000402891	0.0000000480
17	56	1172398	315	40	-0.0001060971	0.0000000532
17	1172399	1928730	254	40	-0.0004720215	0.0000000386
17	1928731	3702311	645	40	-0.0000783551	0.0000000815
17	3702312	4696260	363	40	0.0001913774	0.0000000475
17	4696261	5741333	391	40	0.0000837131	0.0000000439
17	5741334	7317397	632	40	-0.0000007687	0.0000000808
17	7317398	8306424	316	40	-0.0000745609	0.0000000511
17	8306425	9965920	659	40	0.0001464339	0.0000000739
17	9965921	11102814	473	40	0.0000082183	0.0000000549
17	11102815	12534768	564	40	0.0002697971	0.0000000717
17	12534769	13180371	299	40	-0.0000174952	0.0000000396
17	13180372	13894636	372	40	0.0000940950	0.0000000551
17	13894637	15019096	606	40	0.0000396895	0.0000000757
17	15019097	16412341	320	40	-0.0000086793	0.0000000379
17	16412342	18856319	565	40	0.0001225944	0.0000000588
17	18856320	21290356	383	40	0.0000545883	0.0000000489
17	21290357	27334243	510	40	0.0000550352	0.0000000568
17	27334244	29786490	501	39	-0.0000110984	0.0000000435
17	29786491	31538424	546	40	-0.0001057657	0.0000000624
17	31538425	32912797	831	40	0.0003310962	0.0000000694
17	32912798	34469035	521	40	0.0001945863	0.0000000561
17	34469036	36809343	515	40	0.0001305055	0.0000000600
17	36809344	38877403	448	40	0.0004283105	0.0000000581
17	38877404	39899809	324	34	0.0000333546	0.0000000309
17	39899810	41772086	378	39	0.0001364386	0.0000000429
17	41772087	43056904	341	38	0.0000373891	0.0000000368
17	43056905	45876021	601	40	0.0002431216	0.0000000621
17	45876022	47517399	536	40	0.0001292964	0.0000000523
17	47517400	49898956	776	40	0.0000789005	0.0000000778
17	49898957	50719054	285	27	-0.0000081726	0.0000000254
17	50719055	51826117	308	34	0.0002075276	0.0000000324
17	51826118	53599431	615	40	0.0000818709	0.0000000661
17	53599432	55357540	617	40	0.0000683247	0.0000000702
17	55357541	57487511	687	40	-0.0000514744	0.0000000751
17	57487512	59312754	246	23	0.0002348392	0.0000000292
17	59312755	61545588	445	40	0.0002726285	0.0000000500
17	61545589	63148127	307	37	-0.0000247934	0.0000000347
17	63148128	64800429	637	40	-0.0000747870	0.0000000656
17	64800430	67858769	948	40	-0.0000782223	0.0000000731
17	67858770	69387816	648	40	-0.0003193971	0.0000000674
17	69387817	72672202	1438	40	0.0001164139	0.0000000757
17	72672203	74375559	411	40	0.0001059066	0.0000000510
17	74375560	76263412	739	40	-0.0002038373	0.0000000752
17	76263413	77298635	473	40	0.0000790005	0.0000000792
17	77298636	78837587	555	40	0.0001665822	0.0000000767
17	78837588	80034407	239	40	-0.0001669725	0.0000000352
17	80034408	81194907	308	35	0.0000132784	0.0000000361
18	10644	912485	406	40	0.0001286449	0.0000000529
18	912486	1942910	366	40	0.0000976069	0.0000000366
18	1942911	3891657	777	40	-0.0000803652	0.0000000761
18	3891658	5834179	790	40	0.0000997501	0.0000000759
18	5834180	7090484	578	40	-0.0001400006	0.0000000693
18	7090485	8498930	584	40	-0.0001505609	0.0000000715
18	8498931	11075912	1273	40	-0.0000262310	0.0000000715
18	11075913	11905439	260	40	-0.0000188508	0.0000000380
18	11905440	14440798	750	40	-0.0001088957	0.0000000737
18	14440799	19485843	159	17	0.0000375583	0.0000000210
18	19485844	20649471	301	36	0.0001025231	0.0000000291
18	20649472	22996650	827	40	0.0002087953	0.0000000713
18	22996651	24026190	314	35	0.0001324632	0.0000000332
18	24026191	25927681	785	40	0.0001510494	0.0000000727
18	25927682	26875586	246	26	-0.0000899342	0.0000000267
18	26875587	27866477	269	27	-0.0001153301	0.0000000288
18	27866478	30264065	885	40	0.0000298351	0.0000000743
18	30264066	31780066	345	36	0.0000719528	0.0000000387
18	31780067	33861963	613	40	-0.0000505934	0.0000000581
18	33861964	35075249	483	40	0.0001183807	0.0000000579
18	35075250	36365489	493	40	-0.0000349400	0.0000000460
18	36365490	37684366	352	34	-0.0000428904	0.0000000368
18	37684367	39892647	774	40	0.0001400158	0.0000000761
18	39892648	42922105	931	40	-0.0000474660	0.0000000706
18	42922106	44299245	693	40	0.0001175570	0.0000000742
18	44299246	45939731	598	40	0.0000966235	0.0000000645
18	45939732	47730583	786	40	-0.0002304337	0.0000000744
18	47730584	51062184	1188	40	0.0000744375	0.0000000733
18	51062185	51554174	174	15	0.0001822361	0.0000000195
18	51554175	55213837	1119	40	0.0002967862	0.0000000722
18	55213838	56530219	614	40	-0.0000519346	0.0000000728
18	56530220	57630482	584	40	-0.0002120764	0.0000000686
18	57630483	59020750	436	40	-0.0000579822	0.0000000479
18	59020751	60277714	544	40	0.0000077240	0.0000000635
18	60277715	61820251	579	40	0.0001136594	0.0000000560
18	61820252	63463401	520	40	0.0000382298	0.0000000506
18	63463402	64252800	242	22	-0.0001888465	0.0000000248
18	64252801	66125816	731	40	0.0001450543	0.0000000718
18	66125817	67175819	328	40	-0.0000551752	0.0000000404
18	67175820	68621178	466	40	0.0002227376	0.0000000584
18	68621179	69621617	385	40	0.0000466610	0.0000000447
18	69621618	71038473	564	40	0.0003342251	0.0000000690
18	71038474	71971461	493	40	0.0001497763	0.0000000629
18	71971462	73526986	665	40	0.0000208824	0.0000000710
18	73526987	74813814	596	40	0.0000285006	0.0000000770
18	74813815	75976316	592	40	0.0000483888	0.0000000697
18	75976317	77149990	411	40	0.0000961100	0.0000000433
18	77149991	78017157	267	39	-0.0002501711	0.0000000318
19	80840	610728	99	24	0.0001347231	0.0000000211
19	610729	2098395	299	40	-0.0002204806	0.0000000631
19	2098396	3019659	240	40	0.0001396835	0.0000000491
19	3019660	4348966	320	40	-0.0000142617	0.0000000548
19	4348967	5811851	409	40	0.0001409107	0.0000000639
19	5811852	6684884	209	40	-0.0000715400	0.0000000301
19	6684885	8347512	531	40	0.0000116918	0.0000000783
19	8347513	9238392	263	40	0.0002830536	0.0000000275
19	9238393	11284027	500	40	-0.0003263961	0.0000000658
19	11284028	13471126	417	40	0.0002200288	0.0000000524
19	13471127	14486346	207	40	0.0001313680	0.0000000340
19	14486347	15648609	372	40	0.0001755630	0.0000000530
19	15648610	16374415	363	40	0.0000983529	0.0000000356
19	16374416	18409861	557	40	-0.0002387908	0.0000000814
19	18409862	19877470	329	40	-0.0000390778	0.0000000460
19	19877471	20905756	132	20	0.0000347942	0.0000000204
19	20905757	22732895	311	37	-0.0000096277	0.0000000280
19	22732896	23467745	127	13	-0.0000055903	0.0000000134
19	23467746	28557892	277	27	0.0001483849	0.0000000216
19	28557893	29790946	467	40	0.0002581529	0.0000000478
19	29790947	30727953	333	40	0.0003010106	0.0000000435
19	30727954	32746519	647	40	0.0000530909	0.0000000725
19	32746520	34262951	514	40	-0.0001244115	0.0000000674
19	34262952	36469294	665	40	0.0000264850	0.0000000729
19	36469295	37527032	233	20	-0.0000764363	0.0000000250
19	37527033	40170618	639	40	0.0000840129	0.0000000719
19	40170619	40984600	187	25	-0.0000128055	0.0000000294
19	40984601	42131572	303	40	0.0001470164	0.0000000411
19	42131573	43862454	167	21	0.0000707640	0.0000000232
19	43862455	44744107	300	40	0.0001786425	0.0000000312
19	44744108	46102696	363	40	0.0004717080	0.0000000551
19	46102697	47150081	292	40	0.0001553557	0.0000000489
19	47150082	49282226	599	40	-0.0000048323	0.0000000738
19	49282227	51532566	642	40	-0.0002102236	0.0000000904
19	51532567	52985289	646	40	-0.0000616905	0.0000000828
19	52985290	54602361	510	40	-0.0002039197	0.0000000772
19	54602362	55728079	372	40	-0.0000506622	0.0000000565
19	55728080	57521334	685	40	0.0001036554	0.0000000793
19	57521335	59118838	544	40	0.0000513844	0.0000000624
20	60479	697599	271	40	0.0001795435	0.0000000372
20	697600	2469500	1014	40	-0.0000274972	0.0000000738
20	2469501	3828412	500	40	0.0000346172	0.0000000596
20	3828413	5477849	808	40	-0.0000205706	0.0000000739
20	5477850	7084072	741	40	0.0001187890	0.0000000667
20	7084073	8117010	409	40	-0.0000152956	0.0000000400
20	8117011	9730920	778	40	-0.0001148407	0.0000000723
20	9730921	11249535	737	40	-0.0000536236	0.0000000711
20	11249536	12447498	503	40	-0.0001737142	0.0000000540
20	12447499	13689863	552	40	-0.0001034540	0.0000000671
20	13689864	15958358	990	40	0.0000916667	0.0000000734
20	15958359	17487231	945	40	-0.0000806696	0.0000000700
20	17487232	18972202	616	40	0.0001494909	0.0000000672
20	18972203	20959709	892	40	-0.0001429144	0.0000000723
20	20959710	22491455	407	39	-0.0000764658	0.0000000376
20	22491456	23293789	360	40	0.0002322856	0.0000000489
20	23293790	24717723	530	40	-0.0000144835	0.0000000550
20	24717724	25344230	222	22	0.0001582802	0.0000000268
20	25344231	31614822	597	40	0.0002255873	0.0000000615
20	31614823	32813440	293	29	0.0001124541	0.0000000365
20	32813441	34960445	462	32	0.0001674948	0.0000000430
20	34960446	36909529	492	40	-0.0001690335	0.0000000528
20	36909530	38436760	514	40	-0.0000892373	0.0000000536
20	38436761	39610855	469	40	-0.0004731191	0.0000000559
20	39610856	40585688	290	33	-0.0003111590	0.0000000407
20	40585689	41615459	583	40	-0.0001946429	0.0000000754
20	41615460	42680175	397	40	-0.0000335555	0.0000000487
20	42680176	44839055	785	40	0.0001552420	0.0000000692
20	44839056	47199979	1034	40	0.0001175555	0.0000000718
20	47199980	49239657	763	40	-0.0001804720	0.0000000787
20	49239658	52472548	1351	40	-0.0001233562	0.0000000731
20	52472549	54055265	622	40	0.0000589370	0.0000000751
20	54055266	56447958	1148	40	-0.0001089396	0.0000000801
20	56447959	58406571	891	40	0.0002008291	0.0000000806
20	58406572	59561723	544	40	0.0000772883	0.0000000631
20	59561724	61301854	761	40	-0.0000449800	0.0000000872
20	61301855	62190179	297	40	-0.0001323082	0.0000000465
20	62190180	62965162	235	37	-0.0001332404	0.0000000372
21	9411243	15950981	286	40	-0.0000887359	0.0000000364
21	15950982	18053164	665	40	0.0002979850	0.0000000870
21	18053165	19480374	442	40	-0.0000321991	0.0000000556
21	19480375	20962338	610	40	-0.0000094805	0.0000000705
21	20962339	22072763	358	40	0.0000198420	0.0000000412
21	22072764	23362874	527	40	0.0002293955	0.0000000655
21	23362875	24696230	354	40	-0.0000254956	0.0000000449
21	24696231	26469121	652	40	-0.0000373613	0.0000000660
21	26469122	27271018	222	25	0.0000333713	0.0000000248
21	27271019	29125225	878	40	-0.0000463489	0.0000000701
21	29125226	31197024	692	40	-0.0000796052	0.0000000669
21	31197025	32668641	455	40	0.0000609893	0.0000000382
21	32668642	34376998	664	40	-0.0002263251	0.0000000723
21	34376999	35225464	289	40	0.0000962556	0.0000000343
21	35225465	36524372	571	40	0.0000715800	0.0000000784
21	36524373	37870778	539	40	-0.0001089393	0.0000000593
21	37870779	38711703	314	39	0.0001893158	0.0000000415
21	38711704	40482901	842	40	0.0000442836	0.0000000687
21	40482902	41389526	501	40	0.0005252211	0.0000000556
21	41389527	43321527	1013	40	-0.0002188593	0.0000000754
21	43321528	44506267	694	40	0.0001924701	0.0000000715
21	44506268	46177104	576	40	-0.0001008009	0.0000000772
21	46177105	47492225	505	40	-0.0000830014	0.0000000636
21	47492226	48119751	242	26	0.0000717981	0.0000000276
22	16050408	17674294	215	38	0.0000726320	0.0000000302
22	17674295	18296087	263	40	-0.0001554853	0.0000000386
22	18296088	19912357	539	40	0.0000289463	0.0000000621
22	19912358	22357324	602	40	-0.0000933921	0.0000000658
22	22357325	23712646	335	40	0.0000631889	0.0000000457
22	23712647	24984203	363	40	0.0002794429	0.0000000426
22	24984204	26791627	751	40	0.0002113860	0.0000000742
22	26791628	27834751	742	40	-0.0000436942	0.0000000773
22	27834752	29651798	578	40	0.0001791888	0.0000000811
22	29651799	31439917	553	40	-0.0000964455	0.0000000599
22	31439918	32664985	357	33	0.0003443955	0.0000000448
22	32664986	34494913	934	40	-0.0000049520	0.0000000768
22	34494914	35530984	497	40	-0.0001219528	0.0000000444
22	35530985	37570268	844	40	-0.0007019521	0.0000001068
22	37570269	39307893	536	40	0.0000188864	0.0000000701
22	39307894	40545796	336	40	0.0000248927	0.0000000470
22	40545797	42690817	464	34	-0.0000047836	0.0000000474
22	42690818	43714199	408	40	-0.0001730553	0.0000000513
22	43714200	44995307	710	40	0.0002912377	0.0000000766
22	44995308	46470494	626	40	-0.0001215219	0.0000000790
22	46470495	47596317	454	40	0.0002024540	0.0000000620
22	47596318	48903702	741	40	0.0002513102	0.0000000697
22	48903703	49824533	613	40	-0.0000451580	0.0000000735
22	49824534	51243297	394	40	0.0000263839	0.0000000499
