chr	start	end	num_snp	k	local_h2g	var
1	10583	1892606	103	19	0.0000021785	0.000000001612
1	1892607	3582735	446	40	0.0000119300	0.000000007404
1	3582736	4380810	279	40	0.0001312585	0.000000005992
1	4380811	5913892	877	40	0.0000236912	0.000000009599
1	5913893	7247334	441	40	0.0001002527	0.000000007845
1	7247335	9365198	704	40	0.0001955962	0.000000011693
1	9365199	10806983	355	40	0.0000052946	0.000000004851
1	10806984	11777840	259	40	0.0000762403	0.000000004934
1	11777841	12779465	298	40	-0.0000116594	0.000000004570
1	12779466	14891510	618	40	-0.0000228554	0.000000009032
1	14891511	16897729	693	40	0.0000438761	0.000000009845
1	16897730	18662898	674	40	0.0000528569	0.000000009954
1	18662899	20469148	730	40	0.0000263495	0.000000009632
1	20469149	21736587	462	40	0.0001231554	0.000000008143
1	21736588	23086882	527	40	0.0000267771	0.000000008610
1	23086883	23920589	223	28	0.0000344948	0.000000003686
1	23920590	25516844	528	40	0.0000725073	0.000000009092
1	25516845	27401866	423	40	-0.0000038281	0.000000005260
1	27401867	30161880	560	40	0.0000439697	0.000000007887
1	30161881	32438684	935	40	0.0001389798	0.000000011003
1	32438685	34799757	677	40	0.0000297765	0.000000009673
1	34799758	37549182	563	40	0.0000626873	0.000000008693
1	37549183	38731846	375	40	0.0001232018	0.000000006786
1	38731847	40200566	449	40	0.0000656923	0.000000007220
1	40200567	41975326	557	40	0.0000657760	0.000000008152
1	41975327	43758456	549	40	0.0000993257	0.000000008132
1	43758457	44969182	374	36	0.0003033171	0.000000008362
1	44969183	46899500	462	39	0.0000229238	0.000000004991
1	46899501	48002575	299	33	0.0000230593	0.000000004066
1	48002576	48978187	345	40	-0.0000016718	0.000000005082
1	48978188	49894176	248	28	-0.0000004709	0.000000003632
1	49894177	51713725	260	25	0.0000364637	0.000000003229
1	51713726	54226261	566	40	0.0000935998	0.000000009050
1	54226262	56413116	842	40	-0.0000069597	0.000000009226
1	56413117	57021727	272	31	0.0000220570	0.000000003794
1	57021728	58865398	858	40	0.0001618823	0.000000011282
1	58865399	59890408	384	40	0.0000105999	0.000000005231
1	59890409	61922364	675	40	0.0001049883	0.000000010589
1	61922365	63455088	546	40	-0.0000049151	0.000000007776
1	63455089	65041703	657	40	0.0000125737	0.000000008157
1	65041704	66939403	656	40	0.0001187278	0.000000009804
1	66939404	68477894	694	40	0.0000929225	0.000000009154
1	68477895	69687615	390	40	0.0001176662	0.000000006867
1	69687616	71372469	524	40	0.0000683045	0.000000007680
1	71372470	71684404	84	10	0.0000449437	0.000000001485
1	71684405	74326906	565	40	0.0004049980	0.000000011050
1	74326907	76728134	736	40	0.0001748106	0.000000010057
1	76728135	79661197	962	40	0.0001074022	0.000000010619
1	79661198	81354190	479	40	0.0000432804	0.000000006929
1	81354191	83991747	981	40	-0.0000065452	0.000000009231
1	83991748	84844494	317	36	0.0000199943	0.000000004047
1	84844495	86454750	656	40	0.0000122965	0.000000008956
1	86454751	88128630	578	40	0.0000570283	0.000000008456
1	88128631	90066302	527	40	0.0001151354	0.000000008399
1	90066303	91886316	568	40	0.0001905475	0.000000009708
1	91886317	93536458	517	40	0.0000351022	0.000000006476
1	93536459	94506190	258	27	0.0002151565	0.000000005566
1	94506191	96150892	654	40	0.0000607052	0.000000009658
1	96150893	97885248	611	40	0.0001918351	0.000000009146
1	97885249	99800603	645	40	0.0002163974	0.000000010358
1	99800604	100826404	340	37	0.0000496617	0.000000004537
1	100826405	102041015	454	40	0.0000049872	0.000000005868
1	102041016	102898744	282	37	0.0000490237	0.000000004159
1	102898745	103914210	202	21	0.0000487648	0.000000002916
1	103914211	106087841	464	40	0.0000281667	0.000000006392
1	106087842	108409664	727	40	-0.0000167098	0.000000009107
1	108409665	110303930	578	40	0.0000535439	0.000000007966
1	110303931	111741736	573	40	0.0001545451	0.000000010707
1	111741737	113273305	726	40	0.0000917463	0.000000010428
1	113273306	114873844	516	40	0.0000822088	0.000000008166
1	114873845	115880592	347	37	-0.0000002589	0.000000004190
1	115880593	118839066	845	40	0.0001278190	0.000000010867
1	118839067	144977493	579	40	-0.0000060287	0.000000007185
1	144977494	148361252	436	40	0.0000884174	0.000000006920
1	148361253	151538880	353	34	0.0000850967	0.000000005283
1	151538881	153180828	479	40	0.0000174790	0.000000005667
1	153180829	154770402	464	40	0.0000662324	0.000000006911
1	154770403	156336132	307	38	0.0000749993	0.000000005253
1	156336133	158027411	600	40	0.0000907452	0.000000009333
1	158027412	159913047	691	40	0.0000791201	0.000000010274
1	159913048	162346720	899	40	0.0000735009	0.000000010206
1	162346721	165191701	1203	40	0.0000499250	0.000000009919
1	165191702	166460516	533	40	0.0000507731	0.000000008585
1	166460517	169086323	1119	40	0.0000472702	0.000000009886
1	169086324	170557775	573	40	0.0000063052	0.000000006498
1	170557776	173097906	915	40	0.0001629808	0.000000011295
1	173097907	175089767	416	32	0.0000497263	0.000000004297
1	175089768	177433380	790	40	0.0000979976	0.000000010504
1	177433381	178944308	507	40	0.0000475536	0.000000006981
1	178944309	178954469	2	1	-0.0000026384	0.000000000005
1	178954470	181144120	755	40	0.0000399688	0.000000009648
1	181144121	182755355	603	40	0.0001878696	0.000000010982
1	182755356	184595512	633	40	0.0000718213	0.000000008487
1	184595513	186810022	525	40	0.0000703923	0.000000007203
1	186810023	188759944	625	40	0.0000608827	0.000000008391
1	188759945	189904129	223	19	0.0000505252	0.000000002864
1	189904130	191868929	548	40	0.0000688021	0.000000006570
1	191868930	194107441	592	40	0.0001101525	0.000000008543
1	194107442	196176200	591	40	0.0001146798	0.000000007984
1	196176201	197311513	200	16	0.0000753500	0.000000002925
1	197311514	199239883	518	40	0.0001186411	0.000000008032
1	199239884	200137648	306	36	0.0000974060	0.000000005210
1	200137649	201589974	710	40	0.0000399431	0.000000009797
1	201589975	203334733	619	40	0.0000876416	0.000000010228
1	203334734	204681067	490	40	0.0001514009	0.000000008840
1	204681068	206073264	576	40	0.0000901511	0.000000009419
1	206073265	208410363	632	40	0.0000044657	0.000000009365
1	208410364	210787749	945	40	0.0000840394	0.000000010334
1	210787750	212842329	705	40	0.0003108770	0.000000013096
1	212842330	214578265	622	40	0.0000747521	0.000000009997
1	214578266	216243633	596	40	0.0000214423	0.000000008358
1	216243634	218705512	1093	40	0.0000258934	0.000000009626
1	218705513	219590570	288	35	-0.0000040996	0.000000003699
1	219590571	221858230	699	40	0.0000685529	0.000000010071
1	221858231	222230219	178	21	0.0000643858	0.000000003513
1	222230220	224938519	517	40	0.0000841326	0.000000008040
1	224938520	226810859	522	40	0.0000938101	0.000000008083
1	226810860	229156247	710	40	0.0000292831	0.000000009200
1	229156248	230685254	544	40	0.0000155291	0.000000008268
1	230685255	232090251	596	40	0.0000290398	0.000000008824
1	232090252	233429283	609	40	0.0000448839	0.000000009857
1	233429284	234599433	544	40	-0.0000156775	0.000000008000
1	234599434	235819435	390	40	0.0001480995	0.000000007795
1	235819436	237555627	735	40	0.0000512441	0.000000009935
1	237555628	238567806	438	40	0.0002273605	0.000000009410
1	238567807	239925313	499	40	0.0000653586	0.000000008315
1	239925314	240564090	350	40	-0.0000186364	0.000000004912
1	240564091	241582219	525	40	0.0000368962	0.000000009256
1	241582220	242071601	218	38	0.0000678926	0.000000004333
1	242071602	244109498	627	40	0.0001323261	0.000000010773
1	244109499	245506745	524	40	0.0000426538	0.000000008728
1	245506746	247344517	719	40	0.0000481086	0.000000009897
1	247344518	249239465	404	40	0.0000421854	0.000000006544
2	10133	1781021	678	40	0.0000865654	0.000000010365
2	1781022	3973778	974	40	0.0001027686	0.000000010562
2	3973779	5708336	631	40	0.0000348527	0.000000009735
2	5708337	6836253	572	40	0.0000495659	0.000000008570
2	6836254	8422146	660	40	0.0000817614	0.000000010306
2	8422147	10298468	682	40	0.0000334846	0.000000009719
2	10298469	12419149	978	40	0.0001395210	0.000000011010
2	12419150	14335307	598	40	0.0001265377	0.000000009824
2	14335308	16329734	753	40	0.0000946594	0.000000010463
2	16329735	18647422	866	40	0.0000974505	0.000000010497
2	18647423	19692403	387	40	-0.0000267007	0.000000005353
2	19692404	21050489	645	40	0.0000450464	0.000000009729
2	21050490	23341382	635	40	0.0001120849	0.000000010676
2	23341383	24686917	442	40	0.0000740412	0.000000006968
2	24686918	26894984	563	40	-0.0000294322	0.000000007422
2	26894985	28598776	432	34	0.0000008527	0.000000005354
2	28598777	29217558	249	33	0.0000590377	0.000000004336
2	29217559	30463710	639	40	0.0001230026	0.000000010809
2	30463711	31550449	537	40	-0.0000065784	0.000000008446
2	31550450	33363776	498	40	0.0000048779	0.000000008287
2	33363777	35345027	815	40	0.0000483736	0.000000009900
2	35345028	36122005	299	31	0.0000135312	0.000000004432
2	36122006	38132711	930	40	0.0000045497	0.000000009366
2	38132712	39031336	327	38	0.0000593234	0.000000006269
2	39031337	40281482	306	32	0.0000052325	0.000000004998
2	40281483	43309589	1314	40	0.0000767960	0.000000010246
2	43309590	44313802	408	40	-0.0000019243	0.000000006528
2	44313803	46482633	1077	40	0.0000617756	0.000000010063
2	46482634	47318771	419	40	0.0000246671	0.000000007857
2	47318772	48213000	304	40	0.0000613922	0.000000006127
2	48213001	50022256	720	40	0.0001489209	0.000000011124
2	50022257	50818927	345	34	0.0000330750	0.000000005653
2	50818928	52491132	654	40	0.0003201400	0.000000013209
2	52491133	53508451	470	40	0.0000851989	0.000000008109
2	53508452	54685225	433	40	0.0000638783	0.000000007533
2	54685226	56203344	618	40	0.0000679176	0.000000010138
2	56203345	57429099	430	40	0.0001413311	0.000000008494
2	57429100	58297314	276	29	0.0000982721	0.000000005425
2	58297315	60291999	746	40	0.0001822873	0.000000011531
2	60292000	62429043	592	40	0.0003220875	0.000000013233
2	62429044	64625912	588	40	0.0000794453	0.000000009736
2	64625913	65933443	465	40	0.0002063393	0.000000009620
2	65933444	67226165	553	40	0.0000019623	0.000000007860
2	67226166	68010175	428	40	0.0000437196	0.000000006637
2	68010176	69139563	474	40	0.0000313753	0.000000006952
2	69139564	70755197	536	40	0.0000504228	0.000000007779
2	70755198	73174847	810	40	0.0000026513	0.000000009343
2	73174848	75630085	736	40	0.0000713013	0.000000010179
2	75630086	76913660	518	40	0.0000333150	0.000000008167
2	76913661	78079263	397	40	0.0000824937	0.000000007592
2	78079264	80050402	844	40	0.0000073671	0.000000009400
2	80050403	81620840	583	40	0.0000377423	0.000000009696
2	81620841	85140679	906	40	0.0001094183	0.000000009522
2	85140680	88038506	640	40	0.0000254227	0.000000008258
2	88038507	89154525	246	30	-0.0000134219	0.000000003104
2	89154526	95326451	4	2	-0.0000047074	0.000000000017
2	95326452	98995200	432	40	0.0000889883	0.000000006741
2	98995201	101822328	912	40	0.0004407229	0.000000014678
2	101822329	102688764	260	30	0.0001150174	0.000000004702
2	102688765	103588214	407	36	0.0000172542	0.000000004421
2	103588215	105125033	312	40	0.0001195884	0.000000005739
2	105125034	106210057	410	40	0.0000928373	0.000000007085
2	106210058	107408266	455	40	0.0000013914	0.000000006178
2	107408267	108429176	358	40	0.0000155450	0.000000004345
2	108429177	110572431	534	40	0.0000061079	0.000000007016
2	110572432	113921855	811	40	0.0000494858	0.000000009913
2	113921856	116772469	763	40	0.0000126397	0.000000009465
2	116772470	118367465	407	39	0.0000430359	0.000000005198
2	118367466	121303782	997	40	0.0000710552	0.000000010176
2	121303783	123302905	584	40	0.0000223309	0.000000008556
2	123302906	124732249	433	40	0.0000596302	0.000000005660
2	124732250	125840920	387	40	0.0001032099	0.000000006468
2	125840921	127373763	415	38	0.0001163927	0.000000005942
2	127373764	128034346	263	40	0.0000424391	0.000000004301
2	128034347	129474440	438	40	0.0000504733	0.000000006291
2	129474441	130067169	226	27	0.0000459770	0.000000003345
2	130067170	130658084	206	26	0.0000653907	0.000000003617
2	130658085	133042783	217	36	-0.0000216453	0.000000002930
2	133042784	135158577	919	40	0.0000141257	0.000000009483
2	135158578	137042793	450	40	0.0000861297	0.000000006056
2	137042794	138698116	598	40	0.0000461835	0.000000008678
2	138698117	140100270	442	40	0.0000925791	0.000000005819
2	140100271	141805350	579	40	0.0000483926	0.000000008556
2	141805351	142518601	300	33	0.0002184990	0.000000007183
2	142518602	144519483	658	40	0.0002120335	0.000000011313
2	144519484	146445569	443	40	0.0001467651	0.000000008002
2	146445570	147277161	154	15	0.0000301538	0.000000002505
2	147277162	150210291	667	40	0.0000558272	0.000000008702
2	150210292	151731461	480	40	0.0001626763	0.000000008474
2	151731462	152486781	286	29	0.0000114095	0.000000003739
2	152486782	154005055	487	40	0.0000872916	0.000000007669
2	154005056	155391134	494	40	0.0001341452	0.000000008593
2	155391135	157560634	557	40	0.0002572027	0.000000010519
2	157560635	158533217	174	26	0.0000597337	0.000000003623
2	158533218	159577081	335	39	0.0000908460	0.000000005872
2	159577082	161769732	726	40	0.0001175304	0.000000010424
2	161769733	163503550	399	37	0.0003046271	0.000000008118
2	163503551	164466637	197	24	0.0000499022	0.000000003337
2	164466638	165178839	177	21	0.0000636163	0.000000003281
2	165178840	167160269	641	40	0.0000554823	0.000000008847
2	167160270	167355969	74	10	0.0000181557	0.000000001234
2	167355970	169968235	844	40	0.0001126911	0.000000010683
2	169968236	171226244	494	40	0.0001014421	0.000000007971
2	171226245	173138904	578	40	0.0000791213	0.000000009564
2	173138905	175588928	850	40	0.0001071560	0.000000010616
2	175588929	177363635	536	40	0.0000808949	0.000000008113
2	177363636	178553182	471	40	-0.0000242652	0.000000005512
2	178553183	181312738	1013	40	0.0001490686	0.000000011126
2	181312739	182266030	303	32	0.0000026140	0.000000003854
2	182266031	184357607	618	40	0.0001180707	0.000000009852
2	184357608	185280172	237	26	0.0000706626	0.000000003940
2	185280173	189882064	965	40	0.0001844016	0.000000011556
2	189882065	191973356	504	40	0.0000965162	0.000000007670
2	191973357	195861163	724	40	0.0000688838	0.000000010150
2	195861164	196447455	156	20	0.0000047294	0.000000002178
2	196447456	198078109	455	40	0.0000804891	0.000000006155
2	198078110	199311124	308	26	0.0000712233	0.000000004132
2	199311125	201576283	633	40	0.0002492473	0.000000011281
2	201576284	202818636	319	39	-0.0000075653	0.000000004286
2	202818637	205799240	764	40	0.0001709087	0.000000011392
2	205799241	206735703	406	40	0.0000419901	0.000000007155
2	206735704	208645398	659	40	0.0000817131	0.000000010306
2	208645399	209941528	339	40	0.0000125349	0.000000004920
2	209941529	212379517	745	40	0.0000454381	0.000000009864
2	212379518	214014281	630	40	0.0001494870	0.000000011131
2	214014282	215573794	448	40	0.0001475761	0.000000008198
2	215573795	217715660	809	40	0.0000566071	0.000000010000
2	217715661	218395479	276	36	-0.0000097587	0.000000004111
2	218395480	220454550	607	40	0.0000538361	0.000000008436
2	220454551	222521175	861	40	0.0000875031	0.000000010376
2	222521176	224859418	791	40	0.0000891274	0.000000010396
2	224859419	225840003	353	36	0.0000852429	0.000000005211
2	225840004	228119841	744	40	0.0000981290	0.000000010151
2	228119842	229370786	460	40	0.0001679156	0.000000007905
2	229370787	231843388	940	40	0.0000159453	0.000000009505
2	231843389	233550002	472	40	0.0000786395	0.000000007489
2	233550003	235150986	805	40	0.0000702633	0.000000010166
2	235150987	236043549	427	40	0.0000104657	0.000000007293
2	236043550	237449031	471	40	0.0001564218	0.000000008957
2	237449032	238760980	539	40	0.0000243847	0.000000008226
2	238760981	239952642	424	40	-0.0000313529	0.000000005910
2	239952643	241560083	661	40	0.0000559636	0.000000009992
2	241560084	242149920	215	30	0.0000246674	0.000000003363
2	242149921	243188919	133	17	0.0000668359	0.000000002692
3	60157	1441778	624	40	0.0000836556	0.000000010329
3	1441779	2992119	908	40	0.0000524450	0.000000009949
3	2992120	4431646	781	40	0.0000208311	0.000000009564
3	4431647	6083182	778	40	-0.0000107299	0.000000009180
3	6083183	7083386	432	40	0.0000543225	0.000000007752
3	7083387	8648560	869	40	0.0001523944	0.000000011167
3	8648561	9543182	501	40	0.0000436276	0.000000008572
3	9543183	11019664	596	40	0.0000478939	0.000000009894
3	11019665	13070798	751	40	0.0000691462	0.000000010153
3	13070799	14816899	805	40	0.0000330059	0.000000009713
3	14816900	16282441	540	40	0.0000131101	0.000000007437
3	16282442	17891117	507	40	0.0001037061	0.000000008241
3	17891118	19125143	347	40	0.0000592606	0.000000005674
3	19125144	20091347	198	25	0.0000576491	0.000000003875
3	20091348	21643706	649	40	0.0001977448	0.000000011719
3	21643707	22204243	388	40	0.0000991073	0.000000007199
3	22204244	23804864	540	40	0.0000944287	0.000000009303
3	23804865	25461557	747	40	0.0001167788	0.000000010733
3	25461558	26877768	478	40	0.0000522238	0.000000007224
3	26877769	27840909	277	32	0.0000062259	0.000000004213
3	27840910	29142259	457	40	0.0000945258	0.000000008185
3	29142260	30717954	691	40	0.0000607201	0.000000010050
3	30717955	32351714	661	40	0.0000454171	0.000000009864
3	32351715	33255591	283	40	-0.0000057502	0.000000004624
3	33255592	35283457	597	40	0.0000534273	0.000000008412
3	35283458	36486841	414	40	0.0000571770	0.000000006614
3	36486842	38356115	600	40	0.0000479864	0.000000008588
3	38356116	40221297	674	40	-0.0000353523	0.000000007984
3	40221298	41064527	153	16	-0.0000069227	0.000000002018
3	41064528	42540001	464	40	0.0000995586	0.000000007539
3	42540002	45165152	715	40	0.0000566505	0.000000009664
3	45165153	46657499	524	40	0.0000490211	0.000000007352
3	46657500	47727211	178	17	0.0001412598	0.000000003947
3	47727212	49316971	256	15	0.0003373898	0.000000006144
3	49316972	51832014	450	25	0.0006437328	0.000000011033
3	51832015	54081389	644	40	0.0002700152	0.000000011365
3	54081390	55348859	668	40	0.0000768964	0.000000010247
3	55348860	56433906	373	40	0.0000200429	0.000000005847
3	56433907	58157518	546	40	0.0000085978	0.000000007158
3	58157519	60272905	980	40	-0.0000014087	0.000000009294
3	60272906	62355665	990	40	0.0000534581	0.000000009962
3	62355666	63669285	673	40	0.0000472469	0.000000009886
3	63669286	65273537	767	40	0.0001212998	0.000000010788
3	65273538	66270446	343	40	0.0000613143	0.000000006665
3	66270447	68286913	643	40	0.0000869441	0.000000010370
3	68286914	69276761	370	40	0.0000831506	0.000000006968
3	69276762	70449027	390	40	0.0000471015	0.000000006808
3	70449028	72529328	795	40	0.0001777886	0.000000011476
3	72529329	74321816	721	40	-0.0000230885	0.000000009030
3	74321817	75704948	279	32	0.0000383756	0.000000004344
3	75704949	77508834	487	40	0.0000113528	0.000000007192
3	77508835	79024540	410	40	0.0000622432	0.000000006658
3	79024541	81427309	499	40	0.0000297516	0.000000005668
3	81427310	82643885	296	27	0.0000715474	0.000000004321
3	82643886	84367478	324	32	0.0000818141	0.000000005095
3	84367479	85582230	262	23	0.0000914214	0.000000004230
3	85582231	87409731	461	40	0.0000878891	0.000000006653
3	87409732	88298372	196	19	0.0000327898	0.000000002611
3	88298373	94255315	465	40	0.0000863372	0.000000006932
3	94255316	95311970	218	18	-0.0000219343	0.000000002131
3	95311971	98215949	581	40	-0.0000172713	0.000000006434
3	98215950	99373761	339	39	0.0000343593	0.000000004499
3	99373762	100592216	335	29	0.0000862960	0.000000004742
3	100592217	103084959	673	40	0.0000335849	0.000000008487
3	103084960	104581612	430	40	0.0001012159	0.000000006593
3	104581613	106982810	726	40	0.0000644140	0.000000010095
3	106982811	109522394	775	40	0.0002044371	0.000000011800
3	109522395	110513769	255	25	0.0000453402	0.000000003244
3	110513770	112815698	712	40	-0.0000030855	0.000000008844
3	112815699	113947862	382	40	0.0000630276	0.000000005664
3	113947863	115447079	412	40	0.0001184497	0.000000007881
3	115447080	116800152	526	40	0.0001432144	0.000000009001
3	116800153	118530250	578	40	0.0001214747	0.000000009987
3	118530251	120523054	675	40	0.0000996477	0.000000008993
3	120523055	121974096	399	37	-0.0000363101	0.000000003344
3	121974097	123517767	535	40	0.0000268267	0.000000007343
3	123517768	124936641	630	40	0.0000510921	0.000000009130
3	124936642	126214942	396	40	0.0000663630	0.000000005946
3	126214943	128194860	678	40	0.0001298608	0.000000010518
3	128194861	130244734	439	40	0.0000590947	0.000000006322
3	130244735	131836515	553	40	0.0001278891	0.000000008219
3	131836516	133252172	521	40	0.0000339877	0.000000006872
3	133252173	135456905	874	40	0.0000522614	0.000000009947
3	135456906	137371082	447	39	0.0000966994	0.000000006315
3	137371083	139954596	853	40	0.0000809632	0.000000010297
3	139954597	141339096	480	40	0.0000917002	0.000000008114
3	141339097	143164627	633	40	0.0000322665	0.000000009311
3	143164628	144410815	392	40	0.0000894720	0.000000006431
3	144410816	145664618	359	40	0.0000253620	0.000000004557
3	145664619	146726628	345	40	0.0000173208	0.000000004737
3	146726629	149043236	691	40	0.0000535905	0.000000009963
3	149043237	150252003	433	40	-0.0000020889	0.000000006563
3	150252004	151348729	367	40	0.0001246574	0.000000006933
3	151348730	153256570	571	40	0.0000756120	0.000000008719
3	153256571	154714217	410	40	0.0000885325	0.000000005677
3	154714218	156008699	333	40	0.0000428515	0.000000005307
3	156008700	157312027	455	40	0.0000450925	0.000000006077
3	157312028	159477889	652	40	0.0001145757	0.000000008597
3	159477890	161524503	575	40	0.0000971375	0.000000007379
3	161524504	163253204	487	40	-0.0000068318	0.000000005464
3	163253205	165055468	444	37	0.0000160685	0.000000004481
3	165055469	167117428	460	40	0.0001525996	0.000000007329
3	167117429	168580959	368	40	0.0000778260	0.000000005473
3	168580960	170964908	734	40	0.0001545881	0.000000011193
3	170964909	172295730	515	40	0.0000163966	0.000000008092
3	172295731	173477284	395	40	0.0000583263	0.000000006852
3	173477285	175116538	609	40	0.0001266387	0.000000010853
3	175116539	176320286	347	40	-0.0000005021	0.000000004613
3	176320287	178107164	544	40	-0.0000146795	0.000000007676
3	178107165	179374585	389	40	0.0000008887	0.000000005150
3	179374586	181511165	468	40	0.0001034207	0.000000007679
3	181511166	183769682	670	40	0.0000258387	0.000000009158
3	183769683	185068254	420	40	0.0000698674	0.000000007364
3	185068255	186890343	675	40	0.0000909456	0.000000010418
3	186890344	188856213	812	40	0.0000600564	0.000000010042
3	188856214	190226606	628	40	-0.0000080886	0.000000009212
3	190226607	192343813	758	40	0.0000414493	0.000000009816
3	192343814	194059670	523	40	-0.0000224594	0.000000007880
3	194059671	194786673	271	40	0.0000318284	0.000000004784
3	194786674	195971407	231	37	0.0000958842	0.000000004877
3	195971408	197075986	294	40	0.0001039609	0.000000005679
3	197075987	197946621	186	29	0.0000145977	0.000000003037
4	10240	694714	106	13	0.0000087610	0.000000001784
4	694715	1478710	225	26	0.0000752200	0.000000004162
4	1478711	2842978	274	40	0.0000944875	0.000000005434
4	2842979	3846039	260	37	0.0001647773	0.000000006251
4	3846040	4684115	228	37	-0.0000140067	0.000000003597
4	4684116	5502387	396	40	0.0000303074	0.000000007050
4	5502388	6773042	703	40	-0.0000190322	0.000000009079
4	6773043	7539691	416	40	0.0000295402	0.000000007637
4	7539692	8152234	358	40	0.0000342935	0.000000006652
4	8152235	9326478	252	40	-0.0000142245	0.000000003946
4	9326479	10699151	518	38	0.0000274552	0.000000006625
4	10699152	12323033	650	40	0.0000087734	0.000000009418
4	12323034	14272000	717	40	0.0000353224	0.000000009741
4	14272001	15147445	384	40	0.0000356513	0.000000006260
4	15147446	15927008	253	33	0.0000346896	0.000000004281
4	15927009	17383321	665	40	0.0000961877	0.000000010482
4	17383322	18841873	423	40	0.0001364995	0.000000007486
4	18841874	20544556	473	40	0.0000153585	0.000000006013
4	20544557	22319346	671	40	0.0000404113	0.000000009803
4	22319347	24135528	609	40	0.0000495012	0.000000009166
4	24135529	25609321	610	40	0.0000679915	0.000000010139
4	25609322	27343721	571	40	0.0000443951	0.000000009608
4	27343722	27965867	201	29	0.0000112443	0.000000003237
4	27965868	29762207	539	40	0.0001093501	0.000000008571
4	29762208	30454534	162	24	0.0000278556	0.000000002570
4	30454535	31782980	404	40	0.0000805347	0.000000006917
4	31782981	33172765	317	37	0.0001176635	0.000000006013
4	33172766	35151414	368	32	0.0000333293	0.000000004302
4	35151415	36020435	275	34	0.0000415950	0.000000003846
4	36020436	37255046	438	40	0.0000181651	0.000000005638
4	37255047	38907021	793	40	0.0001123284	0.000000010679
4	38907022	40202608	403	40	0.0000487881	0.000000005862
4	40202609	42213057	718	40	0.0000192722	0.000000009545
4	42213058	43965044	540	40	0.0000642823	0.000000007836
4	43965045	45189156	346	40	0.0000109933	0.000000004178
4	45189157	47411895	464	40	0.0001409919	0.000000007448
4	47411896	48123599	226	26	0.0000087330	0.000000002763
4	48123600	53877432	486	39	-0.0000053268	0.000000005668
4	53877433	55429555	539	40	0.0000779523	0.000000008263
4	55429556	56547643	379	40	0.0000319741	0.000000005732
4	56547644	58935007	864	40	-0.0000006624	0.000000009303
4	58935008	60741086	460	40	0.0000169341	0.000000006014
4	60741087	62371762	432	40	0.0000772637	0.000000006747
4	62371763	64341000	438	40	0.0000374389	0.000000006672
4	64341001	66600491	513	40	0.0001486183	0.000000007987
4	66600492	68059496	390	40	0.0001518874	0.000000006781
4	68059497	68854764	247	31	-0.0000147255	0.000000002792
4	68854765	71049151	451	40	-0.0000208966	0.000000004199
4	71049152	72140557	224	28	-0.0000034327	0.000000002726
4	72140558	74592389	497	40	0.0000264042	0.000000006463
4	74592390	77130706	741	40	0.0000399849	0.000000009275
4	77130707	79093978	737	40	0.0000601978	0.000000010044
4	79093979	80990296	570	40	0.0001376845	0.000000008077
4	80990297	82125314	249	30	0.0000937688	0.000000004554
4	82125315	83372592	367	40	0.0000111180	0.000000005218
4	83372593	84799655	491	40	0.0000474244	0.000000007054
4	84799656	86930608	598	40	0.0000179410	0.000000007477
4	86930609	87534647	140	18	0.0000353730	0.000000002236
4	87534648	89238027	580	40	0.0000000801	0.000000007688
4	89238028	90231563	326	40	0.0000050792	0.000000004737
4	90231564	91560676	339	40	0.0000773547	0.000000005300
4	91560677	94233298	577	40	0.0000976338	0.000000009454
4	94233299	96182187	614	40	0.0001230211	0.000000010416
4	96182188	97540702	500	40	0.0001988093	0.000000009603
4	97540703	99424066	410	36	0.0000520667	0.000000004900
4	99424067	100678359	417	40	0.0000877023	0.000000006298
4	100678360	103221355	807	40	0.0000917645	0.000000010428
4	103221356	105305293	499	40	0.0000545178	0.000000006638
4	105305294	107501304	591	40	0.0002765196	0.000000010437
4	107501305	108815347	366	40	0.0000270709	0.000000004893
4	108815348	111256566	778	40	0.0000061476	0.000000009386
4	111256567	113870101	732	40	0.0000784831	0.000000010266
4	113870102	115666245	619	40	0.0000855734	0.000000010110
4	115666246	117276928	342	36	0.0000471953	0.000000004489
4	117276929	118479917	344	39	0.0000394948	0.000000004970
4	118479918	119933511	426	40	0.0000517144	0.000000005656
4	119933512	120392683	149	16	0.0000395052	0.000000002250
4	120392684	122657986	710	40	-0.0000302730	0.000000008942
4	122657987	124286480	386	37	0.0000490136	0.000000005030
4	124286481	125210861	266	36	0.0000114008	0.000000003813
4	125210862	126480885	393	40	0.0000138430	0.000000005734
4	126480886	127275476	220	31	-0.0000046069	0.000000003174
4	127275477	127830292	167	23	-0.0000060174	0.000000002399
4	127830293	128996664	196	15	0.0000179355	0.000000002819
4	128996665	130591884	453	40	0.0000629208	0.000000006703
4	130591885	131283820	186	23	0.0000990135	0.000000003915
4	131283821	132954032	357	40	0.0000507081	0.000000005811
4	132954033	134628433	377	40	0.0000091899	0.000000004917
4	134628434	136566406	436	40	0.0000072856	0.000000005469
4	136566407	138541970	524	40	0.0000840471	0.000000008468
4	138541971	139556510	361	40	0.0000239821	0.000000005579
4	139556511	141084630	506	40	0.0003225078	0.000000011705
4	141084631	143443264	722	40	0.0000114563	0.000000009450
4	143443265	146178186	511	40	0.0000273122	0.000000006065
4	146178187	148521872	628	40	0.0000762066	0.000000009286
4	148521873	150683579	532	40	0.0000369766	0.000000007485
4	150683580	152782183	522	40	0.0000650781	0.000000006227
4	152782184	154477640	508	40	0.0000128728	0.000000008049
4	154477641	155056125	207	28	-0.0000212295	0.000000002787
4	155056126	157485096	807	40	-0.0000321353	0.000000008919
4	157485097	158743717	323	40	-0.0000229961	0.000000004284
4	158743718	161058863	525	40	0.0001824031	0.000000008621
4	161058864	161826434	270	34	-0.0000086449	0.000000003995
4	161826435	163243678	442	40	0.0000484908	0.000000006695
4	163243679	164478233	329	40	0.0001327663	0.000000006252
4	164478234	165823447	424	40	0.0001008254	0.000000007796
4	165823448	167018857	361	40	0.0000383133	0.000000006143
4	167018858	167852916	186	26	0.0000201936	0.000000002772
4	167852917	169676824	581	40	-0.0000055196	0.000000008441
4	169676825	170776509	322	38	-0.0000228112	0.000000004175
4	170776510	172558634	418	40	0.0001337685	0.000000007360
4	172558635	174264131	395	40	0.0001605511	0.000000007258
4	174264132	176570715	634	40	0.0000218116	0.000000009576
4	176570716	178991909	831	40	0.0001404271	0.000000011021
4	178991910	180122042	324	40	0.0000684732	0.000000005842
4	180122043	182066806	812	40	0.0000351619	0.000000009739
4	182066807	183371274	712	40	0.0000431423	0.000000009836
4	183371275	184929454	591	40	0.0000138166	0.000000009479
4	184929455	186909089	877	40	0.0001048686	0.000000010588
4	186909090	188472980	617	40	-0.0000142605	0.000000009137
4	188472981	189693510	414	40	0.0000071060	0.000000006861
4	189693511	191043593	290	40	0.0000146522	0.000000004612
5	11940	982251	230	26	-0.0000168157	0.000000003044
5	982252	2132441	465	40	-0.0000305937	0.000000007613
5	2132442	3361940	788	40	0.0000391060	0.000000009787
5	3361941	4632109	538	40	0.0000736810	0.000000008584
5	4632110	5973232	694	40	0.0000480613	0.000000009896
5	5973233	7143217	578	40	-0.0000144333	0.000000008146
5	7143218	8446335	592	40	0.0001242393	0.000000009628
5	8446336	9718831	609	40	0.0000519708	0.000000008991
5	9718832	11173270	743	40	-0.0000212435	0.000000009052
5	11173271	13464831	569	40	0.0001123837	0.000000009148
5	13464832	14757803	589	40	-0.0000050392	0.000000008092
5	14757804	16963612	751	40	-0.0000322613	0.000000008918
5	16963613	18051591	265	40	0.0000303930	0.000000004581
5	18051592	19917715	552	40	0.0000827636	0.000000007875
5	19917716	22152072	447	40	0.0000302412	0.000000005915
5	22152073	23494323	409	40	0.0001196663	0.000000006650
5	23494324	26184850	653	40	0.0001240633	0.000000010429
5	26184851	26857603	151	22	0.0000647694	0.000000002907
5	26857604	27984512	221	32	0.0001711846	0.000000005273
5	27984513	29714819	403	40	0.0000584222	0.000000005682
5	29714820	31390248	577	40	0.0001169640	0.000000009017
5	31390249	33500179	815	40	0.0000533454	0.000000009960
5	33500180	35048969	546	40	-0.0000341369	0.000000007645
5	35048970	36433953	478	40	0.0000159035	0.000000006298
5	36433954	38802409	764	40	0.0000496636	0.000000009916
5	38802410	40287728	537	40	-0.0000060132	0.000000006218
5	40287729	41888709	543	40	0.0000059126	0.000000005675
5	41888710	43983498	410	31	0.0000234082	0.000000004904
5	43983499	50163397	420	31	0.0002217006	0.000000007036
5	50163398	52134621	562	40	0.0001181264	0.000000008771
5	52134622	53703043	601	40	0.0000228139	0.000000008599
5	53703044	55417348	597	40	0.0000053376	0.000000007584
5	55417349	56621101	501	40	0.0000501218	0.000000007515
5	56621102	57340072	269	36	0.0001117224	0.000000004902
5	57340073	58524621	534	40	0.0002006536	0.000000009570
5	58524622	60935906	683	40	0.0004198897	0.000000013619
5	60935907	61672994	267	27	0.0001190601	0.000000004917
5	61672995	63218986	487	40	0.0001588633	0.000000007591
5	63218987	63968303	179	20	0.0000230409	0.000000002641
5	63968304	65911285	619	40	0.0000343783	0.000000008087
5	65911286	67850859	775	40	0.0001084352	0.000000010631
5	67850860	71240455	453	40	0.0000235615	0.000000006187
5	71240456	73759325	957	40	0.0000284790	0.000000009658
5	73759326	75798865	689	40	0.0000647190	0.000000009931
5	75798866	77623331	716	40	-0.0000236155	0.000000009023
5	77623332	79393143	653	40	0.0000737342	0.000000010209
5	79393144	80481470	444	40	-0.0000038310	0.000000006505
5	80481471	82025647	500	40	0.0000358491	0.000000007937
5	82025648	83972688	530	40	0.0000034558	0.000000008438
5	83972689	85767289	497	40	0.0000127633	0.000000006781
5	85767290	87389990	277	32	0.0000375534	0.000000004483
5	87389991	88891529	303	32	0.0002963095	0.000000007405
5	88891530	90422653	423	40	0.0001546389	0.000000007335
5	90422654	91840541	268	32	0.0001089068	0.000000005109
5	91840542	93809983	410	40	0.0002667474	0.000000008327
5	93809984	95963518	690	40	0.0000942807	0.000000010459
5	95963519	97315600	414	40	0.0000279291	0.000000005274
5	97315601	99260991	480	40	0.0000246282	0.000000006367
5	99260992	101578768	513	40	0.0000566353	0.000000006998
5	101578769	103320004	480	40	0.0000532600	0.000000006548
5	103320005	104851482	416	40	0.0000712014	0.000000006655
5	104851483	105893054	169	22	0.0000829287	0.000000003830
5	105893055	107264195	552	40	0.0002470183	0.000000012020
5	107264196	108633933	385	40	0.0000990944	0.000000006883
5	108633934	110821143	628	40	0.0001253999	0.000000010034
5	110821144	111981561	424	40	0.0000515607	0.000000007216
5	111981562	113396284	545	40	0.0000589734	0.000000008498
5	113396285	114830369	514	40	0.0001991810	0.000000009533
5	114830370	115831046	428	40	0.0000936790	0.000000007393
5	115831047	117346212	550	40	0.0000705682	0.000000009684
5	117346213	118608819	372	40	0.0000741050	0.000000006709
5	118608820	119669041	331	38	0.0000433700	0.000000005462
5	119669042	120452165	230	24	0.0000353465	0.000000003919
5	120452166	122556904	665	40	-0.0000034185	0.000000009269
5	122556905	123798099	438	40	0.0000782353	0.000000007373
5	123798100	125785648	837	40	0.0000593364	0.000000010033
5	125785649	127344603	429	40	0.0000059624	0.000000005880
5	127344604	129519024	657	40	-0.0000227557	0.000000007522
5	129519025	132139648	607	40	0.0000151906	0.000000006346
5	132139649	134777400	897	40	0.0000712207	0.000000010178
5	134777401	136376049	585	40	0.0000581329	0.000000007966
5	136376050	139265071	688	40	0.0001503277	0.000000009778
5	139265072	140645970	351	31	0.0000545416	0.000000004541
5	140645971	142981247	917	40	0.0000388788	0.000000009784
5	142981248	144943353	625	40	0.0000856644	0.000000008916
5	144943354	147181997	733	40	0.0000381482	0.000000009775
5	147181998	148662623	550	40	0.0000677020	0.000000008287
5	148662624	150561297	843	40	0.0000419788	0.000000009822
5	150561298	152867773	845	40	0.0000662457	0.000000010099
5	152867774	153773087	425	40	0.0000699160	0.000000005859
5	153773088	155373504	565	40	0.0000184089	0.000000008042
5	155373505	156628699	381	40	0.0000000387	0.000000005084
5	156628700	158825697	869	40	0.0001224136	0.000000010801
5	158825698	159973943	415	40	0.0000524119	0.000000006984
5	159973944	161482132	513	40	0.0000702746	0.000000007276
5	161482133	162743907	356	40	0.0000557079	0.000000005761
5	162743908	163771581	379	40	0.0000664074	0.000000006355
5	163771582	165642394	541	40	0.0000171138	0.000000008847
5	165642395	166847739	416	40	0.0000761106	0.000000008073
5	166847740	168525317	766	40	0.0001144787	0.000000010705
5	168525318	169505663	476	40	0.0000297609	0.000000007751
5	169505664	171074291	652	40	0.0001270544	0.000000010858
5	171074292	172678326	670	40	0.0001086448	0.000000010634
5	172678327	173642870	489	40	0.0000403916	0.000000007806
5	173642871	175450594	809	40	0.0000340813	0.000000009726
5	175450595	177251506	344	40	0.0001182568	0.000000006224
5	177251507	178413463	434	40	0.0000015431	0.000000007073
5	178413464	179401243	357	40	0.0000559648	0.000000006451
5	179401244	180559932	331	40	0.0000458618	0.000000005548
5	180559933	180885155	42	9	-0.0000020157	0.000000000657
6	73924	1452361	681	40	-0.0000283894	0.000000008965
6	1452362	2458935	436	40	0.0000426383	0.000000007163
6	2458936	3573592	582	40	0.0000829151	0.000000009947
6	3573593	4617816	516	40	0.0000046319	0.000000007650
6	4617817	5791471	591	40	-0.0000066652	0.000000009005
6	5791472	6785206	597	40	0.0000268754	0.000000009638
6	6785207	7808935	513	40	-0.0000076556	0.000000007892
6	7808936	9020025	501	40	0.0001014958	0.000000007935
6	9020026	10540316	606	40	-0.0000072660	0.000000008923
6	10540317	11790815	549	40	-0.0000378131	0.000000007712
6	11790816	13209387	600	40	0.0000205308	0.000000008795
6	13209388	14802923	684	40	0.0001945003	0.000000011679
6	14802924	17386404	1000	40	0.0002906349	0.000000012850
6	17386405	19207486	641	40	0.0001480517	0.000000009489
6	19207487	21684064	1038	40	0.0001194906	0.000000010766
6	21684065	22748306	520	40	0.0000819854	0.000000009095
6	22748307	23936618	499	40	0.0000612531	0.000000008768
6	23936619	24852274	402	40	-0.0000216561	0.000000006362
6	24852275	25684586	461	40	0.0000375265	0.000000006989
6	25684587	26791232	512	37	0.0002053746	0.000000007413
6	26791233	28017818	277	19	0.0000564646	0.000000003583
6	28017819	28917607	190	14	0.0000197274	0.000000001732
6	28917608	29737970	28	4	0.0000151084	0.000000000441
6	29737971	30798167	1	0	0.0000000000	0.000000000018
6	30798168	31571217	113	19	0.0000594576	0.000000002381
6	31571218	32682663	101	12	0.0001022624	0.000000002569
6	32682664	33236496	179	26	0.0001052498	0.000000003732
6	33236497	35455755	707	40	0.0001226116	0.000000010766
6	35455756	37572595	824	40	0.0001221604	0.000000010798
6	37572596	39295676	766	40	0.0000265405	0.000000009634
6	39295677	40345114	406	40	0.0000254115	0.000000006079
6	40345115	42038720	719	40	0.0000050846	0.000000009373
6	42038721	43756168	455	40	0.0000705481	0.000000007335
6	43756169	45406562	581	40	0.0000100037	0.000000008798
6	45406563	47311897	765	40	-0.0000215111	0.000000009049
6	47311898	48391124	358	38	0.0000364155	0.000000004599
6	48391125	50386144	511	40	0.0000668136	0.000000005970
6	50386145	52210475	632	40	0.0001613352	0.000000009725
6	52210476	53279101	432	40	0.0001366212	0.000000007469
6	53279102	55468269	866	40	0.0000348375	0.000000009716
6	55468270	56105312	211	20	0.0000011367	0.000000002245
6	56105313	57599464	349	37	0.0000681849	0.000000005170
6	57599465	61880511	121	9	0.0000075235	0.000000001234
6	61880512	63552887	344	22	0.0000265673	0.000000003738
6	63552888	65765741	450	40	0.0000183178	0.000000005566
6	65765742	67329214	490	40	0.0001676832	0.000000008368
6	67329215	68849482	473	40	0.0000213491	0.000000005937
6	68849483	69523447	224	27	0.0000564175	0.000000003564
6	69523448	71609509	756	40	0.0000891735	0.000000009986
6	71609510	73450096	638	40	0.0000666082	0.000000009076
6	73450097	75462002	582	40	0.0000027933	0.000000007255
6	75462003	77414880	455	40	0.0000008055	0.000000005279
6	77414881	78957727	491	40	0.0000702965	0.000000005808
6	78957728	80691169	588	40	0.0001099808	0.000000008914
6	80691170	81929221	375	28	0.0000169780	0.000000003936
6	81929222	83127148	353	40	0.0000667974	0.000000005524
6	83127149	85209988	559	40	0.0000563590	0.000000007479
6	85209989	87069499	602	40	0.0000514407	0.000000007028
6	87069500	88822139	546	40	0.0000809843	0.000000007425
6	88822140	89973051	435	40	0.0000855262	0.000000007275
6	89973052	91843195	742	40	0.0000255757	0.000000009622
6	91843196	93428643	472	40	0.0000295618	0.000000006930
6	93428644	94118141	284	40	0.0002441434	0.000000006678
6	94118142	94441174	84	8	0.0000126534	0.000000001075
6	94441175	97093510	629	40	0.0000712810	0.000000008760
6	97093511	97842283	232	27	0.0001494193	0.000000004694
6	97842284	100630145	798	40	0.0005513002	0.000000016024
6	100630146	102636771	497	40	0.0000202487	0.000000006928
6	102636772	103983394	339	33	0.0000359006	0.000000004555
6	103983395	106056732	671	40	0.0000922074	0.000000009798
6	106056733	107450305	629	40	-0.0000321752	0.000000008919
6	107450306	108464379	352	40	0.0000787496	0.000000006134
6	108464380	110304246	540	40	0.0001260227	0.000000007991
6	110304247	112345013	617	40	0.0000689469	0.000000008955
6	112345014	114220832	632	40	0.0000761109	0.000000008819
6	114220833	116131395	477	40	0.0000182203	0.000000005490
6	116131396	117672971	473	40	-0.0000151505	0.000000005549
6	117672972	118963114	378	39	0.0000127558	0.000000004849
6	118963115	119963277	324	36	0.0001060053	0.000000005500
6	119963278	120512127	165	19	-0.0000223498	0.000000001757
6	120512128	121905675	379	36	0.0000401133	0.000000004625
6	121905676	123856180	608	40	-0.0000075929	0.000000006887
6	123856181	125424382	606	40	0.0000690019	0.000000010151
6	125424383	127540460	468	40	0.0000962883	0.000000007220
6	127540461	129861030	614	40	0.0001505391	0.000000009967
6	129861031	130935453	499	40	0.0000202703	0.000000007468
6	130935454	132765668	603	40	0.0000536470	0.000000008881
6	132765669	134244242	592	40	0.0000247152	0.000000008342
6	134244243	136224176	590	40	0.0000584641	0.000000009873
6	136224177	137614217	341	40	0.0000453083	0.000000005820
6	137614218	138822628	483	40	0.0000290710	0.000000007370
6	138822629	139845435	384	40	0.0000098211	0.000000006057
6	139845436	142288478	536	40	0.0000734426	0.000000007743
6	142288479	145319809	1039	40	0.0000792809	0.000000010276
6	145319810	146665423	317	26	0.0000778154	0.000000004120
6	146665424	148920351	921	40	0.0000912521	0.000000010422
6	148920352	150253403	520	40	0.0000684462	0.000000007626
6	150253404	151912702	888	40	-0.0000053924	0.000000009245
6	151912703	153094495	564	40	0.0000655980	0.000000008616
6	153094496	154974119	802	40	0.0000871302	0.000000010372
6	154974120	156763325	734	40	0.0001146022	0.000000010706
6	156763326	158218718	378	40	0.0000924196	0.000000006969
6	158218719	160580496	1041	40	0.0001560342	0.000000011211
6	160580497	162169563	776	40	0.0000500665	0.000000009920
6	162169564	162931202	372	40	-0.0000207381	0.000000005741
6	162931203	164383520	675	40	0.0000080817	0.000000009409
6	164383521	165586863	543	40	0.0000113929	0.000000007621
6	165586864	167024732	811	40	0.0000165542	0.000000009512
6	167024733	168042834	424	40	0.0000136177	0.000000006419
6	168042835	169382049	586	40	-0.0000167554	0.000000008155
6	169382050	170330172	401	40	0.0000554749	0.000000005962
6	170330173	171051269	234	30	0.0000411319	0.000000003933
7	16161	972751	98	17	0.0000176644	0.000000001837
7	972752	1353066	100	16	0.0000304661	0.000000002029
7	1353067	2062397	144	23	0.0000831336	0.000000003463
7	2062398	2772226	216	35	0.0001414181	0.000000005337
7	2772227	4573427	852	40	0.0001007400	0.000000010538
7	4573428	5416231	210	40	0.0000275493	0.000000004120
7	5416232	5854525	99	16	0.0000697976	0.000000002562
7	5854526	6573856	142	22	0.0000906337	0.000000003499
7	6573857	7808751	424	40	0.0001531624	0.000000008750
7	7808752	9123422	733	40	0.0001887318	0.000000011609
7	9123423	9987498	368	40	0.0000339129	0.000000006480
7	9987499	11299197	475	40	0.0000389016	0.000000008291
7	11299198	12635460	705	40	0.0000779811	0.000000010260
7	12635461	13884201	568	40	0.0000965700	0.000000010487
7	13884202	15143656	587	40	0.0000490920	0.000000009909
7	15143657	16902068	757	40	0.0000889716	0.000000010394
7	16902069	19481546	1039	40	0.0000609436	0.000000010053
7	19481547	20124907	230	28	0.0000562351	0.000000004413
7	20124908	22507628	1200	40	0.0000685131	0.000000010145
7	22507629	23471441	318	40	0.0000874042	0.000000006146
7	23471442	25077258	704	40	0.0000169803	0.000000009518
7	25077259	25909554	450	40	0.0000457051	0.000000007014
7	25909555	28360308	895	40	0.0001400797	0.000000011017
7	28360309	31137288	1245	40	0.0000613350	0.000000010058
7	31137289	33555767	995	40	0.0000688938	0.000000010150
7	33555768	36213537	1016	40	0.0000331221	0.000000009714
7	36213538	37555183	645	40	0.0000524861	0.000000009950
7	37555184	38966702	634	40	-0.0000092745	0.000000008040
7	38966703	39862669	313	35	0.0001502680	0.000000005927
7	39862670	42001810	612	40	0.0000588243	0.000000008907
7	42001811	43159073	401	40	-0.0000064388	0.000000005822
7	43159074	44763827	488	40	0.0000343756	0.000000006821
7	44763828	45952921	355	40	0.0002065719	0.000000007762
7	45952922	46986719	415	40	-0.0000218152	0.000000005208
7	46986720	49212277	907	40	0.0000237887	0.000000009600
7	49212278	51675321	895	40	0.0001025222	0.000000010559
7	51675322	53176311	638	40	0.0000138017	0.000000008583
7	53176312	54222975	373	40	0.0001216139	0.000000005894
7	54222976	55691583	537	40	0.0000901444	0.000000008579
7	55691584	57382637	247	28	0.0000473869	0.000000003695
7	57382638	63307358	131	16	0.0000030153	0.000000001843
7	63307359	63641124	53	6	0.0000135623	0.000000000865
7	63641125	65689808	315	26	0.0000174183	0.000000003849
7	65689809	68234073	711	40	0.0000122760	0.000000009143
7	68234074	69085363	265	39	0.0000314833	0.000000004279
7	69085364	71874884	848	40	0.0001482442	0.000000011116
7	71874885	73334601	172	24	0.0000907379	0.000000003500
7	73334602	76458563	356	40	0.0000816741	0.000000006188
7	76458564	78093858	608	40	0.0001024829	0.000000010465
7	78093859	79888068	654	40	0.0001619977	0.000000011227
7	79888069	82022685	722	40	-0.0000163785	0.000000009111
7	82022686	83801202	631	40	0.0000374896	0.000000009431
7	83801203	85572181	408	40	0.0000130189	0.000000004945
7	85572182	87825003	570	40	0.0001320866	0.000000007972
7	87825004	90661783	968	40	0.0001782394	0.000000011481
7	90661784	92493751	426	40	0.0000655588	0.000000006159
7	92493752	93966600	366	40	0.0001721589	0.000000007808
7	93966601	96073507	699	40	0.0000282725	0.000000009655
7	96073508	97099569	309	40	0.0000468272	0.000000004836
7	97099570	98715473	421	40	0.0000364694	0.000000006381
7	98715474	100196650	250	26	0.0001650428	0.000000004995
7	100196651	101199252	246	37	0.0001007044	0.000000005065
7	101199253	103197509	389	40	0.0001729801	0.000000007707
7	103197510	104159524	473	40	0.0000395938	0.000000007163
7	104159525	105682904	542	40	0.0001698861	0.000000009867
7	105682905	107780177	747	40	-0.0000177376	0.000000009095
7	107780178	109647593	556	40	0.0000127930	0.000000007470
7	109647594	112618683	839	40	0.0001573364	0.000000011227
7	112618684	113712386	223	27	0.0000741897	0.000000003928
7	113712387	116780177	719	40	0.0002392526	0.000000011589
7	116780178	118351580	376	38	0.0001564129	0.000000006113
7	118351581	121045272	448	40	0.0000086940	0.000000005412
7	121045273	121933629	228	28	0.0000122717	0.000000003028
7	121933630	124156804	667	40	0.0000530771	0.000000008631
7	124156805	124167551	7	2	0.0000080012	0.000000000208
7	124167552	126519169	670	40	0.0000207072	0.000000007473
7	126519170	126869220	143	18	0.0000203444	0.000000002072
7	126869221	128778385	597	40	0.0000986870	0.000000008348
7	128778386	130422413	475	40	0.0000360894	0.000000007083
7	130422414	132805847	925	40	0.0000893460	0.000000010399
7	132805848	134307595	440	35	0.0001641642	0.000000007451
7	134307596	135591082	506	40	0.0001120858	0.000000008082
7	135591083	136876561	412	40	0.0000591510	0.000000006508
7	136876562	138744678	621	40	0.0001533683	0.000000011178
7	138744679	139933176	332	40	0.0000068743	0.000000004907
7	139933177	140235209	120	25	-0.0000332538	0.000000001495
7	140235210	141226556	288	33	0.0000602975	0.000000004407
7	141226557	142656309	441	40	0.0000095178	0.000000005106
7	142656310	144968288	557	40	-0.0000379277	0.000000006704
7	144968289	146427959	383	40	0.0000177696	0.000000005448
7	146427960	147815317	578	40	0.0000530295	0.000000008761
7	147815318	149840657	630	40	0.0000671548	0.000000010129
7	149840658	150711504	319	38	0.0000613505	0.000000004772
7	150711505	152249805	466	40	0.0000689755	0.000000008713
7	152249806	153674018	472	40	0.0000312278	0.000000008049
7	153674019	154964729	558	40	-0.0000275158	0.000000008621
7	154964730	156065249	485	40	0.0000217883	0.000000007990
7	156065250	157634596	531	40	0.0000571610	0.000000009129
7	157634597	159128574	467	40	0.0000561617	0.000000007346
8	10422	1044216	401	40	0.0000344466	0.000000007622
8	1044217	1163244	71	12	0.0000306707	0.000000001625
8	1163245	2042941	457	40	0.0000246977	0.000000008454
8	2042942	2573278	257	40	-0.0000109362	0.000000004301
8	2573279	3392925	602	40	0.0000423414	0.000000009826
8	3392926	3783016	429	40	-0.0000111483	0.000000007328
8	3783017	4480475	679	40	-0.0000064028	0.000000009233
8	4480476	5146926	493	40	0.0000592777	0.000000009397
8	5146927	6142796	774	40	-0.0000303952	0.000000008941
8	6142797	7153078	549	40	-0.0000064173	0.000000009233
8	7153079	9154693	558	40	0.0000062945	0.000000009387
8	9154694	9640786	238	25	0.0000484446	0.000000004559
8	9640787	10463196	470	40	0.0001243416	0.000000009853
8	10463197	11278997	390	40	0.0000048486	0.000000006573
8	11278998	13491774	810	40	0.0000973661	0.000000010496
8	13491775	13944991	255	32	-0.0000140902	0.000000003911
8	13944992	15991659	1091	40	0.0000949222	0.000000010467
8	15991660	17387875	554	40	-0.0000107432	0.000000009180
8	17387876	17836398	274	35	0.0000365016	0.000000005082
8	17836399	19492839	980	40	0.0000860885	0.000000010359
8	19492840	20060855	339	40	0.0001107265	0.000000006801
8	20060856	21661736	760	40	0.0001054693	0.000000010595
8	21661737	22897056	468	40	0.0000384201	0.000000008229
8	22897057	24674717	663	40	0.0000430730	0.000000009835
8	24674718	25483453	291	35	0.0000400176	0.000000004438
8	25483454	26682524	624	40	0.0000809444	0.000000009923
8	26682525	28162391	747	40	-0.0000113170	0.000000009173
8	28162392	29327895	372	40	0.0000904174	0.000000006405
8	29327896	31133728	550	40	0.0000469411	0.000000008370
8	31133729	31548359	129	20	0.0000676188	0.000000002683
8	31548360	32977217	486	40	0.0000379578	0.000000006734
8	32977218	35317231	543	40	0.0000617186	0.000000006279
8	35317232	37379388	363	40	0.0001078272	0.000000006209
8	37379389	38938805	294	40	0.0000219443	0.000000004905
8	38938806	40703336	597	40	0.0001274591	0.000000009257
8	40703337	41721453	387	40	0.0000604754	0.000000006822
8	41721454	42773822	192	23	0.0000063430	0.000000002586
8	42773823	46841314	49	7	0.0000110169	0.000000000871
8	46841315	50082469	412	37	0.0001069627	0.000000006551
8	50082470	53302929	801	40	0.0000341167	0.000000009035
8	53302930	54418043	349	40	0.0000315993	0.000000005004
8	54418044	55945580	482	40	0.0000569702	0.000000006556
8	55945581	56956382	354	40	0.0000660655	0.000000005552
8	56956383	59068650	672	40	0.0000388852	0.000000009373
8	59068651	59728099	278	34	0.0000478504	0.000000004348
8	59728100	62329098	800	40	0.0000366085	0.000000009757
8	62329099	63349305	332	35	0.0000257965	0.000000004229
8	63349306	65232871	520	40	0.0000723138	0.000000007152
8	65232872	66489089	366	40	0.0001914385	0.000000007039
8	66489090	69863056	876	40	0.0000587647	0.000000010026
8	69863057	70867978	411	40	0.0000323892	0.000000006555
8	70867979	72289453	444	40	0.0000727688	0.000000006470
8	72289454	73817198	694	40	-0.0000017675	0.000000009121
8	73817199	75445063	619	40	0.0000497006	0.000000008870
8	75445064	76456541	294	38	0.0000805550	0.000000004764
8	76456542	79132860	700	40	0.0000847343	0.000000009017
8	79132861	81956394	812	40	0.0000588239	0.000000010027
8	81956395	82693738	219	33	-0.0000020446	0.000000002928
8	82693739	84225588	420	40	0.0000202346	0.000000004940
8	84225589	85955618	359	39	0.0001180932	0.000000005907
8	85955619	87411708	268	25	0.0000682968	0.000000003949
8	87411709	89085480	488	40	0.0001859870	0.000000008535
8	89085481	90638161	401	40	0.0000333125	0.000000005451
8	90638162	93554385	680	40	0.0001449143	0.000000010421
8	93554386	95005526	388	40	0.0000406672	0.000000005968
8	95005527	96534805	629	40	0.0000163791	0.000000009043
8	96534806	99401580	1127	40	0.0000605822	0.000000010048
8	99401581	101620957	510	40	-0.0000378532	0.000000004809
8	101620958	104123305	998	40	0.0000495001	0.000000009914
8	104123306	104988751	255	24	0.0001108715	0.000000004207
8	104988752	107410753	825	40	0.0000847807	0.000000010343
8	107410754	108648176	476	40	0.0000083851	0.000000005947
8	108648177	109248172	205	23	-0.0000047260	0.000000002248
8	109248173	110484313	355	31	0.0001410643	0.000000005351
8	110484314	111850846	292	34	0.0000542450	0.000000004056
8	111850847	113064319	234	19	0.0000795633	0.000000003512
8	113064320	116096494	795	40	0.0001572917	0.000000010012
8	116096495	119685456	1163	40	0.0001119035	0.000000010673
8	119685457	121201699	528	40	0.0000196354	0.000000006660
8	121201700	124861458	1350	40	0.0000166758	0.000000009514
8	124861459	125683718	333	40	0.0000865727	0.000000005523
8	125683719	126410916	258	40	0.0000008084	0.000000004036
8	126410917	128659110	925	40	0.0000324524	0.000000009706
8	128659111	130381138	679	40	0.0000508408	0.000000009930
8	130381139	131639624	467	40	0.0000408800	0.000000007086
8	131639625	133351143	769	40	0.0000028311	0.000000009345
8	133351144	134570000	710	40	0.0000610676	0.000000010054
8	134570001	136035604	758	40	0.0000819161	0.000000010308
8	136035605	137524150	554	40	0.0000673787	0.000000008190
8	137524151	139254829	744	40	0.0000891289	0.000000010396
8	139254830	140725642	758	40	0.0000434636	0.000000009840
8	140725643	143044913	826	40	0.0001599172	0.000000011258
8	143044914	144236880	371	40	0.0002173851	0.000000007838
8	144236881	146303866	341	40	0.0001874096	0.000000007678
9	10023	1079706	578	40	0.0000450915	0.000000009860
9	1079707	1916876	604	40	0.0002353961	0.000000012177
9	1916877	3190063	772	40	0.0000855856	0.000000010353
9	3190064	4495327	745	40	0.0000465695	0.000000009878
9	4495328	4884925	232	40	0.0000453462	0.000000004577
9	4884926	6557588	562	40	0.0000480972	0.000000009896
9	6557589	7154922	297	39	0.0000221346	0.000000005241
9	7154923	8456298	933	40	0.0000526720	0.000000009952
9	8456299	9166402	403	40	0.0000251224	0.000000007285
9	9166403	10879252	848	40	0.0000827009	0.000000010318
9	10879253	12276488	470	40	0.0000521897	0.000000007763
9	12276489	14836362	1277	40	0.0001421834	0.000000011042
9	14836363	16659654	808	40	0.0000508934	0.000000009931
9	16659655	18661050	947	40	-0.0000116319	0.000000009169
9	18661051	20463533	827	40	0.0000683158	0.000000010143
9	20463534	22206558	699	40	0.0000728675	0.000000010198
9	22206559	24158517	614	40	0.0002479484	0.000000012311
9	24158518	25330809	299	40	0.0000482283	0.000000005911
9	25330810	26111756	275	40	0.0000732445	0.000000005751
9	26111757	28224282	958	40	0.0000949071	0.000000010466
9	28224283	28811583	251	36	0.0001021650	0.000000005138
9	28811584	30387391	562	40	0.0000791570	0.000000007700
9	30387392	31310382	246	23	0.0000248150	0.000000003420
9	31310383	32019367	207	24	0.0000407497	0.000000003041
9	32019368	33578333	591	40	0.0000161117	0.000000008443
9	33578334	34642242	288	27	0.0000894973	0.000000004169
9	34642243	36743282	586	40	0.0000505221	0.000000009104
9	36743283	38641598	729	40	0.0000890280	0.000000010395
9	38641599	65472189	105	22	-0.0000109686	0.000000001637
9	65472190	72512710	567	40	0.0000946214	0.000000009044
9	72512711	72753754	100	10	0.0000323901	0.000000001646
9	72753755	74253039	599	40	0.0001837276	0.000000009737
9	74253040	76203945	578	40	0.0000190228	0.000000007583
9	76203946	76973080	183	22	0.0000628923	0.000000003273
9	76973081	78900182	809	40	0.0000244759	0.000000009609
9	78900183	79471207	292	40	0.0000773213	0.000000005689
9	79471208	81079054	526	40	-0.0000319381	0.000000007858
9	81079055	82590927	632	40	0.0001639445	0.000000011307
9	82590928	84211232	661	40	0.0002093693	0.000000011860
9	84211233	85440800	332	40	0.0000247288	0.000000005588
9	85440801	86938195	639	40	0.0000646307	0.000000009705
9	86938196	88109332	501	40	0.0001443405	0.000000008605
9	88109333	88590416	112	14	0.0000271486	0.000000001693
9	88590417	90136245	601	40	0.0000751860	0.000000009703
9	90136246	92528697	859	40	-0.0000091169	0.000000009200
9	92528698	94167202	635	40	-0.0000250784	0.000000008819
9	94167203	96671697	806	40	0.0000668302	0.000000010125
9	96671698	98922039	676	40	0.0001137949	0.000000009968
9	98922040	101592858	866	40	0.0000937671	0.000000010453
9	101592859	104624436	971	40	0.0000813132	0.000000010301
9	104624437	105967975	579	40	0.0000752341	0.000000008379
9	105967976	107581748	605	40	0.0001468051	0.000000008766
9	107581749	109298753	606	40	0.0001153922	0.000000010006
9	109298754	110695061	571	40	0.0000346900	0.000000008986
9	110695062	112778023	1097	40	0.0000629035	0.000000010077
9	112778024	114831081	915	40	-0.0000137668	0.000000009143
9	114831082	115693144	313	30	0.0000445865	0.000000004550
9	115693145	117019800	648	40	-0.0000142503	0.000000009137
9	117019801	117921959	470	40	-0.0000223613	0.000000006707
9	117921960	121321536	1477	40	0.0001158611	0.000000010722
9	121321537	122260296	362	40	0.0000940702	0.000000006283
9	122260297	124871321	784	40	0.0002151513	0.000000011931
9	124871322	126971886	689	40	0.0000684858	0.000000010145
9	126971887	129059664	569	40	0.0000913795	0.000000008930
9	129059665	130055509	328	40	0.0000985055	0.000000005965
9	130055510	132165469	508	40	0.0000650094	0.000000008236
9	132165470	133223216	321	40	0.0000742282	0.000000005856
9	133223217	134127887	346	40	0.0000525992	0.000000006224
9	134127888	135298841	440	40	0.0000945498	0.000000007367
9	135298842	137041121	699	40	0.0000630545	0.000000010079
9	137041122	137589363	206	40	0.0000288482	0.000000003988
9	137589364	138938977	638	40	0.0000751198	0.000000010226
9	138938978	139500341	123	22	0.0000843918	0.000000003127
9	139500342	141144795	260	39	0.0000070858	0.000000004242
10	60523	751338	126	15	0.0000096094	0.000000002237
10	751339	1523543	344	40	-0.0000070072	0.000000005369
10	1523544	2254499	441	40	-0.0000082304	0.000000006749
10	2254500	3352698	678	40	0.0000154661	0.000000009499
10	3352699	4572273	621	40	0.0001765263	0.000000011460
10	4572274	5983761	718	40	0.0000641183	0.000000010092
10	5983762	7171483	751	40	-0.0000148317	0.000000009130
10	7171484	8774664	876	40	0.0000286696	0.000000009660
10	8774665	10249395	567	40	0.0000836834	0.000000008706
10	10249396	12586796	1050	40	0.0001235449	0.000000010815
10	12586797	13321599	450	40	0.0001005441	0.000000008985
10	13321600	15026067	952	40	-0.0000068851	0.000000009227
10	15026068	16551766	566	40	0.0000031092	0.000000009311
10	16551767	18537266	782	40	0.0000734287	0.000000010205
10	18537267	19716877	539	40	0.0000957217	0.000000008778
10	19716878	22772282	996	40	0.0000796936	0.000000010281
10	22772283	23175131	127	14	0.0000129210	0.000000002204
10	23175132	25578595	784	40	0.0000725007	0.000000010194
10	25578596	26888683	547	40	0.0000600659	0.000000007077
10	26888684	29323235	921	40	0.0001016839	0.000000010549
10	29323236	29783691	275	40	0.0000204963	0.000000004294
10	29783692	30458837	366	40	0.0000167671	0.000000006104
10	30458838	31907518	495	40	0.0001167042	0.000000008101
10	31907519	33707967	640	40	0.0000613913	0.000000008360
10	33707968	35109354	502	40	0.0000563476	0.000000007777
10	35109355	36572507	427	40	-0.0000286824	0.000000005273
10	36572508	37790028	328	40	0.0000501204	0.000000004821
10	37790029	42372578	205	13	0.0000043266	0.000000001601
10	42372579	43894770	317	36	0.0000208541	0.000000004447
10	43894771	44730074	294	34	0.0000162789	0.000000004002
10	44730075	48760449	687	40	-0.0000196008	0.000000009072
10	48760450	50840914	667	40	0.0000073029	0.000000008335
10	50840915	53616628	762	40	0.0000933211	0.000000010447
10	53616629	55103571	689	40	0.0000065296	0.000000009390
10	55103572	57031139	774	40	0.0000935761	0.000000010450
10	57031140	57662145	178	18	0.0000397944	0.000000002235
10	57662146	58959527	388	25	-0.0000157831	0.000000003297
10	58959528	60289986	427	40	-0.0000020122	0.000000004539
10	60289987	61891408	598	40	0.0001748789	0.000000010805
10	61891409	62659678	305	34	0.0000235239	0.000000004331
10	62659679	63341694	164	19	0.0001390887	0.000000003939
10	63341695	65794113	857	40	0.0002961680	0.000000012917
10	65794114	67549614	487	40	0.0000666370	0.000000006618
10	67549615	69900147	905	40	0.0002282953	0.000000012091
10	69900148	70195990	117	11	0.0000641234	0.000000002235
10	70195991	72220849	900	40	0.0000020131	0.000000009335
10	72220850	73508511	752	40	0.0000341158	0.000000009726
10	73508512	75422549	442	36	0.0000025204	0.000000004539
10	75422550	78706813	851	40	0.0000819227	0.000000010308
10	78706814	80876748	1019	40	0.0000436532	0.000000009842
10	80876749	82414678	502	40	-0.0000095613	0.000000007235
10	82414679	84383744	731	40	0.0000439141	0.000000009846
10	84383745	85458702	444	40	0.0000429094	0.000000005661
10	85458703	87937576	998	40	0.0000802016	0.000000010287
10	87937577	89127063	273	35	0.0000710906	0.000000004742
10	89127064	91013380	737	40	0.0000779933	0.000000010261
10	91013381	92006580	377	40	0.0000603721	0.000000005966
10	92006581	93335046	449	40	0.0000478241	0.000000006352
10	93335047	95396367	682	40	0.0000413185	0.000000009235
10	95396368	96221242	266	32	0.0000416217	0.000000004439
10	96221243	97822356	588	40	0.0000258748	0.000000006550
10	97822357	100241301	920	40	0.0000988981	0.000000010515
10	100241302	100668399	150	15	-0.0000078841	0.000000001674
10	100668400	102949238	775	40	0.0000154546	0.000000009499
10	102949239	104380409	313	29	0.0002284004	0.000000006190
10	104380410	106695047	773	40	0.0001766672	0.000000011462
10	106695048	108726685	678	40	0.0001992153	0.000000011176
10	108726686	110317704	647	40	0.0000576417	0.000000009527
10	110317705	112561492	664	40	0.0000448842	0.000000009334
10	112561493	115328431	1040	40	-0.0000055770	0.000000009243
10	115328432	116421405	496	40	0.0000708553	0.000000007990
10	116421406	119523933	1011	40	0.0000509752	0.000000009932
10	119523934	120591352	412	40	0.0000318481	0.000000006734
10	120591353	122407322	690	40	-0.0000124556	0.000000009159
10	122407323	123231464	398	40	0.0000561425	0.000000006546
10	123231465	123900544	281	40	0.0000292413	0.000000004771
10	123900545	125869345	865	40	0.0001308973	0.000000010905
10	125869346	128001097	959	40	0.0001845626	0.000000011558
10	128001098	129154361	532	40	0.0000070527	0.000000008053
10	129154362	130844283	948	40	0.0000475153	0.000000009889
10	130844284	131741326	418	40	0.0000677517	0.000000007003
10	131741327	132580244	415	40	-0.0000187805	0.000000005709
10	132580245	134336328	852	40	0.0001747761	0.000000011439
10	134336329	134494672	40	6	0.0000028078	0.000000000605
10	134494673	135523864	282	40	0.0000357132	0.000000004738
11	70855	1213589	262	40	-0.0000044620	0.000000003898
11	1213590	3665480	836	40	0.0000020412	0.000000009336
11	3665481	4746708	428	40	0.0000657370	0.000000007351
11	4746709	6322868	998	40	-0.0000293211	0.000000008954
11	6322869	7436700	551	40	-0.0000149854	0.000000007244
11	7436701	8333273	497	40	0.0000597961	0.000000008974
11	8333274	9087316	282	31	0.0000782190	0.000000005181
11	9087317	10952026	643	40	0.0001011933	0.000000010543
11	10952027	12564228	1105	40	0.0000089671	0.000000009420
11	12564229	13373123	399	40	0.0001565453	0.000000007581
11	13373124	15742551	773	40	0.0000696221	0.000000010028
11	15742552	17578401	617	40	0.0000556901	0.000000008514
11	17578402	19569534	790	40	0.0000901563	0.000000010409
11	19569535	21017137	786	40	0.0000702714	0.000000010166
11	21017138	22374141	554	40	0.0000333866	0.000000008578
11	22374142	24088516	592	40	-0.0000094124	0.000000007684
11	24088517	26045752	662	40	0.0002047657	0.000000011804
11	26045753	27020460	360	40	-0.0000121587	0.000000004379
11	27020461	28481592	411	40	0.0000443098	0.000000005362
11	28481593	30141356	419	40	0.0001141716	0.000000007140
11	30141357	32276900	630	40	0.0001572433	0.000000008874
11	32276901	33958738	562	40	0.0000473327	0.000000008040
11	33958739	35502604	818	40	0.0000062661	0.000000009387
11	35502605	37116814	746	40	0.0000153302	0.000000009497
11	37116815	39382002	422	40	0.0001183361	0.000000006652
11	39382003	42310002	923	40	0.0001538848	0.000000011185
11	42310003	44693798	970	40	-0.0000048418	0.000000009252
11	44693799	47006136	724	40	0.0000817015	0.000000010306
11	47006137	49866049	505	26	0.0000187634	0.000000004810
11	49866050	54695472	134	7	0.0000329934	0.000000001359
11	54695473	55082656	10	3	-0.0000036657	0.000000000121
11	55082657	58457494	1066	40	0.0001290842	0.000000010584
11	58457495	58780548	75	7	-0.0000078456	0.000000000789
11	58780549	62223770	1008	40	0.0000328587	0.000000009711
11	62223771	63804568	308	38	0.0000439391	0.000000004597
11	63804569	65898630	493	40	0.0000909772	0.000000008030
11	65898631	68005824	326	35	0.0001902697	0.000000006561
11	68005825	69516129	464	40	0.0000809342	0.000000007480
11	69516130	70926291	465	40	0.0000323316	0.000000007857
11	70926292	72286016	308	36	0.0000282236	0.000000004073
11	72286017	74412350	609	40	0.0001290912	0.000000009202
11	74412351	76797208	768	40	0.0001365530	0.000000010974
11	76797209	78355057	429	37	0.0000281639	0.000000005370
11	78355058	80722372	1066	40	0.0000698686	0.000000010162
11	80722373	81266711	259	38	0.0000672810	0.000000004677
11	81266712	84381271	1177	40	0.0000152133	0.000000009496
11	84381272	86619300	781	40	0.0000906195	0.000000010396
11	86619301	87430234	311	36	0.0000361962	0.000000004336
11	87430235	89208935	571	40	0.0001489395	0.000000010265
11	89208936	90966489	384	35	0.0000970464	0.000000005558
11	90966490	92077143	347	38	0.0000902035	0.000000005827
11	92077144	93276156	402	40	0.0001188209	0.000000006584
11	93276157	94242259	274	27	0.0000576557	0.000000003968
11	94242260	95726040	599	40	0.0001653206	0.000000010614
11	95726041	97057057	506	40	0.0000183476	0.000000008022
11	97057058	98705064	566	40	0.0000107481	0.000000008919
11	98705065	100417168	779	40	0.0000675275	0.000000010133
11	100417169	101331120	406	40	0.0000152378	0.000000005621
11	101331121	103959635	1093	40	-0.0000154656	0.000000009122
11	103959636	104873283	289	23	-0.0000182728	0.000000002490
11	104873284	106520893	475	40	0.0000708403	0.000000006595
11	106520894	107844199	469	40	0.0000669211	0.000000007514
11	107844200	108437036	139	11	0.0000214467	0.000000001753
11	108437037	109866115	347	39	0.0001233751	0.000000006398
11	109866116	111114396	491	40	0.0002535904	0.000000009357
11	111114397	112459487	383	38	0.0000823475	0.000000005880
11	112459488	114257727	790	40	0.0000617326	0.000000010063
11	114257728	114830665	229	27	0.0000128724	0.000000003183
11	114830666	116383347	654	40	0.0002224981	0.000000012020
11	116383348	117747109	605	40	0.0001258114	0.000000010843
11	117747110	119215475	523	40	0.0000461059	0.000000008118
11	119215476	120766805	630	40	0.0000114001	0.000000009450
11	120766806	121175942	201	23	-0.0000031026	0.000000002730
11	121175943	122591909	468	40	0.0001742929	0.000000009435
11	122591910	123500116	421	40	0.0000514655	0.000000007438
11	123500117	124495527	483	40	0.0001227506	0.000000006817
11	124495528	126311319	808	40	0.0000996622	0.000000010524
11	126311320	127316678	563	40	0.0000747585	0.000000008541
11	127316679	128188536	308	40	-0.0000127419	0.000000004186
11	128188537	130342574	861	40	0.0000558423	0.000000009991
11	130342575	131074611	367	40	0.0000670004	0.000000006492
11	131074612	133000045	1107	40	0.0000772906	0.000000010252
11	133000046	134205992	546	40	0.0001177406	0.000000010520
11	134205993	134946451	402	40	0.0000208965	0.000000006601
12	61107	1080330	315	40	0.0000580517	0.000000005845
12	1080331	2544785	491	40	0.0000537985	0.000000008156
12	2544786	3677036	510	40	-0.0000103219	0.000000008177
12	3677037	4417678	391	40	0.0000252954	0.000000006561
12	4417679	5321471	506	40	-0.0000239905	0.000000007582
12	5321472	6419752	555	40	-0.0000226169	0.000000008251
12	6419753	8377535	540	40	0.0000305416	0.000000008842
12	8377536	9031394	135	24	0.0000222797	0.000000002502
12	9031395	10481533	536	40	0.0000045099	0.000000007537
12	10481534	11754845	343	40	-0.0000169539	0.000000004191
12	11754846	12733527	444	40	-0.0000120873	0.000000007372
12	12733528	15241483	1035	40	0.0002330892	0.000000012149
12	15241484	16310459	256	36	0.0000909074	0.000000004816
12	16310460	18087872	558	40	0.0001284116	0.000000009828
12	18087873	20863942	947	40	-0.0000096851	0.000000009193
12	20863943	23820633	1098	40	0.0000626917	0.000000010074
12	23820634	25371082	721	40	0.0001084574	0.000000010631
12	25371083	27799772	1032	40	0.0000514598	0.000000009937
12	27799773	29651254	702	40	-0.0000009697	0.000000008720
12	29651255	30512405	468	40	-0.0000219416	0.000000005875
12	30512406	32165591	635	40	0.0000480196	0.000000009559
12	32165592	33076988	384	40	0.0000099549	0.000000005483
12	33076989	37856716	362	24	-0.0000015797	0.000000003822
12	37856717	39227168	142	7	0.0000359373	0.000000002114
12	39227169	40816184	503	40	0.0000172578	0.000000006278
12	40816185	41658585	352	36	0.0000292371	0.000000004382
12	41658586	43984473	908	40	0.0000846432	0.000000010341
12	43984474	46024228	478	40	0.0000822193	0.000000006622
12	46024229	47714792	474	40	0.0001326273	0.000000007904
12	47714793	49001865	554	40	0.0001056720	0.000000008563
12	49001866	51776493	636	40	0.0001098859	0.000000009192
12	51776494	53039003	636	40	0.0000176988	0.000000008220
12	53039004	54778822	587	40	0.0000901417	0.000000009157
12	54778823	55665836	275	36	-0.0000014576	0.000000003786
12	55665837	57548859	429	40	0.0001767460	0.000000007660
12	57548860	59308665	467	40	0.0001220330	0.000000007217
12	59308666	61123728	455	40	0.0000467409	0.000000006153
12	61123729	64032460	962	40	0.0000411031	0.000000009811
12	64032461	65559694	378	40	0.0000630183	0.000000006221
12	65559695	67181143	521	40	-0.0000195741	0.000000006834
12	67181144	67909728	323	40	0.0001034074	0.000000005209
12	67909729	69826541	820	40	0.0000117847	0.000000009454
12	69826542	70957986	503	40	0.0000522496	0.000000006796
12	70957987	72645074	574	40	-0.0000254629	0.000000007023
12	72645075	73818453	306	30	0.0000098626	0.000000004016
12	73818454	76511313	773	40	0.0001193167	0.000000010764
12	76511314	78570569	760	40	0.0000583114	0.000000010021
12	78570570	80448149	412	40	0.0000906904	0.000000006576
12	80448150	81467766	307	36	-0.0000051351	0.000000003871
12	81467767	83502665	565	40	0.0000774992	0.000000007904
12	83502666	84303843	234	27	0.0000801511	0.000000003464
12	84303844	85990425	396	34	-0.0000094708	0.000000003967
12	85990426	89682121	758	40	0.0000419535	0.000000008776
12	89682122	92066154	649	40	0.0000667850	0.000000007885
12	92066155	94514566	914	40	0.0000647664	0.000000010099
12	94514567	96020784	698	40	0.0000343434	0.000000009729
12	96020785	97108838	458	40	-0.0000242282	0.000000006424
12	97108839	99305986	931	40	0.0001640885	0.000000011309
12	99305987	101447640	657	40	0.0000489548	0.000000009664
12	101447641	101862689	148	16	-0.0000061944	0.000000001990
12	101862690	102964985	343	40	0.0000538049	0.000000005608
12	102964986	104848695	770	40	0.0000681126	0.000000010140
12	104848696	106436212	855	40	0.0000252138	0.000000009618
12	106436213	106958747	236	34	0.0000556930	0.000000004147
12	106958748	109025900	744	40	-0.0000014250	0.000000009293
12	109025901	110336718	403	40	0.0000795142	0.000000006514
12	110336719	113263517	503	40	0.0001022502	0.000000007125
12	113263518	113986708	220	29	0.0000419377	0.000000003647
12	113986709	115036601	539	40	0.0000512966	0.000000008200
12	115036602	115503215	196	36	0.0000012176	0.000000003134
12	115503216	117087470	750	40	0.0000676773	0.000000010135
12	117087471	118135374	460	40	0.0001316661	0.000000008879
12	118135375	119754109	700	40	0.0000449866	0.000000009859
12	119754110	122007650	679	40	0.0002373766	0.000000012014
12	122007651	124977979	702	40	0.0003543549	0.000000013626
12	124977980	126445504	626	40	0.0000073657	0.000000009400
12	126445505	127875097	649	40	0.0001074185	0.000000010376
12	127875098	129237296	706	40	0.0000049341	0.000000009371
12	129237297	130377920	689	40	0.0000281209	0.000000009653
12	130377921	131786750	742	40	0.0000040801	0.000000009360
12	131786751	132807033	293	40	0.0000260682	0.000000004584
12	132807034	133841510	174	25	0.0000231897	0.000000002809
13	19020013	20686719	298	37	-0.0000093573	0.000000003987
13	20686720	22242173	591	40	0.0001007020	0.000000009696
13	22242174	23594701	686	40	-0.0000185408	0.000000009085
13	23594702	24531936	514	40	0.0000675163	0.000000008490
13	24531937	25784361	650	40	-0.0000228139	0.000000009033
13	25784362	27284361	547	40	-0.0000115349	0.000000007416
13	27284362	29257550	857	40	0.0000820818	0.000000010310
13	29257551	30483266	510	40	0.0000540214	0.000000007692
13	30483267	32301814	795	40	0.0000742605	0.000000010215
13	32301815	33776902	586	40	0.0000669890	0.000000008540
13	33776903	35026463	460	40	0.0000215383	0.000000006776
13	35026464	36046366	222	30	0.0000135403	0.000000003524
13	36046367	37498184	651	40	0.0000875077	0.000000010376
13	37498185	38878162	554	40	0.0002028514	0.000000009093
13	38878163	41069262	883	40	-0.0000345635	0.000000008890
13	41069263	43101026	635	40	0.0000119707	0.000000008262
13	43101027	44901408	807	40	0.0000583146	0.000000010021
13	44901409	46495213	533	40	-0.0000075556	0.000000007577
13	46495214	47431078	364	40	-0.0000292232	0.000000004598
13	47431079	49383961	627	40	0.0000606809	0.000000009023
13	49383962	51591090	742	40	0.0000875627	0.000000010377
13	51591091	53339621	452	40	0.0000225428	0.000000006826
13	53339622	54682863	527	40	0.0002100510	0.000000009982
13	54682864	55817130	322	36	0.0000787448	0.000000004854
13	55817131	57554216	305	23	0.0000522774	0.000000003643
13	57554217	58410625	209	21	0.0003193227	0.000000006091
13	58410626	59302270	218	22	0.0002690308	0.000000005703
13	59302271	60854777	564	40	0.0001455858	0.000000009179
13	60854778	61591948	292	35	0.0000873923	0.000000005014
13	61591949	63971558	645	40	0.0001064170	0.000000009934
13	63971559	65200601	309	31	0.0000838071	0.000000004248
13	65200602	67844452	796	40	0.0001786269	0.000000011486
13	67844453	70724515	899	40	0.0001159741	0.000000010723
13	70724516	71526790	317	40	0.0000277539	0.000000005031
13	71526791	73934088	855	40	0.0000683973	0.000000010144
13	73934089	75670142	737	40	-0.0000022118	0.000000009284
13	75670143	77410554	788	40	0.0000787493	0.000000010270
13	77410555	78808812	437	40	0.0000551130	0.000000006051
13	78808813	80585675	578	40	0.0000575210	0.000000008238
13	80585676	82581813	621	40	0.0001430619	0.000000010305
13	82581814	84133143	400	36	-0.0000102369	0.000000003809
13	84133144	85610915	414	40	0.0000825306	0.000000006272
13	85610916	88559881	763	40	0.0001376259	0.000000010706
13	88559882	90521310	472	40	0.0001054337	0.000000006755
13	90521311	93129690	861	40	0.0000203086	0.000000009558
13	93129691	93586454	122	16	-0.0000283123	0.000000001574
13	93586455	96087557	1210	40	0.0000459665	0.000000009871
13	96087558	97519209	360	38	0.0000741949	0.000000006004
13	97519210	98938918	440	40	0.0000229916	0.000000007296
13	98938919	100574094	798	40	0.0001844491	0.000000011557
13	100574095	102300522	773	40	0.0000938090	0.000000010453
13	102300523	104066709	941	40	0.0000284256	0.000000009657
13	104066710	104844113	311	40	0.0000418077	0.000000005035
13	104844114	106247553	632	40	0.0000426054	0.000000009830
13	106247554	106749999	273	40	0.0001222124	0.000000005456
13	106750000	108189876	617	40	0.0000351145	0.000000009738
13	108189877	109121209	442	40	0.0000573006	0.000000007602
13	109121210	109815111	330	40	0.0000673745	0.000000005810
13	109815112	111232072	774	40	0.0000006302	0.000000009318
13	111232073	112247591	466	40	0.0000530828	0.000000007756
13	112247592	113572487	466	40	0.0000726067	0.000000008254
13	113572488	115109852	419	40	0.0000151183	0.000000006400
14	19002084	21589401	600	40	-0.0000114759	0.000000009171
14	21589402	23018664	715	40	-0.0000031205	0.000000009273
14	23018665	24905122	719	40	0.0001107709	0.000000010660
14	24905123	26135685	559	40	0.0000443766	0.000000007501
14	26135686	28466532	700	40	0.0001002454	0.000000010531
14	28466533	29972144	385	40	0.0002539629	0.000000008524
14	29972145	32383264	598	40	0.0001441892	0.000000010599
14	32383265	34846250	1268	40	0.0000934647	0.000000010449
14	34846251	35859592	250	30	0.0000696496	0.000000004354
14	35859593	38667724	886	40	0.0000476163	0.000000009891
14	38667725	40341989	548	40	0.0000989550	0.000000008425
14	40341990	41615501	356	32	0.0000920862	0.000000004960
14	41615502	43137388	430	36	0.0000748814	0.000000006087
14	43137389	44543226	366	40	-0.0000140739	0.000000005283
14	44543227	46081895	385	40	0.0000039568	0.000000005039
14	46081896	46749129	197	17	-0.0000073567	0.000000001865
14	46749130	48573585	588	40	0.0001596593	0.000000010246
14	48573586	49005470	115	13	0.0000021590	0.000000001501
14	49005471	50507759	466	40	0.0000584435	0.000000007541
14	50507760	51493571	374	40	0.0000280397	0.000000005981
14	51493572	53474382	859	40	0.0000090764	0.000000009421
14	53474383	53997830	176	19	-0.0000178419	0.000000002144
14	53997831	55233680	450	40	0.0000250879	0.000000007322
14	55233681	56216879	292	27	0.0000608537	0.000000004506
14	56216880	57481261	668	40	0.0000876310	0.000000010378
14	57481262	59448335	714	40	0.0000942625	0.000000010459
14	59448336	61680423	614	40	0.0000647491	0.000000008177
14	61680424	63790014	814	40	0.0001034346	0.000000010570
14	63790015	65220297	354	34	0.0002138684	0.000000007554
14	65220298	66399554	408	40	0.0000564612	0.000000006420
14	66399555	67992316	425	33	0.0000273181	0.000000004303
14	67992317	71131956	1250	40	0.0001191198	0.000000010761
14	71131957	72889614	685	40	0.0001959061	0.000000011696
14	72889615	76444766	1165	40	0.0001145626	0.000000010706
14	76444767	77229471	357	40	-0.0000025581	0.000000005442
14	77229472	78561944	642	40	0.0002505820	0.000000012231
14	78561945	80186578	612	40	0.0001528984	0.000000010631
14	80186579	81579713	514	40	0.0000975550	0.000000008390
14	81579714	83138096	478	40	0.0000728593	0.000000007475
14	83138097	84241632	382	40	-0.0000118970	0.000000005180
14	84241633	85746318	475	40	0.0002641382	0.000000010212
14	85746319	86647001	306	36	0.0000201618	0.000000004679
14	86647002	87635340	308	40	0.0000032642	0.000000004529
14	87635341	89497642	611	40	0.0000932722	0.000000008617
14	89497643	91296859	701	40	0.0000726282	0.000000010195
14	91296860	93132298	677	40	0.0000342723	0.000000009728
14	93132299	94325284	415	40	0.0000852041	0.000000006862
14	94325285	95750866	881	40	0.0000177128	0.000000009526
14	95750867	96262414	382	40	0.0000034366	0.000000005608
14	96262415	98341161	855	40	0.0000398003	0.000000009795
14	98341162	99138531	369	40	0.0000147936	0.000000005096
14	99138532	101534306	907	40	-0.0000074718	0.000000009220
14	101534307	103012101	438	40	0.0000609959	0.000000007498
14	103012102	105001722	481	40	0.0000742619	0.000000007622
14	105001723	106340357	162	29	0.0000216247	0.000000002864
14	106340358	107289453	38	5	0.0000021590	0.000000000634
15	20001200	21131603	5	2	-0.0000050206	0.000000000031
15	21131604	24195126	311	40	-0.0000237654	0.000000004924
15	24195127	25108589	196	28	-0.0000313345	0.000000002535
15	25108590	27298111	883	40	0.0000580271	0.000000010017
15	27298112	29338501	487	40	0.0000419446	0.000000007881
15	29338502	30165567	298	40	0.0000356759	0.000000004960
15	30165568	31591820	301	40	0.0000284022	0.000000005095
15	31591821	32441810	266	37	0.0000607575	0.000000004598
15	32441811	34015424	737	40	-0.0000323185	0.000000008917
15	34015425	35083250	404	40	0.0000140667	0.000000006202
15	35083251	37456501	941	40	0.0000575989	0.000000010012
15	37456502	38530776	351	40	0.0000290349	0.000000005771
15	38530777	40384131	785	40	0.0000706702	0.000000010171
15	40384132	41177513	237	28	0.0000571578	0.000000004202
15	41177514	42776398	430	40	0.0000606062	0.000000006861
15	42776399	44198048	275	17	0.0000705053	0.000000003791
15	44198049	46618786	504	40	0.0000138470	0.000000006590
15	46618787	48136047	588	40	0.0003109850	0.000000011640
15	48136048	50008042	448	40	0.0000591744	0.000000006286
15	50008043	51677559	619	40	0.0000774507	0.000000008555
15	51677560	53069095	403	39	0.0000683750	0.000000005710
15	53069096	54508527	638	40	0.0000272540	0.000000009250
15	54508528	55136268	256	32	-0.0000046947	0.000000004266
15	55136269	56901772	542	40	0.0000990836	0.000000009602
15	56901773	58441365	632	40	0.0000359923	0.000000009749
15	58441366	59694115	521	40	0.0000753262	0.000000009668
15	59694116	61265835	670	40	0.0000710973	0.000000010177
15	61265836	63215221	924	40	0.0001229984	0.000000010809
15	63215222	65104667	491	40	0.0000679290	0.000000007582
15	65104668	67094766	619	40	0.0002229673	0.000000012007
15	67094767	69017998	755	40	0.0000807262	0.000000010294
15	69017999	70133340	304	40	0.0000840999	0.000000005660
15	70133341	71922648	709	40	0.0000704412	0.000000010169
15	71922649	73628713	371	33	0.0000264456	0.000000004681
15	73628714	76398623	618	40	0.0000448524	0.000000009558
15	76398624	78516052	537	40	0.0002209639	0.000000009165
15	78516053	80860977	998	40	0.0001753165	0.000000011446
15	80860978	84260467	916	40	0.0000971950	0.000000010494
15	84260468	86652904	778	40	0.0000076096	0.000000009403
15	86652905	88369942	772	40	0.0000718544	0.000000010186
15	88369943	90475550	729	40	-0.0000073715	0.000000009221
15	90475551	92164391	634	40	-0.0000299326	0.000000008946
15	92164392	93780901	825	40	0.0001722444	0.000000011408
15	93780902	94924329	587	40	-0.0000244260	0.000000009013
15	94924330	96141595	591	40	0.0000279704	0.000000009651
15	96141596	98030909	754	40	0.0001039593	0.000000010577
15	98030910	99244058	576	40	0.0000386393	0.000000009781
15	99244059	100636846	558	40	-0.0000406062	0.000000008742
15	100636847	101552693	408	40	-0.0000120433	0.000000006516
15	101552694	102520965	446	40	0.0001115124	0.000000008895
16	60054	1207205	304	40	0.0000605920	0.000000005987
16	1207206	2764828	375	40	0.0001110957	0.000000007214
16	2764829	4001195	307	40	0.0000295204	0.000000005646
16	4001196	5118344	379	40	0.0000536191	0.000000007278
16	5118345	5891579	351	40	0.0000357034	0.000000006521
16	5891580	6893550	706	40	0.0000658981	0.000000010113
16	6893551	7529120	482	40	0.0000558008	0.000000008963
16	7529121	8338518	538	40	0.0001830275	0.000000011259
16	8338519	9799418	708	40	0.0000457411	0.000000009868
16	9799419	10426031	372	39	0.0000661168	0.000000006277
16	10426032	11520160	449	40	-0.0000005417	0.000000007550
16	11520161	12613097	403	40	0.0002205789	0.000000009626
16	12613098	13154436	310	40	-0.0000005409	0.000000004706
16	13154437	14464001	562	40	0.0000461947	0.000000009145
16	14464002	16154059	319	40	0.0001198014	0.000000006354
16	16154060	17644748	398	40	0.0000248085	0.000000006648
16	17644749	18643606	177	28	0.0000162501	0.000000003113
16	18643607	20150570	432	40	0.0000380485	0.000000006624
16	20150571	22448903	440	40	0.0000263865	0.000000006091
16	22448904	24136874	522	40	0.0000303408	0.000000008019
16	24136875	25986861	756	40	0.0001687629	0.000000011366
16	25986862	27445754	659	40	0.0000423202	0.000000009826
16	27445755	29036612	366	40	0.0001267247	0.000000006271
16	29036613	31382942	270	33	0.0000647811	0.000000004777
16	31382943	46399472	122	16	0.0000052159	0.000000001833
16	46399473	49007925	300	33	-0.0000286381	0.000000003308
16	49007926	52035822	1088	40	0.0000888001	0.000000010392
16	52035823	53382571	459	40	0.0001271248	0.000000007335
16	53382572	55903773	1204	40	0.0001451976	0.000000011079
16	55903774	57664329	651	40	0.0000848774	0.000000010344
16	57664330	59045404	521	40	0.0000740201	0.000000009036
16	59045405	60745693	503	40	0.0000357803	0.000000007918
16	60745694	62229848	364	40	0.0001110973	0.000000005914
16	62229849	63691588	446	40	0.0001071894	0.000000007892
16	63691589	65938565	813	40	0.0000525754	0.000000009951
16	65938566	68841362	698	40	0.0000208615	0.000000009415
16	68841363	71054027	390	40	0.0000801047	0.000000006615
16	71054028	72935149	462	38	0.0000738717	0.000000007227
16	72935150	74971502	793	40	0.0001138351	0.000000010697
16	74971503	75977953	230	30	0.0000721196	0.000000004421
16	75977954	77523677	688	40	0.0001132204	0.000000010689
16	77523678	78456291	648	40	0.0000141284	0.000000009483
16	78456292	79134814	572	40	-0.0000004982	0.000000009305
16	79134815	80297373	784	40	0.0000474847	0.000000009889
16	80297374	81772535	798	40	0.0000574857	0.000000010011
16	81772536	82747727	589	40	0.0000977531	0.000000010501
16	82747728	83477207	606	40	0.0001091450	0.000000010640
16	83477208	84445882	722	40	0.0001003567	0.000000010533
16	84445883	85148684	475	40	0.0000226208	0.000000008746
16	85148685	86156598	494	40	0.0001109079	0.000000010194
16	86156599	86815410	535	40	-0.0000325889	0.000000008914
16	86815411	87647348	368	40	0.0000177202	0.000000006730
16	87647349	89041164	370	40	0.0000482739	0.000000007064
16	89041165	90292811	316	34	0.0001284521	0.000000006849
17	56	1172398	328	40	0.0000892931	0.000000006763
17	1172399	1928730	262	40	0.0000948248	0.000000005346
17	1928731	3702311	654	40	0.0000610239	0.000000010054
17	3702312	4696260	369	40	-0.0000280698	0.000000005336
17	4696261	5741333	394	40	0.0000480511	0.000000006392
17	5741334	7317397	634	40	0.0000225623	0.000000009586
17	7317398	8306424	319	40	0.0000776428	0.000000006232
17	8306425	9965920	668	40	0.0000064605	0.000000009389
17	9965921	11102814	486	40	0.0000908727	0.000000008495
17	11102815	12534768	570	40	0.0000848703	0.000000010176
17	12534769	13180371	303	40	0.0000143412	0.000000005183
17	13180372	13894636	372	40	-0.0000155588	0.000000006046
17	13894637	15019096	613	40	-0.0000112869	0.000000009173
17	15019097	16412341	323	40	0.0000038078	0.000000004963
17	16412342	18856319	572	40	0.0001794528	0.000000009815
17	18856320	21290356	389	40	0.0000196012	0.000000005674
17	21290357	27334243	519	40	0.0000292553	0.000000008043
17	27334244	29786490	504	39	0.0002008772	0.000000007619
17	29786491	31538424	556	40	0.0000461223	0.000000008864
17	31538425	32912797	837	40	0.0000563281	0.000000009997
17	32912798	34469035	527	40	0.0000751545	0.000000008397
17	34469036	36809343	517	40	0.0000093713	0.000000007839
17	36809344	38877403	473	40	0.0001019506	0.000000007661
17	38877404	39899809	328	35	0.0000350127	0.000000004118
17	39899810	41772086	378	39	0.0000640713	0.000000005027
17	41772087	43056904	342	38	0.0001911458	0.000000006702
17	43056905	45876021	388	40	0.0003054004	0.000000008666
17	45876022	47517399	537	40	0.0000894081	0.000000007937
17	47517400	49898956	778	40	-0.0000091596	0.000000009199
17	49898957	50719054	289	27	0.0000905970	0.000000004849
17	50719055	51826117	313	34	0.0000732110	0.000000004675
17	51826118	53599431	616	40	0.0000445583	0.000000009349
17	53599432	55357540	626	40	-0.0000489039	0.000000008174
17	55357541	57487511	688	40	0.0000699914	0.000000010163
17	57487512	59312754	245	23	0.0000284332	0.000000002928
17	59312755	61545588	452	40	0.0001276497	0.000000008030
17	61545589	63148127	310	37	0.0000533585	0.000000004471
17	63148128	64800429	643	40	0.0000671035	0.000000009493
17	64800430	67858769	952	40	0.0000049477	0.000000009371
17	67858770	69387816	655	40	0.0000202718	0.000000009221
17	69387817	72672202	1453	40	-0.0000139277	0.000000009141
17	72672203	74375559	415	40	0.0000296001	0.000000006800
17	74375560	76263412	749	40	0.0000693058	0.000000010155
17	76263413	77298635	480	40	0.0000323216	0.000000008920
17	77298636	78837587	563	40	-0.0000281920	0.000000008631
17	78837588	80034407	242	40	0.0001787120	0.000000006198
17	80034408	81194907	323	36	0.0000911672	0.000000005672
18	10644	912485	412	40	0.0000283947	0.000000006878
18	912486	1942910	371	40	0.0000434652	0.000000005519
18	1942911	3891657	785	40	0.0000351825	0.000000009739
18	3891658	5834179	806	40	0.0000577213	0.000000010014
18	5834180	7090484	586	40	-0.0000151707	0.000000008883
18	7090485	8498930	590	40	0.0001228566	0.000000010564
18	8498931	11075912	1284	40	0.0000930246	0.000000010444
18	11075913	11905439	268	40	0.0000615695	0.000000004978
18	11905440	14440798	761	40	0.0000687439	0.000000010148
18	14440799	19485843	166	17	0.0000268477	0.000000002410
18	19485844	20649471	305	36	0.0000238540	0.000000004502
18	20649472	22996650	825	40	0.0002739483	0.000000012647
18	22996651	24026190	317	35	-0.0000337545	0.000000004395
18	24026191	25927681	794	40	0.0001187067	0.000000010756
18	25927682	26875586	251	26	0.0000989014	0.000000004413
18	26875587	27866477	276	28	0.0000426089	0.000000003933
18	27866478	30264065	891	40	0.0000663644	0.000000010119
18	30264066	31780066	348	36	0.0000789611	0.000000005394
18	31780067	33861963	621	40	0.0000860575	0.000000008977
18	33861964	35075249	484	40	-0.0000196152	0.000000006685
18	35075250	36365489	496	40	0.0002553028	0.000000009080
18	36365490	37684366	354	33	0.0001425658	0.000000005944
18	37684367	39892647	784	40	0.0000957500	0.000000010383
18	39892648	42922105	948	40	0.0001930844	0.000000011662
18	42922106	44299245	693	40	0.0000601153	0.000000010043
18	44299246	45939731	597	40	0.0001379360	0.000000010355
18	45939732	47730583	792	40	0.0000422668	0.000000009825
18	47730584	51062184	1204	40	0.0002330844	0.000000012149
18	51062185	51554174	176	16	0.0000351553	0.000000002548
18	51554175	55213837	1116	40	0.0001295952	0.000000010889
18	55213838	56530219	618	40	0.0000063146	0.000000009369
18	56530220	57630482	590	40	0.0000360987	0.000000009694
18	57630483	59020750	443	40	0.0000882553	0.000000007476
18	59020751	60277714	547	40	0.0000135357	0.000000007852
18	60277715	61820251	585	40	0.0000628500	0.000000008527
18	61820252	63463401	525	40	0.0000878103	0.000000007862
18	63463402	64252800	247	22	0.0000357417	0.000000003461
18	64252801	66125816	754	40	0.0000015898	0.000000009330
18	66125817	67175819	335	40	0.0000169106	0.000000005345
18	67175820	68621178	474	40	0.0000858757	0.000000008527
18	68621179	69621617	385	40	0.0000082462	0.000000005759
18	69621618	71038473	571	40	0.0000813375	0.000000009461
18	71038474	71971461	503	40	-0.0000139042	0.000000008096
18	71971462	73526986	672	40	0.0000676573	0.000000010135
18	73526987	74813814	601	40	0.0000408346	0.000000009808
18	74813815	75976316	598	40	0.0001061626	0.000000010529
18	75976317	77149990	419	40	0.0001108041	0.000000006969
18	77149991	78017157	273	39	0.0001284625	0.000000005588
19	80840	610728	106	25	0.0000686841	0.000000002678
19	610729	2098395	328	40	0.0000012527	0.000000005823
19	2098396	3019659	249	40	0.0000539067	0.000000004978
19	3019660	4348966	330	40	0.0000425219	0.000000006288
19	4348967	5811851	415	40	0.0000636739	0.000000007903
19	5811852	6684884	216	40	-0.0000011571	0.000000003586
19	6684885	8347512	555	40	0.0000391202	0.000000009488
19	8347513	9238392	270	40	0.0000008321	0.000000003481
19	9238393	11284027	509	40	0.0001245691	0.000000008420
19	11284028	13471126	430	40	0.0000708092	0.000000007208
19	13471127	14486346	210	40	0.0000357780	0.000000003739
19	14486347	15648609	378	40	-0.0000230162	0.000000005435
19	15648610	16374415	368	40	0.0000140793	0.000000004587
19	16374416	18409861	572	40	0.0001017932	0.000000010550
19	18409862	19877470	352	40	0.0001373043	0.000000006716
19	19877471	20905756	141	21	0.0000315114	0.000000002559
19	20905757	22732895	345	38	0.0000617764	0.000000004870
19	22732896	23467745	137	13	-0.0000092038	0.000000001510
19	23467746	28557892	296	27	0.0000346251	0.000000003836
19	28557893	29790946	478	40	0.0000221530	0.000000006988
19	29790947	30727953	337	40	0.0000379800	0.000000005545
19	30727954	32746519	649	40	0.0000458172	0.000000009869
19	32746520	34262951	514	40	0.0000842234	0.000000008675
19	34262952	36469294	675	40	0.0000016757	0.000000009331
19	36469295	37527032	241	20	0.0000049439	0.000000002680
19	37527033	40170618	649	40	0.0000617066	0.000000009632
19	40170619	40984600	190	25	0.0000282329	0.000000003000
19	40984601	42131572	306	40	0.0000650926	0.000000005466
19	42131573	43862454	171	23	-0.0000182461	0.000000002139
19	43862455	44744107	307	40	0.0000508424	0.000000004718
19	44744108	46102696	378	40	0.0000649643	0.000000006858
19	46102697	47150081	315	40	0.0000571070	0.000000005759
19	47150082	49282226	607	40	0.0000506340	0.000000009628
19	49282227	51532566	654	40	0.0000149002	0.000000009492
19	51532567	52985289	661	40	-0.0000196639	0.000000009071
19	52985290	54602361	528	40	0.0000003605	0.000000008848
19	54602362	55728079	390	40	0.0000299542	0.000000006767
19	55728080	57521334	694	40	0.0000427622	0.000000009832
19	57521335	59118838	551	40	-0.0000182362	0.000000007950
20	60479	697599	275	40	0.0000156717	0.000000004736
20	697600	2469500	1031	40	0.0000003397	0.000000009315
20	2469501	3828412	509	40	0.0000488914	0.000000008357
20	3828413	5477849	822	40	0.0000000926	0.000000009312
20	5477850	7084072	748	40	0.0000003191	0.000000009315
20	7084073	8117010	417	40	0.0000473571	0.000000005993
20	8117011	9730920	783	40	-0.0000047101	0.000000009253
20	9730921	11249535	747	40	-0.0000230400	0.000000009030
20	11249536	12447498	511	40	0.0000050982	0.000000006632
20	12447499	13689863	563	40	-0.0000416786	0.000000007590
20	13689864	15958358	1002	40	0.0000952930	0.000000010471
20	15958359	17487231	961	40	0.0000496900	0.000000009916
20	17487232	18972202	627	40	0.0000527956	0.000000009636
20	18972203	20959709	905	40	-0.0000024069	0.000000009281
20	20959710	22491455	416	39	0.0000670301	0.000000005620
20	22491456	23293789	361	40	0.0000026027	0.000000004966
20	23293790	24717723	537	40	0.0000345328	0.000000007697
20	24717724	25344230	230	22	0.0000559659	0.000000003281
20	25344231	31614822	603	40	0.0000668741	0.000000007830
20	31614823	32813440	295	30	0.0000181231	0.000000004098
20	32813441	34960445	463	32	0.0001100282	0.000000005809
20	34960446	36909529	496	40	0.0000851567	0.000000007308
20	36909530	38436760	516	40	-0.0000186925	0.000000006417
20	38436761	39610855	471	40	0.0000154811	0.000000007279
20	39610856	40585688	300	34	0.0000076211	0.000000004267
20	40585689	41615459	584	40	0.0001757254	0.000000011376
20	41615460	42680175	398	40	0.0001090392	0.000000007413
20	42680176	44839055	803	40	0.0001304338	0.000000010899
20	44839056	47199979	1044	40	0.0000586614	0.000000010025
20	47199980	49239657	767	40	0.0001553752	0.000000011203
20	49239658	52472548	1358	40	0.0001418066	0.000000011038
20	52472549	54055265	631	40	0.0000082312	0.000000009411
20	54055266	56447958	1161	40	0.0000052678	0.000000009375
20	56447959	58406571	906	40	0.0000755043	0.000000010230
20	58406572	59561723	556	40	0.0000796296	0.000000009104
20	59561724	61301854	773	40	0.0000772957	0.000000010252
20	61301855	62190179	307	40	0.0000128084	0.000000005258
20	62190180	62965162	238	39	0.0000904013	0.000000004828
21	9411243	15950981	284	40	0.0000356868	0.000000004831
21	15950982	18053164	678	40	0.0000222851	0.000000009582
21	18053165	19480374	453	40	0.0000654623	0.000000008055
21	19480375	20962338	617	40	0.0000683899	0.000000010144
21	20962339	22072763	361	40	0.0000238501	0.000000005800
21	22072764	23362874	535	40	0.0001268126	0.000000009063
21	23362875	24696230	361	40	0.0000851238	0.000000006155
21	24696231	26469121	660	40	0.0000844944	0.000000010265
21	26469122	27271018	226	25	0.0000534963	0.000000003973
21	27271019	29125225	880	40	-0.0000206071	0.000000009060
21	29125226	31197024	704	40	0.0000763973	0.000000009494
21	31197025	32668641	461	40	0.0000644182	0.000000006089
21	32668642	34376998	670	40	0.0000630103	0.000000010078
21	34376999	35225464	291	40	0.0000574039	0.000000005280
21	35225465	36524372	570	40	0.0001300821	0.000000010895
21	36524373	37870778	540	40	0.0000214719	0.000000007799
21	37870779	38711703	320	40	0.0000172331	0.000000004291
21	38711704	40482901	853	40	0.0000755535	0.000000010231
21	40482902	41389526	508	40	0.0000408610	0.000000007141
21	41389527	43321527	1017	40	0.0001699549	0.000000011380
21	43321528	44506267	704	40	0.0000230345	0.000000009591
21	44506268	46177104	582	40	0.0000234698	0.000000009597
21	46177105	47492225	515	40	0.0000599543	0.000000008566
21	47492226	48119751	246	26	-0.0000320403	0.000000003063
22	16050408	17674294	221	38	-0.0000425839	0.000000003120
22	17674295	18296087	266	40	0.0000673960	0.000000005068
22	18296088	19912357	545	40	0.0000166847	0.000000008319
22	19912358	22357324	613	40	-0.0000017155	0.000000008188
22	22357325	23712646	342	40	0.0000294702	0.000000005404
22	23712647	24984203	367	40	0.0001157903	0.000000006064
22	24984204	26791627	763	40	0.0000176011	0.000000009525
22	26791628	27834751	750	40	0.0000679038	0.000000010138
22	27834752	29651798	584	40	0.0000764094	0.000000010241
22	29651799	31439917	560	40	0.0002240495	0.000000010022
22	31439918	32664985	358	33	0.0000769818	0.000000005834
22	32664986	34494913	943	40	0.0001171885	0.000000010738
22	34494914	35530984	514	40	0.0000177907	0.000000006452
22	35530985	37570268	852	40	0.0000143169	0.000000009485
22	37570269	39307893	541	40	0.0000290114	0.000000008861
22	39307894	40545796	339	40	0.0001395496	0.000000007059
22	40545797	42690817	468	34	0.0000463663	0.000000005907
22	42690818	43714199	410	40	0.0000641416	0.000000007090
22	43714200	44995307	726	40	0.0000866094	0.000000010365
22	44995308	46470494	636	40	0.0000811681	0.000000010299
22	46470495	47596317	463	40	-0.0000045638	0.000000007296
22	47596318	48903702	754	40	0.0000748920	0.000000010223
22	48903703	49824533	625	40	-0.0000020398	0.000000009286
22	49824534	51243297	404	40	0.0001563072	0.000000008267
