chr	start	end	num_snp	k	local_rho	var
1	10583	1892606	101	19	0.0000329786	0.0000000081
1	1892607	3582735	440	40	0.0002673172	0.0000000297
1	3582736	4380810	273	40	0.0000789484	0.0000000144
1	4380811	5913892	868	40	-0.0000648260	0.0000000244
1	5913893	7247334	431	40	-0.0001188995	0.0000000205
1	7247335	9365198	699	40	0.0000320834	0.0000000297
1	9365199	10806983	353	40	0.0000839992	0.0000000173
1	10806984	11777840	257	40	-0.0000525845	0.0000000148
1	11777841	12779465	283	40	0.0000911794	0.0000000157
1	12779466	14891510	618	40	0.0000797015	0.0000000261
1	14891511	16897729	689	40	0.0000386977	0.0000000271
1	16897730	18662898	665	40	-0.0001097208	0.0000000273
1	18662899	20469148	714	40	0.0000328899	0.0000000275
1	20469149	21736587	461	40	-0.0000534804	0.0000000219
1	21736588	23086882	524	40	-0.0001551088	0.0000000234
1	23086883	23920589	222	28	0.0000258137	0.0000000094
1	23920590	25516844	522	40	0.0000199055	0.0000000220
1	25516845	27401866	413	40	-0.0002032377	0.0000000161
1	27401867	30161880	550	40	-0.0001067590	0.0000000185
1	30161881	32438684	930	40	0.0001861072	0.0000000259
1	32438685	34799757	675	40	-0.0001361214	0.0000000249
1	34799758	37549182	550	40	-0.0000971564	0.0000000198
1	37549183	38731846	373	40	-0.0000054767	0.0000000173
1	38731847	40200566	446	40	-0.0000431862	0.0000000221
1	40200567	41975326	554	40	-0.0000712983	0.0000000211
1	41975327	43758456	544	40	0.0001335434	0.0000000195
1	43758457	44969182	371	35	-0.0001126334	0.0000000191
1	44969183	46899500	457	38	-0.0000652845	0.0000000147
1	46899501	48002575	296	33	0.0000382351	0.0000000140
1	48002576	48978187	344	40	0.0000548005	0.0000000144
1	48978188	49894176	247	28	-0.0000000803	0.0000000101
1	49894177	51713725	260	25	-0.0000071174	0.0000000076
1	51713726	54226261	562	40	-0.0000494176	0.0000000244
1	54226262	56413116	837	40	0.0000299312	0.0000000263
1	56413117	57021727	270	31	0.0000964182	0.0000000118
1	57021728	58865398	846	40	-0.0001847543	0.0000000260
1	58865399	59890408	382	40	0.0000121366	0.0000000198
1	59890409	61922364	671	40	0.0001467444	0.0000000265
1	61922365	63455088	533	40	-0.0000899041	0.0000000232
1	63455089	65041703	657	40	-0.0000201057	0.0000000189
1	65041704	66939403	650	40	0.0000960590	0.0000000257
1	66939404	68477894	685	40	0.0001095947	0.0000000246
1	68477895	69687615	387	40	-0.0000760949	0.0000000149
1	69687616	71372469	519	40	-0.0001051135	0.0000000177
1	71372470	71684404	82	10	-0.0000571803	0.0000000041
1	71684405	74326906	558	40	0.0000724703	0.0000000202
1	74326907	76728134	726	40	-0.0000621900	0.0000000254
1	76728135	79661197	947	40	0.0000521392	0.0000000251
1	79661198	81354190	475	40	-0.0001001099	0.0000000180
1	81354191	83991747	972	40	-0.0000285373	0.0000000274
1	83991748	84844494	314	35	-0.0000867689	0.0000000127
1	84844495	86454750	652	40	-0.0000905514	0.0000000227
1	86454751	88128630	570	40	-0.0001204793	0.0000000209
1	88128631	90066302	522	40	-0.0000352624	0.0000000209
1	90066303	91886316	558	40	0.0000645539	0.0000000240
1	91886317	93536458	509	40	0.0000965480	0.0000000160
1	93536459	94506190	255	26	0.0000519827	0.0000000092
1	94506191	96150892	650	40	-0.0001051294	0.0000000230
1	96150893	97885248	603	40	-0.0001462985	0.0000000234
1	97885249	99800603	641	40	-0.0000209452	0.0000000259
1	99800604	100826404	339	37	0.0000049956	0.0000000119
1	100826405	102041015	447	40	-0.0001078465	0.0000000135
1	102041016	102898744	277	36	0.0000998306	0.0000000168
1	102898745	103914210	201	21	0.0000470457	0.0000000060
1	103914211	106087841	455	40	-0.0001376325	0.0000000186
1	106087842	108409664	726	40	-0.0001119862	0.0000000264
1	108409665	110303930	565	40	0.0000776886	0.0000000215
1	110303931	111741736	572	40	0.0000220511	0.0000000249
1	111741737	113273305	720	40	0.0000063045	0.0000000263
1	113273306	114873844	511	40	-0.0000253843	0.0000000193
1	114873845	115880592	345	37	0.0000385963	0.0000000115
1	115880593	118839066	836	40	-0.0000105988	0.0000000259
1	118839067	144977493	565	40	-0.0000303268	0.0000000194
1	144977494	148361252	433	40	0.0003084878	0.0000000231
1	148361253	151538880	349	34	-0.0001216227	0.0000000187
1	151538881	153180828	468	40	-0.0000516578	0.0000000141
1	153180829	154770402	458	40	-0.0000894861	0.0000000200
1	154770403	156336132	307	38	0.0000960845	0.0000000171
1	156336133	158027411	597	40	-0.0000413608	0.0000000224
1	158027412	159913047	682	40	-0.0000306614	0.0000000269
1	159913048	162346720	875	40	-0.0000348148	0.0000000287
1	162346721	165191701	1193	40	0.0000550034	0.0000000257
1	165191702	166460516	531	40	-0.0003449105	0.0000000331
1	166460517	169086323	1106	40	0.0000124315	0.0000000275
1	169086324	170557775	560	40	0.0001311809	0.0000000175
1	170557776	173097906	902	40	0.0001928111	0.0000000259
1	173097907	175089767	411	32	-0.0001169487	0.0000000130
1	175089768	177433380	784	40	0.0002003519	0.0000000278
1	177433381	178944308	492	40	0.0001735860	0.0000000224
1	178944309	178954469	2	1	0.0000085625	0.0000000001
1	178954470	181144120	750	40	-0.0002108708	0.0000000275
1	181144121	182755355	599	40	-0.0000900446	0.0000000227
1	182755356	184595512	630	40	0.0000839354	0.0000000224
1	184595513	186810022	523	40	0.0001754613	0.0000000184
1	186810023	188759944	619	40	-0.0000990337	0.0000000236
1	188759945	189904129	219	17	0.0000411942	0.0000000054
1	189904130	191868929	538	40	-0.0001664079	0.0000000199
1	191868930	194107441	583	40	0.0001079638	0.0000000207
1	194107442	196176200	580	40	-0.0000099966	0.0000000184
1	196176201	197311513	196	16	0.0000502097	0.0000000052
1	197311514	199239883	504	40	-0.0000819269	0.0000000195
1	199239884	200137648	301	36	0.0000316110	0.0000000157
1	200137649	201589974	709	40	-0.0001108624	0.0000000244
1	201589975	203334733	614	40	-0.0001027510	0.0000000257
1	203334734	204681067	485	40	-0.0002978869	0.0000000210
1	204681068	206073264	577	40	-0.0001671431	0.0000000271
1	206073265	208410363	633	40	-0.0000167877	0.0000000261
1	208410364	210787749	930	40	-0.0000465054	0.0000000248
1	210787750	212842329	698	40	-0.0000239654	0.0000000231
1	212842330	214578265	613	40	-0.0003704879	0.0000000258
1	214578266	216243633	593	40	0.0000573843	0.0000000213
1	216243634	218705512	1082	40	-0.0000906506	0.0000000258
1	218705513	219590570	282	34	-0.0000702987	0.0000000136
1	219590571	221858230	690	40	0.0000285009	0.0000000243
1	221858231	222230219	174	21	-0.0000278392	0.0000000075
1	222230220	224938519	456	40	-0.0000861114	0.0000000190
1	224938520	226810859	517	40	0.0000935955	0.0000000201
1	226810860	229156247	694	40	0.0000027981	0.0000000252
1	229156248	230685254	531	40	-0.0000583894	0.0000000221
1	230685255	232090251	589	40	-0.0000268899	0.0000000253
1	232090252	233429283	608	40	-0.0000407688	0.0000000260
1	233429284	234599433	535	40	-0.0000424901	0.0000000215
1	234599434	235819435	384	40	-0.0000588093	0.0000000192
1	235819436	237555627	731	40	-0.0000071596	0.0000000237
1	237555628	238567806	427	40	-0.0000145527	0.0000000191
1	238567807	239925313	489	40	0.0001572222	0.0000000227
1	239925314	240564090	342	40	0.0001219671	0.0000000147
1	240564091	241582219	518	40	-0.0000120942	0.0000000262
1	241582220	242071601	220	38	0.0001508913	0.0000000126
1	242071602	244109498	623	40	-0.0002447950	0.0000000272
1	244109499	245506745	517	40	-0.0000154852	0.0000000235
1	245506746	247344517	711	40	-0.0001108058	0.0000000252
1	247344518	249239465	398	40	-0.0001044027	0.0000000177
2	10133	1781021	662	40	0.0000565061	0.0000000293
2	1781022	3973778	965	40	-0.0001250562	0.0000000268
2	3973779	5708336	630	40	-0.0000349591	0.0000000238
2	5708337	6836253	565	40	0.0000742865	0.0000000226
2	6836254	8422146	653	40	-0.0000898400	0.0000000273
2	8422147	10298468	673	40	0.0000315449	0.0000000224
2	10298469	12419149	969	40	0.0000568251	0.0000000246
2	12419150	14335307	591	40	-0.0000685039	0.0000000240
2	14335308	16329734	748	40	0.0000236042	0.0000000271
2	16329735	18647422	859	40	0.0001188615	0.0000000272
2	18647423	19692403	384	40	0.0000482843	0.0000000150
2	19692404	21050489	635	40	0.0000007085	0.0000000233
2	21050490	23341382	622	40	-0.0001208720	0.0000000263
2	23341383	24686917	442	40	-0.0000101819	0.0000000234
2	24686918	26894984	560	40	-0.0004795102	0.0000000277
2	26894985	28598776	416	33	-0.0000291314	0.0000000187
2	28598777	29217558	245	31	0.0000110046	0.0000000140
2	29217559	30463710	636	40	0.0000004533	0.0000000259
2	30463711	31550449	530	40	-0.0001133857	0.0000000242
2	31550450	33363776	495	40	0.0000588887	0.0000000234
2	33363777	35345027	805	40	0.0000086919	0.0000000241
2	35345028	36122005	291	30	0.0000254480	0.0000000128
2	36122006	38132711	932	40	0.0000119824	0.0000000242
2	38132712	39031336	326	38	0.0000293090	0.0000000145
2	39031337	40281482	303	32	-0.0000831246	0.0000000142
2	40281483	43309589	1310	40	0.0000379024	0.0000000248
2	43309590	44313802	403	40	0.0000312859	0.0000000210
2	44313803	46482633	1072	40	0.0000570539	0.0000000268
2	46482634	47318771	418	40	0.0001461853	0.0000000208
2	47318772	48213000	301	40	0.0000520935	0.0000000168
2	48213001	50022256	715	40	-0.0001267611	0.0000000271
2	50022257	50818927	345	34	0.0000140101	0.0000000140
2	50818928	52491132	647	40	-0.0001034721	0.0000000291
2	52491133	53508451	466	40	-0.0001509653	0.0000000200
2	53508452	54685225	435	40	0.0000130432	0.0000000184
2	54685226	56203344	613	40	0.0000684280	0.0000000242
2	56203345	57429099	428	40	-0.0003751588	0.0000000260
2	57429100	58297314	272	29	-0.0000734651	0.0000000101
2	58297315	60291999	741	40	-0.0002554776	0.0000000297
2	60292000	62429043	587	40	-0.0002392012	0.0000000328
2	62429044	64625912	583	40	-0.0001127904	0.0000000254
2	64625913	65933443	464	40	-0.0000578073	0.0000000251
2	65933444	67226165	555	40	0.0000588196	0.0000000214
2	67226166	68010175	423	40	0.0001492027	0.0000000199
2	68010176	69139563	471	40	0.0000979795	0.0000000197
2	69139564	70755197	535	40	0.0000185636	0.0000000211
2	70755198	73174847	802	40	-0.0000851165	0.0000000246
2	73174848	75630085	720	40	0.0000236714	0.0000000258
2	75630086	76913660	515	40	-0.0000349913	0.0000000204
2	76913661	78079263	394	40	0.0000475339	0.0000000206
2	78079264	80050402	825	40	-0.0000117310	0.0000000246
2	80050403	81620840	579	40	-0.0000073007	0.0000000287
2	81620841	85140679	891	40	-0.0001082417	0.0000000244
2	85140680	88038506	634	40	0.0001587224	0.0000000244
2	88038507	89154525	245	30	-0.0000267612	0.0000000098
2	89154526	95326451	4	2	-0.0000266729	0.0000000006
2	95326452	98995200	426	40	-0.0000604971	0.0000000168
2	98995201	101822328	907	40	-0.0000756126	0.0000000271
2	101822329	102688764	261	30	-0.0001537453	0.0000000111
2	102688765	103588214	406	36	0.0000624994	0.0000000131
2	103588215	105125033	304	40	-0.0000567495	0.0000000123
2	105125034	106210057	404	40	-0.0001576401	0.0000000179
2	106210058	107408266	443	40	0.0000871635	0.0000000185
2	107408267	108429176	355	40	-0.0000648503	0.0000000122
2	108429177	110572431	531	40	0.0000140394	0.0000000199
2	110572432	113921855	802	40	-0.0000781310	0.0000000263
2	113921856	116772469	758	40	0.0000542180	0.0000000241
2	116772470	118367465	397	37	0.0000082440	0.0000000140
2	118367466	121303782	994	40	0.0000488323	0.0000000284
2	121303783	123302905	577	40	0.0001520073	0.0000000269
2	123302906	124732249	430	40	-0.0000569989	0.0000000170
2	124732250	125840920	381	40	-0.0001609844	0.0000000169
2	125840921	127373763	409	37	0.0000258175	0.0000000143
2	127373764	128034346	287	40	0.0000352499	0.0000000117
2	128034347	129474440	433	40	0.0000239088	0.0000000149
2	129474441	130067169	222	26	-0.0000371390	0.0000000104
2	130067170	130658084	205	26	-0.0000220295	0.0000000102
2	130658085	133042783	209	34	0.0000462509	0.0000000112
2	133042784	135158577	915	40	0.0000550072	0.0000000246
2	135158578	137042793	456	40	-0.0001413187	0.0000000150
2	137042794	138698116	595	40	0.0000359318	0.0000000249
2	138698117	140100270	434	40	0.0000098687	0.0000000138
2	140100271	141805350	568	40	-0.0000653997	0.0000000210
2	141805351	142518601	298	33	-0.0000874157	0.0000000177
2	142518602	144519483	657	40	-0.0000696455	0.0000000245
2	144519484	146445569	439	40	-0.0001561304	0.0000000200
2	146445570	147277161	151	15	-0.0000330382	0.0000000092
2	147277162	150210291	661	40	-0.0001375101	0.0000000251
2	150210292	151731461	473	40	-0.0001217943	0.0000000203
2	151731462	152486781	286	29	0.0001611972	0.0000000112
2	152486782	154005055	481	40	-0.0000222754	0.0000000174
2	154005056	155391134	486	40	-0.0001088060	0.0000000191
2	155391135	157560634	554	40	-0.0000625715	0.0000000249
2	157560635	158533217	172	25	0.0000413465	0.0000000100
2	158533218	159577081	331	39	0.0000334855	0.0000000148
2	159577082	161769732	720	40	0.0000056321	0.0000000272
2	161769733	163503550	390	36	-0.0000201753	0.0000000142
2	163503551	164466637	194	24	-0.0000860742	0.0000000090
2	164466638	165178839	176	21	-0.0000393616	0.0000000076
2	165178840	167160269	630	40	-0.0001350639	0.0000000216
2	167160270	167355969	73	10	-0.0000290227	0.0000000019
2	167355970	169968235	831	40	0.0000427673	0.0000000273
2	169968236	171226244	491	40	0.0000714877	0.0000000187
2	171226245	173138904	573	40	0.0000177787	0.0000000261
2	173138905	175588928	840	40	0.0001480374	0.0000000278
2	175588929	177363635	531	40	-0.0001496471	0.0000000230
2	177363636	178553182	475	40	0.0000140521	0.0000000164
2	178553183	181312738	1008	40	0.0000272596	0.0000000232
2	181312739	182266030	298	32	-0.0000911505	0.0000000132
2	182266031	184357607	615	40	-0.0000424057	0.0000000240
2	184357608	185280172	232	25	0.0000379298	0.0000000104
2	185280173	189882064	955	40	0.0002444797	0.0000000262
2	189882065	191973356	501	40	0.0000188275	0.0000000194
2	191973357	195861163	714	40	-0.0000770388	0.0000000250
2	195861164	196447455	152	20	0.0000938666	0.0000000077
2	196447456	198078109	447	40	-0.0001053651	0.0000000155
2	198078110	199311124	304	26	0.0000196507	0.0000000087
2	199311125	201576283	628	40	0.0003159970	0.0000000373
2	201576284	202818636	316	39	-0.0000464620	0.0000000112
2	202818637	205799240	745	40	-0.0000261641	0.0000000305
2	205799241	206735703	404	40	-0.0000125275	0.0000000184
2	206735704	208645398	657	40	0.0001393744	0.0000000263
2	208645399	209941528	334	40	0.0000674948	0.0000000191
2	209941529	212379517	740	40	-0.0000771122	0.0000000239
2	212379518	214014281	627	40	0.0001369829	0.0000000270
2	214014282	215573794	443	40	-0.0000586795	0.0000000181
2	215573795	217715660	794	40	0.0000248475	0.0000000230
2	217715661	218395479	275	36	0.0000128742	0.0000000120
2	218395480	220454550	596	40	0.0000208109	0.0000000242
2	220454551	222521175	854	40	-0.0000239301	0.0000000249
2	222521176	224859418	786	40	-0.0000184180	0.0000000239
2	224859419	225840003	350	36	0.0001277391	0.0000000129
2	225840004	228119841	735	40	-0.0000218631	0.0000000264
2	228119842	229370786	454	40	0.0002475382	0.0000000187
2	229370787	231843388	933	40	-0.0001896080	0.0000000251
2	231843389	233550002	467	40	-0.0001829067	0.0000000180
2	233550003	235150986	797	40	0.0000258964	0.0000000234
2	235150987	236043549	416	40	-0.0001098759	0.0000000161
2	236043550	237449031	470	40	0.0000323323	0.0000000190
2	237449032	238760980	535	40	-0.0000837540	0.0000000192
2	238760981	239952642	413	40	0.0000302847	0.0000000173
2	239952643	241560083	649	40	0.0000809591	0.0000000258
2	241560084	242149920	216	29	0.0000400286	0.0000000110
2	242149921	243188919	129	16	-0.0000161665	0.0000000048
3	60157	1441778	618	40	-0.0000949159	0.0000000262
3	1441779	2992119	896	40	-0.0001950125	0.0000000262
3	2992120	4431646	768	40	-0.0000348751	0.0000000264
3	4431647	6083182	774	40	0.0000938895	0.0000000254
3	6083183	7083386	427	40	0.0000078010	0.0000000216
3	7083387	8648560	861	40	-0.0000207484	0.0000000239
3	8648561	9543182	491	40	-0.0000550026	0.0000000246
3	9543183	11019664	593	40	0.0001962190	0.0000000274
3	11019665	13070798	738	40	-0.0000119657	0.0000000279
3	13070799	14816899	788	40	-0.0000953001	0.0000000254
3	14816900	16282441	530	40	0.0000530435	0.0000000207
3	16282442	17891117	500	40	0.0000035133	0.0000000206
3	17891118	19125143	340	40	-0.0000192444	0.0000000169
3	19125144	20091347	196	25	-0.0000439682	0.0000000115
3	20091348	21643706	638	40	0.0000465600	0.0000000266
3	21643707	22204243	380	40	0.0000942618	0.0000000175
3	22204244	23804864	527	40	0.0000099130	0.0000000218
3	23804865	25461557	746	40	-0.0002177245	0.0000000329
3	25461558	26877768	468	40	-0.0000279972	0.0000000197
3	26877769	27840909	270	30	-0.0000219889	0.0000000116
3	27840910	29142259	449	40	-0.0000293634	0.0000000194
3	29142260	30717954	684	40	-0.0001057529	0.0000000244
3	30717955	32351714	659	40	-0.0000648559	0.0000000261
3	32351715	33255591	276	40	-0.0000324727	0.0000000150
3	33255592	35283457	583	40	-0.0000341435	0.0000000204
3	35283458	36486841	408	40	-0.0001777848	0.0000000159
3	36486842	38356115	596	40	-0.0000490552	0.0000000232
3	38356116	40221297	658	40	0.0000444136	0.0000000235
3	40221298	41064527	149	15	0.0000081761	0.0000000061
3	41064528	42540001	450	40	0.0000801568	0.0000000157
3	42540002	45165152	707	40	0.0001531261	0.0000000243
3	45165153	46657499	516	40	0.0000694763	0.0000000172
3	46657500	47727211	176	17	-0.0001087798	0.0000000091
3	47727212	49316971	257	15	-0.0002571724	0.0000000137
3	49316972	51832014	440	25	-0.0001881640	0.0000000180
3	51832015	54081389	607	40	-0.0002081140	0.0000000254
3	54081390	55348859	664	40	0.0000064493	0.0000000250
3	55348860	56433906	371	40	-0.0000881732	0.0000000180
3	56433907	58157518	543	40	-0.0000215159	0.0000000185
3	58157519	60272905	974	40	-0.0001599207	0.0000000262
3	60272906	62355665	980	40	0.0000226645	0.0000000238
3	62355666	63669285	670	40	-0.0000373930	0.0000000247
3	63669286	65273537	759	40	-0.0000426168	0.0000000252
3	65273538	66270446	345	40	-0.0001174407	0.0000000183
3	66270447	68286913	639	40	0.0001105795	0.0000000236
3	68286914	69276761	367	40	0.0000040510	0.0000000178
3	69276762	70449027	391	40	-0.0001011386	0.0000000174
3	70449028	72529328	792	40	0.0000465517	0.0000000277
3	72529329	74321816	721	40	0.0000545862	0.0000000238
3	74321817	75704948	272	31	-0.0000012052	0.0000000126
3	75704949	77508834	485	40	-0.0000701752	0.0000000189
3	77508835	79024540	406	40	-0.0000861933	0.0000000197
3	79024541	81427309	489	40	-0.0002410871	0.0000000146
3	81427310	82643885	294	27	0.0001152091	0.0000000103
3	82643886	84367478	314	32	0.0001285020	0.0000000111
3	84367479	85582230	253	22	0.0000776938	0.0000000112
3	85582231	87409731	452	40	0.0000385365	0.0000000238
3	87409732	88298372	189	19	-0.0000387771	0.0000000094
3	88298373	94255315	463	40	-0.0002269342	0.0000000192
3	94255316	95311970	216	18	-0.0001415574	0.0000000092
3	95311971	98215949	566	40	0.0001307841	0.0000000204
3	98215950	99373761	329	39	0.0000040104	0.0000000111
3	99373762	100592216	332	28	-0.0000436356	0.0000000110
3	100592217	103084959	659	40	-0.0001437343	0.0000000213
3	103084960	104581612	412	40	0.0000737551	0.0000000145
3	104581613	106982810	709	40	0.0000759322	0.0000000260
3	106982811	109522394	763	40	0.0000917092	0.0000000285
3	109522395	110513769	251	25	-0.0000144240	0.0000000082
3	110513770	112815698	695	40	-0.0000179104	0.0000000229
3	112815699	113947862	377	40	-0.0001035906	0.0000000143
3	113947863	115447079	406	40	0.0001187714	0.0000000224
3	115447080	116800152	523	40	0.0001273287	0.0000000220
3	116800153	118530250	568	40	-0.0000601971	0.0000000333
3	118530251	120523054	667	40	-0.0000251823	0.0000000214
3	120523055	121974096	390	37	0.0001590855	0.0000000118
3	121974097	123517767	529	40	-0.0000038265	0.0000000183
3	123517768	124936641	627	40	-0.0001578130	0.0000000243
3	124936642	126214942	386	40	-0.0000297915	0.0000000127
3	126214943	128194860	671	40	-0.0000625182	0.0000000294
3	128194861	130244734	436	40	-0.0000051320	0.0000000161
3	130244735	131836515	548	40	-0.0000439544	0.0000000191
3	131836516	133252172	516	40	0.0000055826	0.0000000241
3	133252173	135456905	864	40	0.0001021449	0.0000000232
3	135456906	137371082	441	38	0.0000898027	0.0000000152
3	137371083	139954596	844	40	-0.0000364923	0.0000000278
3	139954597	141339096	478	40	0.0000469294	0.0000000220
3	141339097	143164627	624	40	-0.0000842923	0.0000000247
3	143164628	144410815	389	40	-0.0002194685	0.0000000157
3	144410816	145664618	353	40	-0.0000358269	0.0000000119
3	145664619	146726628	336	40	0.0000374192	0.0000000139
3	146726629	149043236	681	40	0.0000753359	0.0000000277
3	149043237	150252003	425	40	-0.0001219391	0.0000000190
3	150252004	151348729	366	40	0.0001766017	0.0000000197
3	151348730	153256570	566	40	0.0000277611	0.0000000239
3	153256571	154714217	407	40	0.0000263860	0.0000000160
3	154714218	156008699	332	40	-0.0000268735	0.0000000129
3	156008700	157312027	452	40	0.0001603300	0.0000000215
3	157312028	159477889	642	40	-0.0000766774	0.0000000214
3	159477890	161524503	568	40	-0.0001546898	0.0000000181
3	161524504	163253204	473	40	-0.0000252696	0.0000000154
3	163253205	165055468	437	36	-0.0001110382	0.0000000125
3	165055469	167117428	454	40	-0.0001180790	0.0000000158
3	167117429	168580959	363	40	-0.0000824205	0.0000000104
3	168580960	170964908	719	40	0.0000790629	0.0000000296
3	170964909	172295730	510	40	0.0001537762	0.0000000231
3	172295731	173477284	384	40	0.0000350686	0.0000000186
3	173477285	175116538	600	40	0.0000471640	0.0000000239
3	175116539	176320286	341	40	0.0001113741	0.0000000142
3	176320287	178107164	537	40	-0.0001006132	0.0000000232
3	178107165	179374585	385	40	-0.0001123685	0.0000000154
3	179374586	181511165	463	40	0.0002222513	0.0000000216
3	181511166	183769682	666	40	0.0001985780	0.0000000265
3	183769683	185068254	415	40	0.0000013911	0.0000000225
3	185068255	186890343	665	40	-0.0002870120	0.0000000316
3	186890344	188856213	804	40	-0.0001846696	0.0000000281
3	188856214	190226606	627	40	0.0000347331	0.0000000267
3	190226607	192343813	741	40	-0.0000703712	0.0000000275
3	192343814	194059670	510	40	-0.0000637524	0.0000000231
3	194059671	194786673	265	40	-0.0000560258	0.0000000152
3	194786674	195971407	228	37	-0.0002145849	0.0000000133
3	195971408	197075986	288	40	-0.0002044036	0.0000000137
3	197075987	197946621	182	29	-0.0001208864	0.0000000095
4	10240	694714	105	12	-0.0000072011	0.0000000045
4	694715	1478710	221	25	-0.0000357563	0.0000000106
4	1478711	2842978	265	40	-0.0001423064	0.0000000139
4	2842979	3846039	261	38	-0.0000585164	0.0000000167
4	3846040	4684115	227	37	0.0000078064	0.0000000091
4	4684116	5502387	392	40	-0.0001191722	0.0000000191
4	5502388	6773042	687	40	-0.0001175300	0.0000000272
4	6773043	7539691	411	40	-0.0002773205	0.0000000243
4	7539692	8152234	357	40	0.0000454294	0.0000000207
4	8152235	9326478	246	40	-0.0000566055	0.0000000116
4	9326479	10699151	512	38	-0.0001136068	0.0000000173
4	10699152	12323033	648	40	0.0000442913	0.0000000244
4	12323034	14272000	713	40	-0.0001320776	0.0000000273
4	14272001	15147445	383	40	0.0000091393	0.0000000172
4	15147446	15927008	250	33	-0.0001036837	0.0000000113
4	15927009	17383321	668	40	0.0000148355	0.0000000235
4	17383322	18841873	420	40	-0.0001054867	0.0000000154
4	18841874	20544556	468	40	-0.0000658656	0.0000000158
4	20544557	22319346	669	40	-0.0001944380	0.0000000236
4	22319347	24135528	605	40	-0.0000674568	0.0000000262
4	24135529	25609321	605	40	-0.0002977898	0.0000000267
4	25609322	27343721	565	40	-0.0001419055	0.0000000260
4	27343722	27965867	199	28	0.0000067957	0.0000000091
4	27965868	29762207	529	40	-0.0000344431	0.0000000226
4	29762208	30454534	158	24	-0.0001289005	0.0000000093
4	30454535	31782980	405	40	0.0000439351	0.0000000163
4	31782981	33172765	312	36	-0.0001634757	0.0000000134
4	33172766	35151414	359	32	0.0000367520	0.0000000116
4	35151415	36020435	273	34	0.0001711520	0.0000000112
4	36020436	37255046	432	40	-0.0000093238	0.0000000147
4	37255047	38907021	791	40	-0.0001195220	0.0000000292
4	38907022	40202608	400	40	-0.0001053941	0.0000000198
4	40202609	42213057	713	40	0.0000559064	0.0000000261
4	42213058	43965044	528	40	-0.0000229500	0.0000000187
4	43965045	45189156	340	38	-0.0000881197	0.0000000177
4	45189157	47411895	453	40	-0.0000952216	0.0000000182
4	47411896	48123599	221	25	0.0000561628	0.0000000067
4	48123600	53877432	484	39	0.0002050195	0.0000000150
4	53877433	55429555	536	40	-0.0000763425	0.0000000262
4	55429556	56547643	369	40	-0.0001106456	0.0000000159
4	56547644	58935007	853	40	-0.0000395252	0.0000000246
4	58935008	60741086	454	40	-0.0000144315	0.0000000175
4	60741087	62371762	426	40	0.0000138117	0.0000000159
4	62371763	64341000	434	40	-0.0000530426	0.0000000154
4	64341001	66600491	504	40	0.0000218987	0.0000000196
4	66600492	68059496	385	40	-0.0001381612	0.0000000156
4	68059497	68854764	246	31	0.0000563531	0.0000000066
4	68854765	71049151	523	40	0.0001867696	0.0000000151
4	71049152	72140557	219	27	0.0001004047	0.0000000090
4	72140558	74592389	489	40	0.0001501650	0.0000000161
4	74592390	77130706	734	40	0.0000694369	0.0000000226
4	77130707	79093978	730	40	-0.0000370294	0.0000000287
4	79093979	80990296	562	40	0.0001294386	0.0000000162
4	80990297	82125314	243	29	-0.0000057393	0.0000000100
4	82125315	83372592	362	40	-0.0000014521	0.0000000168
4	83372593	84799655	484	40	0.0001040601	0.0000000209
4	84799656	86930608	592	40	0.0001302233	0.0000000194
4	86930609	87534647	138	18	0.0000639076	0.0000000073
4	87534648	89238027	567	40	-0.0000672581	0.0000000238
4	89238028	90231563	323	40	-0.0000383246	0.0000000142
4	90231564	91560676	339	40	0.0000486321	0.0000000122
4	91560677	94233298	567	40	0.0001067947	0.0000000209
4	94233299	96182187	607	40	-0.0000562734	0.0000000252
4	96182188	97540702	489	40	-0.0000471834	0.0000000202
4	97540703	99424066	403	36	-0.0001508439	0.0000000127
4	99424067	100678359	412	40	-0.0000770205	0.0000000162
4	100678360	103221355	796	40	-0.0000908860	0.0000000296
4	103221356	105305293	489	40	-0.0001169332	0.0000000292
4	105305294	107501304	582	40	-0.0001902570	0.0000000236
4	107501305	108815347	360	40	-0.0000457781	0.0000000115
4	108815348	111256566	770	40	-0.0000290202	0.0000000256
4	111256567	113870101	720	40	-0.0000469493	0.0000000250
4	113870102	115666245	609	40	0.0000118037	0.0000000242
4	115666246	117276928	336	36	0.0000837375	0.0000000144
4	117276929	118479917	338	38	0.0000561056	0.0000000130
4	118479918	119933511	419	40	0.0000037773	0.0000000153
4	119933512	120392683	148	16	0.0000113238	0.0000000056
4	120392684	122657986	701	40	-0.0000061030	0.0000000250
4	122657987	124286480	382	37	-0.0000121509	0.0000000113
4	124286481	125210861	263	36	-0.0002014410	0.0000000113
4	125210862	126480885	387	40	-0.0000061085	0.0000000162
4	126480886	127275476	222	31	-0.0000246201	0.0000000097
4	127275477	127830292	163	22	-0.0000129996	0.0000000076
4	127830293	128996664	195	15	-0.0000139057	0.0000000082
4	128996665	130591884	443	40	0.0000595547	0.0000000163
4	130591885	131283820	183	22	-0.0000152090	0.0000000096
4	131283821	132954032	354	40	-0.0000488537	0.0000000179
4	132954033	134628433	372	40	0.0001262285	0.0000000136
4	134628434	136566406	425	40	-0.0001542278	0.0000000155
4	136566407	138541970	513	40	-0.0000301197	0.0000000189
4	138541971	139556510	353	40	-0.0002615897	0.0000000163
4	139556511	141084630	501	40	-0.0001320747	0.0000000224
4	141084631	143443264	717	40	0.0000632583	0.0000000253
4	143443265	146178186	510	40	0.0002703186	0.0000000200
4	146178187	148521872	615	40	-0.0000310250	0.0000000217
4	148521873	150683579	526	40	-0.0000242050	0.0000000229
4	150683580	152782183	516	40	-0.0001165437	0.0000000192
4	152782184	154477640	501	40	0.0000084292	0.0000000254
4	154477641	155056125	205	28	-0.0001017224	0.0000000083
4	155056126	157485096	801	40	0.0000092583	0.0000000234
4	157485097	158743717	319	40	-0.0001000124	0.0000000124
4	158743718	161058863	518	40	-0.0001397143	0.0000000212
4	161058864	161826434	263	33	0.0000318314	0.0000000107
4	161826435	163243678	436	40	-0.0000208254	0.0000000182
4	163243679	164478233	330	40	-0.0000787073	0.0000000120
4	164478234	165823447	419	40	0.0000344037	0.0000000184
4	165823448	167018857	360	40	-0.0000584310	0.0000000161
4	167018858	167852916	186	26	-0.0000408159	0.0000000084
4	167852917	169676824	577	40	-0.0000652052	0.0000000262
4	169676825	170776509	315	37	0.0000157603	0.0000000137
4	170776510	172558634	413	40	-0.0000589669	0.0000000159
4	172558635	174264131	393	40	-0.0000713003	0.0000000165
4	174264132	176570715	626	40	0.0000515558	0.0000000263
4	176570716	178991909	820	40	-0.0001358073	0.0000000255
4	178991910	180122042	320	40	0.0000833543	0.0000000131
4	180122043	182066806	803	40	0.0000018813	0.0000000250
4	182066807	183371274	708	40	0.0000500710	0.0000000258
4	183371275	184929454	585	40	0.0001079847	0.0000000279
4	184929455	186909089	869	40	0.0000400661	0.0000000262
4	186909090	188472980	611	40	-0.0000325747	0.0000000249
4	188472981	189693510	410	40	-0.0001076267	0.0000000189
4	189693511	191043593	294	40	0.0000308290	0.0000000124
5	11940	982251	229	26	0.0001953296	0.0000000132
5	982252	2132441	457	40	0.0000576992	0.0000000242
5	2132442	3361940	782	40	-0.0001667114	0.0000000238
5	3361941	4632109	530	40	-0.0000617310	0.0000000201
5	4632110	5973232	691	40	-0.0000018996	0.0000000248
5	5973233	7143217	572	40	0.0000286251	0.0000000229
5	7143218	8446335	584	40	0.0002137484	0.0000000226
5	8446336	9718831	596	40	0.0001649806	0.0000000226
5	9718832	11173270	730	40	-0.0000914696	0.0000000257
5	11173271	13464831	561	40	-0.0001021092	0.0000000230
5	13464832	14757803	582	40	0.0001571058	0.0000000232
5	14757804	16963612	753	40	-0.0000623260	0.0000000252
5	16963613	18051591	265	40	-0.0000366477	0.0000000109
5	18051592	19917715	543	40	0.0000653370	0.0000000168
5	19917716	22152072	440	40	-0.0000047837	0.0000000159
5	22152073	23494323	403	40	-0.0000785594	0.0000000146
5	23494324	26184850	648	40	-0.0000815745	0.0000000248
5	26184851	26857603	150	22	-0.0000196774	0.0000000057
5	26857604	27984512	217	32	-0.0001251556	0.0000000100
5	27984513	29714819	400	40	-0.0000258301	0.0000000133
5	29714820	31390248	569	40	-0.0000022717	0.0000000195
5	31390249	33500179	810	40	0.0000510050	0.0000000244
5	33500180	35048969	544	40	-0.0000351863	0.0000000249
5	35048970	36433953	476	40	-0.0000166844	0.0000000171
5	36433954	38802409	754	40	-0.0000779687	0.0000000255
5	38802410	40287728	533	40	-0.0000087503	0.0000000175
5	40287729	41888709	539	40	-0.0000051664	0.0000000165
5	41888710	43983498	406	31	-0.0001677103	0.0000000195
5	43983499	50163397	413	31	-0.0000167008	0.0000000129
5	50163398	52134621	556	40	0.0001383166	0.0000000198
5	52134622	53703043	598	40	-0.0001114517	0.0000000260
5	53703044	55417348	587	40	0.0000333463	0.0000000213
5	55417349	56621101	497	40	0.0000552482	0.0000000203
5	56621102	57340072	265	36	0.0000408068	0.0000000103
5	57340073	58524621	529	40	-0.0000763504	0.0000000194
5	58524622	60935906	678	40	0.0001334546	0.0000000251
5	60935907	61672994	266	27	-0.0000815697	0.0000000130
5	61672995	63218986	476	40	0.0000396482	0.0000000162
5	63218987	63968303	174	19	0.0000095618	0.0000000063
5	63968304	65911285	612	40	-0.0000462924	0.0000000192
5	65911286	67850859	772	40	-0.0000092228	0.0000000279
5	67850860	71240455	445	40	0.0000575460	0.0000000171
5	71240456	73759325	953	40	-0.0001396735	0.0000000237
5	73759326	75798865	675	40	-0.0000312315	0.0000000259
5	75798866	77623331	709	40	0.0000732531	0.0000000298
5	77623332	79393143	648	40	0.0000361054	0.0000000250
5	79393144	80481470	443	40	0.0001038426	0.0000000217
5	80481471	82025647	497	40	0.0000661796	0.0000000222
5	82025648	83972688	519	40	-0.0000257015	0.0000000252
5	83972689	85767289	490	40	-0.0001444343	0.0000000176
5	85767290	87389990	269	31	0.0000985704	0.0000000120
5	87389991	88891529	301	32	0.0002584951	0.0000000161
5	88891530	90422653	419	40	0.0000541667	0.0000000184
5	90422654	91840541	264	32	0.0000057183	0.0000000129
5	91840542	93809983	406	40	-0.0000278109	0.0000000172
5	93809984	95963518	685	40	0.0000068281	0.0000000296
5	95963519	97315600	407	40	0.0000844083	0.0000000114
5	97315601	99260991	480	40	-0.0000611847	0.0000000191
5	99260992	101578768	497	40	-0.0000635940	0.0000000162
5	101578769	103320004	475	40	-0.0000277235	0.0000000162
5	103320005	104851482	407	40	-0.0000188774	0.0000000154
5	104851483	105893054	164	21	0.0000878484	0.0000000084
5	105893055	107264195	548	40	0.0000747412	0.0000000266
5	107264196	108633933	378	40	-0.0001822494	0.0000000180
5	108633934	110821143	621	40	0.0000314878	0.0000000234
5	110821144	111981561	415	40	0.0000653513	0.0000000209
5	111981562	113396284	535	40	0.0000206796	0.0000000211
5	113396285	114830369	512	40	0.0000128423	0.0000000175
5	114830370	115831046	424	40	-0.0000144608	0.0000000144
5	115831047	117346212	544	40	-0.0000798343	0.0000000225
5	117346213	118608819	366	40	-0.0000560186	0.0000000200
5	118608820	119669041	326	38	-0.0000393038	0.0000000142
5	119669042	120452165	228	25	0.0000305713	0.0000000092
5	120452166	122556904	655	40	-0.0001375446	0.0000000248
5	122556905	123798099	434	40	0.0003254990	0.0000000194
5	123798100	125785648	821	40	-0.0001406120	0.0000000235
5	125785649	127344603	425	40	-0.0001114405	0.0000000171
5	127344604	129519024	645	40	0.0000273814	0.0000000212
5	129519025	132139648	601	40	0.0001706438	0.0000000203
5	132139649	134777400	891	40	0.0002865936	0.0000000337
5	134777401	136376049	583	40	0.0000524653	0.0000000188
5	136376050	139265071	686	40	-0.0000691099	0.0000000276
5	139265072	140645970	349	31	-0.0001129494	0.0000000142
5	140645971	142981247	911	40	0.0000326433	0.0000000286
5	142981248	144943353	618	40	0.0000412872	0.0000000203
5	144943354	147181997	728	40	0.0001279060	0.0000000268
5	147181998	148662623	547	40	-0.0001097141	0.0000000199
5	148662624	150561297	842	40	-0.0000261702	0.0000000272
5	150561298	152867773	835	40	-0.0000214666	0.0000000260
5	152867774	153773087	425	40	-0.0000787595	0.0000000174
5	153773088	155373504	555	40	-0.0000181119	0.0000000217
5	155373505	156628699	371	40	0.0000385284	0.0000000168
5	156628700	158825697	867	40	-0.0001724043	0.0000000284
5	158825698	159973943	411	40	0.0000369008	0.0000000178
5	159973944	161482132	513	40	-0.0002068984	0.0000000160
5	161482133	162743907	350	40	0.0000229801	0.0000000153
5	162743908	163771581	376	40	-0.0000647383	0.0000000140
5	163771582	165642394	534	40	-0.0000312627	0.0000000273
5	165642395	166847739	414	40	-0.0000881220	0.0000000234
5	166847740	168525317	762	40	-0.0000054625	0.0000000312
5	168525318	169505663	473	40	-0.0000044239	0.0000000225
5	169505664	171074291	647	40	0.0000130792	0.0000000247
5	171074292	172678326	668	40	0.0000585529	0.0000000230
5	172678327	173642870	486	40	-0.0001081501	0.0000000208
5	173642871	175450594	805	40	0.0000923837	0.0000000249
5	175450595	177251506	339	40	0.0000332297	0.0000000188
5	177251507	178413463	430	40	-0.0000692871	0.0000000212
5	178413464	179401243	351	40	0.0001360637	0.0000000188
5	179401244	180559932	324	40	0.0001859146	0.0000000150
5	180559933	180885155	42	9	0.0000919633	0.0000000041
6	73924	1452361	673	40	0.0000339280	0.0000000259
6	1452362	2458935	433	40	0.0000916799	0.0000000211
6	2458936	3573592	576	40	0.0000098897	0.0000000230
6	3573593	4617816	512	40	-0.0000653570	0.0000000206
6	4617817	5791471	586	40	-0.0000433395	0.0000000255
6	5791472	6785206	590	40	0.0000325204	0.0000000261
6	6785207	7808935	511	40	0.0000086641	0.0000000260
6	7808936	9020025	494	40	0.0000673643	0.0000000179
6	9020026	10540316	606	40	0.0002674145	0.0000000256
6	10540317	11790815	562	40	0.0000223777	0.0000000230
6	11790816	13209387	590	40	-0.0000027062	0.0000000253
6	13209388	14802923	673	40	-0.0001641179	0.0000000266
6	14802924	17386404	985	40	-0.0000766259	0.0000000264
6	17386405	19207486	635	40	-0.0001828496	0.0000000252
6	19207487	21684064	1020	40	-0.0000974030	0.0000000269
6	21684065	22748306	513	40	0.0001049953	0.0000000202
6	22748307	23936618	486	40	-0.0001604708	0.0000000231
6	23936619	24852274	400	40	-0.0001210811	0.0000000188
6	24852275	25684586	448	40	0.0000861684	0.0000000200
6	25684587	26791232	476	35	-0.0001164584	0.0000000148
6	26791233	28017818	276	19	-0.0001376968	0.0000000117
6	28017819	28917607	317	21	0.0000339908	0.0000000112
6	28917608	29737970	527	31	0.0000283788	0.0000000161
6	29737971	30798167	910	40	0.0002918696	0.0000000243
6	30798168	31571217	797	40	-0.0000453292	0.0000000269
6	31571218	32682663	696	40	-0.0001190670	0.0000000271
6	32682664	33236496	628	40	0.0000946250	0.0000000198
6	33236497	35455755	752	40	0.0000281819	0.0000000256
6	35455756	37572595	817	40	0.0000145516	0.0000000290
6	37572596	39295676	760	40	0.0000882907	0.0000000255
6	39295677	40345114	400	40	0.0000860362	0.0000000188
6	40345115	42038720	713	40	-0.0003098286	0.0000000382
6	42038721	43756168	449	40	0.0002504891	0.0000000241
6	43756169	45406562	576	40	-0.0002182750	0.0000000286
6	45406563	47311897	759	40	-0.0002179394	0.0000000248
6	47311898	48391124	355	38	0.0002064345	0.0000000131
6	48391125	50386144	492	40	-0.0002393452	0.0000000147
6	50386145	52210475	620	40	-0.0000712069	0.0000000214
6	52210476	53279101	428	40	0.0000581742	0.0000000186
6	53279102	55468269	855	40	0.0001206994	0.0000000293
6	55468270	56105312	211	20	0.0000374250	0.0000000061
6	56105313	57599464	366	39	-0.0001901094	0.0000000194
6	57599465	61880511	119	9	-0.0000633447	0.0000000049
6	61880512	63552887	334	22	0.0000640249	0.0000000096
6	63552888	65765741	443	40	0.0000154490	0.0000000177
6	65765742	67329214	481	40	-0.0000136356	0.0000000158
6	67329215	68849482	460	40	0.0000584455	0.0000000167
6	68849483	69523447	217	26	-0.0000279962	0.0000000081
6	69523448	71609509	741	40	0.0001066712	0.0000000229
6	71609510	73450096	629	40	0.0000486497	0.0000000256
6	73450097	75462002	573	40	-0.0000453171	0.0000000195
6	75462003	77414880	447	40	0.0001019362	0.0000000211
6	77414881	78957727	485	40	0.0000267366	0.0000000169
6	78957728	80691169	580	40	0.0000117919	0.0000000223
6	80691170	81929221	369	28	0.0001154494	0.0000000106
6	81929222	83127148	348	40	-0.0000527954	0.0000000155
6	83127149	85209988	555	40	0.0000835324	0.0000000201
6	85209989	87069499	592	40	-0.0000011380	0.0000000184
6	87069500	88822139	540	40	0.0000092264	0.0000000185
6	88822140	89973051	431	40	0.0000030914	0.0000000167
6	89973052	91843195	735	40	0.0002718161	0.0000000273
6	91843196	93428643	465	40	0.0000829094	0.0000000162
6	93428644	94118141	281	40	-0.0000557164	0.0000000128
6	94118142	94441174	83	8	0.0000358320	0.0000000027
6	94441175	97093510	615	40	0.0000636928	0.0000000203
6	97093511	97842283	228	26	-0.0000411836	0.0000000090
6	97842284	100630145	786	40	-0.0001161935	0.0000000330
6	100630146	102636771	491	40	-0.0001129758	0.0000000277
6	102636772	103983394	331	33	0.0000841779	0.0000000126
6	103983395	106056732	649	40	0.0001528866	0.0000000329
6	106056733	107450305	621	40	-0.0001207130	0.0000000262
6	107450306	108464379	348	40	-0.0000406665	0.0000000140
6	108464380	110304246	533	40	0.0002951212	0.0000000309
6	110304247	112345013	613	40	0.0003358484	0.0000000244
6	112345014	114220832	625	40	0.0000366767	0.0000000195
6	114220833	116131395	475	40	-0.0000633901	0.0000000134
6	116131396	117672971	468	40	-0.0000628241	0.0000000152
6	117672972	118963114	368	39	-0.0001191619	0.0000000147
6	118963115	119963277	319	36	0.0000117951	0.0000000154
6	119963278	120512127	164	18	0.0001075190	0.0000000089
6	120512128	121905675	377	36	-0.0002545496	0.0000000155
6	121905676	123856180	597	40	-0.0000260456	0.0000000204
6	123856181	125424382	596	40	0.0000301251	0.0000000277
6	125424383	127540460	459	40	0.0000921069	0.0000000238
6	127540461	129861030	610	40	-0.0000718910	0.0000000250
6	129861031	130935453	491	40	-0.0002306778	0.0000000216
6	130935454	132765668	599	40	-0.0000779948	0.0000000209
6	132765669	134244242	582	40	-0.0000051709	0.0000000223
6	134244243	136224176	581	40	-0.0001003151	0.0000000602
6	136224177	137614217	338	40	0.0001286103	0.0000000165
6	137614218	138822628	473	40	-0.0000370845	0.0000000197
6	138822629	139845435	381	40	0.0001112962	0.0000000179
6	139845436	142288478	526	40	0.0000473738	0.0000000240
6	142288479	145319809	1032	40	0.0000473242	0.0000000237
6	145319810	146665423	310	26	0.0000681294	0.0000000114
6	146665424	148920351	913	40	0.0000540441	0.0000000242
6	148920352	150253403	515	40	0.0001557257	0.0000000193
6	150253404	151912702	883	40	0.0000203823	0.0000000276
6	151912703	153094495	556	40	-0.0001199885	0.0000000237
6	153094496	154974119	791	40	-0.0000088702	0.0000000240
6	154974120	156763325	721	40	0.0000971384	0.0000000245
6	156763326	158218718	374	40	-0.0000389347	0.0000000224
6	158218719	160580496	1028	40	-0.0000623833	0.0000000257
6	160580497	162169563	758	40	-0.0000937315	0.0000000243
6	162169564	162931202	371	40	-0.0001286578	0.0000000180
6	162931203	164383520	673	40	-0.0000981435	0.0000000271
6	164383521	165586863	535	40	0.0001806091	0.0000000225
6	165586864	167024732	802	40	-0.0001348684	0.0000000238
6	167024733	168042834	421	40	0.0000527067	0.0000000162
6	168042835	169382049	577	40	0.0000101092	0.0000000233
6	169382050	170330172	393	40	0.0000153382	0.0000000134
6	170330173	171051269	234	30	-0.0001927076	0.0000000101
7	16161	972751	89	15	0.0000087602	0.0000000061
7	972752	1353066	99	16	0.0000094405	0.0000000086
7	1353067	2062397	140	22	0.0000623296	0.0000000128
7	2062398	2772226	217	35	-0.0000916772	0.0000000139
7	2772227	4573427	846	40	0.0000079652	0.0000000255
7	4573428	5416231	202	40	-0.0000277670	0.0000000122
7	5416232	5854525	99	16	-0.0000508601	0.0000000056
7	5854526	6573856	140	22	-0.0000708113	0.0000000069
7	6573857	7808751	413	40	0.0000104847	0.0000000217
7	7808752	9123422	723	40	-0.0002055857	0.0000000275
7	9123423	9987498	354	40	-0.0000813932	0.0000000170
7	9987499	11299197	467	40	0.0000412300	0.0000000245
7	11299198	12635460	693	40	-0.0001816181	0.0000000251
7	12635461	13884201	560	40	-0.0000049319	0.0000000242
7	13884202	15143656	570	40	0.0000854885	0.0000000279
7	15143657	16902068	748	40	0.0001233166	0.0000000264
7	16902069	19481546	1021	40	0.0000828115	0.0000000244
7	19481547	20124907	228	28	-0.0000608437	0.0000000096
7	20124908	22507628	1188	40	0.0000554536	0.0000000255
7	22507629	23471441	309	40	0.0001382664	0.0000000142
7	23471442	25077258	697	40	0.0001574994	0.0000000244
7	25077259	25909554	445	40	0.0000108568	0.0000000169
7	25909555	28360308	880	40	-0.0001023899	0.0000000277
7	28360309	31137288	1237	40	-0.0000276681	0.0000000265
7	31137289	33555767	986	40	-0.0000012105	0.0000000257
7	33555768	36213537	1005	40	0.0000301792	0.0000000264
7	36213538	37555183	628	40	-0.0000803380	0.0000000262
7	37555184	38966702	631	40	-0.0000850629	0.0000000233
7	38966703	39862669	313	35	-0.0000161219	0.0000000120
7	39862670	42001810	611	40	0.0000886454	0.0000000305
7	42001811	43159073	400	40	-0.0000574828	0.0000000175
7	43159074	44763827	466	40	-0.0000064737	0.0000000166
7	44763828	45952921	351	40	-0.0000749220	0.0000000172
7	45952922	46986719	409	40	-0.0001925631	0.0000000159
7	46986720	49212277	895	40	0.0000908077	0.0000000250
7	49212278	51675321	886	40	-0.0000379012	0.0000000266
7	51675322	53176311	630	40	0.0001223916	0.0000000228
7	53176312	54222975	372	40	-0.0000264056	0.0000000102
7	54222976	55691583	527	40	-0.0000789114	0.0000000214
7	55691584	57382637	242	28	0.0000597448	0.0000000087
7	57382638	63307358	126	14	-0.0000684468	0.0000000047
7	63307359	63641124	53	6	-0.0000356093	0.0000000027
7	63641125	65689808	305	25	-0.0000507428	0.0000000097
7	65689809	68234073	703	40	0.0000916375	0.0000000250
7	68234074	69085363	263	39	-0.0000073124	0.0000000119
7	69085364	71874884	834	40	-0.0001267502	0.0000000283
7	71874885	73334601	150	23	0.0000156929	0.0000000082
7	73334602	76458563	349	40	-0.0003781794	0.0000000199
7	76458564	78093858	605	40	-0.0000324763	0.0000000253
7	78093859	79888068	644	40	-0.0001590206	0.0000000246
7	79888069	82022685	714	40	-0.0000748457	0.0000000250
7	82022686	83801202	626	40	-0.0001273470	0.0000000250
7	83801203	85572181	402	40	0.0000394338	0.0000000126
7	85572182	87825003	563	40	-0.0000199006	0.0000000173
7	87825004	90661783	952	40	0.0000614045	0.0000000252
7	90661784	92493751	423	40	-0.0000497098	0.0000000178
7	92493752	93966600	354	40	-0.0000467260	0.0000000191
7	93966601	96073507	691	40	-0.0000188897	0.0000000235
7	96073508	97099569	309	40	-0.0001204266	0.0000000119
7	97099570	98715473	417	40	-0.0000944668	0.0000000176
7	98715474	100196650	249	26	-0.0001227614	0.0000000113
7	100196651	101199252	245	37	-0.0000203375	0.0000000219
7	101199253	103197509	384	40	0.0000728904	0.0000000181
7	103197510	104159524	474	40	0.0000950575	0.0000000207
7	104159525	105682904	535	40	-0.0001158387	0.0000000199
7	105682905	107780177	741	40	-0.0000363133	0.0000000257
7	107780178	109647593	551	40	-0.0001546100	0.0000000229
7	109647594	112618683	829	40	-0.0000335036	0.0000000258
7	112618684	113712386	219	26	0.0000631666	0.0000000092
7	113712387	116780177	709	40	0.0000294322	0.0000000232
7	116780178	118351580	372	38	0.0000935426	0.0000000143
7	118351581	121045272	438	40	-0.0001131082	0.0000000172
7	121045273	121933629	228	28	0.0000973124	0.0000000120
7	121933630	124156804	661	40	-0.0001363598	0.0000000291
7	124156805	124167551	6	2	0.0000043134	0.0000000001
7	124167552	126519169	658	40	0.0001351588	0.0000000221
7	126519170	126869220	139	18	-0.0000539588	0.0000000074
7	126869221	128778385	591	40	-0.0001295146	0.0000000219
7	128778386	130422413	469	40	0.0000463516	0.0000000244
7	130422414	132805847	921	40	0.0000920553	0.0000000294
7	132805848	134307595	441	35	-0.0000681031	0.0000000154
7	134307596	135591082	500	40	-0.0000727234	0.0000000184
7	135591083	136876561	408	40	-0.0001200418	0.0000000165
7	136876562	138744678	612	40	-0.0000167281	0.0000000270
7	138744679	139933176	330	40	0.0001235352	0.0000000201
7	139933177	140235209	120	25	-0.0001562611	0.0000000104
7	140235210	141226556	281	32	-0.0001438338	0.0000000126
7	141226557	142656309	444	40	-0.0000016888	0.0000000170
7	142656310	144968288	551	40	0.0000569220	0.0000000199
7	144968289	146427959	379	40	0.0000445250	0.0000000134
7	146427960	147815317	570	40	0.0001702268	0.0000000225
7	147815318	149840657	615	40	0.0001253625	0.0000000264
7	149840658	150711504	308	38	-0.0000740423	0.0000000104
7	150711505	152249805	460	40	0.0000690941	0.0000000241
7	152249806	153674018	461	40	0.0001246855	0.0000000202
7	153674019	154964729	548	40	0.0000127619	0.0000000273
7	154964730	156065249	483	40	-0.0000548121	0.0000000224
7	156065250	157634596	521	40	0.0000102866	0.0000000239
7	157634597	159128574	460	40	-0.0001532905	0.0000000201
8	10422	1044216	396	40	-0.0000674842	0.0000000204
8	1044217	1163244	71	12	-0.0000536872	0.0000000049
8	1163245	2042941	457	40	0.0000503823	0.0000000254
8	2042942	2573278	259	40	0.0000442416	0.0000000137
8	2573279	3392925	594	40	0.0000052636	0.0000000262
8	3392926	3783016	425	40	0.0000307774	0.0000000239
8	3783017	4480475	670	40	0.0000922962	0.0000000299
8	4480476	5146926	492	40	0.0000050359	0.0000000303
8	5146927	6142796	753	40	0.0000722397	0.0000000259
8	6142797	7153078	545	40	-0.0000987383	0.0000000267
8	7153079	9154693	554	40	0.0001135261	0.0000000286
8	9154694	9640786	236	24	-0.0000535222	0.0000000130
8	9640787	10463196	463	40	-0.0002529004	0.0000000230
8	10463197	11278997	388	40	-0.0000719961	0.0000000198
8	11278998	13491774	802	40	-0.0002332704	0.0000000252
8	13491775	13944991	252	31	-0.0000565165	0.0000000098
8	13944992	15991659	1082	40	0.0000651244	0.0000000255
8	15991660	17387875	547	40	-0.0000949894	0.0000000255
8	17387876	17836398	271	35	0.0000084527	0.0000000140
8	17836399	19492839	965	40	0.0001287719	0.0000000240
8	19492840	20060855	335	40	-0.0000992537	0.0000000160
8	20060856	21661736	748	40	-0.0002005939	0.0000000270
8	21661737	22897056	463	40	0.0001807925	0.0000000269
8	22897057	24674717	656	40	0.0001164401	0.0000000269
8	24674718	25483453	287	35	-0.0001660092	0.0000000175
8	25483454	26682524	616	40	-0.0001570617	0.0000000250
8	26682525	28162391	737	40	0.0000747293	0.0000000243
8	28162392	29327895	368	40	-0.0000313143	0.0000000160
8	29327896	31133728	541	40	-0.0001530470	0.0000000217
8	31133729	31548359	125	20	-0.0000029328	0.0000000057
8	31548360	32977217	484	40	-0.0000127056	0.0000000182
8	32977218	35317231	537	40	0.0002328279	0.0000000197
8	35317232	37379388	359	40	0.0001041530	0.0000000133
8	37379389	38938805	291	40	0.0000842937	0.0000000152
8	38938806	40703336	583	40	0.0000175742	0.0000000184
8	40703337	41721453	382	40	-0.0000496651	0.0000000215
8	41721454	42773822	192	22	-0.0000546325	0.0000000077
8	42773823	46841314	43	7	-0.0000136113	0.0000000024
8	46841315	50082469	395	36	-0.0000141623	0.0000000179
8	50082470	53302929	786	40	-0.0000247997	0.0000000235
8	53302930	54418043	344	40	-0.0000819997	0.0000000205
8	54418044	55945580	474	40	-0.0000656262	0.0000000147
8	55945581	56956382	353	40	-0.0002431867	0.0000000118
8	56956383	59068650	664	40	-0.0000168975	0.0000000253
8	59068651	59728099	275	34	-0.0000319587	0.0000000124
8	59728100	62329098	789	40	0.0001599160	0.0000000252
8	62329099	63349305	328	35	-0.0000705402	0.0000000114
8	63349306	65232871	516	40	-0.0001324301	0.0000000176
8	65232872	66489089	361	40	-0.0000233093	0.0000000122
8	66489090	69863056	864	40	0.0002168687	0.0000000253
8	69863057	70867978	405	40	-0.0000259644	0.0000000171
8	70867979	72289453	440	40	-0.0000369480	0.0000000174
8	72289454	73817198	687	40	0.0000271572	0.0000000231
8	73817199	75445063	615	40	-0.0001589640	0.0000000230
8	75445064	76456541	291	38	-0.0000861342	0.0000000120
8	76456542	79132860	687	40	0.0001183285	0.0000000328
8	79132861	81956394	803	40	0.0001984631	0.0000000285
8	81956395	82693738	217	32	0.0000590439	0.0000000074
8	82693739	84225588	416	40	-0.0001284354	0.0000000128
8	84225589	85955618	356	39	-0.0000562725	0.0000000118
8	85955619	87411708	267	25	-0.0000461168	0.0000000122
8	87411709	89085480	483	40	-0.0000472060	0.0000000175
8	89085481	90638161	394	40	0.0002599411	0.0000000151
8	90638162	93554385	674	40	-0.0000450363	0.0000000243
8	93554386	95005526	386	40	-0.0000901599	0.0000000145
8	95005527	96534805	625	40	0.0000524678	0.0000000235
8	96534806	99401580	1101	40	-0.0003124853	0.0000000270
8	99401581	101620957	504	40	-0.0000755626	0.0000000196
8	101620958	104123305	986	40	0.0000371449	0.0000000245
8	104123306	104988751	249	24	-0.0000182024	0.0000000099
8	104988752	107410753	819	40	-0.0000444898	0.0000000265
8	107410754	108648176	469	40	-0.0000776459	0.0000000159
8	108648177	109248172	204	23	0.0000913701	0.0000000067
8	109248173	110484313	350	31	0.0000165243	0.0000000090
8	110484314	111850846	287	33	-0.0000984610	0.0000000089
8	111850847	113064319	232	19	-0.0000703019	0.0000000065
8	113064320	116096494	781	40	-0.0000757779	0.0000000208
8	116096495	119685456	1155	40	-0.0000906937	0.0000000285
8	119685457	121201699	527	40	-0.0000680143	0.0000000196
8	121201700	124861458	1337	40	0.0000446675	0.0000000259
8	124861459	125683718	334	40	-0.0000263661	0.0000000119
8	125683719	126410916	254	40	0.0001810068	0.0000000122
8	126410917	128659110	913	40	-0.0000065298	0.0000000241
8	128659111	130381138	672	40	-0.0000341060	0.0000000275
8	130381139	131639624	465	40	-0.0000209337	0.0000000187
8	131639625	133351143	758	40	0.0001886863	0.0000000295
8	133351144	134570000	706	40	-0.0000375910	0.0000000266
8	134570001	136035604	753	40	-0.0000787361	0.0000000243
8	136035605	137524150	552	40	0.0000133389	0.0000000219
8	137524151	139254829	736	40	0.0000703825	0.0000000252
8	139254830	140725642	751	40	-0.0002011126	0.0000000276
8	140725643	143044913	824	40	0.0001613649	0.0000000262
8	143044914	144236880	367	40	-0.0000291752	0.0000000172
8	144236881	146303866	339	40	-0.0004681644	0.0000000209
9	10023	1079706	576	40	0.0000721289	0.0000000255
9	1079707	1916876	600	40	-0.0000215356	0.0000000254
9	1916877	3190063	763	40	-0.0000623088	0.0000000252
9	3190064	4495327	737	40	-0.0000088899	0.0000000249
9	4495328	4884925	227	39	0.0001263379	0.0000000187
9	4884926	6557588	557	40	0.0001688503	0.0000000289
9	6557589	7154922	292	37	-0.0000932143	0.0000000220
9	7154923	8456298	927	40	0.0000244521	0.0000000300
9	8456299	9166402	399	40	-0.0000488271	0.0000000219
9	9166403	10879252	836	40	0.0000814609	0.0000000298
9	10879253	12276488	463	40	0.0000489386	0.0000000202
9	12276489	14836362	1261	40	0.0001953643	0.0000000318
9	14836363	16659654	802	40	0.0000310085	0.0000000257
9	16659655	18661050	938	40	-0.0000836496	0.0000000249
9	18661051	20463533	822	40	-0.0000532250	0.0000000276
9	20463534	22206558	685	40	-0.0002661423	0.0000000270
9	22206559	24158517	604	40	0.0000443881	0.0000000273
9	24158518	25330809	295	40	-0.0000309368	0.0000000170
9	25330810	26111756	272	40	0.0000482024	0.0000000151
9	26111757	28224282	945	40	-0.0001082703	0.0000000251
9	28224283	28811583	251	36	-0.0000509748	0.0000000130
9	28811584	30387391	550	40	-0.0001088303	0.0000000171
9	30387392	31310382	245	23	0.0000107390	0.0000000093
9	31310383	32019367	206	24	-0.0000043996	0.0000000077
9	32019368	33578333	587	40	0.0000601352	0.0000000243
9	33578334	34642242	285	27	-0.0000587470	0.0000000107
9	34642243	36743282	583	40	0.0000471833	0.0000000241
9	36743283	38641598	717	40	0.0001038362	0.0000000233
9	38641599	65472189	101	21	-0.0000588703	0.0000000057
9	65472190	72512710	563	40	-0.0000904168	0.0000000275
9	72512711	72753754	100	10	0.0000432086	0.0000000046
9	72753755	74253039	594	40	0.0000464869	0.0000000245
9	74253040	76203945	570	40	-0.0001369157	0.0000000201
9	76203946	76973080	180	22	-0.0001140357	0.0000000114
9	76973081	78900182	803	40	0.0000686051	0.0000000236
9	78900183	79471207	291	40	0.0000942096	0.0000000154
9	79471208	81079054	523	40	0.0000723761	0.0000000204
9	81079055	82590927	630	40	0.0001076525	0.0000000271
9	82590928	84211232	653	40	0.0000266106	0.0000000271
9	84211233	85440800	328	40	0.0001504045	0.0000000185
9	85440801	86938195	635	40	0.0001532987	0.0000000324
9	86938196	88109332	500	40	-0.0001236763	0.0000000211
9	88109333	88590416	113	14	-0.0000500093	0.0000000051
9	88590417	90136245	597	40	-0.0000554447	0.0000000237
9	90136246	92528697	852	40	-0.0000940003	0.0000000279
9	92528698	94167202	622	40	-0.0001056947	0.0000000265
9	94167203	96671697	789	40	0.0001384595	0.0000000285
9	96671698	98922039	666	40	-0.0000430612	0.0000000237
9	98922040	101592858	860	40	0.0000949701	0.0000000239
9	101592859	104624436	964	40	-0.0001819407	0.0000000277
9	104624437	105967975	567	40	0.0000090853	0.0000000191
9	105967976	107581748	602	40	0.0000842092	0.0000000186
9	107581749	109298753	590	40	-0.0002090144	0.0000000466
9	109298754	110695061	571	40	0.0000352230	0.0000000241
9	110695062	112778023	1098	40	-0.0000421129	0.0000000257
9	112778024	114831081	908	40	-0.0000427716	0.0000000294
9	114831082	115693144	314	30	0.0001076640	0.0000000129
9	115693145	117019800	642	40	0.0002128509	0.0000000278
9	117019801	117921959	465	40	-0.0001167822	0.0000000181
9	117921960	121321536	1464	40	-0.0001381223	0.0000000238
9	121321537	122260296	359	40	0.0000199501	0.0000000144
9	122260297	124871321	774	40	0.0001110994	0.0000000272
9	124871322	126971886	684	40	-0.0000847195	0.0000000259
9	126971887	129059664	563	40	0.0000935283	0.0000000251
9	129059665	130055509	326	40	-0.0000300842	0.0000000184
9	130055510	132165469	499	40	-0.0000935065	0.0000000242
9	132165470	133223216	319	40	-0.0000523887	0.0000000152
9	133223217	134127887	342	40	-0.0001007680	0.0000000182
9	134127888	135298841	436	40	0.0000653259	0.0000000191
9	135298842	137041121	656	40	-0.0002580886	0.0000000358
9	137041122	137589363	205	40	0.0000813976	0.0000000132
9	137589364	138938977	628	40	0.0000101799	0.0000000279
9	138938978	139500341	121	23	-0.0000191866	0.0000000093
9	139500342	141144795	249	36	-0.0000202425	0.0000000132
10	60523	751338	125	15	-0.0000254469	0.0000000067
10	751339	1523543	341	40	-0.0000215203	0.0000000160
10	1523544	2254499	440	40	0.0000881525	0.0000000233
10	2254500	3352698	672	40	0.0000612748	0.0000000271
10	3352699	4572273	617	40	-0.0000384582	0.0000000249
10	4572274	5983761	710	40	-0.0001053795	0.0000000266
10	5983762	7171483	745	40	0.0001308965	0.0000000241
10	7171484	8774664	867	40	-0.0000783091	0.0000000249
10	8774665	10249395	564	40	-0.0001520128	0.0000000212
10	10249396	12586796	1039	40	-0.0002754511	0.0000000271
10	12586797	13321599	445	40	-0.0001059806	0.0000000242
10	13321600	15026067	949	40	-0.0001163301	0.0000000242
10	15026068	16551766	563	40	-0.0000027466	0.0000000253
10	16551767	18537266	776	40	0.0000615093	0.0000000279
10	18537267	19716877	533	40	-0.0001006691	0.0000000225
10	19716878	22772282	990	40	-0.0000565902	0.0000000248
10	22772283	23175131	126	14	-0.0001147569	0.0000000075
10	23175132	25578595	771	40	-0.0001781047	0.0000000253
10	25578596	26888683	534	40	-0.0001365169	0.0000000158
10	26888684	29323235	906	40	-0.0000635377	0.0000000243
10	29323236	29783691	268	40	0.0001280654	0.0000000124
10	29783692	30458837	363	40	0.0001505383	0.0000000182
10	30458838	31907518	481	40	0.0001544498	0.0000000214
10	31907519	33707967	628	40	-0.0000422755	0.0000000189
10	33707968	35109354	501	40	0.0001476256	0.0000000208
10	35109355	36572507	422	40	0.0000047810	0.0000000176
10	36572508	37790028	321	40	-0.0000505123	0.0000000117
10	37790029	42372578	198	13	-0.0000258292	0.0000000046
10	42372579	43894770	299	34	0.0001130719	0.0000000108
10	43894771	44730074	292	34	0.0000489286	0.0000000105
10	44730075	48760449	673	40	0.0002603184	0.0000000265
10	48760450	50840914	666	40	-0.0002049890	0.0000000256
10	50840915	53616628	755	40	-0.0000709674	0.0000000294
10	53616629	55103571	682	40	-0.0000787018	0.0000000263
10	55103572	57031139	762	40	0.0000040181	0.0000000245
10	57031140	57662145	178	18	0.0000708626	0.0000000098
10	57662146	58959527	381	25	0.0000694410	0.0000000098
10	58959528	60289986	420	40	0.0001280213	0.0000000124
10	60289987	61891408	588	40	-0.0000475770	0.0000000221
10	61891409	62659678	303	34	-0.0001531277	0.0000000127
10	62659679	63341694	161	19	0.0000047295	0.0000000063
10	63341695	65794113	848	40	-0.0000049704	0.0000000274
10	65794114	67549614	481	40	0.0000293484	0.0000000139
10	67549615	69900147	896	40	-0.0001694805	0.0000000268
10	69900148	70195990	116	11	-0.0000278657	0.0000000054
10	70195991	72220849	895	40	0.0001194443	0.0000000265
10	72220850	73508511	744	40	0.0000090153	0.0000000249
10	73508512	75422549	440	36	0.0001482657	0.0000000134
10	75422550	78706813	843	40	0.0001634675	0.0000000253
10	78706814	80876748	1016	40	-0.0000005021	0.0000000255
10	80876749	82414678	495	40	0.0000754449	0.0000000210
10	82414679	84383744	714	40	-0.0000101354	0.0000000244
10	84383745	85458702	439	40	-0.0001499208	0.0000000144
10	85458703	87937576	980	40	0.0000518086	0.0000000228
10	87937577	89127063	272	35	0.0000656821	0.0000000137
10	89127064	91013380	727	40	0.0000762119	0.0000000255
10	91013381	92006580	376	40	-0.0000556926	0.0000000151
10	92006581	93335046	447	40	0.0000700108	0.0000000177
10	93335047	95396367	667	40	0.0000656085	0.0000000251
10	95396368	96221242	264	32	-0.0000087088	0.0000000117
10	96221243	97822356	583	40	0.0000307850	0.0000000210
10	97822357	100241301	919	40	0.0000608204	0.0000000287
10	100241302	100668399	149	15	-0.0000782835	0.0000000055
10	100668400	102949238	766	40	-0.0003245377	0.0000000285
10	102949239	104380409	306	28	0.0000831727	0.0000000121
10	104380410	106695047	764	40	0.0000132940	0.0000000287
10	106695048	108726685	673	40	0.0000836694	0.0000000220
10	108726686	110317704	639	40	-0.0000443541	0.0000000253
10	110317705	112561492	662	40	-0.0001283175	0.0000000261
10	112561493	115328431	1023	40	0.0001272462	0.0000000247
10	115328432	116421405	494	40	-0.0002141769	0.0000000196
10	116421406	119523933	997	40	0.0000582111	0.0000000286
10	119523934	120591352	409	40	0.0000283509	0.0000000194
10	120591353	122407322	678	40	0.0000448806	0.0000000308
10	122407323	123231464	391	40	0.0000282087	0.0000000172
10	123231465	123900544	280	40	0.0000613148	0.0000000220
10	123900545	125869345	853	40	-0.0000560023	0.0000000242
10	125869346	128001097	957	40	0.0000206592	0.0000000242
10	128001098	129154361	529	40	-0.0001208303	0.0000000253
10	129154362	130844283	938	40	0.0000421103	0.0000000252
10	130844284	131741326	417	40	0.0000554504	0.0000000177
10	131741327	132580244	413	40	0.0001014607	0.0000000175
10	132580245	134336328	845	40	-0.0000158067	0.0000000248
10	134336329	134494672	39	6	-0.0000840351	0.0000000044
10	134494673	135523864	281	40	0.0001097648	0.0000000140
11	70855	1213589	259	40	-0.0000281225	0.0000000151
11	1213590	3665480	805	40	-0.0001006401	0.0000000253
11	3665481	4746708	425	40	0.0001500162	0.0000000202
11	4746709	6322868	985	40	0.0002099992	0.0000000250
11	6322869	7436700	546	40	-0.0000537592	0.0000000251
11	7436701	8333273	492	40	-0.0000080483	0.0000000214
11	8333274	9087316	273	30	0.0000163831	0.0000000172
11	9087317	10952026	640	40	0.0001922072	0.0000000264
11	10952027	12564228	1099	40	-0.0001291251	0.0000000266
11	12564229	13373123	400	40	0.0001893991	0.0000000249
11	13373124	15742551	770	40	-0.0000111146	0.0000000222
11	15742552	17578401	600	40	-0.0002001640	0.0000000226
11	17578402	19569534	783	40	0.0001026430	0.0000000240
11	19569535	21017137	784	40	-0.0000923895	0.0000000251
11	21017138	22374141	547	40	-0.0001113123	0.0000000208
11	22374142	24088516	589	40	-0.0000390802	0.0000000225
11	24088517	26045752	656	40	-0.0000678254	0.0000000267
11	26045753	27020460	354	40	-0.0001496492	0.0000000143
11	27020461	28481592	405	40	0.0000786875	0.0000000198
11	28481593	30141356	411	40	-0.0000713399	0.0000000221
11	30141357	32276900	627	40	0.0000300143	0.0000000231
11	32276901	33958738	557	40	-0.0000485637	0.0000000204
11	33958739	35502604	815	40	-0.0000883469	0.0000000259
11	35502605	37116814	740	40	-0.0001218480	0.0000000247
11	37116815	39382002	417	40	-0.0000483257	0.0000000148
11	39382003	42310002	914	40	0.0001277225	0.0000000269
11	42310003	44693798	960	40	0.0000555148	0.0000000251
11	44693799	47006136	707	40	0.0001362368	0.0000000337
11	47006137	49866049	477	25	0.0000196351	0.0000000153
11	49866050	54695472	131	7	0.0000287334	0.0000000027
11	54695473	55082656	6	3	-0.0000011516	0.0000000008
11	55082657	58457494	1056	40	-0.0000991801	0.0000000278
11	58457495	58780548	67	6	0.0000099433	0.0000000024
11	58780549	62223770	985	40	-0.0000305571	0.0000000267
11	62223771	63804568	305	38	0.0000212348	0.0000000151
11	63804569	65898630	492	40	-0.0000100494	0.0000000185
11	65898631	68005824	316	35	-0.0003528320	0.0000000161
11	68005825	69516129	460	40	0.0000838279	0.0000000217
11	69516130	70926291	461	40	-0.0000165247	0.0000000222
11	70926292	72286016	305	35	-0.0000627831	0.0000000107
11	72286017	74412350	597	40	-0.0000340704	0.0000000233
11	74412351	76797208	761	40	0.0000912907	0.0000000243
11	76797209	78355057	417	37	-0.0000459380	0.0000000239
11	78355058	80722372	1058	40	-0.0003012139	0.0000000286
11	80722373	81266711	259	38	0.0000440950	0.0000000114
11	81266712	84381271	1163	40	-0.0000905251	0.0000000262
11	84381272	86619300	771	40	-0.0000306759	0.0000000269
11	86619301	87430234	309	36	-0.0000871774	0.0000000117
11	87430235	89208935	563	40	0.0000559806	0.0000000221
11	89208936	90966489	378	35	0.0000197534	0.0000000106
11	90966490	92077143	345	38	0.0000763416	0.0000000142
11	92077144	93276156	396	40	0.0000154363	0.0000000159
11	93276157	94242259	269	26	0.0001111884	0.0000000115
11	94242260	95726040	590	40	-0.0000053826	0.0000000257
11	95726041	97057057	498	40	0.0000008765	0.0000000195
11	97057058	98705064	555	40	0.0000895336	0.0000000241
11	98705065	100417168	760	40	-0.0000181335	0.0000000241
11	100417169	101331120	404	40	0.0000925824	0.0000000198
11	101331121	103959635	1080	40	0.0000491872	0.0000000312
11	103959636	104873283	283	23	0.0000325176	0.0000000080
11	104873284	106520893	466	40	0.0000050648	0.0000000161
11	106520894	107844199	466	40	-0.0000056827	0.0000000187
11	107844200	108437036	135	11	0.0000910454	0.0000000061
11	108437037	109866115	341	38	0.0001408091	0.0000000149
11	109866116	111114396	488	40	0.0000350389	0.0000000188
11	111114397	112459487	381	38	0.0000541223	0.0000000155
11	112459488	114257727	787	40	-0.0001854928	0.0000000261
11	114257728	114830665	228	27	0.0001258397	0.0000000105
11	114830666	116383347	653	40	0.0000633657	0.0000000296
11	116383348	117747109	599	40	0.0000426781	0.0000000274
11	117747110	119215475	516	40	-0.0000938279	0.0000000244
11	119215476	120766805	623	40	-0.0000056420	0.0000000256
11	120766806	121175942	198	23	-0.0000339978	0.0000000055
11	121175943	122591909	464	40	0.0000649442	0.0000000211
11	122591910	123500116	415	40	-0.0002375535	0.0000000270
11	123500117	124495527	479	40	-0.0000472728	0.0000000131
11	124495528	126311319	798	40	0.0001112832	0.0000000256
11	126311320	127316678	560	40	-0.0000829553	0.0000000202
11	127316679	128188536	307	40	0.0000838828	0.0000000112
11	128188537	130342574	853	40	-0.0000281168	0.0000000244
11	130342575	131074611	364	40	0.0001366147	0.0000000178
11	131074612	133000045	1093	40	0.0001262291	0.0000000263
11	133000046	134205992	547	40	0.0000005519	0.0000000255
11	134205993	134946451	398	40	0.0000573459	0.0000000185
12	61107	1080330	312	40	-0.0001289273	0.0000000142
12	1080331	2544785	487	40	-0.0003014045	0.0000000246
12	2544786	3677036	507	40	0.0000525151	0.0000000213
12	3677037	4417678	386	40	-0.0001346645	0.0000000179
12	4417679	5321471	499	40	-0.0000535715	0.0000000219
12	5321472	6419752	552	40	0.0000750633	0.0000000233
12	6419753	8377535	526	40	-0.0000485763	0.0000000249
12	8377536	9031394	131	23	-0.0000764421	0.0000000061
12	9031395	10481533	533	40	0.0000681709	0.0000000198
12	10481534	11754845	336	40	-0.0000517856	0.0000000130
12	11754846	12733527	437	40	0.0001114670	0.0000000204
12	12733528	15241483	1021	40	-0.0000417586	0.0000000267
12	15241484	16310459	254	36	-0.0000746270	0.0000000138
12	16310460	18087872	556	40	-0.0000856359	0.0000000235
12	18087873	20863942	929	40	-0.0000695164	0.0000000227
12	20863943	23820633	1099	40	-0.0000053113	0.0000000250
12	23820634	25371082	713	40	0.0000540938	0.0000000251
12	25371083	27799772	1021	40	-0.0000592173	0.0000000246
12	27799773	29651254	690	40	0.0000098524	0.0000000221
12	29651255	30512405	461	40	-0.0000164908	0.0000000174
12	30512406	32165591	630	40	-0.0000486726	0.0000000287
12	32165592	33076988	378	40	-0.0000417966	0.0000000131
12	33076989	37856716	355	24	0.0000271034	0.0000000096
12	37856717	39227168	135	7	-0.0000240675	0.0000000050
12	39227169	40816184	497	40	-0.0001077031	0.0000000184
12	40816185	41658585	352	36	0.0000277116	0.0000000121
12	41658586	43984473	897	40	0.0000032920	0.0000000229
12	43984474	46024228	475	40	0.0000613202	0.0000000137
12	46024229	47714792	465	40	-0.0001841313	0.0000000183
12	47714793	49001865	540	40	-0.0000176986	0.0000000245
12	49001866	51776493	631	40	0.0000952014	0.0000000263
12	51776494	53039003	633	40	-0.0000713379	0.0000000222
12	53039004	54778822	587	40	-0.0000884371	0.0000000224
12	54778823	55665836	273	36	-0.0000257706	0.0000000128
12	55665837	57548859	420	40	-0.0001215581	0.0000000227
12	57548860	59308665	464	40	-0.0000196205	0.0000000180
12	59308666	61123728	451	40	0.0001115655	0.0000000193
12	61123729	64032460	946	40	0.0000489530	0.0000000280
12	64032461	65559694	376	40	0.0000479547	0.0000000149
12	65559695	67181143	515	40	0.0000443869	0.0000000225
12	67181144	67909728	322	40	-0.0000530534	0.0000000121
12	67909729	69826541	813	40	0.0000696654	0.0000000263
12	69826542	70957986	496	40	-0.0001362004	0.0000000200
12	70957987	72645074	567	40	-0.0000619258	0.0000000205
12	72645075	73818453	302	30	0.0000412904	0.0000000124
12	73818454	76511313	766	40	0.0000676567	0.0000000261
12	76511314	78570569	755	40	-0.0000391920	0.0000000265
12	78570570	80448149	405	40	-0.0001538601	0.0000000163
12	80448150	81467766	307	35	0.0001843221	0.0000000123
12	81467767	83502665	560	40	0.0000443850	0.0000000178
12	83502666	84303843	230	27	0.0001469484	0.0000000083
12	84303844	85990425	392	34	0.0001041584	0.0000000125
12	85990426	89682121	750	40	-0.0002827634	0.0000000259
12	89682122	92066154	643	40	0.0002482700	0.0000000203
12	92066155	94514566	903	40	0.0000100722	0.0000000241
12	94514567	96020784	691	40	-0.0001642304	0.0000000268
12	96020785	97108838	454	40	-0.0000069618	0.0000000214
12	97108839	99305986	927	40	-0.0000725140	0.0000000311
12	99305987	101447640	653	40	0.0000017043	0.0000000257
12	101447641	101862689	148	16	0.0000384484	0.0000000068
12	101862690	102964985	334	40	0.0001085053	0.0000000120
12	102964986	104848695	760	40	-0.0000309204	0.0000000240
12	104848696	106436212	845	40	0.0000344439	0.0000000230
12	106436213	106958747	232	33	-0.0000435377	0.0000000099
12	106958748	109025900	742	40	-0.0000447799	0.0000000272
12	109025901	110336718	399	40	0.0001490042	0.0000000177
12	110336719	113263517	463	40	0.0001095247	0.0000000206
12	113263518	113986708	217	29	0.0001021383	0.0000000093
12	113986709	115036601	539	40	-0.0001354737	0.0000000223
12	115036602	115503215	193	35	0.0001017459	0.0000000106
12	115503216	117087470	745	40	-0.0002124396	0.0000000256
12	117087471	118135374	460	40	-0.0000196414	0.0000000213
12	118135375	119754109	684	40	0.0000702039	0.0000000263
12	119754110	122007650	676	40	-0.0002775073	0.0000000291
12	122007651	124977979	694	40	0.0001502835	0.0000000264
12	124977980	126445504	623	40	-0.0001005300	0.0000000291
12	126445505	127875097	637	40	-0.0001262792	0.0000000235
12	127875098	129237296	700	40	-0.0000772573	0.0000000286
12	129237297	130377920	682	40	0.0000126559	0.0000000259
12	130377921	131786750	735	40	-0.0001335673	0.0000000262
12	131786751	132807033	290	40	-0.0000212833	0.0000000141
12	132807034	133841510	170	25	0.0000355250	0.0000000091
13	19020013	20686719	292	36	-0.0000106232	0.0000000120
13	20686720	22242173	585	40	-0.0000438353	0.0000000216
13	22242174	23594701	670	40	0.0001009391	0.0000000249
13	23594702	24531936	508	40	0.0001161861	0.0000000211
13	24531937	25784361	643	40	0.0001184202	0.0000000241
13	25784362	27284361	542	40	0.0001787559	0.0000000222
13	27284362	29257550	851	40	0.0000864120	0.0000000302
13	29257551	30483266	502	40	0.0000564073	0.0000000207
13	30483267	32301814	770	40	0.0001495338	0.0000000264
13	32301815	33776902	582	40	-0.0000350982	0.0000000231
13	33776903	35026463	456	40	-0.0000028557	0.0000000202
13	35026464	36046366	220	30	0.0000783399	0.0000000089
13	36046367	37498184	647	40	0.0000394061	0.0000000256
13	37498185	38878162	544	40	0.0001747598	0.0000000185
13	38878163	41069262	868	40	-0.0000603666	0.0000000279
13	41069263	43101026	628	40	0.0002437226	0.0000000255
13	43101027	44901408	802	40	0.0000603550	0.0000000265
13	44901409	46495213	530	40	0.0000261383	0.0000000201
13	46495214	47431078	363	40	-0.0000602328	0.0000000141
13	47431079	49383961	615	40	-0.0001168558	0.0000000238
13	49383962	51591090	742	40	-0.0001206638	0.0000000282
13	51591091	53339621	449	40	0.0001727302	0.0000000219
13	53339622	54682863	523	40	-0.0001049393	0.0000000190
13	54682864	55817130	319	36	0.0000537482	0.0000000108
13	55817131	57554216	297	22	-0.0000008592	0.0000000078
13	57554217	58410625	205	21	0.0000004398	0.0000000072
13	58410626	59302270	216	22	0.0000161377	0.0000000066
13	59302271	60854777	553	40	-0.0001433822	0.0000000228
13	60854778	61591948	284	35	-0.0000084892	0.0000000111
13	61591949	63971558	635	40	0.0000117397	0.0000000243
13	63971559	65200601	301	31	-0.0000294032	0.0000000100
13	65200602	67844452	782	40	-0.0001027519	0.0000000279
13	67844453	70724515	886	40	-0.0000193687	0.0000000235
13	70724516	71526790	317	40	0.0000021790	0.0000000146
13	71526791	73934088	845	40	0.0000109538	0.0000000264
13	73934089	75670142	734	40	-0.0003452510	0.0000000353
13	75670143	77410554	783	40	-0.0000034892	0.0000000257
13	77410555	78808812	435	40	-0.0000325998	0.0000000133
13	78808813	80585675	575	40	-0.0000110753	0.0000000197
13	80585676	82581813	607	40	-0.0001717044	0.0000000227
13	82581814	84133143	392	35	-0.0000613831	0.0000000111
13	84133144	85610915	411	40	-0.0000343120	0.0000000168
13	85610916	88559881	755	40	-0.0001171641	0.0000000264
13	88559882	90521310	466	40	0.0000539495	0.0000000149
13	90521311	93129690	858	40	0.0001131612	0.0000000285
13	93129691	93586454	121	16	-0.0000099690	0.0000000053
13	93586455	96087557	1198	40	0.0000643439	0.0000000251
13	96087558	97519209	357	38	-0.0001719842	0.0000000155
13	97519210	98938918	434	40	0.0001049891	0.0000000218
13	98938919	100574094	788	40	0.0000330949	0.0000000233
13	100574095	102300522	769	40	0.0000416086	0.0000000243
13	102300523	104066709	929	40	-0.0000705908	0.0000000247
13	104066710	104844113	308	40	-0.0001112808	0.0000000137
13	104844114	106247553	623	40	0.0000690192	0.0000000241
13	106247554	106749999	271	40	0.0000243818	0.0000000124
13	106750000	108189876	609	40	-0.0000331961	0.0000000261
13	108189877	109121209	436	40	-0.0000564438	0.0000000179
13	109121210	109815111	327	40	-0.0001221306	0.0000000165
13	109815112	111232072	753	40	-0.0001178428	0.0000000298
13	111232073	112247591	460	40	-0.0001632068	0.0000000241
13	112247592	113572487	462	40	0.0000121141	0.0000000230
13	113572488	115109852	412	40	0.0000853952	0.0000000195
14	19002084	21589401	590	40	-0.0000275334	0.0000000248
14	21589402	23018664	707	40	0.0000020356	0.0000000257
14	23018665	24905122	708	40	0.0000623172	0.0000000331
14	24905123	26135685	558	40	0.0000176804	0.0000000174
14	26135686	28466532	695	40	-0.0000378175	0.0000000273
14	28466533	29972144	379	40	-0.0000059359	0.0000000171
14	29972145	32383264	590	40	0.0000082910	0.0000000238
14	32383265	34846250	1263	40	-0.0001431937	0.0000000244
14	34846251	35859592	246	30	0.0000700949	0.0000000101
14	35859593	38667724	876	40	0.0000152483	0.0000000250
14	38667725	40341989	543	40	0.0000602954	0.0000000191
14	40341990	41615501	347	32	-0.0000496748	0.0000000123
14	41615502	43137388	415	36	-0.0000791564	0.0000000156
14	43137389	44543226	358	40	0.0001093766	0.0000000158
14	44543227	46081895	379	40	-0.0001412819	0.0000000168
14	46081896	46749129	188	16	-0.0000427936	0.0000000073
14	46749130	48573585	585	40	0.0001464789	0.0000000247
14	48573586	49005470	112	13	-0.0000168141	0.0000000036
14	49005471	50507759	463	40	-0.0001925009	0.0000000200
14	50507760	51493571	369	40	0.0000179575	0.0000000147
14	51493572	53474382	850	40	-0.0000768703	0.0000000269
14	53474383	53997830	176	19	-0.0000310509	0.0000000064
14	53997831	55233680	449	40	0.0000041064	0.0000000206
14	55233681	56216879	292	27	0.0001020623	0.0000000098
14	56216880	57481261	665	40	0.0001062156	0.0000000259
14	57481262	59448335	707	40	0.0000029446	0.0000000260
14	59448336	61680423	609	40	0.0001048720	0.0000000270
14	61680424	63790014	811	40	-0.0000749767	0.0000000251
14	63790015	65220297	351	34	-0.0001999830	0.0000000135
14	65220298	66399554	407	40	-0.0001119019	0.0000000173
14	66399555	67992316	419	33	0.0000211825	0.0000000118
14	67992317	71131956	1239	40	-0.0000515495	0.0000000236
14	71131957	72889614	682	40	-0.0000603528	0.0000000241
14	72889615	76444766	1153	40	-0.0001894301	0.0000000261
14	76444767	77229471	354	40	-0.0001747601	0.0000000166
14	77229472	78561944	639	40	0.0001135116	0.0000000264
14	78561945	80186578	611	40	-0.0000810188	0.0000000233
14	80186579	81579713	510	40	-0.0000083409	0.0000000192
14	81579714	83138096	474	40	-0.0000584651	0.0000000194
14	83138097	84241632	378	40	-0.0001542203	0.0000000158
14	84241633	85746318	469	40	0.0000366951	0.0000000186
14	85746319	86647001	304	35	-0.0000001516	0.0000000140
14	86647002	87635340	305	40	-0.0000779275	0.0000000125
14	87635341	89497642	606	40	-0.0001041880	0.0000000193
14	89497643	91296859	698	40	-0.0000583190	0.0000000261
14	91296860	93132298	674	40	0.0000945652	0.0000000266
14	93132299	94325284	413	40	0.0000830750	0.0000000185
14	94325285	95750866	874	40	0.0000232593	0.0000000264
14	95750867	96262414	381	40	-0.0000350465	0.0000000154
14	96262415	98341161	844	40	-0.0000408308	0.0000000263
14	98341162	99138531	369	40	-0.0001120435	0.0000000161
14	99138532	101534306	896	40	-0.0002485539	0.0000000375
14	101534307	103012101	434	40	0.0001601260	0.0000000212
14	103012102	105001722	476	40	-0.0000215678	0.0000000214
14	105001723	106340357	158	27	0.0001334251	0.0000000106
14	106340358	107289453	39	5	0.0000123309	0.0000000033
15	20001200	21131603	6	2	-0.0000075170	0.0000000001
15	21131604	24195126	303	40	0.0000305125	0.0000000174
15	24195127	25108589	194	28	0.0000696260	0.0000000131
15	25108590	27298111	867	40	0.0000564965	0.0000000249
15	27298112	29338501	472	40	0.0000526557	0.0000000195
15	29338502	30165567	294	40	0.0000584263	0.0000000139
15	30165568	31591820	299	40	0.0000964384	0.0000000133
15	31591821	32441810	262	37	-0.0000513817	0.0000000144
15	32441811	34015424	732	40	0.0001899966	0.0000000277
15	34015425	35083250	403	40	0.0000254961	0.0000000186
15	35083251	37456501	933	40	-0.0000281026	0.0000000262
15	37456502	38530776	348	40	0.0000067209	0.0000000143
15	38530777	40384131	780	40	0.0001132719	0.0000000269
15	40384132	41177513	234	28	0.0000579031	0.0000000108
15	41177514	42776398	430	40	0.0002028193	0.0000000227
15	42776399	44198048	273	17	-0.0001575779	0.0000000118
15	44198049	46618786	495	40	-0.0001217559	0.0000000236
15	46618787	48136047	585	40	0.0000373835	0.0000000217
15	48136048	50008042	444	40	0.0003094707	0.0000000161
15	50008043	51677559	610	40	0.0000337634	0.0000000226
15	51677560	53069095	404	39	-0.0001058677	0.0000000129
15	53069096	54508527	630	40	0.0000337452	0.0000000238
15	54508528	55136268	253	32	0.0001551834	0.0000000121
15	55136269	56901772	534	40	-0.0000367003	0.0000000262
15	56901773	58441365	626	40	0.0000062045	0.0000000256
15	58441366	59694115	511	40	0.0000824593	0.0000000244
15	59694116	61265835	667	40	0.0000873418	0.0000000288
15	61265836	63215221	914	40	0.0000609341	0.0000000245
15	63215222	65104667	490	40	-0.0001929190	0.0000000232
15	65104668	67094766	618	40	-0.0000091177	0.0000000302
15	67094767	69017998	747	40	-0.0002525389	0.0000000316
15	69017999	70133340	299	40	-0.0000228349	0.0000000142
15	70133341	71922648	709	40	-0.0000240485	0.0000000270
15	71922649	73628713	368	32	0.0000311027	0.0000000132
15	73628714	76398623	596	40	-0.0001303563	0.0000000279
15	76398624	78516052	528	40	-0.0001217407	0.0000000197
15	78516053	80860977	984	40	0.0001672170	0.0000000275
15	80860978	84260467	910	40	0.0000737036	0.0000000281
15	84260468	86652904	772	40	-0.0001292684	0.0000000249
15	86652905	88369942	763	40	0.0000034611	0.0000000243
15	88369943	90475550	721	40	-0.0004096277	0.0000000310
15	90475551	92164391	621	40	-0.0001962956	0.0000000279
15	92164392	93780901	817	40	0.0000550719	0.0000000252
15	93780902	94924329	578	40	-0.0000805243	0.0000000248
15	94924330	96141595	581	40	0.0000321284	0.0000000238
15	96141596	98030909	747	40	0.0001193062	0.0000000264
15	98030910	99244058	562	40	0.0000839760	0.0000000267
15	99244059	100636846	547	40	0.0000690722	0.0000000222
15	100636847	101552693	406	40	0.0000679214	0.0000000178
15	101552694	102520965	440	40	-0.0001188820	0.0000000232
16	60054	1207205	299	40	0.0001342210	0.0000000237
16	1207206	2764828	367	40	0.0001424493	0.0000000208
16	2764829	4001195	301	40	0.0001295477	0.0000000213
16	4001196	5118344	377	40	-0.0000626940	0.0000000210
16	5118345	5891579	347	40	0.0001204745	0.0000000184
16	5891580	6893550	702	40	0.0000510141	0.0000000266
16	6893551	7529120	482	40	-0.0000892916	0.0000000226
16	7529121	8338518	536	40	-0.0001173946	0.0000000272
16	8338519	9799418	709	40	0.0000594557	0.0000000265
16	9799419	10426031	366	38	0.0000696759	0.0000000127
16	10426032	11520160	444	40	-0.0000070622	0.0000000223
16	11520161	12613097	397	40	-0.0000304609	0.0000000205
16	12613098	13154436	311	40	-0.0000244933	0.0000000140
16	13154437	14464001	558	40	-0.0001833362	0.0000000275
16	14464002	16154059	316	40	0.0000050201	0.0000000149
16	16154060	17644748	396	40	-0.0000084837	0.0000000202
16	17644749	18643606	175	28	-0.0000615045	0.0000000094
16	18643607	20150570	423	40	-0.0000523214	0.0000000233
16	20150571	22448903	438	40	-0.0000592449	0.0000000197
16	22448904	24136874	517	40	0.0000740634	0.0000000208
16	24136875	25986861	750	40	-0.0000041736	0.0000000304
16	25986862	27445754	646	40	0.0000422449	0.0000000262
16	27445755	29036612	338	40	0.0001574465	0.0000000146
16	29036613	31382942	268	33	0.0005072355	0.0000000218
16	31382943	46399472	122	16	0.0000211624	0.0000000051
16	46399473	49007925	299	33	0.0001119771	0.0000000118
16	49007926	52035822	1083	40	0.0000132606	0.0000000258
16	52035823	53382571	452	40	0.0000734903	0.0000000236
16	53382572	55903773	1189	40	-0.0002186869	0.0000000308
16	55903774	57664329	635	40	0.0000299189	0.0000000263
16	57664330	59045404	509	40	-0.0000920589	0.0000000244
16	59045405	60745693	500	40	-0.0001982624	0.0000000212
16	60745694	62229848	360	40	0.0000268019	0.0000000134
16	62229849	63691588	441	40	-0.0001062932	0.0000000191
16	63691589	65938565	808	40	0.0000215238	0.0000000291
16	65938566	68841362	676	40	-0.0000281311	0.0000000294
16	68841363	71054027	387	40	-0.0000171292	0.0000000247
16	71054028	72935149	452	38	0.0000018366	0.0000000159
16	72935150	74971502	790	40	-0.0001851157	0.0000000274
16	74971503	75977953	227	30	0.0000418861	0.0000000118
16	75977954	77523677	681	40	0.0000274721	0.0000000268
16	77523678	78456291	645	40	0.0000653744	0.0000000245
16	78456292	79134814	566	40	0.0000133914	0.0000000284
16	79134815	80297373	783	40	-0.0002071528	0.0000000266
16	80297374	81772535	789	40	0.0000798749	0.0000000280
16	81772536	82747727	586	40	-0.0000161249	0.0000000259
16	82747728	83477207	605	40	0.0000824495	0.0000000256
16	83477208	84445882	719	40	0.0000407418	0.0000000274
16	84445883	85148684	464	40	-0.0001276799	0.0000000245
16	85148685	86156598	481	40	-0.0001039505	0.0000000256
16	86156599	86815410	531	40	-0.0000790436	0.0000000270
16	86815411	87647348	361	40	0.0000548643	0.0000000190
16	87647349	89041164	362	40	0.0003032340	0.0000000241
16	89041165	90292811	313	34	0.0000415193	0.0000000160
17	56	1172398	319	40	0.0000340093	0.0000000195
17	1172399	1928730	257	40	-0.0001123842	0.0000000150
17	1928731	3702311	644	40	-0.0000974485	0.0000000283
17	3702312	4696260	366	40	-0.0000851708	0.0000000174
17	4696261	5741333	391	40	0.0000197358	0.0000000186
17	5741334	7317397	632	40	-0.0000801545	0.0000000290
17	7317398	8306424	317	40	0.0000362660	0.0000000207
17	8306425	9965920	656	40	0.0000790922	0.0000000254
17	9965921	11102814	474	40	0.0001298353	0.0000000194
17	11102815	12534768	560	40	0.0000336131	0.0000000243
17	12534769	13180371	300	40	0.0000791550	0.0000000180
17	13180372	13894636	369	40	-0.0000349644	0.0000000176
17	13894637	15019096	603	40	-0.0000294535	0.0000000279
17	15019097	16412341	319	40	0.0001059777	0.0000000160
17	16412342	18856319	565	40	-0.0000508584	0.0000000215
17	18856320	21290356	382	40	0.0000363331	0.0000000156
17	21290357	27334243	510	40	0.0000919333	0.0000000234
17	27334244	29786490	501	39	0.0000676727	0.0000000149
17	29786491	31538424	544	40	0.0001303577	0.0000000258
17	31538425	32912797	831	40	-0.0001222372	0.0000000261
17	32912798	34469035	521	40	-0.0000743722	0.0000000191
17	34469036	36809343	515	40	0.0001547992	0.0000000232
17	36809344	38877403	448	40	-0.0001887796	0.0000000212
17	38877404	39899809	324	34	0.0001482998	0.0000000133
17	39899810	41772086	378	39	0.0000570377	0.0000000203
17	41772087	43056904	341	38	-0.0000474117	0.0000000154
17	43056905	45876021	601	40	0.0000206488	0.0000000251
17	45876022	47517399	536	40	0.0000011336	0.0000000235
17	47517400	49898956	773	40	-0.0002217533	0.0000000307
17	49898957	50719054	285	27	0.0000657544	0.0000000108
17	50719055	51826117	308	34	0.0001565420	0.0000000106
17	51826118	53599431	615	40	-0.0000007015	0.0000000271
17	53599432	55357540	614	40	-0.0000400632	0.0000000260
17	55357541	57487511	687	40	0.0000706529	0.0000000297
17	57487512	59312754	246	23	0.0000379661	0.0000000108
17	59312755	61545588	444	40	0.0001437936	0.0000000199
17	61545589	63148127	307	37	-0.0000052157	0.0000000122
17	63148128	64800429	636	40	0.0000162532	0.0000000229
17	64800430	67858769	945	40	-0.0000539582	0.0000000237
17	67858770	69387816	648	40	0.0000241317	0.0000000252
17	69387817	72672202	1439	40	0.0000467464	0.0000000251
17	72672203	74375559	412	40	-0.0001030108	0.0000000211
17	74375560	76263412	740	40	0.0001173713	0.0000000288
17	76263413	77298635	473	40	-0.0000451477	0.0000000253
17	77298636	78837587	561	40	-0.0000485132	0.0000000325
17	78837588	80034407	240	40	-0.0001215153	0.0000000156
17	80034408	81194907	311	36	0.0000501841	0.0000000143
18	10644	912485	405	40	0.0000895610	0.0000000210
18	912486	1942910	365	40	0.0001109351	0.0000000137
18	1942911	3891657	774	40	0.0001000813	0.0000000267
18	3891658	5834179	785	40	0.0000264820	0.0000000261
18	5834180	7090484	577	40	0.0000579338	0.0000000260
18	7090485	8498930	583	40	-0.0000624652	0.0000000242
18	8498931	11075912	1265	40	-0.0001470512	0.0000000242
18	11075913	11905439	261	40	-0.0002348353	0.0000000155
18	11905440	14440798	749	40	0.0000372779	0.0000000245
18	14440799	19485843	159	17	-0.0000242329	0.0000000047
18	19485844	20649471	301	36	-0.0000156553	0.0000000132
18	20649472	22996650	827	40	-0.0001652738	0.0000000265
18	22996651	24026190	313	35	-0.0001150023	0.0000000135
18	24026191	25927681	786	40	-0.0000106262	0.0000000258
18	25927682	26875586	246	26	-0.0000174627	0.0000000092
18	26875587	27866477	269	27	0.0000673908	0.0000000088
18	27866478	30264065	884	40	0.0000634620	0.0000000248
18	30264066	31780066	345	36	0.0001290736	0.0000000151
18	31780067	33861963	613	40	-0.0000700790	0.0000000211
18	33861964	35075249	483	40	-0.0001607618	0.0000000189
18	35075250	36365489	493	40	-0.0000351758	0.0000000179
18	36365490	37684366	352	34	-0.0000251030	0.0000000150
18	37684367	39892647	771	40	-0.0000221122	0.0000000248
18	39892648	42922105	930	40	0.0000739742	0.0000000272
18	42922106	44299245	693	40	-0.0000327585	0.0000000315
18	44299246	45939731	597	40	0.0001521483	0.0000000326
18	45939732	47730583	785	40	0.0000016330	0.0000000269
18	47730584	51062184	1188	40	-0.0000967510	0.0000000266
18	51062185	51554174	174	15	0.0000099587	0.0000000053
18	51554175	55213837	1117	40	0.0000090907	0.0000000260
18	55213838	56530219	614	40	0.0000166311	0.0000000254
18	56530220	57630482	584	40	0.0000029491	0.0000000257
18	57630483	59020750	436	40	0.0001084092	0.0000000209
18	59020751	60277714	544	40	-0.0001269882	0.0000000211
18	60277715	61820251	579	40	-0.0000252687	0.0000000226
18	61820252	63463401	520	40	-0.0000291816	0.0000000180
18	63463402	64252800	242	22	-0.0000098551	0.0000000079
18	64252801	66125816	731	40	0.0001182826	0.0000000265
18	66125817	67175819	327	40	0.0001723515	0.0000000174
18	67175820	68621178	466	40	-0.0000302006	0.0000000225
18	68621179	69621617	383	40	0.0000124465	0.0000000157
18	69621618	71038473	563	40	0.0001111196	0.0000000243
18	71038474	71971461	492	40	-0.0000390613	0.0000000220
18	71971462	73526986	665	40	0.0000547464	0.0000000261
18	73526987	74813814	595	40	0.0001081926	0.0000000252
18	74813815	75976316	592	40	-0.0000646550	0.0000000255
18	75976317	77149990	412	40	-0.0000296917	0.0000000168
18	77149991	78017157	267	39	0.0000419390	0.0000000121
19	80840	610728	103	24	-0.0000757134	0.0000000103
19	610729	2098395	317	40	-0.0000551274	0.0000000289
19	2098396	3019659	240	40	-0.0000455166	0.0000000176
19	3019660	4348966	325	40	0.0000296052	0.0000000269
19	4348967	5811851	408	40	-0.0001737458	0.0000000244
19	5811852	6684884	211	40	-0.0001031035	0.0000000107
19	6684885	8347512	538	40	0.0000740752	0.0000000310
19	8347513	9238392	265	40	0.0000052147	0.0000000100
19	9238393	11284027	501	40	0.0003254482	0.0000000276
19	11284028	13471126	418	40	-0.0002957809	0.0000000275
19	13471127	14486346	208	40	-0.0000755816	0.0000000141
19	14486347	15648609	373	40	-0.0000144570	0.0000000163
19	15648610	16374415	363	40	-0.0000931532	0.0000000112
19	16374416	18409861	556	40	-0.0001328199	0.0000000286
19	18409862	19877470	329	40	0.0000138737	0.0000000224
19	19877471	20905756	132	20	-0.0000390600	0.0000000080
19	20905757	22732895	311	37	0.0000903296	0.0000000120
19	22732896	23467745	127	13	-0.0000090342	0.0000000052
19	23467746	28557892	276	27	-0.0000543512	0.0000000108
19	28557893	29790946	467	40	0.0000483924	0.0000000168
19	29790947	30727953	334	40	0.0001644900	0.0000000165
19	30727954	32746519	646	40	-0.0000918463	0.0000000264
19	32746520	34262951	512	40	-0.0001912343	0.0000000229
19	34262952	36469294	663	40	-0.0000266199	0.0000000277
19	36469295	37527032	233	20	0.0000412253	0.0000000088
19	37527033	40170618	638	40	0.0001713185	0.0000000253
19	40170619	40984600	186	24	-0.0000791756	0.0000000082
19	40984601	42131572	305	40	-0.0002100324	0.0000000179
19	42131573	43862454	167	21	-0.0000137604	0.0000000089
19	43862455	44744107	299	40	-0.0000387832	0.0000000120
19	44744108	46102696	365	40	-0.0000593646	0.0000000208
19	46102697	47150081	292	40	-0.0001855462	0.0000000172
19	47150082	49282226	601	40	0.0001709931	0.0000000300
19	49282227	51532566	641	40	-0.0000432023	0.0000000320
19	51532567	52985289	647	40	-0.0001010148	0.0000000282
19	52985290	54602361	508	40	0.0000449637	0.0000000264
19	54602362	55728079	374	40	-0.0001266720	0.0000000208
19	55728080	57521334	689	40	-0.0002004352	0.0000000303
19	57521335	59118838	545	40	0.0002748284	0.0000000284
20	60479	697599	271	40	0.0000790064	0.0000000140
20	697600	2469500	1012	40	0.0000546026	0.0000000244
20	2469501	3828412	502	40	-0.0001177154	0.0000000250
20	3828413	5477849	807	40	0.0001158763	0.0000000265
20	5477850	7084072	739	40	-0.0000580163	0.0000000254
20	7084073	8117010	408	40	-0.0000283011	0.0000000163
20	8117011	9730920	779	40	0.0000122425	0.0000000252
20	9730921	11249535	735	40	0.0001110650	0.0000000265
20	11249536	12447498	500	40	-0.0000403839	0.0000000188
20	12447499	13689863	552	40	-0.0000832898	0.0000000261
20	13689864	15958358	991	40	-0.0000746591	0.0000000294
20	15958359	17487231	945	40	-0.0000062494	0.0000000304
20	17487232	18972202	613	40	-0.0002005376	0.0000000292
20	18972203	20959709	893	40	-0.0002045190	0.0000000286
20	20959710	22491455	407	39	0.0000054292	0.0000000192
20	22491456	23293789	360	40	0.0000315417	0.0000000132
20	23293790	24717723	529	40	0.0000874116	0.0000000215
20	24717724	25344230	222	22	-0.0001211877	0.0000000090
20	25344231	31614822	597	40	0.0000410382	0.0000000243
20	31614823	32813440	293	29	0.0000878270	0.0000000143
20	32813441	34960445	462	32	0.0000745940	0.0000000175
20	34960446	36909529	492	40	-0.0000344434	0.0000000178
20	36909530	38436760	514	40	0.0000098328	0.0000000219
20	38436761	39610855	469	40	-0.0001896998	0.0000000187
20	39610856	40585688	290	33	-0.0001203797	0.0000000134
20	40585689	41615459	583	40	-0.0000369832	0.0000000253
20	41615460	42680175	398	40	-0.0000649972	0.0000000197
20	42680176	44839055	785	40	0.0001393938	0.0000000266
20	44839056	47199979	1033	40	0.0000890689	0.0000000279
20	47199980	49239657	763	40	0.0001253962	0.0000000294
20	49239658	52472548	1350	40	0.0001215860	0.0000000273
20	52472549	54055265	620	40	-0.0001155250	0.0000000252
20	54055266	56447958	1146	40	-0.0000120359	0.0000000267
20	56447959	58406571	890	40	-0.0001147170	0.0000000283
20	58406572	59561723	545	40	0.0000758305	0.0000000234
20	59561724	61301854	764	40	0.0001331314	0.0000000298
20	61301855	62190179	298	40	-0.0000417605	0.0000000164
20	62190180	62965162	238	39	0.0000085155	0.0000000170
21	9411243	15950981	284	40	0.0000016373	0.0000000133
21	15950982	18053164	662	40	-0.0001265359	0.0000000291
21	18053165	19480374	441	40	-0.0000352777	0.0000000185
21	19480375	20962338	610	40	-0.0000251333	0.0000000246
21	20962339	22072763	358	40	0.0001153571	0.0000000164
21	22072764	23362874	526	40	0.0001264412	0.0000000219
21	23362875	24696230	354	40	-0.0000157180	0.0000000124
21	24696231	26469121	650	40	0.0001849847	0.0000000236
21	26469122	27271018	222	25	0.0000000931	0.0000000091
21	27271019	29125225	877	40	-0.0000131776	0.0000000244
21	29125226	31197024	692	40	-0.0000641772	0.0000000210
21	31197025	32668641	454	40	-0.0001099352	0.0000000179
21	32668642	34376998	665	40	0.0000111522	0.0000000244
21	34376999	35225464	289	40	-0.0000149731	0.0000000145
21	35225465	36524372	570	40	-0.0001879785	0.0000000295
21	36524373	37870778	539	40	-0.0001506142	0.0000000233
21	37870779	38711703	314	39	0.0000954604	0.0000000145
21	38711704	40482901	842	40	0.0000093534	0.0000000265
21	40482902	41389526	498	40	-0.0001811011	0.0000000214
21	41389527	43321527	1012	40	-0.0000144755	0.0000000258
21	43321528	44506267	694	40	0.0000583302	0.0000000282
21	44506268	46177104	575	40	0.0000218208	0.0000000282
21	46177105	47492225	506	40	0.0000194787	0.0000000221
21	47492226	48119751	242	26	-0.0001478607	0.0000000100
22	16050408	17674294	215	38	-0.0000133513	0.0000000094
22	17674295	18296087	262	40	-0.0001062338	0.0000000130
22	18296088	19912357	538	40	0.0000484414	0.0000000236
22	19912358	22357324	601	40	0.0001067240	0.0000000272
22	22357325	23712646	336	40	-0.0000138985	0.0000000174
22	23712647	24984203	362	40	0.0000510374	0.0000000143
22	24984204	26791627	749	40	0.0001023516	0.0000000244
22	26791628	27834751	740	40	-0.0000731788	0.0000000268
22	27834752	29651798	578	40	0.0001405321	0.0000000290
22	29651799	31439917	551	40	-0.0000782185	0.0000000220
22	31439918	32664985	356	33	-0.0000491241	0.0000000150
22	32664986	34494913	929	40	0.0000016002	0.0000000246
22	34494914	35530984	493	40	0.0000590116	0.0000000171
22	35530985	37570268	843	40	-0.0001228424	0.0000000283
22	37570269	39307893	535	40	-0.0002795272	0.0000000288
22	39307894	40545796	336	40	0.0001817410	0.0000000159
22	40545797	42690817	464	34	0.0001227411	0.0000000193
22	42690818	43714199	406	40	-0.0001119236	0.0000000186
22	43714200	44995307	709	40	0.0001173117	0.0000000276
22	44995308	46470494	625	40	0.0001890502	0.0000000288
22	46470495	47596317	453	40	0.0000338490	0.0000000213
22	47596318	48903702	738	40	0.0000483021	0.0000000257
22	48903703	49824533	613	40	-0.0001956248	0.0000000323
22	49824534	51243297	396	40	-0.0001001770	0.0000000207
