chr	start	end	num_snp	k	local_h2g	var
1	10583	1892606	94	17	0.0000127832	0.000000015760
1	1892607	3582735	424	21	0.0004590939	0.000000094782
1	3582736	4380810	266	21	0.0000641672	0.000000047689
1	4380811	5913892	866	21	0.0000676124	0.000000108286
1	5913893	7247334	427	21	0.0003104654	0.000000083207
1	7247335	9365198	697	21	-0.0000076276	0.000000105287
1	9365199	10806983	349	21	0.0002120973	0.000000059831
1	10806984	11777840	255	21	0.0005282317	0.000000063951
1	11777841	12779465	280	21	0.0002707850	0.000000059628
1	12779466	14891510	616	21	0.0001432107	0.000000111299
1	14891511	16897729	684	21	0.0000848388	0.000000108972
1	16897730	18662898	657	21	0.0000169497	0.000000106267
1	18662899	20469148	702	21	0.0001849490	0.000000112962
1	20469149	21736587	460	21	0.0001765976	0.000000080724
1	21736588	23086882	523	21	0.0004022881	0.000000108494
1	23086883	23920589	221	21	0.0002004970	0.000000042732
1	23920590	25516844	519	21	0.0002304440	0.000000099642
1	25516845	27401866	413	21	0.0001322147	0.000000062172
1	27401867	30161880	547	21	-0.0000351764	0.000000078006
1	30161881	32438684	930	21	0.0000839568	0.000000108937
1	32438685	34799757	675	21	0.0001330761	0.000000110895
1	34799758	37549182	545	21	0.0005517194	0.000000107514
1	37549183	38731846	370	21	0.0000963653	0.000000061177
1	38731847	40200566	446	21	0.0015034129	0.000000130539
1	40200567	41975326	553	21	0.0001071115	0.000000085639
1	41975327	43758456	542	21	0.0002960198	0.000000088526
1	43758457	44969182	371	21	0.0000653337	0.000000053181
1	44969183	46899500	457	21	0.0006643993	0.000000077097
1	46899501	48002575	297	21	0.0001019341	0.000000044818
1	48002576	48978187	344	21	0.0002423921	0.000000065473
1	48978188	49894176	247	21	-0.0000463199	0.000000037512
1	49894177	51713725	260	21	-0.0000243543	0.000000028955
1	51713726	54226261	562	21	0.0002846029	0.000000099565
1	54226262	56413116	834	21	0.0001543044	0.000000111741
1	56413117	57021727	270	21	0.0001962446	0.000000044826
1	57021728	58865398	844	21	0.0002107103	0.000000113989
1	58865399	59890408	383	21	0.0001617518	0.000000061856
1	59890409	61922364	670	21	0.0003195932	0.000000118328
1	61922365	63455088	529	21	0.0000976490	0.000000089020
1	63455089	65041703	656	21	0.0001406947	0.000000094956
1	65041704	66939403	648	21	0.0003858094	0.000000108512
1	66939404	68477894	684	21	0.0001579595	0.000000094974
1	68477895	69687615	386	21	0.0002441743	0.000000068523
1	69687616	71372469	518	21	0.0001360486	0.000000080206
1	71372470	71684404	82	10	-0.0000126452	0.000000009235
1	71684405	74326906	558	21	0.0000559207	0.000000069644
1	74326907	76728134	726	21	0.0001918163	0.000000096321
1	76728135	79661197	944	21	0.0001175311	0.000000110275
1	79661198	81354190	475	21	0.0000397896	0.000000072034
1	81354191	83991747	971	21	0.0002037403	0.000000113711
1	83991748	84844494	313	21	0.0000048012	0.000000040359
1	84844495	86454750	652	21	0.0004394098	0.000000116507
1	86454751	88128630	567	21	0.0002314412	0.000000094782
1	88128631	90066302	522	21	0.0002484543	0.000000087295
1	90066303	91886316	556	21	0.0001017292	0.000000084984
1	91886317	93536458	508	21	0.0003060664	0.000000077622
1	93536459	94506190	255	21	0.0002128016	0.000000039943
1	94506191	96150892	650	21	0.0000201381	0.000000100716
1	96150893	97885248	604	21	0.0004062939	0.000000091153
1	97885249	99800603	639	21	0.0001815710	0.000000093022
1	99800604	100826404	339	21	0.0001408156	0.000000048429
1	100826405	102041015	447	21	0.0001860776	0.000000070500
1	102041016	102898744	276	21	0.0001214214	0.000000042901
1	102898745	103914210	200	21	-0.0000042140	0.000000024487
1	103914211	106087841	454	21	0.0001273371	0.000000071398
1	106087842	108409664	726	21	0.0000200017	0.000000106388
1	108409665	110303930	564	21	0.0003364907	0.000000092549
1	110303931	111741736	570	21	0.0001488576	0.000000104711
1	111741737	113273305	719	21	0.0003184289	0.000000118282
1	113273306	114873844	511	21	0.0002120306	0.000000087166
1	114873845	115880592	344	21	0.0003411765	0.000000058851
1	115880593	118839066	833	21	0.0000189918	0.000000106348
1	118839067	144977493	563	21	0.0001558628	0.000000086474
1	144977494	148361252	432	21	0.0001260052	0.000000068978
1	148361253	151538880	349	21	0.0003150211	0.000000058653
1	151538881	153180828	468	21	0.0000316875	0.000000060319
1	153180829	154770402	454	21	0.0000649728	0.000000068279
1	154770403	156336132	307	21	0.0002621404	0.000000057608
1	156336133	158027411	597	21	0.0001596013	0.000000098390
1	158027412	159913047	679	21	0.0001758381	0.000000112599
1	159913048	162346720	872	21	0.0001799173	0.000000112762
1	162346721	165191701	1190	21	0.0001018596	0.000000109651
1	165191702	166460516	531	21	0.0002283868	0.000000097998
1	166460517	169086323	1097	21	-0.0000112780	0.000000105142
1	169086324	170557775	558	21	0.0001231388	0.000000074257
1	170557776	173097906	902	21	0.0000935614	0.000000109320
1	173097907	175089767	411	21	0.0002372179	0.000000048921
1	175089768	177433380	781	21	0.0001086393	0.000000109921
1	177433381	178944308	492	21	0.0002172999	0.000000077992
1	178944309	178954469	2	1	-0.0000007778	0.000000000355
1	178954470	181144120	749	21	0.0006052227	0.000000127429
1	181144121	182755355	599	21	0.0003252813	0.000000111058
1	182755356	184595512	630	21	0.0002971552	0.000000096951
1	184595513	186810022	523	21	0.0000181608	0.000000070525
1	186810023	188759944	618	21	0.0001466945	0.000000090527
1	188759945	189904129	217	17	0.0001542868	0.000000029527
1	189904130	191868929	538	21	0.0000567344	0.000000064944
1	191868930	194107441	583	21	-0.0000228378	0.000000079155
1	194107442	196176200	579	21	0.0001657721	0.000000078770
1	196176201	197311513	196	16	0.0000901473	0.000000024388
1	197311514	199239883	504	21	0.0003386084	0.000000086282
1	199239884	200137648	301	21	0.0004305091	0.000000060505
1	200137649	201589974	707	21	0.0001104247	0.000000109992
1	201589975	203334733	611	21	0.0000765928	0.000000105004
1	203334734	204681067	482	21	0.0002006765	0.000000084521
1	204681068	206073264	577	21	0.0001784136	0.000000100483
1	206073265	208410363	632	21	0.0000369172	0.000000107062
1	208410364	210787749	928	21	0.0001958144	0.000000113395
1	210787750	212842329	697	21	0.0001092373	0.000000109945
1	212842330	214578265	608	21	0.0003135271	0.000000113307
1	214578266	216243633	589	21	0.0000885374	0.000000092659
1	216243634	218705512	1078	21	0.0000924373	0.000000109275
1	218705513	219590570	280	21	0.0003609782	0.000000054018
1	219590571	221858230	690	21	-0.0000074786	0.000000103699
1	221858231	222230219	174	21	0.0001691532	0.000000035573
1	222230220	224938519	454	21	0.0001610214	0.000000075326
1	224938520	226810859	517	21	0.0006817564	0.000000103843
1	226810860	229156247	693	21	0.0001532094	0.000000104658
1	229156248	230685254	528	21	0.0000007357	0.000000088276
1	230685255	232090251	588	21	0.0004580168	0.000000112284
1	232090252	233429283	606	21	0.0000069985	0.000000105870
1	233429284	234599433	535	21	-0.0000085103	0.000000090361
1	234599434	235819435	381	21	0.0001158791	0.000000068791
1	235819436	237555627	720	21	0.0004989699	0.000000125477
1	237555628	238567806	425	21	0.0001303364	0.000000076712
1	238567807	239925313	488	21	-0.0000181265	0.000000081765
1	239925314	240564090	339	21	0.0005823876	0.000000078511
1	240564091	241582219	511	21	0.0000195016	0.000000097530
1	241582220	242071601	220	21	0.0008902568	0.000000073271
1	242071602	244109498	620	21	0.0000562745	0.000000105102
1	244109499	245506745	503	21	0.0004817953	0.000000106738
1	245506746	247344517	707	21	0.0001940351	0.000000113324
1	247344518	249239465	398	21	0.0001692480	0.000000072413
2	10133	1781021	660	21	0.0001533194	0.000000111701
2	1781022	3973778	963	21	0.0003831830	0.000000120862
2	3973779	5708336	628	21	0.0001719049	0.000000112442
2	5708337	6836253	565	21	0.0001481670	0.000000094362
2	6836254	8422146	650	21	0.0002221675	0.000000114445
2	8422147	10298468	664	21	0.0002549214	0.000000115751
2	10298469	12419149	971	21	0.0002227322	0.000000114468
2	12419150	14335307	591	21	0.0001913967	0.000000100327
2	14335308	16329734	745	21	0.0001084437	0.000000109913
2	16329735	18647422	856	21	0.0002228047	0.000000114471
2	18647423	19692403	384	21	0.0000254056	0.000000063060
2	19692404	21050489	630	21	0.0000995331	0.000000104784
2	21050490	23341382	621	21	0.0001020725	0.000000109659
2	23341383	24686917	442	21	0.0008280770	0.000000099834
2	24686918	26894984	560	21	0.0000919038	0.000000090345
2	26894985	28598776	416	21	0.0015722205	0.000000118559
2	28598777	29217558	243	21	0.0001786605	0.000000044956
2	29217559	30463710	636	21	0.0001121222	0.000000110060
2	30463711	31550449	529	21	0.0000986491	0.000000098881
2	31550450	33363776	495	21	0.0002998104	0.000000103968
2	33363777	35345027	804	21	0.0003124927	0.000000118045
2	35345028	36122005	291	21	0.0000721575	0.000000048214
2	36122006	38132711	931	21	0.0000785001	0.000000108720
2	38132712	39031336	326	21	0.0001873718	0.000000068195
2	39031337	40281482	303	21	0.0002192926	0.000000062016
2	40281483	43309589	1310	21	0.0000642469	0.000000108152
2	43309590	44313802	402	21	0.0003376095	0.000000084719
2	44313803	46482633	1070	21	0.0002633277	0.000000116086
2	46482634	47318771	417	21	0.0001364502	0.000000089455
2	47318772	48213000	300	21	0.0009224041	0.000000094748
2	48213001	50022256	714	21	0.0007094602	0.000000133866
2	50022257	50818927	345	21	0.0000754676	0.000000060562
2	50818928	52491132	648	21	0.0002049029	0.000000113757
2	52491133	53508451	466	21	0.0000434469	0.000000080250
2	53508452	54685225	435	21	0.0000782180	0.000000078565
2	54685226	56203344	613	21	0.0000303843	0.000000106802
2	56203345	57429099	428	21	0.0000677495	0.000000077713
2	57429100	58297314	272	21	0.0003868992	0.000000060659
2	58297315	60291999	741	21	0.0000936128	0.000000109322
2	60292000	62429043	587	21	0.0001460612	0.000000110728
2	62429044	64625912	583	21	0.0001024052	0.000000102861
2	64625913	65933443	463	21	0.0002169590	0.000000087581
2	65933444	67226165	554	21	0.0001967216	0.000000095625
2	67226166	68010175	422	21	0.0007751423	0.000000097518
2	68010176	69139563	471	21	0.0002657130	0.000000082519
2	69139564	70755197	534	21	0.0001719434	0.000000086673
2	70755198	73174847	801	21	0.0000440982	0.000000107349
2	73174848	75630085	714	21	0.0001658138	0.000000112199
2	75630086	76913660	514	21	0.0000828565	0.000000089541
2	76913661	78079263	391	21	0.0001415720	0.000000077375
2	78079264	80050402	824	21	0.0002072312	0.000000113850
2	80050403	81620840	578	21	-0.0000102851	0.000000103360
2	81620841	85140679	891	21	0.0001274472	0.000000096216
2	85140680	88038506	633	21	-0.0000251436	0.000000087025
2	88038507	89154525	245	21	0.0001361511	0.000000040807
2	89154526	95326451	4	2	-0.0000026417	0.000000000668
2	95326452	98995200	426	21	0.0002146999	0.000000069919
2	98995201	101822328	906	21	0.0002402755	0.000000115167
2	101822329	102688764	261	21	-0.0000030176	0.000000035517
2	102688765	103588214	406	21	-0.0000192180	0.000000044809
2	103588215	105125033	304	21	0.0000297553	0.000000046955
2	105125034	106210057	404	21	0.0001207132	0.000000069198
2	106210058	107408266	443	21	0.0000200830	0.000000067792
2	107408267	108429176	355	21	0.0000131824	0.000000045673
2	108429177	110572431	527	21	0.0000726504	0.000000079000
2	110572432	113921855	791	21	0.0004037629	0.000000121683
2	113921856	116772469	758	21	0.0001739342	0.000000112523
2	116772470	118367465	397	21	-0.0000456728	0.000000048158
2	118367466	121303782	992	21	0.0000220226	0.000000106469
2	121303783	123302905	576	21	-0.0000220531	0.000000090939
2	123302906	124732249	430	21	0.0000372108	0.000000055866
2	124732250	125840920	381	21	0.0000436546	0.000000058240
2	125840921	127373763	409	21	0.0001085443	0.000000053210
2	127373764	128034346	287	21	0.0001362878	0.000000050124
2	128034347	129474440	433	21	0.0002326638	0.000000071488
2	129474441	130067169	222	21	0.0002064613	0.000000038062
2	130067170	130658084	203	21	0.0001385170	0.000000035381
2	130658085	133042783	209	21	-0.0000616891	0.000000030947
2	133042784	135158577	914	21	0.0001596217	0.000000111953
2	135158578	137042793	456	21	0.0002280040	0.000000065753
2	137042794	138698116	595	21	0.0002123475	0.000000099146
2	138698117	140100270	434	21	0.0001001497	0.000000054769
2	140100271	141805350	567	21	0.0001178486	0.000000092711
2	141805351	142518601	298	21	0.0001702911	0.000000055863
2	142518602	144519483	656	21	0.0002128862	0.000000106583
2	144519484	146445569	439	21	0.0003381636	0.000000081054
2	146445570	147277161	151	15	0.0000587619	0.000000024756
2	147277162	150210291	660	21	0.0001782637	0.000000096451
2	150210292	151731461	472	21	0.0003161887	0.000000083000
2	151731462	152486781	286	21	0.0002059820	0.000000046860
2	152486782	154005055	481	21	0.0003069351	0.000000085025
2	154005056	155391134	485	21	0.0000456716	0.000000077929
2	155391135	157560634	554	21	0.0002204660	0.000000091246
2	157560635	158533217	172	21	0.0002225337	0.000000039715
2	158533218	159577081	330	21	0.0000094874	0.000000051603
2	159577082	161769732	721	21	0.0003826069	0.000000116285
2	161769733	163503550	389	21	0.0002290232	0.000000056718
2	163503551	164466637	192	21	0.0000730972	0.000000031784
2	164466638	165178839	175	20	-0.0000779704	0.000000023394
2	165178840	167160269	630	21	0.0000672389	0.000000093821
2	167160270	167355969	73	10	0.0000930310	0.000000014179
2	167355970	169968235	828	21	0.0000991954	0.000000109544
2	169968236	171226244	486	21	0.0003207621	0.000000086447
2	171226245	173138904	572	21	0.0016895577	0.000000163334
2	173138905	175588928	839	21	0.0001160231	0.000000110215
2	175588929	177363635	531	21	0.0001173887	0.000000083407
2	177363636	178553182	475	21	0.0000624338	0.000000066672
2	178553183	181312738	1007	21	0.0000804438	0.000000108797
2	181312739	182266030	297	21	0.0002450120	0.000000050679
2	182266031	184357607	614	21	0.0000078995	0.000000094595
2	184357608	185280172	232	21	0.0002466650	0.000000042506
2	185280173	189882064	954	21	0.0004881503	0.000000125046
2	189882065	191973356	497	21	0.0001278253	0.000000076178
2	191973357	195861163	714	21	0.0000132427	0.000000106119
2	195861164	196447455	152	20	0.0000583617	0.000000024540
2	196447456	198078109	446	21	0.0002991261	0.000000067083
2	198078110	199311124	304	21	0.0003177133	0.000000047566
2	199311125	201576283	626	21	0.0000142865	0.000000092832
2	201576284	202818636	316	21	0.0001978089	0.000000055273
2	202818637	205799240	743	21	0.0001083893	0.000000109911
2	205799241	206735703	404	21	0.0001906344	0.000000081064
2	206735704	208645398	656	21	0.0001426460	0.000000111276
2	208645399	209941528	333	21	0.0000414753	0.000000052868
2	209941529	212379517	740	21	0.0000787644	0.000000108730
2	212379518	214014281	624	21	0.0002876577	0.000000117055
2	214014282	215573794	442	21	0.0002913118	0.000000082013
2	215573795	217715660	793	21	0.0005286559	0.000000126660
2	217715661	218395479	276	21	0.0002888237	0.000000057408
2	218395480	220454550	590	21	0.0003714159	0.000000099016
2	220454551	222521175	852	21	0.0001329619	0.000000110890
2	222521176	224859418	784	21	0.0001556710	0.000000111795
2	224859419	225840003	349	21	0.0001089578	0.000000049460
2	225840004	228119841	728	21	0.0002793619	0.000000109004
2	228119842	229370786	452	21	0.0000795492	0.000000066492
2	229370787	231843388	931	21	0.0002327396	0.000000114867
2	231843389	233550002	467	21	0.0002450976	0.000000081483
2	233550003	235150986	795	21	0.0000994270	0.000000109554
2	235150987	236043549	414	21	0.0002746060	0.000000088114
2	236043550	237449031	470	21	0.0001881498	0.000000085339
2	237449032	238760980	534	21	0.0000277600	0.000000088906
2	238760981	239952642	410	21	0.0001345155	0.000000072546
2	239952643	241560083	645	21	0.0001640917	0.000000112131
2	241560084	242149920	216	21	0.0001218232	0.000000038192
2	242149921	243188919	127	15	0.0000093122	0.000000019204
3	60157	1441778	617	21	0.0000411133	0.000000107230
3	1441779	2992119	890	21	-0.0000228542	0.000000104680
3	2992120	4431646	766	21	-0.0000169168	0.000000104917
3	4431647	6083182	767	21	0.0002487875	0.000000115506
3	6083183	7083386	421	21	0.0002711371	0.000000087757
3	7083387	8648560	858	21	0.0002184190	0.000000114296
3	8648561	9543182	485	21	0.0005232931	0.000000107942
3	9543183	11019664	591	21	0.0003066342	0.000000117812
3	11019665	13070798	733	21	0.0004929890	0.000000125239
3	13070799	14816899	784	21	0.0000720558	0.000000108463
3	14816900	16282441	529	21	0.0001343090	0.000000085618
3	16282442	17891117	500	21	0.0000993482	0.000000080498
3	17891118	19125143	339	21	0.0000310560	0.000000054354
3	19125144	20091347	196	21	-0.0000194550	0.000000033228
3	20091348	21643706	637	21	0.0001079618	0.000000109894
3	21643707	22204243	379	21	0.0000717282	0.000000067686
3	22204244	23804864	526	21	0.0001138246	0.000000094111
3	23804865	25461557	745	21	0.0000454751	0.000000107403
3	25461558	26877768	468	21	0.0000899419	0.000000075544
3	26877769	27840909	270	21	0.0000592664	0.000000045830
3	27840910	29142259	449	21	0.0000139341	0.000000077982
3	29142260	30717954	682	21	0.0001986268	0.000000113507
3	30717955	32351714	654	21	0.0001195673	0.000000110356
3	32351715	33255591	276	21	0.0001355305	0.000000055328
3	33255592	35283457	583	21	0.0001594092	0.000000091919
3	35283458	36486841	408	21	0.0000449794	0.000000066195
3	36486842	38356115	596	21	0.0000972713	0.000000093675
3	38356116	40221297	657	21	0.0003248331	0.000000105636
3	40221298	41064527	149	15	0.0000116758	0.000000022098
3	41064528	42540001	450	21	0.0003430702	0.000000082114
3	42540002	45165152	706	21	0.0001196376	0.000000104905
3	45165153	46657499	515	21	0.0001466670	0.000000079754
3	46657500	47727211	176	17	0.0001595185	0.000000029934
3	47727212	49316971	257	15	0.0001929169	0.000000029240
3	49316972	51832014	439	21	0.0001925126	0.000000042212
3	51832015	54081389	607	21	0.0000182548	0.000000089641
3	54081390	55348859	663	21	0.0001511813	0.000000111616
3	55348860	56433906	370	21	0.0003261915	0.000000074337
3	56433907	58157518	543	21	0.0004159349	0.000000095044
3	58157519	60272905	974	21	0.0000785623	0.000000108722
3	60272906	62355665	979	21	0.0002175292	0.000000114260
3	62355666	63669285	665	21	0.0001645419	0.000000112149
3	63669286	65273537	759	21	0.0002495246	0.000000115536
3	65273538	66270446	345	21	0.0000202467	0.000000066505
3	66270447	68286913	635	21	0.0001078789	0.000000109890
3	68286914	69276761	367	21	0.0000096321	0.000000065224
3	69276762	70449027	391	21	0.0001352052	0.000000074302
3	70449028	72529328	789	21	0.0001426314	0.000000111276
3	72529329	74321816	719	21	0.0003614149	0.000000119995
3	74321817	75704948	271	21	0.0001335171	0.000000046688
3	75704949	77508834	483	21	0.0000647557	0.000000081097
3	77508835	79024540	406	21	0.0002379703	0.000000074492
3	79024541	81427309	489	21	0.0004268521	0.000000074480
3	81427310	82643885	295	21	0.0000153371	0.000000037886
3	82643886	84367478	314	21	0.0001444832	0.000000049406
3	84367479	85582230	253	21	0.0000695085	0.000000036331
3	85582231	87409731	452	21	0.0001319100	0.000000065356
3	87409732	88298372	188	18	0.0002744693	0.000000033661
3	88298373	94255315	463	21	0.0001619888	0.000000070834
3	94255316	95311970	216	18	0.0001644840	0.000000032147
3	95311971	98215949	564	21	-0.0000088579	0.000000072058
3	98215950	99373761	329	21	0.0003310369	0.000000056990
3	99373762	100592216	332	21	0.0004076864	0.000000056071
3	100592217	103084959	656	21	0.0002728638	0.000000099544
3	103084960	104581612	411	21	0.0000119264	0.000000056984
3	104581613	106982810	707	21	0.0002728626	0.000000116466
3	106982811	109522394	763	21	0.0002196269	0.000000114344
3	109522395	110513769	250	21	0.0002330799	0.000000037486
3	110513770	112815698	694	21	0.0001461151	0.000000104828
3	112815699	113947862	375	21	0.0002168889	0.000000061076
3	113947863	115447079	403	21	0.0000409197	0.000000070995
3	115447080	116800152	521	21	0.0000203730	0.000000081092
3	116800153	118530250	567	21	0.0000662202	0.000000097141
3	118530251	120523054	667	21	-0.0000383770	0.000000085165
3	120523055	121974096	390	21	-0.0000241685	0.000000039835
3	121974097	123517767	526	21	0.0002549804	0.000000086677
3	123517768	124936641	625	21	0.0001995174	0.000000102895
3	124936642	126214942	385	21	0.0004153146	0.000000071259
3	126214943	128194860	671	21	0.0001114831	0.000000104580
3	128194861	130244734	436	21	0.0001172165	0.000000065842
3	130244735	131836515	545	21	0.0000112129	0.000000073072
3	131836516	133252172	515	21	0.0004828160	0.000000090045
3	133252173	135456905	863	21	0.0000539543	0.000000107741
3	135456906	137371082	441	21	0.0006479683	0.000000081746
3	137371083	139954596	841	21	0.0001377219	0.000000111080
3	139954597	141339096	476	21	0.0000440712	0.000000079398
3	141339097	143164627	622	21	0.0002457443	0.000000108795
3	143164628	144410815	388	21	0.0001206704	0.000000062991
3	144410816	145664618	353	21	0.0002096471	0.000000054068
3	145664619	146726628	336	21	0.0000826284	0.000000052185
3	146726629	149043236	681	21	0.0000636654	0.000000108128
3	149043237	150252003	424	21	0.0002829683	0.000000082986
3	150252004	151348729	364	21	0.0001021546	0.000000063110
3	151348730	153256570	566	21	0.0003877852	0.000000101887
3	153256571	154714217	407	21	0.0000119422	0.000000050438
3	154714218	156008699	332	21	0.0000978735	0.000000055943
3	156008700	157312027	451	21	0.0002836021	0.000000071794
3	157312028	159477889	642	21	0.0000168926	0.000000080514
3	159477890	161524503	568	21	0.0001789905	0.000000074741
3	161524504	163253204	473	21	-0.0000199830	0.000000059551
3	163253205	165055468	437	21	0.0000766459	0.000000049226
3	165055469	167117428	454	21	0.0001688761	0.000000065967
3	167117429	168580959	362	21	0.0000543367	0.000000051066
3	168580960	170964908	719	21	0.0003113875	0.000000118001
3	170964909	172295730	505	21	0.0000697853	0.000000089244
3	172295731	173477284	378	21	0.0002022201	0.000000072214
3	173477285	175116538	600	21	0.0000674396	0.000000108279
3	175116539	176320286	339	21	0.0000419638	0.000000050576
3	176320287	178107164	536	21	-0.0000436337	0.000000085623
3	178107165	179374585	385	21	0.0002956735	0.000000067795
3	179374586	181511165	463	21	0.0001297506	0.000000075820
3	181511166	183769682	662	21	0.0005843717	0.000000121600
3	183769683	185068254	413	21	0.0002618691	0.000000081279
3	185068255	186890343	654	21	0.0002082770	0.000000113892
3	186890344	188856213	799	21	0.0002050452	0.000000113763
3	188856214	190226606	625	21	0.0001482885	0.000000111501
3	190226607	192343813	739	21	0.0003479670	0.000000119459
3	192343814	194059670	504	21	0.0001832627	0.000000095312
3	194059671	194786673	262	21	0.0000346584	0.000000047357
3	194786674	195971407	226	21	-0.0000669476	0.000000036904
3	195971408	197075986	287	21	0.0000898946	0.000000051005
3	197075987	197946621	180	21	0.0001401315	0.000000035445
4	10240	694714	105	12	-0.0000308675	0.000000016426
4	694715	1478710	221	21	0.0003279925	0.000000047150
4	1478711	2842978	264	21	0.0001242754	0.000000049441
4	2842979	3846039	260	21	0.0002085841	0.000000054444
4	3846040	4684115	226	21	0.0001692528	0.000000047271
4	4684116	5502387	388	21	0.0002822665	0.000000083611
4	5502388	6773042	668	21	0.0001188332	0.000000110327
4	6773043	7539691	400	21	0.0001904112	0.000000085209
4	7539692	8152234	356	21	0.0000501994	0.000000070498
4	8152235	9326478	238	21	0.0001471345	0.000000048056
4	9326479	10699151	512	21	0.0002725829	0.000000079752
4	10699152	12323033	644	21	0.0001216918	0.000000110441
4	12323034	14272000	712	21	0.0001667230	0.000000112236
4	14272001	15147445	383	21	-0.0000031644	0.000000063857
4	15147446	15927008	250	21	0.0002142732	0.000000049672
4	15927009	17383321	663	21	0.0001447335	0.000000111359
4	17383322	18841873	420	21	0.0000306533	0.000000065413
4	18841874	20544556	468	21	-0.0000071224	0.000000063700
4	20544557	22319346	669	21	-0.0000652769	0.000000102990
4	22319347	24135528	604	21	0.0002184905	0.000000104551
4	24135529	25609321	603	21	0.0000844442	0.000000108273
4	25609322	27343721	558	21	0.0001345252	0.000000105271
4	27343722	27965867	199	21	0.0001890141	0.000000040639
4	27965868	29762207	528	21	-0.0000290487	0.000000078249
4	29762208	30454534	157	21	0.0003826491	0.000000038327
4	30454535	31782980	405	21	0.0001844272	0.000000072799
4	31782981	33172765	311	21	0.0001459610	0.000000055110
4	33172766	35151414	357	21	0.0000449293	0.000000042772
4	35151415	36020435	273	21	0.0000734666	0.000000038743
4	36020436	37255046	431	21	0.0000763844	0.000000062302
4	37255047	38907021	789	21	0.0000243390	0.000000106561
4	38907022	40202608	399	21	0.0000531637	0.000000059254
4	40202609	42213057	712	21	0.0004077633	0.000000121842
4	42213058	43965044	528	21	0.0003203951	0.000000090371
4	43965045	45189156	340	21	0.0001356523	0.000000048433
4	45189157	47411895	453	21	0.0000986822	0.000000065750
4	47411896	48123599	221	21	0.0000647725	0.000000030238
4	48123600	53877432	483	21	0.0004055580	0.000000078770
4	53877433	55429555	536	21	0.0001111241	0.000000085798
4	55429556	56547643	365	21	0.0002719612	0.000000067494
4	56547644	58935007	847	21	0.0001841133	0.000000112929
4	58935008	60741086	454	21	0.0002078757	0.000000071364
4	60741087	62371762	426	21	0.0001222612	0.000000067970
4	62371763	64341000	432	21	0.0002809197	0.000000078784
4	64341001	66600491	504	21	-0.0000070773	0.000000067146
4	66600492	68059496	385	21	-0.0000306912	0.000000052121
4	68059497	68854764	246	21	0.0000329284	0.000000033252
4	68854765	71049151	523	21	0.0001603742	0.000000064990
4	71049152	72140557	218	21	0.0001677848	0.000000035723
4	72140558	74592389	488	21	0.0002007226	0.000000075171
4	74592390	77130706	730	21	0.0001344738	0.000000103009
4	77130707	79093978	728	21	0.0001085348	0.000000109917
4	79093979	80990296	562	21	0.0001393562	0.000000076201
4	80990297	82125314	243	21	0.0002608906	0.000000046144
4	82125315	83372592	359	21	0.0001391684	0.000000059690
4	83372593	84799655	483	21	0.0017297036	0.000000139737
4	84799656	86930608	591	21	0.0001585527	0.000000087242
4	86930609	87534647	138	18	0.0000877517	0.000000022494
4	87534648	89238027	567	21	0.0000812179	0.000000088146
4	89238028	90231563	319	21	0.0002137716	0.000000058003
4	90231564	91560676	339	21	0.0001463141	0.000000053027
4	91560677	94233298	567	21	0.0002100222	0.000000099948
4	94233299	96182187	606	21	0.0005491893	0.000000121786
4	96182188	97540702	487	21	0.0000363614	0.000000079530
4	97540703	99424066	403	21	-0.0000836557	0.000000042470
4	99424067	100678359	412	21	0.0003859611	0.000000072647
4	100678360	103221355	796	21	0.0004756311	0.000000124547
4	103221356	105305293	488	21	0.0002969361	0.000000077045
4	105305294	107501304	581	21	0.0000583965	0.000000080186
4	107501305	108815347	360	21	0.0002590639	0.000000060005
4	108815348	111256566	765	21	0.0001807501	0.000000112795
4	111256567	113870101	717	21	0.0001396022	0.000000111155
4	113870102	115666245	604	21	0.0000104357	0.000000101461
4	115666246	117276928	336	21	0.0000207160	0.000000042852
4	117276929	118479917	337	21	0.0001474070	0.000000053908
4	118479918	119933511	419	21	0.0001918660	0.000000061988
4	119933512	120392683	148	16	-0.0000741156	0.000000015718
4	120392684	122657986	701	21	0.0002153418	0.000000114173
4	122657987	124286480	382	21	0.0000033165	0.000000048209
4	124286481	125210861	263	21	0.0000436180	0.000000041272
4	125210862	126480885	387	21	0.0002080057	0.000000069226
4	126480886	127275476	222	21	0.0002517811	0.000000044962
4	127275477	127830292	163	21	0.0000001740	0.000000025870
4	127830293	128996664	195	15	0.0000588733	0.000000030208
4	128996665	130591884	442	21	0.0002354222	0.000000073100
4	130591885	131283820	183	21	0.0001346041	0.000000034414
4	131283821	132954032	353	21	0.0000779078	0.000000059597
4	132954033	134628433	371	21	0.0002692215	0.000000062514
4	134628434	136566406	424	21	0.0001046167	0.000000062142
4	136566407	138541970	511	21	0.0002059855	0.000000089347
4	138541971	139556510	353	21	0.0000299371	0.000000058759
4	139556511	141084630	501	21	0.0000337136	0.000000087366
4	141084631	143443264	716	21	0.0001617596	0.000000112038
4	143443265	146178186	510	21	0.0000470458	0.000000064775
4	146178187	148521872	614	21	0.0001106237	0.000000097561
4	148521873	150683579	523	21	0.0002794022	0.000000088524
4	150683580	152782183	516	21	0.0000842319	0.000000062613
4	152782184	154477640	497	21	0.0000948496	0.000000090240
4	154477641	155056125	205	21	0.0001424203	0.000000037982
4	155056126	157485096	800	21	0.0001440078	0.000000111330
4	157485097	158743717	316	21	0.0002754198	0.000000059602
4	158743718	161058863	518	21	0.0002774457	0.000000081463
4	161058864	161826434	263	21	0.0001816656	0.000000051501
4	161826435	163243678	436	21	0.0001131709	0.000000070836
4	163243679	164478233	329	21	0.0003292140	0.000000063623
4	164478234	165823447	415	21	0.0001277224	0.000000076174
4	165823448	167018857	360	21	0.0001561826	0.000000068457
4	167018858	167852916	185	21	0.0001913410	0.000000034623
4	167852917	169676824	577	21	0.0000229622	0.000000095868
4	169676825	170776509	313	21	0.0000905309	0.000000051030
4	170776510	172558634	412	21	0.0002904582	0.000000073779
4	172558635	174264131	391	21	0.0003907667	0.000000073050
4	174264132	176570715	622	21	0.0003052830	0.000000117758
4	176570716	178991909	816	21	0.0001987235	0.000000113511
4	178991910	180122042	318	21	0.0001617554	0.000000060373
4	180122043	182066806	804	21	0.0000488983	0.000000107540
4	182066807	183371274	707	21	0.0001969699	0.000000113441
4	183371275	184929454	576	21	0.0000162467	0.000000106239
4	184929455	186909089	860	21	0.0001658372	0.000000112200
4	186909090	188472980	608	21	0.0000969263	0.000000109454
4	188472981	189693510	405	21	0.0001582254	0.000000079777
4	189693511	191043593	287	21	0.0001255865	0.000000052626
5	11940	982251	229	21	0.0001038239	0.000000038915
5	982252	2132441	454	21	0.0001872363	0.000000094803
5	2132442	3361940	778	21	-0.0000418532	0.000000103923
5	3361941	4632109	530	21	0.0007215981	0.000000113600
5	4632110	5973232	690	21	0.0001827320	0.000000112874
5	5973233	7143217	572	21	0.0009992149	0.000000132695
5	7143218	8446335	584	21	0.0003562459	0.000000104647
5	8446336	9718831	597	21	0.0000653561	0.000000095312
5	9718832	11173270	727	21	0.0002968315	0.000000117421
5	11173271	13464831	561	21	0.0000254079	0.000000087479
5	13464832	14757803	582	21	0.0001149773	0.000000095049
5	14757804	16963612	751	21	0.0001795490	0.000000112747
5	16963613	18051591	265	21	0.0002131012	0.000000053996
5	18051592	19917715	543	21	0.0002589188	0.000000085958
5	19917716	22152072	439	21	0.0000895713	0.000000064106
5	22152073	23494323	403	21	0.0001433513	0.000000061551
5	23494324	26184850	647	21	0.0001646136	0.000000106470
5	26184851	26857603	150	21	0.0000152719	0.000000023243
5	26857604	27984512	217	21	0.0000486421	0.000000036121
5	27984513	29714819	400	21	0.0000175601	0.000000055511
5	29714820	31390248	568	21	0.0000471938	0.000000085908
5	31390249	33500179	802	21	0.0000668898	0.000000108257
5	33500180	35048969	541	21	0.0001227760	0.000000094244
5	35048970	36433953	476	21	0.0004541392	0.000000085221
5	36433954	38802409	749	21	0.0000279688	0.000000106706
5	38802410	40287728	532	21	0.0003621247	0.000000083520
5	40287729	41888709	539	21	0.0000551603	0.000000063597
5	41888710	43983498	406	21	0.0001745405	0.000000057502
5	43983499	50163397	413	21	0.0000412965	0.000000048246
5	50163398	52134621	556	21	0.0002997754	0.000000092632
5	52134622	53703043	596	21	0.0000057495	0.000000093612
5	53703044	55417348	588	21	0.0000653457	0.000000085745
5	55417349	56621101	493	21	0.0002397509	0.000000084978
5	56621102	57340072	264	21	0.0005491318	0.000000058970
5	57340073	58524621	529	21	0.0001112419	0.000000082943
5	58524622	60935906	678	21	-0.0000312832	0.000000094159
5	60935907	61672994	266	21	0.0002150210	0.000000045773
5	61672995	63218986	476	21	0.0002447347	0.000000071324
5	63218987	63968303	174	19	0.0001523039	0.000000031061
5	63968304	65911285	612	21	0.0004153575	0.000000101650
5	65911286	67850859	769	21	0.0001550272	0.000000111770
5	67850860	71240455	443	21	-0.0000633566	0.000000061471
5	71240456	73759325	949	21	0.0000771551	0.000000108666
5	73759326	75798865	675	21	0.0000614333	0.000000104627
5	75798866	77623331	708	21	0.0001115016	0.000000110035
5	77623332	79393143	645	21	0.0002776101	0.000000116427
5	79393144	80481470	443	21	0.0001408930	0.000000078218
5	80481471	82025647	496	21	0.0002092497	0.000000091685
5	82025648	83972688	518	21	0.0003530419	0.000000106310
5	83972689	85767289	490	21	0.0000355834	0.000000073604
5	85767290	87389990	269	21	0.0002839406	0.000000053671
5	87389991	88891529	301	21	0.0001974837	0.000000049008
5	88891530	90422653	419	21	0.0000218967	0.000000060357
5	90422654	91840541	263	21	0.0000736392	0.000000043079
5	91840542	93809983	406	21	0.0001011956	0.000000059246
5	93809984	95963518	685	21	0.0001400575	0.000000111173
5	95963519	97315600	407	21	0.0001957858	0.000000061297
5	97315601	99260991	479	21	0.0002032780	0.000000074841
5	99260992	101578768	497	21	0.0000550577	0.000000070258
5	101578769	103320004	475	21	0.0001473738	0.000000071115
5	103320005	104851482	407	21	0.0001161977	0.000000067301
5	104851483	105893054	164	21	0.0000642570	0.000000032045
5	105893055	107264195	547	21	0.0002875542	0.000000112953
5	107264196	108633933	378	21	0.0003060900	0.000000073969
5	108633934	110821143	618	21	0.0002436392	0.000000103528
5	110821144	111981561	415	21	0.0000085025	0.000000072095
5	111981562	113396284	535	21	0.0001476898	0.000000091453
5	113396285	114830369	512	21	0.0002753914	0.000000089462
5	114830370	115831046	423	21	0.0000285475	0.000000069207
5	115831047	117346212	543	21	0.0001479838	0.000000103999
5	117346213	118608819	366	21	0.0004806309	0.000000082175
5	118608820	119669041	326	21	-0.0000572598	0.000000050647
5	119669042	120452165	228	21	0.0001486513	0.000000043564
5	120452166	122556904	653	21	0.0000607409	0.000000108012
5	122556905	123798099	434	21	0.0000913326	0.000000074296
5	123798100	125785648	818	21	0.0000604244	0.000000107999
5	125785649	127344603	421	21	0.0002157001	0.000000071030
5	127344604	129519024	644	21	0.0000688722	0.000000088542
5	129519025	132139648	600	21	0.0001792476	0.000000074968
5	132139649	134777400	891	21	0.0002369634	0.000000115035
5	134777401	136376049	583	21	0.0001378338	0.000000086419
5	136376050	139265071	683	21	0.0000239723	0.000000089423
5	139265072	140645970	349	21	0.0001140912	0.000000046542
5	140645971	142981247	907	21	0.0005936348	0.000000129250
5	142981248	144943353	618	21	0.0002097062	0.000000096141
5	144943354	147181997	728	21	0.0004632396	0.000000124053
5	147181998	148662623	545	21	0.0000137799	0.000000083033
5	148662624	150561297	841	21	0.0002218729	0.000000114434
5	150561298	152867773	834	21	0.0000184258	0.000000106097
5	152867774	153773087	425	21	0.0000855674	0.000000058203
5	153773088	155373504	554	21	0.0004351684	0.000000103103
5	155373505	156628699	371	21	0.0001215798	0.000000059841
5	156628700	158825697	867	21	0.0002673432	0.000000116246
5	158825698	159973943	409	21	0.0001611585	0.000000075548
5	159973944	161482132	513	21	0.0004222220	0.000000087859
5	161482133	162743907	350	21	0.0000856744	0.000000058419
5	162743908	163771581	373	21	0.0001453859	0.000000066103
5	163771582	165642394	533	21	0.0002420882	0.000000105265
5	165642395	166847739	413	21	-0.0000761732	0.000000076158
5	166847740	168525317	757	21	-0.0000466262	0.000000103733
5	168525318	169505663	472	21	0.0001664246	0.000000088437
5	169505664	171074291	646	21	0.0000921941	0.000000109265
5	171074292	172678326	664	21	0.0004214776	0.000000122389
5	172678327	173642870	484	21	0.0002941764	0.000000091969
5	173642871	175450594	802	21	0.0001611821	0.000000112015
5	175450595	177251506	334	21	0.0030559638	0.000000171732
5	177251507	178413463	427	21	0.0002331375	0.000000086687
5	178413464	179401243	348	21	0.0001725614	0.000000068678
5	179401244	180559932	320	21	0.0001445778	0.000000058425
5	180559933	180885155	41	9	0.0000257430	0.000000008002
6	73924	1452361	669	21	0.0000771149	0.000000108664
6	1452362	2458935	430	21	-0.0000111851	0.000000071965
6	2458936	3573592	567	21	0.0000795553	0.000000101274
6	3573593	4617816	508	21	0.0002447044	0.000000093315
6	4617817	5791471	582	21	0.0000727954	0.000000104172
6	5791472	6785206	589	21	0.0003342986	0.000000118914
6	6785207	7808935	511	21	0.0003650587	0.000000104326
6	7808936	9020025	494	21	0.0002157126	0.000000082277
6	9020026	10540316	605	21	0.0001815916	0.000000108959
6	10540317	11790815	562	21	0.0015903873	0.000000158706
6	11790816	13209387	589	21	0.0002615315	0.000000105364
6	13209388	14802923	672	21	0.0005371532	0.000000126999
6	14802924	17386404	982	21	0.0001344018	0.000000110948
6	17386405	19207486	634	21	0.0002176730	0.000000094457
6	19207487	21684064	1014	21	0.0001822000	0.000000112852
6	21684065	22748306	513	21	-0.0001025085	0.000000085506
6	22748307	23936618	484	21	0.0002125470	0.000000095809
6	23936619	24852274	399	21	-0.0000251657	0.000000071845
6	24852275	25684586	447	21	0.0000162779	0.000000070884
6	25684587	26791232	475	21	0.0001464320	0.000000057654
6	26791233	28017818	275	19	0.0002198026	0.000000039607
6	28017819	28917607	317	21	0.0003078859	0.000000041250
6	28917608	29737970	526	21	0.0004202807	0.000000067859
6	29737971	30798167	909	21	0.0002988656	0.000000080578
6	30798168	31571217	795	21	0.0006802915	0.000000099406
6	31571218	32682663	695	21	0.0014488032	0.000000130124
6	32682664	33236496	628	21	0.0001091355	0.000000073268
6	33236497	35455755	750	21	0.0002593719	0.000000115928
6	35455756	37572595	817	21	0.0003476819	0.000000119448
6	37572596	39295676	758	21	0.0001064256	0.000000109833
6	39295677	40345114	400	21	0.0001872969	0.000000070334
6	40345115	42038720	710	21	0.0002059962	0.000000113801
6	42038721	43756168	441	21	0.0003463940	0.000000082896
6	43756169	45406562	570	21	0.0003017690	0.000000107415
6	45406563	47311897	756	21	-0.0000071202	0.000000105307
6	47311898	48391124	355	21	0.0002847398	0.000000056202
6	48391125	50386144	492	21	0.0003184220	0.000000068484
6	50386145	52210475	621	21	0.0003263581	0.000000099667
6	52210476	53279101	427	21	0.0001049420	0.000000067284
6	53279102	55468269	853	21	0.0002174395	0.000000114029
6	55468270	56105312	211	20	0.0000478819	0.000000025936
6	56105313	57599464	366	21	0.0003079011	0.000000061727
6	57599465	61880511	119	9	0.0000079075	0.000000012010
6	61880512	63552887	334	21	0.0002983669	0.000000048035
6	63552888	65765741	442	21	0.0001622596	0.000000064213
6	65765742	67329214	481	21	-0.0000055190	0.000000069153
6	67329215	68849482	460	21	0.0000428231	0.000000063750
6	68849483	69523447	217	21	0.0002542015	0.000000040353
6	69523448	71609509	740	21	0.0001660971	0.000000105624
6	71609510	73450096	629	21	0.0000050139	0.000000092687
6	73450097	75462002	572	21	0.0002136558	0.000000087450
6	75462003	77414880	447	21	0.0001749365	0.000000064502
6	77414881	78957727	485	21	0.0002303971	0.000000063090
6	78957728	80691169	580	21	0.0001219871	0.000000088659
6	80691170	81929221	369	21	0.0000502754	0.000000041742
6	81929222	83127148	348	21	0.0000534188	0.000000052499
6	83127149	85209988	555	21	0.0000621570	0.000000077709
6	85209989	87069499	592	21	0.0001182196	0.000000074928
6	87069500	88822139	538	21	0.0001856072	0.000000078036
6	88822140	89973051	431	21	0.0003186020	0.000000081360
6	89973052	91843195	730	21	-0.0000732871	0.000000102670
6	91843196	93428643	465	21	0.0001200046	0.000000076954
6	93428644	94118141	281	21	0.0001231481	0.000000045035
6	94118142	94441174	83	8	-0.0000108763	0.000000009108
6	94441175	97093510	614	21	0.0002533256	0.000000096763
6	97093511	97842283	228	21	0.0002187076	0.000000039360
6	97842284	100630145	785	21	-0.0000174676	0.000000104895
6	100630146	102636771	489	21	0.0001489815	0.000000078975
6	102636772	103983394	330	21	0.0000341212	0.000000045460
6	103983395	106056732	657	21	0.0001225582	0.000000100507
6	106056733	107450305	620	21	0.0002435285	0.000000114840
6	107450306	108464379	342	21	0.0000132882	0.000000055553
6	108464380	110304246	532	21	0.0000395699	0.000000071808
6	110304247	112345013	612	21	0.0006285072	0.000000115476
6	112345014	114220832	625	21	0.0002469914	0.000000098069
6	114220833	116131395	475	21	0.0000968917	0.000000061624
6	116131396	117672971	468	21	0.0000292378	0.000000063640
6	117672972	118963114	368	21	-0.0000497117	0.000000048419
6	118963115	119963277	319	21	0.0002105193	0.000000053685
6	119963278	120512127	164	18	0.0001635313	0.000000028082
6	120512128	121905675	377	21	0.0002490496	0.000000055208
6	121905676	123856180	597	21	0.0000604842	0.000000079392
6	123856181	125424382	591	21	0.0000180416	0.000000106310
6	125424383	127540460	458	21	0.0003914983	0.000000081441
6	127540461	129861030	606	21	0.0000788696	0.000000093167
6	129861031	130935453	491	21	0.0007539959	0.000000109573
6	130935454	132765668	599	21	0.0001118338	0.000000096490
6	132765669	134244242	582	21	0.0001253057	0.000000094790
6	134244243	136224176	580	21	-0.0000244408	0.000000100752
6	136224177	137614217	335	21	-0.0000234511	0.000000055583
6	137614218	138822628	473	21	-0.0000510233	0.000000075403
6	138822629	139845435	381	21	0.0001145427	0.000000069813
6	139845436	142288478	526	21	0.0001273657	0.000000080517
6	142288479	145319809	1031	21	0.0000831949	0.000000108907
6	145319810	146665423	310	21	0.0000510575	0.000000036012
6	146665424	148920351	911	21	0.0001656548	0.000000112193
6	148920352	150253403	515	21	-0.0000318355	0.000000073978
6	150253404	151912702	875	21	-0.0000635627	0.000000103058
6	151912703	153094495	556	21	0.0002372875	0.000000095459
6	153094496	154974119	788	21	0.0001599421	0.000000111965
6	154974120	156763325	717	21	0.0001548961	0.000000111764
6	156763326	158218718	369	21	-0.0000118934	0.000000062010
6	158218719	160580496	1028	21	0.0002721468	0.000000116437
6	160580497	162169563	756	21	0.0001748550	0.000000112560
6	162169564	162931202	370	21	0.0001218282	0.000000070533
6	162931203	164383520	669	21	0.0001822784	0.000000112856
6	164383521	165586863	535	21	0.0000576830	0.000000084999
6	165586864	167024732	798	21	0.0002969058	0.000000117424
6	167024733	168042834	421	21	0.0003224851	0.000000081514
6	168042835	169382049	577	21	0.0001009204	0.000000097175
6	169382050	170330172	392	21	0.0003039711	0.000000068974
6	170330173	171051269	234	21	0.0001222645	0.000000041904
7	16161	972751	87	14	0.0004377409	0.000000033089
7	972752	1353066	99	16	0.0001820004	0.000000024611
7	1353067	2062397	138	21	0.0001719083	0.000000032440
7	2062398	2772226	214	21	0.0002102125	0.000000047234
7	2772227	4573427	843	21	0.0002084277	0.000000113898
7	4573428	5416231	199	21	0.0001335183	0.000000043998
7	5416232	5854525	98	16	0.0000969039	0.000000021857
7	5854526	6573856	139	21	0.0001193672	0.000000029763
7	6573857	7808751	412	21	0.0000762915	0.000000078052
7	7808752	9123422	719	21	0.0002771276	0.000000116636
7	9123423	9987498	353	21	0.0000689116	0.000000067359
7	9987499	11299197	467	21	0.0003778022	0.000000101045
7	11299198	12635460	690	21	-0.0000299783	0.000000104396
7	12635461	13884201	560	21	0.0001189196	0.000000110330
7	13884202	15143656	569	21	0.0000820092	0.000000108859
7	15143657	16902068	747	21	0.0001239940	0.000000110533
7	16902069	19481546	1017	21	0.0000433669	0.000000107319
7	19481547	20124907	227	21	0.0002610723	0.000000050278
7	20124908	22507628	1185	21	0.0002997679	0.000000117538
7	22507629	23471441	309	21	0.0001531882	0.000000060245
7	23471442	25077258	697	21	0.0003841488	0.000000120901
7	25077259	25909554	445	21	0.0002772472	0.000000082324
7	25909555	28360308	880	21	0.0001653909	0.000000112183
7	28360309	31137288	1231	21	0.0001871248	0.000000113049
7	31137289	33555767	984	21	0.0001252788	0.000000110584
7	33555768	36213537	1005	21	0.0000789859	0.000000108739
7	36213538	37555183	626	21	0.0000811770	0.000000108826
7	37555184	38966702	631	21	0.0000329916	0.000000092682
7	38966703	39862669	313	21	0.0001127829	0.000000048986
7	39862670	42001810	608	21	0.0003317569	0.000000104567
7	42001811	43159073	400	21	0.0000290398	0.000000065993
7	43159074	44763827	466	21	0.0000620874	0.000000071402
7	44763828	45952921	348	21	0.0001560253	0.000000063115
7	45952922	46986719	409	21	0.0001168833	0.000000064333
7	46986720	49212277	895	21	0.0002434230	0.000000115292
7	49212278	51675321	885	21	0.0003170122	0.000000118225
7	51675322	53176311	630	21	0.0001020203	0.000000097668
7	53176312	54222975	372	21	0.0001887680	0.000000055754
7	54222976	55691583	527	21	0.0000895108	0.000000086263
7	55691584	57382637	242	21	0.0006617462	0.000000059095
7	57382638	63307358	126	14	0.0001996052	0.000000026501
7	63307359	63641124	53	6	0.0000350377	0.000000008759
7	63641125	65689808	306	21	0.0000765509	0.000000040922
7	65689809	68234073	703	21	0.0001273858	0.000000105893
7	68234074	69085363	263	21	0.0001459731	0.000000047802
7	69085364	71874884	834	21	0.0001192151	0.000000110342
7	71874885	73334601	149	21	0.0000091722	0.000000023002
7	73334602	76458563	345	21	0.0002407749	0.000000064560
7	76458564	78093858	604	21	-0.0000325325	0.000000102701
7	78093859	79888068	641	21	0.0002760804	0.000000113860
7	79888069	82022685	711	21	-0.0000260075	0.000000104555
7	82022686	83801202	624	21	0.0001343336	0.000000105264
7	83801203	85572181	402	21	0.0000607906	0.000000054476
7	85572182	87825003	563	21	0.0002438391	0.000000079912
7	87825004	90661783	953	21	0.0001565977	0.000000111832
7	90661784	92493751	423	21	0.0001066080	0.000000062860
7	92493752	93966600	349	21	0.0003709520	0.000000074613
7	93966601	96073507	691	21	0.0002222061	0.000000114447
7	96073508	97099569	307	21	0.0000520047	0.000000048043
7	97099570	98715473	415	21	0.0000469185	0.000000066272
7	98715474	100196650	248	21	0.0000942791	0.000000035470
7	100196651	101199252	245	21	0.0002977685	0.000000053179
7	101199253	103197509	382	21	0.0002193480	0.000000069675
7	103197510	104159524	473	21	0.0000631639	0.000000076876
7	104159525	105682904	535	21	0.0002201080	0.000000095220
7	105682905	107780177	737	21	0.0003779041	0.000000120652
7	107780178	109647593	551	21	0.0001964132	0.000000088966
7	109647594	112618683	827	21	0.0001840444	0.000000112926
7	112618684	113712386	219	21	0.0000533764	0.000000034059
7	113712387	116780177	709	21	0.0001052264	0.000000101168
7	116780178	118351580	372	21	0.0000288937	0.000000046712
7	118351581	121045272	436	21	0.0000914382	0.000000060557
7	121045273	121933629	228	21	0.0002212887	0.000000039666
7	121933630	124156804	660	21	0.0002228229	0.000000097108
7	124156805	124167551	6	2	-0.0000142486	0.000000000406
7	124167552	126519169	658	21	0.0000901907	0.000000083205
7	126519170	126869220	139	18	0.0001988736	0.000000026872
7	126869221	128778385	591	21	0.0004328037	0.000000095714
7	128778386	130422413	468	21	0.0004844361	0.000000091634
7	130422414	132805847	918	21	0.0001984806	0.000000113501
7	132805848	134307595	440	21	0.0004365205	0.000000077425
7	134307596	135591082	500	21	0.0003594051	0.000000088199
7	135591083	136876561	407	21	0.0001311351	0.000000068108
7	136876562	138744678	607	21	-0.0000140673	0.000000105030
7	138744679	139933176	327	21	0.0002322888	0.000000060630
7	139933177	140235209	118	21	0.0000987674	0.000000023727
7	140235210	141226556	281	21	0.0002097527	0.000000047836
7	141226557	142656309	442	21	0.0000882887	0.000000058311
7	142656310	144968288	551	21	0.0001379214	0.000000084003
7	144968289	146427959	379	21	0.0000028537	0.000000057261
7	146427960	147815317	568	21	0.0001941215	0.000000096858
7	147815318	149840657	611	21	0.0001627823	0.000000112079
7	149840658	150711504	308	21	0.0002016194	0.000000050417
7	150711505	152249805	453	21	0.0002514913	0.000000095358
7	152249806	153674018	456	21	0.0001161518	0.000000087322
7	153674019	154964729	537	21	0.0002585570	0.000000107950
7	154964730	156065249	471	21	0.0002988151	0.000000095023
7	156065250	157634596	519	21	0.0000403610	0.000000094094
7	157634597	159128574	458	21	0.0002359257	0.000000081119
8	10422	1044216	396	21	0.0003076033	0.000000091401
8	1044217	1163244	71	12	0.0000819522	0.000000016504
8	1163245	2042941	455	21	0.0002332119	0.000000100423
8	2042942	2573278	257	21	0.0000557976	0.000000050494
8	2573279	3392925	594	21	0.0000786361	0.000000108725
8	3392926	3783016	424	21	0.0000693765	0.000000085022
8	3783017	4480475	667	21	0.0000660991	0.000000108225
8	4480476	5146926	491	21	0.0001208516	0.000000102241
8	5146927	6142796	753	21	0.0001330240	0.000000110893
8	6142797	7153078	541	21	0.0001562963	0.000000110452
8	7153079	9154693	554	21	0.0000250852	0.000000106591
8	9154694	9640786	237	21	0.0000227783	0.000000043971
8	9640787	10463196	463	21	0.0002302077	0.000000101647
8	10463197	11278997	387	21	-0.0000660097	0.000000068921
8	11278998	13491774	800	21	0.0002030130	0.000000113682
8	13491775	13944991	251	21	0.0000266504	0.000000044540
8	13944992	15991659	1082	21	0.0000688495	0.000000108335
8	15991660	17387875	547	21	0.0000666260	0.000000108246
8	17387876	17836398	270	21	0.0000694190	0.000000052922
8	17836399	19492839	964	21	0.0001927961	0.000000113275
8	19492840	20060855	335	21	0.0002024011	0.000000067935
8	20060856	21661736	746	21	0.0001394035	0.000000111147
8	21661737	22897056	458	21	0.0003168102	0.000000097510
8	22897057	24674717	655	21	0.0001882143	0.000000113092
8	24674718	25483453	287	21	0.0000647660	0.000000045008
8	25483454	26682524	616	21	0.0001430754	0.000000105159
8	26682525	28162391	736	21	0.0000867908	0.000000109050
8	28162392	29327895	367	21	0.0002297882	0.000000066887
8	29327896	31133728	540	21	0.0003586458	0.000000099839
8	31133729	31548359	125	20	0.0002144105	0.000000027884
8	31548360	32977217	484	21	0.0004101342	0.000000085425
8	32977218	35317231	535	21	0.0000054143	0.000000060558
8	35317232	37379388	359	21	0.0000702085	0.000000056115
8	37379389	38938805	287	21	0.0007818741	0.000000080058
8	38938806	40703336	583	21	0.0001154559	0.000000089064
8	40703337	41721453	381	21	0.0000702974	0.000000069136
8	41721454	42773822	192	21	0.0001761554	0.000000033619
8	42773823	46841314	43	7	0.0000831577	0.000000010260
8	46841315	50082469	395	21	0.0003588840	0.000000070086
8	50082470	53302929	782	21	0.0001238803	0.000000100560
8	53302930	54418043	344	21	-0.0000100715	0.000000049777
8	54418044	55945580	474	21	0.0000932772	0.000000067680
8	55945581	56956382	353	21	0.0000859435	0.000000055050
8	56956383	59068650	663	21	0.0001596175	0.000000106044
8	59068651	59728099	275	21	0.0003652716	0.000000055224
8	59728100	62329098	787	21	0.0006158291	0.000000130134
8	62329099	63349305	328	21	0.0002736391	0.000000053056
8	63349306	65232871	516	21	0.0001601397	0.000000075508
8	65232872	66489089	361	21	0.0000067307	0.000000051073
8	66489090	69863056	863	21	0.0000199087	0.000000106385
8	69863057	70867978	403	21	0.0000518997	0.000000068622
8	70867979	72289453	440	21	0.0002428391	0.000000071034
8	72289454	73817198	687	21	0.0000197408	0.000000103193
8	73817199	75445063	616	21	0.0001859183	0.000000099437
8	75445064	76456541	291	21	0.0001934140	0.000000048226
8	76456542	79132860	687	21	0.0001834088	0.000000095541
8	79132861	81956394	803	21	0.0006016435	0.000000129569
8	81956395	82693738	217	21	-0.0000131358	0.000000030822
8	82693739	84225588	415	21	0.0000293229	0.000000051756
8	84225589	85955618	356	21	0.0001264136	0.000000053288
8	85955619	87411708	266	21	0.0002107623	0.000000041702
8	87411709	89085480	483	21	0.0001619727	0.000000075364
8	89085481	90638161	393	21	0.0001792393	0.000000061488
8	90638162	93554385	674	21	0.0003178125	0.000000110309
8	93554386	95005526	385	21	0.0001275521	0.000000064756
8	95005527	96534805	625	21	0.0003227851	0.000000112542
8	96534806	99401580	1100	21	0.0000827516	0.000000108889
8	99401581	101620957	503	21	0.0001905654	0.000000064908
8	101620958	104123305	986	21	0.0002098546	0.000000113955
8	104123306	104988751	249	21	0.0000622719	0.000000033187
8	104988752	107410753	819	21	0.0002235090	0.000000114499
8	107410754	108648176	469	21	0.0001368444	0.000000069622
8	108648177	109248172	204	21	0.0002384068	0.000000034052
8	109248173	110484313	350	21	0.0003200270	0.000000051572
8	110484314	111850846	287	21	0.0001758378	0.000000042991
8	111850847	113064319	232	19	0.0001454079	0.000000033014
8	113064320	116096494	781	21	-0.0000347092	0.000000088203
8	116096495	119685456	1153	21	0.0002547894	0.000000115745
8	119685457	121201699	527	21	0.0004297972	0.000000088377
8	121201700	124861458	1334	21	0.0001450753	0.000000111373
8	124861459	125683718	333	21	0.0001686849	0.000000055170
8	125683719	126410916	254	21	0.0003605570	0.000000057115
8	126410917	128659110	910	21	0.0001753113	0.000000112578
8	128659111	130381138	672	21	0.0002758755	0.000000116586
8	130381139	131639624	464	21	0.0000132958	0.000000072937
8	131639625	133351143	758	21	0.0001824895	0.000000112864
8	133351144	134570000	706	21	0.0002463690	0.000000115410
8	134570001	136035604	752	21	0.0002057006	0.000000113789
8	136035605	137524150	551	21	0.0003007872	0.000000093775
8	137524151	139254829	736	21	0.0000624549	0.000000107396
8	139254830	140725642	748	21	0.0001853403	0.000000112978
8	140725643	143044913	821	21	0.0002783887	0.000000116686
8	143044914	144236880	365	21	0.0001506546	0.000000062477
8	144236881	146303866	338	21	0.0001316140	0.000000063851
9	10023	1079706	574	21	0.0001735026	0.000000112506
9	1079707	1916876	598	21	-0.0001017190	0.000000101537
9	1916877	3190063	762	21	0.0002642537	0.000000116123
9	3190064	4495327	735	21	0.0001367518	0.000000111041
9	4495328	4884925	227	21	0.0001681736	0.000000049303
9	4884926	6557588	556	21	0.0001801472	0.000000112771
9	6557589	7154922	292	21	0.0001585600	0.000000059823
9	7154923	8456298	923	21	0.0001052720	0.000000109787
9	8456299	9166402	399	21	0.0001514986	0.000000082787
9	9166403	10879252	836	21	-0.0000027543	0.000000105481
9	10879253	12276488	463	21	0.0001387062	0.000000083814
9	12276489	14836362	1254	21	0.0000607418	0.000000108012
9	14836363	16659654	800	21	0.0001254205	0.000000110590
9	16659655	18661050	938	21	0.0001561104	0.000000111813
9	18661051	20463533	821	21	0.0000302996	0.000000106799
9	20463534	22206558	685	21	0.0000536346	0.000000107729
9	22206559	24158517	600	21	0.0004643412	0.000000123868
9	24158518	25330809	295	21	0.0002162060	0.000000066137
9	25330810	26111756	271	21	0.0000371245	0.000000053750
9	26111757	28224282	945	21	0.0000419347	0.000000107262
9	28224283	28811583	250	21	0.0001651828	0.000000048562
9	28811584	30387391	550	21	0.0002910919	0.000000085924
9	30387392	31310382	245	21	0.0000383438	0.000000035101
9	31310383	32019367	206	21	-0.0000240156	0.000000026331
9	32019368	33578333	587	21	0.0006298926	0.000000116652
9	33578334	34642242	285	21	0.0005184014	0.000000053232
9	34642243	36743282	583	21	0.0002048948	0.000000103109
9	36743283	38641598	716	21	0.0003025138	0.000000117647
9	38641599	65472189	102	21	0.0002755538	0.000000029293
9	65472190	72512710	563	21	0.0001396741	0.000000093579
9	72512711	72753754	100	10	0.0001411265	0.000000018833
9	72753755	74253039	594	21	0.0000752706	0.000000086581
9	74253040	76203945	570	21	0.0002177473	0.000000090035
9	76203946	76973080	179	21	0.0001745024	0.000000033149
9	76973081	78900182	799	21	0.0000663699	0.000000108236
9	78900183	79471207	290	21	0.0000438910	0.000000053596
9	79471208	81079054	522	21	0.0001412827	0.000000097661
9	81079055	82590927	628	21	0.0000164182	0.000000106245
9	82590928	84211232	653	21	0.0000375516	0.000000107088
9	84211233	85440800	327	21	0.0000431545	0.000000058857
9	85440801	86938195	635	21	0.0002234093	0.000000109491
9	86938196	88109332	498	21	0.0002279516	0.000000084510
9	88109333	88590416	113	14	0.0002066761	0.000000022800
9	88590417	90136245	597	21	0.0001319839	0.000000104039
9	90136246	92528697	851	21	0.0002185313	0.000000114300
9	92528698	94167202	620	21	0.0002300017	0.000000110888
9	94167203	96671697	787	21	0.0001560415	0.000000111810
9	96671698	98922039	665	21	0.0004738053	0.000000114263
9	98922040	101592858	859	21	0.0000172207	0.000000106277
9	101592859	104624436	962	21	0.0000937703	0.000000109328
9	104624437	105967975	567	21	0.0001942392	0.000000089762
9	105967976	107581748	602	21	-0.0000239406	0.000000076478
9	107581749	109298753	601	21	0.0002143421	0.000000104160
9	109298754	110695061	571	21	0.0001797042	0.000000103908
9	110695062	112778023	1098	21	0.0000268487	0.000000106661
9	112778024	114831081	908	21	0.0000339090	0.000000106942
9	114831082	115693144	314	21	0.0003070350	0.000000055832
9	115693145	117019800	634	21	0.0000195454	0.000000106370
9	117019801	117921959	464	21	0.0000611157	0.000000079199
9	117921960	121321536	1463	21	0.0000683347	0.000000108314
9	121321537	122260296	356	21	0.0005754886	0.000000078238
9	122260297	124871321	772	21	0.0000404092	0.000000107202
9	124871322	126971886	685	21	0.0003302689	0.000000118754
9	126971887	129059664	563	21	0.0003099873	0.000000099683
9	129059665	130055509	326	21	0.0001949797	0.000000059786
9	130055510	132165469	497	21	0.0001333761	0.000000086021
9	132165470	133223216	318	21	0.0002675133	0.000000064348
9	133223217	134127887	336	21	0.0001493589	0.000000065193
9	134127888	135298841	433	21	0.0001734367	0.000000073873
9	135298842	137041121	652	21	0.0004150143	0.000000122131
9	137041122	137589363	198	21	0.0000616186	0.000000040126
9	137589364	138938977	616	21	0.0000622684	0.000000108073
9	138938978	139500341	118	21	0.0001321920	0.000000026647
9	139500342	141144795	231	21	0.0000901449	0.000000042904
10	60523	751338	125	15	0.0000700710	0.000000025202
10	751339	1523543	338	21	0.0000814977	0.000000062079
10	1523544	2254499	440	21	0.0000202476	0.000000076482
10	2254500	3352698	665	21	0.0001460159	0.000000111410
10	3352699	4572273	608	21	0.0001118786	0.000000109366
10	4572274	5983761	710	21	0.0005650912	0.000000128112
10	5983762	7171483	742	21	0.0000127871	0.000000106101
10	7171484	8774664	864	21	0.0000836082	0.000000108923
10	8774665	10249395	565	21	0.0000935733	0.000000089746
10	10249396	12586796	1031	21	0.0001982166	0.000000113491
10	12586797	13321599	444	21	0.0000728146	0.000000088477
10	13321600	15026067	949	21	-0.0000074111	0.000000105296
10	15026068	16551766	562	21	0.0002372929	0.000000113908
10	16551767	18537266	772	21	0.0000246974	0.000000106575
10	18537267	19716877	531	21	0.0000696042	0.000000086577
10	19716878	22772282	986	21	0.0000425604	0.000000107287
10	22772283	23175131	126	14	0.0002279860	0.000000030623
10	23175132	25578595	764	21	0.0001791388	0.000000112730
10	25578596	26888683	535	21	0.0001239460	0.000000073856
10	26888684	29323235	905	21	0.0001262733	0.000000110624
10	29323236	29783691	268	21	-0.0000358866	0.000000041652
10	29783692	30458837	361	21	0.0001373200	0.000000069856
10	30458838	31907518	479	21	-0.0000270167	0.000000070902
10	31907519	33707967	628	21	0.0000595416	0.000000086399
10	33707968	35109354	498	21	0.0002345321	0.000000087400
10	35109355	36572507	422	21	0.0003113611	0.000000073536
10	36572508	37790028	321	21	0.0002323724	0.000000054132
10	37790029	42372578	198	13	0.0000747477	0.000000019193
10	42372579	43894770	299	21	0.0001383500	0.000000049372
10	43894771	44730074	292	21	0.0001528107	0.000000046828
10	44730075	48760449	673	21	0.0001346467	0.000000110957
10	48760450	50840914	666	21	0.0001770228	0.000000099755
10	50840915	53616628	753	21	0.0000934132	0.000000109314
10	53616629	55103571	681	21	0.0000529216	0.000000107472
10	55103572	57031139	762	21	0.0001521346	0.000000111654
10	57031140	57662145	178	18	0.0001298484	0.000000023753
10	57662146	58959527	381	21	-0.0000052028	0.000000036869
10	58959528	60289986	420	21	0.0000956521	0.000000052910
10	60289987	61891408	584	21	0.0002806112	0.000000107474
10	61891409	62659678	303	21	-0.0000058394	0.000000043880
10	62659679	63341694	161	19	0.0002517087	0.000000033972
10	63341695	65794113	848	21	0.0002674150	0.000000116249
10	65794114	67549614	481	21	-0.0000681755	0.000000061066
10	67549615	69900147	895	21	0.0002836612	0.000000116896
10	69900148	70195990	115	11	0.0005658596	0.000000037339
10	70195991	72220849	894	21	0.0002416127	0.000000115220
10	72220850	73508511	743	21	0.0001485339	0.000000111511
10	73508512	75422549	438	21	0.0000927510	0.000000052375
10	75422550	78706813	839	21	0.0001400455	0.000000111172
10	78706814	80876748	1016	21	0.0002850680	0.000000116952
10	80876749	82414678	491	21	0.0002337926	0.000000089130
10	82414679	84383744	715	21	-0.0000665708	0.000000102938
10	84383745	85458702	438	21	0.0002070907	0.000000064075
10	85458703	87937576	980	21	0.0001978940	0.000000113478
10	87937577	89127063	272	21	0.0005485993	0.000000063299
10	89127064	91013380	727	21	0.0000728542	0.000000108495
10	91013381	92006580	376	21	0.0003359036	0.000000070452
10	92006581	93335046	444	21	0.0001137138	0.000000067417
10	93335047	95396367	664	21	0.0002946275	0.000000108257
10	95396368	96221242	264	21	0.0000661886	0.000000045064
10	96221243	97822356	583	21	0.0002112288	0.000000077101
10	97822357	100241301	917	21	0.0003927923	0.000000121245
10	100241302	100668399	147	14	0.0000893915	0.000000021960
10	100668400	102949238	764	21	0.0003560107	0.000000119551
10	102949239	104380409	306	21	0.0002983924	0.000000048036
10	104380410	106695047	763	21	0.0006277528	0.000000130610
10	106695048	108726685	673	21	0.0000961724	0.000000101936
10	108726686	110317704	638	21	0.0003875489	0.000000114216
10	110317705	112561492	662	21	0.0001256805	0.000000104014
10	112561493	115328431	1022	21	0.0000684967	0.000000108321
10	115328432	116421405	494	21	0.0005120678	0.000000099303
10	116421406	119523933	995	21	0.0000458465	0.000000107418
10	119523934	120591352	404	21	0.0000503859	0.000000070505
10	120591353	122407322	678	21	0.0004185783	0.000000122273
10	122407323	123231464	390	21	0.0003037895	0.000000075165
10	123231465	123900544	279	21	0.0000623725	0.000000050126
10	123900545	125869345	855	21	0.0004129105	0.000000122047
10	125869346	128001097	953	21	0.0003832530	0.000000120865
10	128001098	129154361	525	21	-0.0000346139	0.000000086426
10	129154362	130844283	933	21	0.0001411854	0.000000111218
10	130844284	131741326	415	21	0.0003324700	0.000000081045
10	131741327	132580244	412	21	0.0000690253	0.000000067794
10	132580245	134336328	844	21	0.0000757006	0.000000108608
10	134336329	134494672	39	6	0.0000703396	0.000000008584
10	134494673	135523864	276	21	0.0001144195	0.000000050094
11	70855	1213589	252	21	0.0000153414	0.000000041603
11	1213590	3665480	789	21	0.0000825066	0.000000108879
11	3665481	4746708	425	21	0.0000567090	0.000000075095
11	4746709	6322868	982	21	0.0001367636	0.000000111042
11	6322869	7436700	541	21	-0.0000123184	0.000000080453
11	7436701	8333273	488	21	0.0001241447	0.000000095637
11	8333274	9087316	272	21	0.0001368324	0.000000050145
11	9087317	10952026	639	21	0.0005087603	0.000000125867
11	10952027	12564228	1095	21	0.0002243074	0.000000114531
11	12564229	13373123	400	21	0.0001802654	0.000000069840
11	13373124	15742551	770	21	0.0001230670	0.000000108673
11	15742552	17578401	597	21	0.0001805583	0.000000093426
11	17578402	19569534	782	21	0.0000610714	0.000000108025
11	19569535	21017137	782	21	0.0002128441	0.000000114074
11	21017138	22374141	546	21	0.0000871401	0.000000094389
11	22374142	24088516	589	21	0.0001219385	0.000000091984
11	24088517	26045752	653	21	0.0001169154	0.000000110251
11	26045753	27020460	354	21	0.0000778213	0.000000051785
11	27020461	28481592	404	21	0.0000651250	0.000000054858
11	28481593	30141356	411	21	0.0002196426	0.000000070544
11	30141357	32276900	627	21	0.0008160880	0.000000109616
11	32276901	33958738	552	21	0.0006740129	0.000000108605
11	33958739	35502604	809	21	0.0000427519	0.000000107295
11	35502605	37116814	737	21	0.0001630170	0.000000112088
11	37116815	39382002	416	21	0.0000670670	0.000000059167
11	39382003	42310002	913	21	0.0002987119	0.000000117496
11	42310003	44693798	960	21	-0.0000177920	0.000000104882
11	44693799	47006136	706	21	0.0002079163	0.000000113877
11	47006137	49866049	477	21	0.0002709842	0.000000059006
11	49866050	54695472	131	7	-0.0000344604	0.000000008573
11	54695473	55082656	6	3	-0.0000155180	0.000000000549
11	55082657	58457494	1056	21	0.0001922914	0.000000108705
11	58457495	58780548	67	6	0.0000905957	0.000000012119
11	58780549	62223770	981	21	0.0003667457	0.000000120207
11	62223771	63804568	299	21	0.0003903895	0.000000057878
11	63804569	65898630	492	21	0.0000552631	0.000000078966
11	65898631	68005824	316	21	-0.0000592319	0.000000041977
11	68005825	69516129	459	21	0.0001446065	0.000000077061
11	69516130	70926291	460	21	0.0001037213	0.000000086386
11	70926292	72286016	303	21	0.0000387996	0.000000040669
11	72286017	74412350	596	21	0.0001019300	0.000000088305
11	74412351	76797208	759	21	0.0002099157	0.000000113957
11	76797209	78355057	415	21	0.0004370644	0.000000070848
11	78355058	80722372	1056	21	0.0001433881	0.000000111306
11	80722373	81266711	259	21	0.0002869085	0.000000052957
11	81266712	84381271	1163	21	0.0001079919	0.000000109895
11	84381272	86619300	771	21	0.0001633412	0.000000111873
11	86619301	87430234	309	21	0.0001530781	0.000000048291
11	87430235	89208935	563	21	0.0000129714	0.000000093900
11	89208936	90966489	378	21	0.0001933614	0.000000055517
11	90966490	92077143	345	21	0.0000051622	0.000000051431
11	92077144	93276156	396	21	0.0001100644	0.000000060233
11	93276157	94242259	269	21	0.0004001355	0.000000050820
11	94242260	95726040	588	21	0.0001888054	0.000000102919
11	95726041	97057057	494	21	0.0002715427	0.000000095711
11	97057058	98705064	555	21	0.0000595971	0.000000099352
11	98705065	100417168	756	21	0.0001481958	0.000000111497
11	100417169	101331120	404	21	0.0006861109	0.000000086457
11	101331121	103959635	1080	21	0.0002500218	0.000000115555
11	103959636	104873283	283	21	0.0002405273	0.000000037983
11	104873284	106520893	466	21	0.0001989752	0.000000070153
11	106520894	107844199	466	21	0.0001554010	0.000000080101
11	107844200	108437036	135	11	0.0001916047	0.000000023199
11	108437037	109866115	340	21	0.0001701944	0.000000059017
11	109866116	111114396	488	21	0.0001370956	0.000000074594
11	111114397	112459487	381	21	0.0001568141	0.000000059120
11	112459488	114257727	783	21	0.0003553897	0.000000119755
11	114257728	114830665	228	21	0.0001927787	0.000000040174
11	114830666	116383347	651	21	0.0001056574	0.000000109802
11	116383348	117747109	598	21	0.0001456221	0.000000111395
11	117747110	119215475	512	21	0.0003630089	0.000000096910
11	119215476	120766805	621	21	0.0004369455	0.000000123005
11	120766806	121175942	197	21	0.0003166429	0.000000041595
11	121175943	122591909	463	21	0.0002093551	0.000000089040
11	122591910	123500116	415	21	0.0001767752	0.000000081386
11	123500117	124495527	479	21	0.0001524089	0.000000064248
11	124495528	126311319	796	21	0.0001695616	0.000000112349
11	126311320	127316678	558	21	0.0001180680	0.000000089389
11	127316679	128188536	307	21	0.0001710321	0.000000054005
11	128188537	130342574	847	21	0.0002695824	0.000000116335
11	130342575	131074611	363	21	0.0002619897	0.000000072222
11	131074612	133000045	1086	21	0.0000560766	0.000000107826
11	133000046	134205992	544	21	0.0000505694	0.000000104648
11	134205993	134946451	396	21	0.0000705063	0.000000072385
12	61107	1080330	309	21	0.0002855913	0.000000066759
12	1080331	2544785	482	21	0.0000314684	0.000000083074
12	2544786	3677036	505	21	0.0001866455	0.000000099690
12	3677037	4417678	383	21	0.0001061247	0.000000071636
12	4417679	5321471	501	21	-0.0000044832	0.000000087624
12	5321472	6419752	551	21	0.0001059692	0.000000099847
12	6419753	8377535	166	21	0.0000413513	0.000000028100
12	8377536	9031394	0	0	-0.0001875970	0.000000000000
12	9031395	10481533	215	21	0.0000191776	0.000000032302
12	10481534	11754845	332	21	0.0004034510	0.000000062150
12	11754846	12733527	434	21	-0.0000205064	0.000000081009
12	12733528	15241483	1020	21	0.0001049971	0.000000109776
12	15241484	16310459	251	21	-0.0000265678	0.000000038293
12	16310460	18087872	554	21	0.0002989991	0.000000104384
12	18087873	20863942	928	21	0.0002641491	0.000000116118
12	20863943	23820633	1099	21	0.0001350164	0.000000110972
12	23820634	25371082	713	21	0.0002314421	0.000000114815
12	25371083	27799772	1019	21	0.0000781562	0.000000108706
12	27799773	29651254	691	21	0.0001243790	0.000000101931
12	29651255	30512405	461	21	0.0001712450	0.000000074002
12	30512406	32165591	630	21	0.0000861101	0.000000104249
12	32165592	33076988	378	21	0.0001110160	0.000000062396
12	33076989	37856716	355	21	-0.0000473264	0.000000038920
12	37856717	39227168	135	7	0.0000735079	0.000000019940
12	39227169	40816184	497	21	0.0000820760	0.000000070034
12	40816185	41658585	352	21	0.0000589705	0.000000045402
12	41658586	43984473	897	21	0.0000319373	0.000000106864
12	43984474	46024228	475	21	0.0000758705	0.000000064632
12	46024229	47714792	465	21	0.0000232246	0.000000069644
12	47714793	49001865	540	21	0.0000795121	0.000000082342
12	49001866	51776493	628	21	0.0002634983	0.000000096723
12	51776494	53039003	632	21	0.0003099017	0.000000101909
12	53039004	54778822	587	21	0.0002268842	0.000000099054
12	54778823	55665836	273	21	0.0000117138	0.000000041460
12	55665837	57548859	419	21	0.0006249323	0.000000083820
12	57548860	59308665	463	21	0.0001832569	0.000000070173
12	59308666	61123728	451	21	-0.0000142641	0.000000060632
12	61123729	64032460	945	21	0.0001007956	0.000000109608
12	64032461	65559694	375	21	0.0001507184	0.000000065461
12	65559695	67181143	512	21	0.0008723060	0.000000112069
12	67181144	67909728	321	21	0.0000597824	0.000000045226
12	67909729	69826541	812	21	0.0001197218	0.000000110362
12	69826542	70957986	496	21	0.0002225130	0.000000076035
12	70957987	72645074	565	21	0.0001793391	0.000000088068
12	72645075	73818453	302	21	0.0000936973	0.000000045736
12	73818454	76511313	760	21	0.0003725929	0.000000120440
12	76511314	78570569	755	21	0.0001635401	0.000000112109
12	78570570	80448149	401	21	0.0002287048	0.000000067271
12	80448150	81467766	307	21	0.0002171349	0.000000051238
12	81467767	83502665	557	21	0.0001023121	0.000000079959
12	83502666	84303843	230	21	0.0001047240	0.000000030397
12	84303844	85990425	392	21	-0.0000050643	0.000000043911
12	85990426	89682121	749	21	0.0001312354	0.000000097485
12	89682122	92066154	642	21	0.0002423643	0.000000087492
12	92066155	94514566	901	21	0.0000468278	0.000000107457
12	94514567	96020784	690	21	0.0002278750	0.000000114673
12	96020785	97108838	453	21	0.0002185678	0.000000082390
12	97108839	99305986	927	21	0.0000490747	0.000000107547
12	99305987	101447640	652	21	0.0000278987	0.000000103064
12	101447641	101862689	148	16	0.0001016529	0.000000026045
12	101862690	102964985	334	21	0.0002109818	0.000000061899
12	102964986	104848695	758	21	0.0005493812	0.000000127486
12	104848696	106436212	845	21	0.0000667423	0.000000108251
12	106436213	106958747	230	21	0.0003359408	0.000000049725
12	106958748	109025900	740	21	0.0001568860	0.000000111159
12	109025901	110336718	399	21	0.0000356820	0.000000061543
12	110336719	113263517	462	21	0.0001743768	0.000000067252
12	113263518	113986708	211	21	-0.0000642977	0.000000029823
12	113986709	115036601	539	21	0.0000934830	0.000000088412
12	115036602	115503215	192	21	0.0002121714	0.000000041349
12	115503216	117087470	745	21	0.0001251232	0.000000110578
12	117087471	118135374	457	21	0.0000770891	0.000000083345
12	118135375	119754109	681	21	-0.0000478391	0.000000103684
12	119754110	122007650	675	21	0.0003278061	0.000000116148
12	122007651	124977979	693	21	0.0008605848	0.000000138288
12	124977980	126445504	614	21	0.0002273797	0.000000114653
12	126445505	127875097	638	21	0.0002230928	0.000000109705
12	127875098	129237296	692	21	0.0001309668	0.000000110811
12	129237297	130377920	677	21	0.0000627428	0.000000108092
12	130377921	131786750	730	21	0.0008948953	0.000000141256
12	131786751	132807033	290	21	0.0003061296	0.000000058092
12	132807034	133841510	168	21	0.0001757955	0.000000033402
13	19020013	20686719	288	21	0.0001699941	0.000000049583
13	20686720	22242173	579	21	0.0001889474	0.000000100454
13	22242174	23594701	664	21	0.0000150216	0.000000106190
13	23594702	24531936	506	21	0.0001409429	0.000000090298
13	24531937	25784361	641	21	0.0001548855	0.000000111764
13	25784362	27284361	541	21	0.0002091004	0.000000091679
13	27284362	29257550	848	21	0.0000011447	0.000000105637
13	29257551	30483266	501	21	0.0000933808	0.000000081137
13	30483267	32301814	767	21	0.0000773309	0.000000108673
13	32301815	33776902	576	21	0.0004809716	0.000000104036
13	33776903	35026463	453	21	-0.0000671718	0.000000068441
13	35026464	36046366	220	21	0.0000556668	0.000000038040
13	36046367	37498184	644	21	0.0002173862	0.000000114255
13	37498185	38878162	543	21	0.0002104143	0.000000080759
13	38878163	41069262	866	21	0.0003188030	0.000000118297
13	41069263	43101026	627	21	0.0001974291	0.000000098106
13	43101027	44901408	800	21	0.0000158038	0.000000106221
13	44901409	46495213	528	21	0.0003492989	0.000000098802
13	46495214	47431078	362	21	0.0001412491	0.000000059984
13	47431079	49383961	615	21	0.0003547852	0.000000106828
13	49383962	51591090	743	21	0.0005058045	0.000000125749
13	51591091	53339621	449	21	0.0001649961	0.000000078522
13	53339622	54682863	523	21	0.0000611509	0.000000084916
13	54682864	55817130	319	21	0.0001890828	0.000000049506
13	55817131	57554216	297	21	0.0000120420	0.000000031612
13	57554217	58410625	203	21	0.0001197729	0.000000027965
13	58410626	59302270	216	21	0.0003950832	0.000000041848
13	59302271	60854777	551	21	0.0001287419	0.000000085617
13	60854778	61591948	284	21	0.0014101997	0.000000097768
13	61591949	63971558	635	21	0.0001830306	0.000000103364
13	63971559	65200601	301	21	0.0003011210	0.000000046500
13	65200602	67844452	782	21	0.0002374895	0.000000115056
13	67844453	70724515	886	21	0.0001704543	0.000000112384
13	70724516	71526790	315	21	0.0000014049	0.000000050862
13	71526791	73934088	841	21	0.0002650907	0.000000116156
13	73934089	75670142	733	21	0.0000464097	0.000000107441
13	75670143	77410554	782	21	0.0003300352	0.000000118744
13	77410555	78808812	435	21	0.0000229687	0.000000059973
13	78808813	80585675	573	21	0.0005368635	0.000000104926
13	80585676	82581813	607	21	0.0001130756	0.000000099006
13	82581814	84133143	391	21	0.0001778922	0.000000049064
13	84133144	85610915	411	21	0.0003055659	0.000000069463
13	85610916	88559881	755	21	0.0001209878	0.000000106318
13	88559882	90521310	465	21	0.0003066180	0.000000071637
13	90521311	93129690	858	21	0.0002694614	0.000000116330
13	93129691	93586454	121	16	0.0000843730	0.000000023560
13	93586455	96087557	1196	21	0.0001158599	0.000000110209
13	96087558	97519209	357	21	0.0000578103	0.000000058164
13	97519210	98938918	432	21	0.0001722865	0.000000083394
13	98938919	100574094	783	21	0.0001425615	0.000000111273
13	100574095	102300522	766	21	0.0000562426	0.000000107833
13	102300523	104066709	925	21	0.0003065635	0.000000117809
13	104066710	104844113	307	21	-0.0000096538	0.000000048324
13	104844114	106247553	621	21	0.0000148331	0.000000106182
13	106247554	106749999	271	21	0.0000292842	0.000000044021
13	106750000	108189876	605	21	0.0000913153	0.000000109230
13	108189877	109121209	432	21	0.0003014276	0.000000086990
13	109121210	109815111	327	21	0.0000895305	0.000000057937
13	109815112	111232072	751	21	0.0001818385	0.000000112838
13	111232073	112247591	459	21	0.0000279385	0.000000079415
13	112247592	113572487	458	21	0.0002234034	0.000000089598
13	113572488	115109852	408	21	0.0000555994	0.000000069632
14	19002084	21589401	586	21	0.0002685092	0.000000116292
14	21589402	23018664	698	21	0.0001782224	0.000000112694
14	23018665	24905122	692	21	0.0000614964	0.000000108042
14	24905123	26135685	556	21	0.0002241309	0.000000085672
14	26135686	28466532	691	21	0.0001400188	0.000000111171
14	28466533	29972144	379	21	0.0000860784	0.000000062047
14	29972145	32383264	589	21	0.0002071927	0.000000106808
14	32383265	34846250	1254	21	0.0000062808	0.000000105841
14	34846251	35859592	246	21	0.0004248765	0.000000054062
14	35859593	38667724	874	21	0.0000311534	0.000000106833
14	38667725	40341989	542	21	0.0003351965	0.000000092717
14	40341990	41615501	347	21	0.0000021599	0.000000040875
14	41615502	43137388	415	21	0.0000691275	0.000000058824
14	43137389	44543226	356	21	0.0001548941	0.000000064560
14	44543227	46081895	379	21	0.0006828168	0.000000081213
14	46081896	46749129	188	16	0.0001857449	0.000000027154
14	46749130	48573585	585	21	0.0001829185	0.000000100214
14	48573586	49005470	112	13	0.0000217181	0.000000015914
14	49005471	50507759	462	21	0.0000917910	0.000000078886
14	50507760	51493571	365	21	0.0003521584	0.000000074296
14	51493572	53474382	845	21	0.0001052353	0.000000109785
14	53474383	53997830	176	19	0.0000786418	0.000000028157
14	53997831	55233680	447	21	0.0000453679	0.000000079011
14	55233681	56216879	292	21	0.0000980377	0.000000044664
14	56216880	57481261	665	21	0.0001591186	0.000000111933
14	57481262	59448335	707	21	0.0001229742	0.000000110492
14	59448336	61680423	608	21	0.0002097841	0.000000090159
14	61680424	63790014	811	21	0.0001326619	0.000000110878
14	63790015	65220297	351	21	0.0002739148	0.000000065025
14	65220298	66399554	407	21	0.0001536076	0.000000068998
14	66399555	67992316	418	21	0.0001838810	0.000000050132
14	67992317	71131956	1239	21	0.0001010348	0.000000109618
14	71131957	72889614	677	21	0.0001156513	0.000000108833
14	72889615	76444766	1152	21	0.0002021476	0.000000113647
14	76444767	77229471	351	21	0.0001278783	0.000000063703
14	77229472	78561944	637	21	0.0001211385	0.000000107914
14	78561945	80186578	610	21	0.0001420655	0.000000104441
14	80186579	81579713	509	21	0.0001626255	0.000000086083
14	81579714	83138096	472	21	0.0000708632	0.000000075004
14	83138097	84241632	378	21	0.0000697204	0.000000060760
14	84241633	85746318	469	21	0.0002861342	0.000000088353
14	85746319	86647001	305	21	0.0000611053	0.000000050495
14	86647002	87635340	304	21	0.0001074972	0.000000052749
14	87635341	89497642	606	21	0.0002701296	0.000000093883
14	89497643	91296859	696	21	0.0000864598	0.000000109037
14	91296860	93132298	673	21	0.0001920018	0.000000113243
14	93132299	94325284	413	21	0.0000286338	0.000000065118
14	94325285	95750866	874	21	0.0000510738	0.000000107627
14	95750867	96262414	376	21	0.0001470011	0.000000066167
14	96262415	98341161	836	21	0.0001429073	0.000000111287
14	98341162	99138531	369	21	0.0000430517	0.000000055462
14	99138532	101534306	894	21	0.0002256908	0.000000114586
14	101534307	103012101	431	21	0.0000811975	0.000000076938
14	103012102	105001722	473	21	0.0001218581	0.000000078334
14	105001723	106340357	155	21	0.0002351184	0.000000035944
14	106340358	107289453	38	5	-0.0000040991	0.000000006243
15	20001200	21131603	6	2	0.0000006969	0.000000001186
15	21131604	24195126	294	21	0.0001690877	0.000000060240
15	24195127	25108589	193	21	0.0000652905	0.000000033510
15	25108590	27298111	852	21	-0.0000167598	0.000000104923
15	27298112	29338501	466	21	0.0002440608	0.000000088438
15	29338502	30165567	292	21	0.0003616995	0.000000062595
15	30165568	31591820	298	21	0.0001247765	0.000000056376
15	31591821	32441810	261	21	0.0000344755	0.000000042152
15	32441811	34015424	726	21	0.0000581058	0.000000107907
15	34015425	35083250	402	21	0.0003287656	0.000000079385
15	35083251	37456501	930	21	0.0000379002	0.000000107102
15	37456502	38530776	346	21	0.0001396806	0.000000064597
15	38530777	40384131	777	21	0.0000620941	0.000000108066
15	40384132	41177513	233	21	0.0000768486	0.000000040110
15	41177514	42776398	430	21	0.0010386240	0.000000108834
15	42776399	44198048	272	17	0.0002029735	0.000000039147
15	44198049	46618786	496	21	-0.0000044145	0.000000069630
15	46618787	48136047	584	21	0.0001437246	0.000000093072
15	48136048	50008042	444	21	0.0001528924	0.000000066401
15	50008043	51677559	610	21	0.0002410736	0.000000093614
15	51677560	53069095	404	21	0.0002679878	0.000000064578
15	53069096	54508527	629	21	0.0000040153	0.000000099847
15	54508528	55136268	253	21	0.0000501330	0.000000048387
15	55136269	56901772	535	21	0.0002396638	0.000000102921
15	56901773	58441365	625	21	0.0000691811	0.000000108348
15	58441366	59694115	511	21	0.0001199017	0.000000102203
15	59694116	61265835	665	21	0.0001498928	0.000000111565
15	61265836	63215221	914	21	0.0002225953	0.000000114462
15	63215222	65104667	490	21	0.0003565694	0.000000089616
15	65104668	67094766	617	21	0.0000739099	0.000000107853
15	67094767	69017998	744	21	0.0001447533	0.000000111360
15	69017999	70133340	295	21	0.0001623304	0.000000055128
15	70133341	71922648	701	21	0.0002197886	0.000000114351
15	71922649	73628713	366	21	0.0002225461	0.000000056042
15	73628714	76398623	595	21	0.0003835085	0.000000115641
15	76398624	78516052	528	21	0.0001731640	0.000000077977
15	78516053	80860977	981	21	-0.0000680189	0.000000102880
15	80860978	84260467	907	21	0.0001880669	0.000000113086
15	84260468	86652904	772	21	0.0001412838	0.000000111222
15	86652905	88369942	764	21	0.0000653724	0.000000108196
15	88369943	90475550	715	21	0.0012456090	0.000000155234
15	90475551	92164391	621	21	-0.0000651879	0.000000102993
15	92164392	93780901	808	21	0.0000900129	0.000000109178
15	93780902	94924329	567	21	0.0002847851	0.000000116941
15	94924330	96141595	580	21	0.0000815119	0.000000108840
15	96141596	98030909	743	21	0.0001448705	0.000000111365
15	98030910	99244058	561	21	0.0001110307	0.000000110016
15	99244059	100636846	546	21	0.0005085568	0.000000122211
15	100636847	101552693	404	21	0.0001245891	0.000000078442
15	101552694	102520965	429	21	0.0000372636	0.000000082643
16	60054	1207205	289	21	-0.0000011663	0.000000054346
16	1207206	2764828	360	21	-0.0000558514	0.000000059412
16	2764829	4001195	300	21	0.0003399306	0.000000070186
16	4001196	5118344	374	21	0.0001384178	0.000000078120
16	5118345	5891579	346	21	0.0000500122	0.000000068332
16	5891580	6893550	699	21	0.0002018065	0.000000113634
16	6893551	7529120	480	21	0.0001531309	0.000000098805
16	7529121	8338518	535	21	0.0000733960	0.000000104649
16	8338519	9799418	707	21	0.0001018612	0.000000109651
16	9799419	10426031	368	21	-0.0000506622	0.000000057482
16	10426032	11520160	438	21	0.0000431892	0.000000083761
16	11520161	12613097	396	21	0.0014696335	0.000000134686
16	12613098	13154436	307	21	0.0001628668	0.000000057251
16	13154437	14464001	558	21	0.0000102053	0.000000096935
16	14464002	16154059	313	21	0.0002567516	0.000000062231
16	16154060	17644748	392	21	0.0001277734	0.000000074441
16	17644749	18643606	174	21	0.0001842299	0.000000038000
16	18643607	20150570	419	21	0.0002165815	0.000000073859
16	20150571	22448903	433	21	0.0002804585	0.000000072954
16	22448904	24136874	505	21	0.0000349203	0.000000083211
16	24136875	25986861	746	21	0.0000421723	0.000000107272
16	25986862	27445754	644	21	0.0001415447	0.000000111232
16	27445755	29036612	335	21	0.0000304841	0.000000048237
16	29036613	31382942	267	21	0.0003453299	0.000000056513
16	31382943	46399472	122	16	0.0004684386	0.000000037091
16	46399473	49007925	299	21	0.0002874986	0.000000050701
16	49007926	52035822	1082	21	0.0003283688	0.000000118678
16	52035823	53382571	452	21	0.0002438190	0.000000072359
16	53382572	55903773	1179	21	0.0001108638	0.000000110009
16	55903774	57664329	633	21	0.0000058686	0.000000105825
16	57664330	59045404	509	21	0.0001094305	0.000000095052
16	59045405	60745693	500	21	0.0001126475	0.000000087625
16	60745694	62229848	359	21	0.0000800414	0.000000052082
16	62229849	63691588	441	21	0.0003156622	0.000000084936
16	63691589	65938565	807	21	0.0001802603	0.000000112775
16	65938566	68841362	675	21	0.0002790739	0.000000111935
16	68841363	71054027	385	21	0.0001546080	0.000000066896
16	71054028	72935149	452	21	-0.0000518419	0.000000066667
16	72935150	74971502	790	21	0.0000464617	0.000000107443
16	74971503	75977953	227	21	0.0002377432	0.000000047496
16	75977954	77523677	681	21	0.0002047254	0.000000113750
16	77523678	78456291	642	21	0.0000317129	0.000000106855
16	78456292	79134814	560	21	0.0003083922	0.000000117882
16	79134815	80297373	781	21	0.0002190781	0.000000114322
16	80297374	81772535	787	21	0.0001769579	0.000000112644
16	81772536	82747727	584	21	0.0000360918	0.000000107029
16	82747728	83477207	605	21	-0.0000347815	0.000000104205
16	83477208	84445882	711	21	0.0002149842	0.000000114159
16	84445883	85148684	463	21	0.0000984501	0.000000096629
16	85148685	86156598	473	21	0.0001758367	0.000000102178
16	86156599	86815410	526	21	-0.0000435671	0.000000103855
16	86815411	87647348	360	21	0.0001724071	0.000000077295
16	87647349	89041164	354	21	0.0007227558	0.000000097174
16	89041165	90292811	313	21	0.0005327658	0.000000078461
17	56	1172398	307	21	0.0001350468	0.000000063774
17	1172399	1928730	250	21	0.0003768617	0.000000058176
17	1928731	3702311	635	21	0.0002541491	0.000000115720
17	3702312	4696260	358	21	0.0000131650	0.000000060865
17	4696261	5741333	390	21	0.0005536543	0.000000085069
17	5741334	7317397	629	21	0.0002148553	0.000000114154
17	7317398	8306424	315	21	0.0001372557	0.000000062372
17	8306425	9965920	652	21	0.0000012896	0.000000105642
17	9965921	11102814	470	21	0.0001217170	0.000000083579
17	11102815	12534768	552	21	0.0001081658	0.000000104674
17	12534769	13180371	299	21	0.0001379947	0.000000059432
17	13180372	13894636	366	21	0.0000700387	0.000000070420
17	13894637	15019096	598	21	0.0001309358	0.000000110353
17	15019097	16412341	320	21	0.0002758866	0.000000064045
17	16412342	18856319	564	21	0.0000326869	0.000000085110
17	18856320	21290356	380	21	0.0002003266	0.000000066999
17	21290357	27334243	508	21	0.0000671164	0.000000087807
17	27334244	29786490	500	21	0.0001581393	0.000000062986
17	29786491	31538424	544	21	0.0002215046	0.000000100181
17	31538425	32912797	828	21	0.0001557816	0.000000111800
17	32912798	34469035	509	21	0.0000906084	0.000000084102
17	34469036	36809343	513	21	0.0002886898	0.000000097280
17	36809344	38877403	445	21	0.0007250892	0.000000097050
17	38877404	39899809	324	21	0.0000284166	0.000000041085
17	39899810	41772086	375	21	0.0009637924	0.000000084309
17	41772087	43056904	340	21	0.0004747368	0.000000066017
17	43056905	45876021	600	21	0.0003964033	0.000000094269
17	45876022	47517399	535	21	0.0001693567	0.000000082402
17	47517400	49898956	768	21	-0.0000191801	0.000000104827
17	49898957	50719054	285	21	0.0000459459	0.000000041984
17	50719055	51826117	308	21	0.0000512579	0.000000042608
17	51826118	53599431	615	21	0.0000132367	0.000000099537
17	53599432	55357540	607	21	0.0004382480	0.000000112847
17	55357541	57487511	684	21	0.0002887530	0.000000117099
17	57487512	59312754	245	21	0.0001055273	0.000000031846
17	59312755	61545588	441	21	0.0002624668	0.000000080868
17	61545589	63148127	305	21	0.0002558617	0.000000050693
17	63148128	64800429	633	21	0.0001676929	0.000000103655
17	64800430	67858769	943	21	0.0001947122	0.000000113351
17	67858770	69387816	646	21	0.0002182044	0.000000108604
17	69387817	72672202	1423	21	0.0001986329	0.000000113507
17	72672203	74375559	411	21	0.0000159829	0.000000071089
17	74375560	76263412	721	21	0.0001432785	0.000000111301
17	76263413	77298635	463	21	0.0002346870	0.000000101601
17	77298636	78837587	529	21	0.0001560395	0.000000100042
17	78837588	80034407	239	21	-0.0000323183	0.000000041794
17	80034408	81194907	310	21	-0.0000403080	0.000000045437
18	10644	912485	398	21	0.0002085660	0.000000077862
18	912486	1942910	365	21	0.0001636050	0.000000060446
18	1942911	3891657	762	21	-0.0000076782	0.000000105285
18	3891658	5834179	782	21	-0.0000853147	0.000000102191
18	5834180	7090484	573	21	0.0001587236	0.000000106009
18	7090485	8498930	579	21	0.0002131366	0.000000108855
18	8498931	11075912	1261	21	0.0002528784	0.000000115669
18	11075913	11905439	253	21	0.0001668554	0.000000049667
18	11905440	14440798	744	21	0.0001745424	0.000000112547
18	14440799	19485843	158	16	0.0001355779	0.000000026179
18	19485844	20649471	299	21	0.0006147277	0.000000069459
18	20649472	22996650	824	21	0.0001012405	0.000000109626
18	22996651	24026190	313	21	0.0002058221	0.000000060005
18	24026191	25927681	785	21	0.0001953434	0.000000113376
18	25927682	26875586	246	21	0.0000410202	0.000000036025
18	26875587	27866477	269	21	0.0001480846	0.000000041895
18	27866478	30264065	884	21	0.0002697700	0.000000116343
18	30264066	31780066	345	21	0.0000807682	0.000000051272
18	31780067	33861963	613	21	0.0001365899	0.000000093011
18	33861964	35075249	483	21	0.0000708919	0.000000080025
18	35075250	36365489	493	21	-0.0000605246	0.000000062872
18	36365490	37684366	352	21	0.0001342380	0.000000050460
18	37684367	39892647	772	21	0.0001039544	0.000000107002
18	39892648	42922105	930	21	0.0001328304	0.000000110885
18	42922106	44299245	692	21	0.0000700165	0.000000108382
18	44299246	45939731	595	21	-0.0000043914	0.000000097255
18	45939732	47730583	785	21	0.0001068354	0.000000109849
18	47730584	51062184	1182	21	0.0001761212	0.000000112610
18	51062185	51554174	174	15	0.0000952738	0.000000026195
18	51554175	55213837	1115	21	0.0003992311	0.000000121502
18	55213838	56530219	609	21	0.0000360900	0.000000104753
18	56530220	57630482	581	21	0.0000704073	0.000000106120
18	57630483	59020750	436	21	0.0002041669	0.000000078338
18	59020751	60277714	543	21	0.0004856216	0.000000104665
18	60277715	61820251	576	21	0.0002378713	0.000000094816
18	61820252	63463401	520	21	0.0001708299	0.000000080932
18	63463402	64252800	242	21	0.0001348594	0.000000037071
18	64252801	66125816	729	21	0.0001200960	0.000000110377
18	66125817	67175819	326	21	0.0001509874	0.000000061217
18	67175820	68621178	463	21	-0.0000143387	0.000000081034
18	68621179	69621617	383	21	0.0001272234	0.000000067095
18	69621618	71038473	563	21	0.0002529013	0.000000104346
18	71038474	71971461	491	21	0.0001134257	0.000000095434
18	71971462	73526986	659	21	0.0001972513	0.000000113452
18	73526987	74813814	593	21	0.0000658682	0.000000108216
18	74813815	75976316	592	21	0.0001496820	0.000000109961
18	75976317	77149990	411	21	0.0000691469	0.000000063938
18	77149991	78017157	265	21	0.0004768897	0.000000061922
19	80840	610728	91	21	0.0003250970	0.000000029450
19	610729	2098395	270	21	0.0004821776	0.000000071364
19	2098396	3019659	230	21	0.0000032990	0.000000043617
19	3019660	4348966	301	21	0.0002089866	0.000000065638
19	4348967	5811851	401	21	0.0000199167	0.000000077344
19	5811852	6684884	202	21	0.0000952956	0.000000040016
19	6684885	8347512	511	21	0.0000808611	0.000000095481
19	8347513	9238392	263	21	0.0000935000	0.000000039739
19	9238393	11284027	498	21	0.0002134248	0.000000083496
19	11284028	13471126	418	21	0.0003738690	0.000000083769
19	13471127	14486346	200	21	0.0002541385	0.000000044029
19	14486347	15648609	365	21	0.0002048170	0.000000068458
19	15648610	16374415	362	21	0.0002607116	0.000000057552
19	16374416	18409861	547	21	-0.0000040456	0.000000100205
19	18409862	19877470	327	21	0.0000394007	0.000000054262
19	19877471	20905756	129	20	0.0002536923	0.000000031636
19	20905757	22732895	310	21	0.0004587061	0.000000059331
19	22732896	23467745	127	13	0.0005891156	0.000000039847
19	23467746	28557892	276	21	0.0005406229	0.000000055956
19	28557893	29790946	467	21	0.0004002449	0.000000089383
19	29790947	30727953	332	21	0.0002781053	0.000000066038
19	30727954	32746519	641	21	0.0002182450	0.000000114289
19	32746520	34262951	510	21	0.0003617048	0.000000099073
19	34262952	36469294	659	21	0.0000848579	0.000000108973
19	36469295	37527032	233	20	0.0002268834	0.000000036430
19	37527033	40170618	636	21	0.0001281396	0.000000103434
19	40170619	40984600	186	21	0.0002382214	0.000000037486
19	40984601	42131572	301	21	0.0004491726	0.000000067737
19	42131573	43862454	167	21	0.0003465928	0.000000038520
19	43862455	44744107	298	21	0.0000060645	0.000000043519
19	44744108	46102696	361	21	0.0001560153	0.000000069952
19	46102697	47150081	291	21	0.0001941088	0.000000058487
19	47150082	49282226	591	21	0.0001475912	0.000000104435
19	49282227	51532566	613	21	0.0002278323	0.000000114671
19	51532567	52985289	640	21	0.0002207121	0.000000114387
19	52985290	54602361	484	21	0.0003235181	0.000000103568
19	54602362	55728079	354	21	0.0000297515	0.000000064518
19	55728080	57521334	675	21	0.0047937655	0.000000296642
19	57521335	59118838	544	21	0.0002117608	0.000000099346
20	60479	697599	270	21	0.0000538408	0.000000050627
20	697600	2469500	1002	21	0.0000156268	0.000000106214
20	2469501	3828412	497	21	0.0002449009	0.000000094652
20	3828413	5477849	800	21	0.0001388770	0.000000111126
20	5477850	7084072	736	21	0.0012887147	0.000000156952
20	7084073	8117010	408	21	0.0003634835	0.000000072396
20	8117011	9730920	778	21	0.0002058260	0.000000113794
20	9730921	11249535	729	21	0.0002764702	0.000000116610
20	11249536	12447498	499	21	0.0002075965	0.000000079777
20	12447499	13689863	550	21	0.0001278202	0.000000093330
20	13689864	15958358	985	21	0.0000902440	0.000000109188
20	15958359	17487231	944	21	0.0001678203	0.000000112279
20	17487232	18972202	615	21	0.0001523076	0.000000105753
20	18972203	20959709	890	21	0.0001292459	0.000000110742
20	20959710	22491455	407	21	0.0001175405	0.000000056300
20	22491456	23293789	360	21	0.0001942539	0.000000061659
20	23293790	24717723	528	21	0.0002950970	0.000000091345
20	24717724	25344230	222	21	0.0000009326	0.000000027720
20	25344231	31614822	597	21	0.0000763040	0.000000080897
20	31614823	32813440	293	21	0.0000935489	0.000000045315
20	32813441	34960445	461	21	0.0005446705	0.000000070043
20	34960446	36909529	490	21	0.0001754280	0.000000075249
20	36909530	38436760	513	21	0.0000117053	0.000000073526
20	38436761	39610855	467	21	0.0001381312	0.000000084011
20	39610856	40585688	290	21	0.0001475431	0.000000049736
20	40585689	41615459	582	21	-0.0000426909	0.000000102751
20	41615460	42680175	394	21	0.0001140054	0.000000070869
20	42680176	44839055	785	21	0.0004839586	0.000000124879
20	44839056	47199979	1025	21	0.0001302366	0.000000110782
20	47199980	49239657	761	21	0.0004734554	0.000000124460
20	49239658	52472548	1344	21	0.0001611357	0.000000112013
20	52472549	54055265	613	21	0.0002555446	0.000000115776
20	54055266	56447958	1140	21	0.0000424697	0.000000107284
20	56447959	58406571	885	21	0.0001234459	0.000000110511
20	58406572	59561723	540	21	0.0002449964	0.000000097990
20	59561724	61301854	750	21	0.0000318998	0.000000106862
20	61301855	62190179	293	21	0.0008596732	0.000000086941
20	62190180	62965162	235	21	0.0000674540	0.000000042421
21	9411243	15950981	280	21	0.0001780187	0.000000053863
21	15950982	18053164	655	21	0.0001264421	0.000000110630
21	18053165	19480374	437	21	0.0001341475	0.000000083194
21	19480375	20962338	609	21	0.0001818753	0.000000112840
21	20962339	22072763	355	21	0.0002770387	0.000000070251
21	22072764	23362874	525	21	0.0000630139	0.000000084990
21	23362875	24696230	354	21	0.0000515042	0.000000057702
21	24696231	26469121	650	21	0.0001680232	0.000000110237
21	26469122	27271018	222	21	0.0002224246	0.000000044008
21	27271019	29125225	871	21	0.0001956333	0.000000113388
21	29125226	31197024	692	21	0.0001878293	0.000000103105
21	31197025	32668641	453	21	0.0001354485	0.000000062725
21	32668642	34376998	663	21	0.0002382927	0.000000115088
21	34376999	35225464	289	21	0.0001406837	0.000000055322
21	35225465	36524372	568	21	0.0001702878	0.000000112378
21	36524373	37870778	538	21	0.0001309266	0.000000089236
21	37870779	38711703	313	21	0.0000219957	0.000000043940
21	38711704	40482901	840	21	0.0005118989	0.000000125992
21	40482902	41389526	498	21	0.0001082587	0.000000076923
21	41389527	43321527	1010	21	0.0000653005	0.000000108194
21	43321528	44506267	690	21	0.0002849261	0.000000116947
21	44506268	46177104	573	21	0.0001807223	0.000000112337
21	46177105	47492225	502	21	-0.0000266854	0.000000084965
21	47492226	48119751	240	21	-0.0000029808	0.000000036546
22	16050408	17674294	213	21	0.0000272491	0.000000039593
22	17674295	18296087	256	21	0.0001319631	0.000000049328
22	18296088	19912357	534	21	0.0003474335	0.000000102956
22	19912358	22357324	595	21	0.0005989147	0.000000113181
22	22357325	23712646	334	21	0.0000619646	0.000000056634
22	23712647	24984203	360	21	0.0002209182	0.000000058706
22	24984204	26791627	744	21	0.0000871206	0.000000109063
22	26791628	27834751	737	21	0.0000822724	0.000000108870
22	27834752	29651798	578	21	0.0005625670	0.000000127326
22	29651799	31439917	550	21	0.0003167238	0.000000092864
22	31439918	32664985	355	21	0.0001797647	0.000000060240
22	32664986	34494913	928	21	-0.0000014378	0.000000105534
22	34494914	35530984	493	21	0.0000707072	0.000000069368
22	35530985	37570268	837	21	0.0000145106	0.000000106169
22	37570269	39307893	533	21	0.0010992633	0.000000138480
22	39307894	40545796	336	21	0.0003744403	0.000000073256
22	40545797	42690817	464	21	0.0002093814	0.000000066718
22	42690818	43714199	405	21	0.0000381123	0.000000070235
22	43714200	44995307	701	21	0.0000891917	0.000000109146
22	44995308	46470494	621	21	0.0001575554	0.000000111870
22	46470495	47596317	453	21	0.0004030930	0.000000097178
22	47596318	48903702	738	21	0.0001405376	0.000000111192
22	48903703	49824533	611	21	0.0000459037	0.000000107421
22	49824534	51243297	391	21	0.0002431170	0.000000077285
