chr	start	end	num_snp	k	local_rho	var
1	10583	1892606	169	29	-0.0000090960	0.0000000080
1	1892607	3582735	496	40	-0.0000003728	0.0000000197
1	3582736	4380810	285	40	0.0001272137	0.0000000125
1	4380811	5913892	903	40	0.0000118200	0.0000000236
1	5913893	7247334	417	40	0.0001487262	0.0000000175
1	7247335	9365198	694	40	0.0000053809	0.0000000246
1	9365199	10806983	352	40	-0.0000877586	0.0000000127
1	10806984	11777840	258	40	0.0000984388	0.0000000135
1	11777841	12779465	240	40	-0.0000029296	0.0000000118
1	12779466	14891510	603	40	-0.0000122068	0.0000000264
1	14891511	16897729	711	40	-0.0000611768	0.0000000242
1	16897730	18662898	623	40	-0.0000362125	0.0000000263
1	18662899	20469148	720	40	0.0000221205	0.0000000254
1	20469149	21736587	440	40	0.0000053139	0.0000000186
1	21736588	23086882	487	40	-0.0000217500	0.0000000256
1	23086883	23920589	213	26	-0.0000159045	0.0000000080
1	23920590	25516844	506	40	-0.0000401923	0.0000000198
1	25516845	27401866	397	40	-0.0000081298	0.0000000133
1	27401867	30161880	586	40	-0.0000036869	0.0000000196
1	30161881	32438684	949	40	-0.0000053487	0.0000000239
1	32438685	34799757	678	40	-0.0001975789	0.0000000245
1	34799758	37549182	619	40	0.0000724767	0.0000000259
1	37549183	38731846	406	40	0.0000339842	0.0000000153
1	38731847	40200566	424	40	-0.0000591698	0.0000000168
1	40200567	41975326	553	40	-0.0001026672	0.0000000188
1	41975327	43758456	543	40	0.0000769235	0.0000000210
1	43758457	44969182	347	34	0.0001157490	0.0000000133
1	44969183	46899500	434	38	0.0000121216	0.0000000111
1	46899501	48002575	303	34	0.0000416450	0.0000000122
1	48002576	48978187	356	40	-0.0000390523	0.0000000138
1	48978188	49894176	243	28	-0.0000627192	0.0000000088
1	49894177	51713725	278	26	0.0000020852	0.0000000067
1	51713726	54226261	539	40	-0.0000852040	0.0000000199
1	54226262	56413116	824	40	-0.0000309464	0.0000000229
1	56413117	57021727	266	31	0.0000152105	0.0000000097
1	57021728	58865398	904	40	-0.0002371428	0.0000000253
1	58865399	59890408	396	40	0.0000473655	0.0000000158
1	59890409	61922364	676	40	0.0000331326	0.0000000223
1	61922365	63455088	479	40	0.0000338803	0.0000000188
1	63455089	65041703	671	40	0.0000834138	0.0000000224
1	65041704	66939403	644	40	0.0001194336	0.0000000221
1	66939404	68477894	682	40	0.0000821030	0.0000000218
1	68477895	69687615	386	40	-0.0001054868	0.0000000259
1	69687616	71372469	551	40	0.0000174167	0.0000000194
1	71372470	71684404	88	10	0.0000259897	0.0000000028
1	71684405	74326906	544	40	0.0000300175	0.0000000179
1	74326907	76728134	702	40	0.0000705540	0.0000000220
1	76728135	79661197	967	40	0.0000363444	0.0000000247
1	79661198	81354190	500	40	0.0000093717	0.0000000169
1	81354191	83991747	1001	40	0.0000402439	0.0000000241
1	83991748	84844494	335	36	-0.0000065603	0.0000000109
1	84844495	86454750	635	40	0.0001159501	0.0000000234
1	86454751	88128630	578	40	-0.0000321002	0.0000000221
1	88128631	90066302	522	40	-0.0000988431	0.0000000193
1	90066303	91886316	591	40	-0.0001705071	0.0000000237
1	91886317	93536458	507	40	-0.0000717730	0.0000000171
1	93536459	94506190	256	27	0.0000574170	0.0000000086
1	94506191	96150892	671	40	0.0000063430	0.0000000230
1	96150893	97885248	646	40	0.0000356295	0.0000000175
1	97885249	99800603	663	40	0.0001353006	0.0000000203
1	99800604	100826404	318	36	0.0000284636	0.0000000099
1	100826405	102041015	466	40	-0.0001249124	0.0000000161
1	102041016	102898744	293	38	-0.0000748409	0.0000000092
1	102898745	103914210	193	21	0.0000178980	0.0000000074
1	103914211	106087841	494	40	-0.0000496429	0.0000000153
1	106087842	108409664	754	40	-0.0001163476	0.0000000254
1	108409665	110303930	462	40	0.0000594043	0.0000000163
1	110303931	111741736	581	40	0.0001248694	0.0000000235
1	111741737	113273305	678	40	-0.0000268810	0.0000000255
1	113273306	114873844	542	40	-0.0000124105	0.0000000183
1	114873845	115880592	340	38	0.0000456793	0.0000000136
1	115880593	118839066	859	40	0.0000275507	0.0000000256
1	118839067	144977493	513	40	0.0000313238	0.0000000179
1	144977494	148361252	439	40	-0.0000362364	0.0000000156
1	148361253	151538880	304	30	-0.0000258479	0.0000000110
1	151538881	153180828	489	40	-0.0001157905	0.0000000165
1	153180829	154770402	454	40	-0.0000869403	0.0000000170
1	154770403	156336132	298	37	0.0000075937	0.0000000115
1	156336133	158027411	548	40	0.0000978998	0.0000000193
1	158027412	159913047	635	40	-0.0001553040	0.0000000227
1	159913048	162346720	734	40	0.0002248686	0.0000000242
1	162346721	165191701	1231	40	-0.0000812164	0.0000000219
1	165191702	166460516	559	40	0.0001082958	0.0000000214
1	166460517	169086323	1163	40	0.0001089846	0.0000000219
1	169086324	170557775	472	40	0.0000295725	0.0000000156
1	170557776	173097906	863	40	0.0001290607	0.0000000276
1	173097907	175089767	515	33	-0.0000077665	0.0000000108
1	175089768	177433380	821	40	0.0001223813	0.0000000247
1	177433381	178944308	472	40	0.0000581762	0.0000000150
1	178944309	178954469	2	1	0.0000149265	0.0000000002
1	178954470	181144120	734	40	0.0000722387	0.0000000232
1	181144121	182755355	634	40	0.0000384512	0.0000000239
1	182755356	184595512	611	40	0.0000458255	0.0000000197
1	184595513	186810022	572	40	0.0000186693	0.0000000160
1	186810023	188759944	704	40	-0.0000609577	0.0000000187
1	188759945	189904129	249	19	-0.0000133009	0.0000000067
1	189904130	191868929	588	40	0.0000128838	0.0000000163
1	191868930	194107441	661	40	0.0000684374	0.0000000205
1	194107442	196176200	633	40	0.0000307730	0.0000000185
1	196176201	197311513	178	15	-0.0000928464	0.0000000063
1	197311514	199239883	540	40	-0.0000018675	0.0000000189
1	199239884	200137648	344	38	-0.0001305988	0.0000000114
1	200137649	201589974	654	40	-0.0000016407	0.0000000231
1	201589975	203334733	584	40	-0.0000449537	0.0000000215
1	203334734	204681067	485	40	-0.0000576969	0.0000000197
1	204681068	206073264	508	40	0.0001456633	0.0000000204
1	206073265	208410363	618	40	-0.0000190625	0.0000000229
1	208410364	210787749	967	40	-0.0001196161	0.0000000244
1	210787750	212842329	708	40	-0.0000615389	0.0000000243
1	212842330	214578265	601	40	-0.0000284480	0.0000000238
1	214578266	216243633	611	40	-0.0000408740	0.0000000199
1	216243634	218705512	1125	40	0.0001267793	0.0000000234
1	218705513	219590570	310	35	0.0000103887	0.0000000102
1	219590571	221858230	695	40	-0.0001732323	0.0000000252
1	221858231	222230219	182	21	0.0000176628	0.0000000079
1	222230220	224938519	731	40	-0.0000702557	0.0000000233
1	224938520	226810859	499	40	0.0002493175	0.0000000189
1	226810860	229156247	713	40	0.0000041753	0.0000000230
1	229156248	230685254	540	40	-0.0000839151	0.0000000219
1	230685255	232090251	592	40	-0.0000387854	0.0000000200
1	232090252	233429283	623	40	0.0000760746	0.0000000240
1	233429284	234599433	560	40	0.0000351002	0.0000000195
1	234599434	235819435	400	40	0.0001169210	0.0000000164
1	235819436	237555627	722	40	0.0000845049	0.0000000244
1	237555628	238567806	418	40	-0.0001743010	0.0000000190
1	238567807	239925313	528	40	0.0000041559	0.0000000200
1	239925314	240564090	364	40	-0.0000149566	0.0000000145
1	240564091	241582219	542	40	0.0000031796	0.0000000217
1	241582220	242071601	213	39	0.0000241343	0.0000000082
1	242071602	244109498	714	40	-0.0001396924	0.0000000226
1	244109499	245506745	539	40	0.0000857123	0.0000000225
1	245506746	247344517	775	40	0.0000339191	0.0000000239
1	247344518	249239465	422	40	-0.0000309470	0.0000000165
2	10133	1781021	639	40	0.0000257792	0.0000000222
2	1781022	3973778	986	40	-0.0000734419	0.0000000256
2	3973779	5708336	659	40	0.0000228925	0.0000000235
2	5708337	6836253	583	40	0.0000225682	0.0000000217
2	6836254	8422146	660	40	0.0000849850	0.0000000245
2	8422147	10298468	671	40	0.0001396121	0.0000000227
2	10298469	12419149	965	40	0.0000147128	0.0000000249
2	12419150	14335307	612	40	0.0000955556	0.0000000234
2	14335308	16329734	749	40	-0.0000375744	0.0000000254
2	16329735	18647422	872	40	-0.0000241942	0.0000000213
2	18647423	19692403	386	40	0.0001213534	0.0000000150
2	19692404	21050489	625	40	-0.0000285018	0.0000000238
2	21050490	23341382	571	40	0.0000257988	0.0000000235
2	23341383	24686917	424	40	0.0000070377	0.0000000150
2	24686918	26894984	504	40	-0.0000349528	0.0000000196
2	26894985	28598776	259	27	-0.0000814508	0.0000000103
2	28598777	29217558	212	29	-0.0000304544	0.0000000091
2	29217559	30463710	611	40	-0.0000414156	0.0000000245
2	30463711	31550449	505	40	-0.0000462079	0.0000000201
2	31550450	33363776	492	40	-0.0001699215	0.0000000217
2	33363777	35345027	817	40	-0.0001088889	0.0000000251
2	35345028	36122005	298	30	0.0001438579	0.0000000112
2	36122006	38132711	918	40	-0.0000029416	0.0000000246
2	38132712	39031336	325	39	0.0001171561	0.0000000165
2	39031337	40281482	295	31	0.0001489093	0.0000000140
2	40281483	43309589	1278	40	0.0000780593	0.0000000247
2	43309590	44313802	272	39	0.0001612221	0.0000000148
2	44313803	46482633	1060	40	0.0000016786	0.0000000233
2	46482634	47318771	392	40	0.0000156208	0.0000000169
2	47318772	48213000	289	40	-0.0000157897	0.0000000125
2	48213001	50022256	710	40	0.0000355965	0.0000000235
2	50022257	50818927	332	35	-0.0000282682	0.0000000135
2	50818928	52491132	654	40	0.0000574313	0.0000000232
2	52491133	53508451	482	40	0.0001359447	0.0000000188
2	53508452	54685225	427	40	0.0001458512	0.0000000205
2	54685226	56203344	571	40	0.0000121136	0.0000000233
2	56203345	57429099	436	40	0.0000466724	0.0000000174
2	57429100	58297314	290	29	0.0000067174	0.0000000136
2	58297315	60291999	750	40	0.0000248469	0.0000000244
2	60292000	62429043	578	40	0.0000087153	0.0000000240
2	62429044	64625912	589	40	0.0000384339	0.0000000239
2	64625913	65933443	461	40	0.0000377200	0.0000000172
2	65933444	67226165	549	40	-0.0000379432	0.0000000211
2	67226166	68010175	412	40	0.0000624143	0.0000000163
2	68010176	69139563	471	40	-0.0001002810	0.0000000182
2	69139564	70755197	516	40	0.0001114660	0.0000000194
2	70755198	73174847	750	40	-0.0000145673	0.0000000247
2	73174848	75630085	691	40	0.0000545142	0.0000000226
2	75630086	76913660	513	40	0.0000326789	0.0000000198
2	76913661	78079263	404	40	0.0000612434	0.0000000178
2	78079264	80050402	834	40	-0.0001625265	0.0000000232
2	80050403	81620840	584	40	-0.0000760466	0.0000000244
2	81620841	85140679	908	40	-0.0000523634	0.0000000203
2	85140680	88038506	592	40	-0.0001572368	0.0000000201
2	88038507	89154525	239	30	-0.0000083934	0.0000000088
2	89154526	95326451	0	0	0.0000000000	0.0000000000
2	95326452	98995200	413	40	0.0000427252	0.0000000140
2	98995201	101822328	849	40	-0.0000973982	0.0000000243
2	101822329	102688764	245	30	-0.0000921239	0.0000000072
2	102688765	103588214	373	35	0.0000604128	0.0000000116
2	103588215	105125033	313	40	-0.0000821666	0.0000000123
2	105125034	106210057	421	40	0.0000419035	0.0000000185
2	106210058	107408266	462	40	-0.0000148534	0.0000000172
2	107408267	108429176	359	40	0.0001327332	0.0000000151
2	108429177	110572431	546	40	0.0001978536	0.0000000212
2	110572432	113921855	778	40	-0.0001218351	0.0000000250
2	113921856	116772469	774	40	-0.0000691955	0.0000000256
2	116772470	118367465	431	39	-0.0000200723	0.0000000116
2	118367466	121303782	983	40	-0.0000247584	0.0000000255
2	121303783	123302905	596	40	-0.0000347607	0.0000000218
2	123302906	124732249	438	40	-0.0000475916	0.0000000162
2	124732250	125840920	397	40	-0.0000344823	0.0000000142
2	125840921	127373763	441	38	-0.0000517105	0.0000000119
2	127373764	128034346	264	39	0.0000351749	0.0000000106
2	128034347	129474440	397	40	0.0001305531	0.0000000165
2	129474441	130067169	234	27	0.0000230808	0.0000000077
2	130067170	130658084	212	26	0.0002381533	0.0000000082
2	130658085	133042783	246	37	0.0000078163	0.0000000086
2	133042784	135158577	919	40	0.0000366438	0.0000000228
2	135158578	137042793	421	39	-0.0000610769	0.0000000129
2	137042794	138698116	611	40	-0.0000599580	0.0000000204
2	138698117	140100270	445	40	-0.0000720654	0.0000000135
2	140100271	141805350	575	40	0.0000506312	0.0000000203
2	141805351	142518601	315	35	-0.0001543537	0.0000000130
2	142518602	144519483	659	40	0.0000347328	0.0000000249
2	144519484	146445569	443	40	0.0002789699	0.0000000191
2	146445570	147277161	154	15	0.0000063541	0.0000000047
2	147277162	150210291	682	40	0.0001218515	0.0000000210
2	150210292	151731461	490	40	0.0001328065	0.0000000183
2	151731462	152486781	265	29	-0.0000594850	0.0000000107
2	152486782	154005055	487	40	0.0000225440	0.0000000166
2	154005056	155391134	508	40	0.0000596361	0.0000000184
2	155391135	157560634	592	40	0.0000672122	0.0000000237
2	157560635	158533217	167	26	-0.0000463815	0.0000000090
2	158533218	159577081	336	40	0.0001067195	0.0000000128
2	159577082	161769732	688	40	-0.0000975131	0.0000000243
2	161769733	163503550	399	36	0.0000972722	0.0000000148
2	163503551	164466637	208	25	-0.0000688899	0.0000000082
2	164466638	165178839	173	21	-0.0000022718	0.0000000098
2	165178840	167160269	593	40	0.0000299845	0.0000000226
2	167160270	167355969	62	9	0.0000222060	0.0000000037
2	167355970	169968235	822	40	-0.0001260390	0.0000000251
2	169968236	171226244	451	40	-0.0000048765	0.0000000159
2	171226245	173138904	589	40	0.0000221844	0.0000000231
2	173138905	175588928	815	40	-0.0001210305	0.0000000225
2	175588929	177363635	556	40	-0.0000222387	0.0000000205
2	177363636	178553182	454	40	-0.0000047434	0.0000000146
2	178553183	181312738	910	40	0.0000164308	0.0000000212
2	181312739	182266030	311	33	-0.0000957605	0.0000000093
2	182266031	184357607	613	40	0.0001095389	0.0000000229
2	184357608	185280172	242	25	-0.0000867898	0.0000000075
2	185280173	189882064	965	40	0.0000364077	0.0000000271
2	189882065	191973356	470	40	-0.0000036297	0.0000000178
2	191973357	195861163	733	40	0.0000492750	0.0000000255
2	195861164	196447455	159	21	0.0000753824	0.0000000099
2	196447456	198078109	427	40	-0.0001417320	0.0000000138
2	198078110	199311124	317	26	-0.0001804489	0.0000000112
2	199311125	201576283	626	40	-0.0000841773	0.0000000216
2	201576284	202818636	282	36	0.0001206720	0.0000000133
2	202818637	205799240	696	40	0.0000127062	0.0000000254
2	205799241	206735703	403	40	0.0000168659	0.0000000175
2	206735704	208645398	663	40	-0.0001027675	0.0000000251
2	208645399	209941528	327	40	0.0000546204	0.0000000132
2	209941529	212379517	728	40	0.0000631081	0.0000000238
2	212379518	214014281	636	40	-0.0000867131	0.0000000230
2	214014282	215573794	450	40	-0.0000000614	0.0000000162
2	215573795	217715660	785	40	0.0000222844	0.0000000233
2	217715661	218395479	288	37	-0.0000007022	0.0000000123
2	218395480	220454550	538	40	0.0000659998	0.0000000187
2	220454551	222521175	877	40	0.0000871323	0.0000000235
2	222521176	224859418	775	40	-0.0000183041	0.0000000231
2	224859419	225840003	342	37	-0.0001004295	0.0000000121
2	225840004	228119841	699	40	0.0000209396	0.0000000237
2	228119842	229370786	454	40	0.0000171146	0.0000000176
2	229370787	231843388	915	40	0.0001091297	0.0000000242
2	231843389	233550002	482	40	-0.0001196099	0.0000000174
2	233550003	235150986	705	40	-0.0001172511	0.0000000257
2	235150987	236043549	445	40	0.0000157727	0.0000000182
2	236043550	237449031	476	40	-0.0000256883	0.0000000174
2	237449032	238760980	513	40	0.0000935496	0.0000000203
2	238760981	239952642	431	40	0.0000257172	0.0000000171
2	239952643	241560083	681	40	0.0000449438	0.0000000262
2	241560084	242149920	200	30	-0.0000613125	0.0000000079
2	242149921	243188919	156	22	-0.0001150374	0.0000000084
3	60157	1441778	619	40	-0.0001230504	0.0000000238
3	1441779	2992119	951	40	-0.0000293396	0.0000000242
3	2992120	4431646	770	40	0.0000583370	0.0000000235
3	4431647	6083182	816	40	0.0000008057	0.0000000224
3	6083183	7083386	446	40	0.0000255180	0.0000000171
3	7083387	8648560	885	40	-0.0000838475	0.0000000264
3	8648561	9543182	471	40	-0.0001036915	0.0000000188
3	9543183	11019664	592	40	0.0000108467	0.0000000233
3	11019665	13070798	701	40	0.0000469482	0.0000000273
3	13070799	14816899	770	40	0.0000168943	0.0000000229
3	14816900	16282441	459	40	0.0000554324	0.0000000158
3	16282442	17891117	490	40	-0.0000404202	0.0000000192
3	17891118	19125143	354	40	0.0001101944	0.0000000133
3	19125144	20091347	198	24	-0.0000532555	0.0000000095
3	20091348	21643706	647	40	0.0001362326	0.0000000251
3	21643707	22204243	408	40	0.0001447478	0.0000000172
3	22204244	23804864	560	40	-0.0000199055	0.0000000212
3	23804865	25461557	762	40	0.0001076090	0.0000000247
3	25461558	26877768	475	40	0.0000465048	0.0000000177
3	26877769	27840909	256	31	-0.0000841996	0.0000000105
3	27840910	29142259	464	40	0.0000921406	0.0000000179
3	29142260	30717954	683	40	-0.0001345239	0.0000000246
3	30717955	32351714	652	40	-0.0000042958	0.0000000243
3	32351715	33255591	285	40	-0.0002274680	0.0000000149
3	33255592	35283457	612	40	0.0000167352	0.0000000228
3	35283458	36486841	411	40	-0.0001424220	0.0000000178
3	36486842	38356115	576	40	0.0000631312	0.0000000213
3	38356116	40221297	560	40	-0.0001315617	0.0000000186
3	40221298	41064527	153	17	-0.0000119996	0.0000000062
3	41064528	42540001	459	40	-0.0001384798	0.0000000204
3	42540002	45165152	691	40	0.0000804227	0.0000000221
3	45165153	46657499	531	40	-0.0000135070	0.0000000187
3	46657500	47727211	154	16	0.0000515801	0.0000000066
3	47727212	49316971	244	13	-0.0000288569	0.0000000061
3	49316972	51832014	479	23	0.0000377045	0.0000000139
3	51832015	54081389	497	40	0.0000006653	0.0000000186
3	54081390	55348859	657	40	0.0000051118	0.0000000262
3	55348860	56433906	386	40	-0.0001312376	0.0000000152
3	56433907	58157518	521	40	-0.0000568117	0.0000000185
3	58157519	60272905	988	40	0.0000657087	0.0000000241
3	60272906	62355665	1040	40	-0.0000416957	0.0000000242
3	62355666	63669285	671	40	0.0000049677	0.0000000237
3	63669286	65273537	757	40	-0.0001110374	0.0000000244
3	65273538	66270446	368	40	0.0000899861	0.0000000182
3	66270447	68286913	661	40	-0.0000696582	0.0000000251
3	68286914	69276761	366	40	-0.0002014668	0.0000000177
3	69276762	70449027	407	40	0.0001412698	0.0000000176
3	70449028	72529328	801	40	0.0000104721	0.0000000253
3	72529329	74321816	714	40	0.0000477121	0.0000000260
3	74321817	75704948	283	32	0.0000205621	0.0000000112
3	75704949	77508834	524	40	-0.0001005104	0.0000000202
3	77508835	79024540	414	40	0.0000170783	0.0000000165
3	79024541	81427309	528	40	0.0000565727	0.0000000160
3	81427310	82643885	314	28	0.0001682967	0.0000000105
3	82643886	84367478	347	32	0.0000244638	0.0000000097
3	84367479	85582230	278	23	-0.0000589591	0.0000000088
3	85582231	87409731	440	39	0.0000256807	0.0000000142
3	87409732	88298372	195	19	-0.0000743138	0.0000000076
3	88298373	94255315	501	40	0.0001449575	0.0000000161
3	94255316	95311970	230	18	-0.0000022881	0.0000000063
3	95311971	98215949	589	40	-0.0000464916	0.0000000163
3	98215950	99373761	333	39	-0.0000203046	0.0000000115
3	99373762	100592216	339	28	-0.0000523230	0.0000000099
3	100592217	103084959	676	40	0.0000142031	0.0000000206
3	103084960	104581612	465	40	0.0000686162	0.0000000159
3	104581613	106982810	743	40	0.0000206965	0.0000000239
3	106982811	109522394	738	40	0.0000961038	0.0000000236
3	109522395	110513769	270	25	-0.0000939896	0.0000000099
3	110513770	112815698	680	40	0.0000685375	0.0000000211
3	112815699	113947862	340	40	0.0001621721	0.0000000144
3	113947863	115447079	412	40	-0.0000103915	0.0000000186
3	115447080	116800152	553	40	-0.0001783032	0.0000000215
3	116800153	118530250	608	40	-0.0000461397	0.0000000236
3	118530251	120523054	664	40	-0.0000178901	0.0000000203
3	120523055	121974096	370	36	-0.0001166728	0.0000000114
3	121974097	123517767	455	40	0.0001990559	0.0000000182
3	123517768	124936641	578	40	-0.0000550101	0.0000000213
3	124936642	126214942	375	40	-0.0000965927	0.0000000153
3	126214943	128194860	675	40	0.0001255185	0.0000000220
3	128194861	130244734	431	40	-0.0000208507	0.0000000157
3	130244735	131836515	544	40	-0.0000714041	0.0000000178
3	131836516	133252172	502	40	0.0000590834	0.0000000148
3	133252173	135456905	850	40	0.0000595712	0.0000000241
3	135456906	137371082	490	40	-0.0001086602	0.0000000165
3	137371083	139954596	809	40	0.0000142554	0.0000000232
3	139954597	141339096	478	40	0.0000515880	0.0000000186
3	141339097	143164627	637	40	0.0000116057	0.0000000225
3	143164628	144410815	405	40	0.0000934431	0.0000000137
3	144410816	145664618	384	40	-0.0001227700	0.0000000117
3	145664619	146726628	330	40	-0.0001485638	0.0000000124
3	146726629	149043236	703	40	0.0001588013	0.0000000249
3	149043237	150252003	430	40	-0.0000612467	0.0000000172
3	150252004	151348729	345	40	-0.0000901766	0.0000000135
3	151348730	153256570	578	40	0.0000451597	0.0000000202
3	153256571	154714217	428	40	-0.0000508491	0.0000000133
3	154714218	156008699	340	40	-0.0000742517	0.0000000145
3	156008700	157312027	450	40	0.0000246624	0.0000000194
3	157312028	159477889	650	40	0.0000071385	0.0000000195
3	159477890	161524503	575	40	0.0000449740	0.0000000174
3	161524504	163253204	520	40	0.0000322619	0.0000000143
3	163253205	165055468	458	37	0.0000066307	0.0000000138
3	165055469	167117428	482	40	0.0000187473	0.0000000180
3	167117429	168580959	388	40	-0.0000265835	0.0000000129
3	168580960	170964908	661	40	-0.0001080525	0.0000000262
3	170964909	172295730	509	40	0.0000765530	0.0000000208
3	172295731	173477284	390	40	0.0001321410	0.0000000181
3	173477285	175116538	622	40	-0.0000467617	0.0000000214
3	175116539	176320286	364	40	0.0000697528	0.0000000148
3	176320287	178107164	578	40	-0.0000892098	0.0000000220
3	178107165	179374585	400	40	-0.0000718810	0.0000000143
3	179374586	181511165	476	40	-0.0000468008	0.0000000182
3	181511166	183769682	631	40	0.0000618989	0.0000000233
3	183769683	185068254	382	40	0.0001156336	0.0000000173
3	185068255	186890343	587	40	0.0001021877	0.0000000239
3	186890344	188856213	787	40	-0.0000710585	0.0000000258
3	188856214	190226606	617	40	0.0000034235	0.0000000227
3	190226607	192343813	801	40	0.0000568166	0.0000000252
3	192343814	194059670	608	40	0.0000440001	0.0000000230
3	194059671	194786673	303	40	-0.0000090052	0.0000000139
3	194786674	195971407	287	40	-0.0002323206	0.0000000122
3	195971408	197075986	361	40	-0.0000834621	0.0000000129
3	197075987	197946621	187	29	0.0000844142	0.0000000069
4	10240	694714	109	13	0.0000577086	0.0000000046
4	694715	1478710	205	26	0.0000276114	0.0000000102
4	1478711	2842978	288	40	0.0000946829	0.0000000138
4	2842979	3846039	241	38	0.0001045196	0.0000000111
4	3846040	4684115	236	38	0.0000160361	0.0000000115
4	4684116	5502387	396	40	0.0000369378	0.0000000178
4	5502388	6773042	626	40	0.0000400831	0.0000000226
4	6773043	7539691	428	40	-0.0000490782	0.0000000186
4	7539692	8152234	330	40	0.0000413340	0.0000000150
4	8152235	9326478	233	39	-0.0002152879	0.0000000114
4	9326479	10699151	512	39	-0.0001146599	0.0000000179
4	10699152	12323033	682	40	0.0000593310	0.0000000231
4	12323034	14272000	729	40	-0.0000810361	0.0000000249
4	14272001	15147445	385	40	0.0000057319	0.0000000165
4	15147446	15927008	251	34	-0.0000073904	0.0000000100
4	15927009	17383321	666	40	-0.0000171219	0.0000000233
4	17383322	18841873	406	40	0.0000662292	0.0000000146
4	18841874	20544556	495	40	-0.0000377435	0.0000000165
4	20544557	22319346	681	40	0.0000917474	0.0000000228
4	22319347	24135528	617	40	-0.0000801154	0.0000000217
4	24135529	25609321	590	40	-0.0000774547	0.0000000223
4	25609322	27343721	552	40	-0.0000321981	0.0000000235
4	27343722	27965867	217	29	-0.0000423527	0.0000000101
4	27965868	29762207	564	40	-0.0000089620	0.0000000182
4	29762208	30454534	164	25	0.0000520112	0.0000000071
4	30454535	31782980	426	40	-0.0000700029	0.0000000169
4	31782981	33172765	344	39	-0.0000369697	0.0000000141
4	33172766	35151414	397	33	0.0000592354	0.0000000123
4	35151415	36020435	279	35	0.0000390373	0.0000000100
4	36020436	37255046	445	40	0.0000755783	0.0000000141
4	37255047	38907021	771	40	-0.0001083263	0.0000000236
4	38907022	40202608	370	40	-0.0001156008	0.0000000152
4	40202609	42213057	693	40	0.0000320401	0.0000000231
4	42213058	43965044	548	40	-0.0001182044	0.0000000199
4	43965045	45189156	329	39	-0.0000321724	0.0000000105
4	45189157	47411895	475	40	-0.0000358064	0.0000000148
4	47411896	48123599	203	24	-0.0000306731	0.0000000087
4	48123600	53877432	503	40	-0.0000553008	0.0000000153
4	53877433	55429555	526	40	0.0000062923	0.0000000200
4	55429556	56547643	373	40	-0.0001981118	0.0000000156
4	56547644	58935007	891	40	-0.0000180346	0.0000000224
4	58935008	60741086	480	40	0.0000960092	0.0000000179
4	60741087	62371762	450	40	0.0000805694	0.0000000160
4	62371763	64341000	460	40	0.0000333525	0.0000000170
4	64341001	66600491	556	40	-0.0000669951	0.0000000176
4	66600492	68059496	420	40	0.0001110112	0.0000000151
4	68059497	68854764	239	31	-0.0000931777	0.0000000089
4	68854765	71049151	465	40	-0.0001441917	0.0000000133
4	71049152	72140557	250	31	0.0000620084	0.0000000083
4	72140558	74592389	515	40	0.0000795776	0.0000000179
4	74592390	77130706	728	40	-0.0000142660	0.0000000222
4	77130707	79093978	745	40	-0.0000254886	0.0000000235
4	79093979	80990296	560	40	0.0001743676	0.0000000185
4	80990297	82125314	249	29	0.0000318319	0.0000000080
4	82125315	83372592	398	40	-0.0000957707	0.0000000132
4	83372593	84799655	510	40	0.0000294673	0.0000000159
4	84799656	86930608	643	40	0.0000284441	0.0000000201
4	86930609	87534647	139	17	0.0000500647	0.0000000056
4	87534648	89238027	523	40	-0.0000657344	0.0000000221
4	89238028	90231563	314	40	0.0000632913	0.0000000122
4	90231564	91560676	358	40	-0.0000143690	0.0000000149
4	91560677	94233298	609	40	-0.0000093972	0.0000000240
4	94233299	96182187	628	40	-0.0000937067	0.0000000225
4	96182188	97540702	521	40	-0.0000096978	0.0000000192
4	97540703	99424066	427	36	0.0000055154	0.0000000122
4	99424067	100678359	398	40	0.0000379676	0.0000000136
4	100678360	103221355	815	40	-0.0000629303	0.0000000233
4	103221356	105305293	501	40	0.0000698899	0.0000000179
4	105305294	107501304	605	40	0.0001881896	0.0000000212
4	107501305	108815347	366	40	-0.0000961135	0.0000000114
4	108815348	111256566	764	40	-0.0000604967	0.0000000246
4	111256567	113870101	715	40	0.0001384640	0.0000000249
4	113870102	115666245	614	40	-0.0000537662	0.0000000226
4	115666246	117276928	377	37	-0.0000060486	0.0000000104
4	117276929	118479917	357	39	-0.0000355607	0.0000000129
4	118479918	119933511	423	40	0.0000271179	0.0000000128
4	119933512	120392683	136	14	0.0000529922	0.0000000057
4	120392684	122657986	755	40	0.0000175705	0.0000000236
4	122657987	124286480	371	38	-0.0000156522	0.0000000129
4	124286481	125210861	280	36	-0.0000569906	0.0000000095
4	125210862	126480885	399	40	0.0000097080	0.0000000160
4	126480886	127275476	235	32	-0.0000830036	0.0000000106
4	127275477	127830292	170	23	-0.0000496633	0.0000000072
4	127830293	128996664	213	16	0.0000499579	0.0000000075
4	128996665	130591884	465	40	-0.0000277740	0.0000000173
4	130591885	131283820	194	23	-0.0000597235	0.0000000065
4	131283821	132954032	376	40	-0.0001090070	0.0000000144
4	132954033	134628433	409	40	-0.0001070405	0.0000000166
4	134628434	136566406	454	40	-0.0000986968	0.0000000162
4	136566407	138541970	567	40	-0.0000150843	0.0000000199
4	138541971	139556510	373	40	0.0000377775	0.0000000148
4	139556511	141084630	530	40	0.0000505885	0.0000000214
4	141084631	143443264	707	40	0.0001210078	0.0000000238
4	143443265	146178186	535	40	-0.0001109317	0.0000000168
4	146178187	148521872	632	40	0.0000186102	0.0000000209
4	148521873	150683579	564	40	0.0000281250	0.0000000176
4	150683580	152782183	531	40	-0.0001635805	0.0000000171
4	152782184	154477640	535	40	-0.0000918555	0.0000000201
4	154477641	155056125	201	28	0.0001163264	0.0000000084
4	155056126	157485096	809	40	0.0000518023	0.0000000226
4	157485097	158743717	348	40	-0.0000166297	0.0000000126
4	158743718	161058863	546	40	0.0000912825	0.0000000168
4	161058864	161826434	278	35	-0.0000147097	0.0000000117
4	161826435	163243678	475	40	0.0000635468	0.0000000169
4	163243679	164478233	333	40	0.0001305882	0.0000000154
4	164478234	165823447	450	40	-0.0000104197	0.0000000180
4	165823448	167018857	368	40	0.0000364756	0.0000000136
4	167018858	167852916	197	27	-0.0000231690	0.0000000075
4	167852917	169676824	588	40	0.0000091057	0.0000000224
4	169676825	170776509	322	38	-0.0000160841	0.0000000114
4	170776510	172558634	440	40	0.0000479567	0.0000000144
4	172558635	174264131	405	40	0.0000024480	0.0000000157
4	174264132	176570715	657	40	-0.0000182659	0.0000000239
4	176570716	178991909	843	40	0.0000514267	0.0000000234
4	178991910	180122042	349	40	-0.0001064815	0.0000000136
4	180122043	182066806	848	40	-0.0000559507	0.0000000223
4	182066807	183371274	743	40	0.0000074333	0.0000000249
4	183371275	184929454	590	40	-0.0000458626	0.0000000252
4	184929455	186909089	872	40	0.0000422631	0.0000000230
4	186909090	188472980	557	40	0.0001173636	0.0000000249
4	188472981	189693510	368	40	-0.0000410323	0.0000000156
4	189693511	191043593	309	40	-0.0000455507	0.0000000134
5	11940	982251	215	27	0.0000753465	0.0000000077
5	982252	2132441	496	40	0.0000146901	0.0000000207
5	2132442	3361940	828	40	0.0000002014	0.0000000226
5	3361941	4632109	553	40	0.0000975601	0.0000000189
5	4632110	5973232	691	40	0.0000862952	0.0000000247
5	5973233	7143217	580	40	-0.0000456264	0.0000000211
5	7143218	8446335	587	40	-0.0001164319	0.0000000208
5	8446336	9718831	615	40	-0.0000869949	0.0000000201
5	9718832	11173270	725	40	0.0002040562	0.0000000241
5	11173271	13464831	637	40	-0.0000975298	0.0000000212
5	13464832	14757803	542	40	-0.0000350375	0.0000000211
5	14757804	16963612	744	40	-0.0001227313	0.0000000242
5	16963613	18051591	279	40	-0.0000187488	0.0000000102
5	18051592	19917715	586	40	-0.0000432611	0.0000000206
5	19917716	22152072	486	40	0.0001623635	0.0000000165
5	22152073	23494323	440	40	0.0000283013	0.0000000160
5	23494324	26184850	680	40	0.0001197571	0.0000000256
5	26184851	26857603	158	23	0.0000429535	0.0000000062
5	26857604	27984512	247	35	-0.0000225403	0.0000000104
5	27984513	29714819	433	40	0.0000356117	0.0000000129
5	29714820	31390248	590	40	-0.0000472454	0.0000000202
5	31390249	33500179	787	40	0.0000211008	0.0000000236
5	33500180	35048969	518	40	-0.0000231668	0.0000000179
5	35048970	36433953	447	40	-0.0000634927	0.0000000162
5	36433954	38802409	751	40	-0.0000180863	0.0000000253
5	38802410	40287728	529	40	-0.0001188312	0.0000000177
5	40287729	41888709	503	40	0.0000063253	0.0000000142
5	41888710	43983498	415	32	0.0001212305	0.0000000135
5	43983499	50163397	464	31	0.0000442361	0.0000000115
5	50163398	52134621	574	40	0.0000828445	0.0000000215
5	52134622	53703043	582	40	-0.0000463204	0.0000000228
5	53703044	55417348	591	40	-0.0001164020	0.0000000202
5	55417349	56621101	483	40	-0.0000018396	0.0000000173
5	56621102	57340072	277	36	-0.0001454855	0.0000000101
5	57340073	58524621	532	40	-0.0000246565	0.0000000184
5	58524622	60935906	685	40	-0.0000436145	0.0000000211
5	60935907	61672994	265	29	-0.0000188339	0.0000000127
5	61672995	63218986	509	40	0.0000495163	0.0000000164
5	63218987	63968303	188	19	0.0000366924	0.0000000066
5	63968304	65911285	597	40	0.0001168999	0.0000000190
5	65911286	67850859	773	40	-0.0000119020	0.0000000217
5	67850860	71240455	416	40	0.0000767502	0.0000000156
5	71240456	73759325	971	40	0.0000924454	0.0000000250
5	73759326	75798865	608	40	-0.0000155591	0.0000000226
5	75798866	77623331	699	40	-0.0000547635	0.0000000252
5	77623332	79393143	608	40	-0.0001756187	0.0000000282
5	79393144	80481470	419	40	0.0000462714	0.0000000171
5	80481471	82025647	498	40	0.0000953107	0.0000000188
5	82025648	83972688	536	40	0.0000082723	0.0000000195
5	83972689	85767289	541	40	0.0001256389	0.0000000187
5	85767290	87389990	285	32	0.0000215866	0.0000000098
5	87389991	88891529	313	33	0.0000567711	0.0000000126
5	88891530	90422653	401	40	-0.0000475278	0.0000000160
5	90422654	91840541	280	35	0.0000711239	0.0000000101
5	91840542	93809983	430	40	0.0001386867	0.0000000163
5	93809984	95963518	683	40	-0.0000239094	0.0000000246
5	95963519	97315600	366	40	-0.0001551577	0.0000000118
5	97315601	99260991	504	40	0.0000241466	0.0000000185
5	99260992	101578768	546	40	0.0001028211	0.0000000159
5	101578769	103320004	488	40	-0.0000154499	0.0000000170
5	103320005	104851482	427	40	0.0000079171	0.0000000152
5	104851483	105893054	192	24	0.0000276336	0.0000000087
5	105893055	107264195	557	40	-0.0000346018	0.0000000234
5	107264196	108633933	386	40	-0.0000183138	0.0000000154
5	108633934	110821143	629	40	0.0000002784	0.0000000232
5	110821144	111981561	412	40	0.0000608270	0.0000000161
5	111981562	113396284	512	40	-0.0000932064	0.0000000197
5	113396285	114830369	539	40	0.0000521653	0.0000000187
5	114830370	115831046	421	40	-0.0001095524	0.0000000161
5	115831047	117346212	548	40	0.0000497845	0.0000000226
5	117346213	118608819	380	40	0.0000856653	0.0000000159
5	118608820	119669041	329	39	-0.0000517075	0.0000000140
5	119669042	120452165	239	25	-0.0000001537	0.0000000100
5	120452166	122556904	683	40	-0.0000642082	0.0000000234
5	122556905	123798099	442	40	-0.0000576460	0.0000000181
5	123798100	125785648	851	40	-0.0001038037	0.0000000238
5	125785649	127344603	426	40	0.0001204065	0.0000000166
5	127344604	129519024	660	40	-0.0001034712	0.0000000194
5	129519025	132139648	559	40	-0.0001780492	0.0000000175
5	132139649	134777400	891	40	0.0000030827	0.0000000227
5	134777401	136376049	574	40	-0.0003193090	0.0000000217
5	136376050	139265071	696	40	0.0000319576	0.0000000241
5	139265072	140645970	335	30	-0.0000292655	0.0000000105
5	140645971	142981247	886	40	-0.0000529666	0.0000000234
5	142981248	144943353	655	40	0.0001369397	0.0000000234
5	144943354	147181997	711	40	-0.0000806223	0.0000000238
5	147181998	148662623	505	40	-0.0001137505	0.0000000183
5	148662624	150561297	742	40	-0.0000108525	0.0000000223
5	150561298	152867773	799	40	0.0000119972	0.0000000257
5	152867774	153773087	412	40	0.0000786562	0.0000000147
5	153773088	155373504	539	40	0.0001129848	0.0000000194
5	155373505	156628699	364	40	0.0001108900	0.0000000131
5	156628700	158825697	756	40	-0.0000401043	0.0000000223
5	158825698	159973943	409	40	-0.0000714311	0.0000000175
5	159973944	161482132	512	40	0.0000164045	0.0000000196
5	161482133	162743907	361	40	-0.0000176199	0.0000000148
5	162743908	163771581	382	40	0.0000412443	0.0000000150
5	163771582	165642394	558	40	0.0000365253	0.0000000272
5	165642395	166847739	419	40	-0.0000103118	0.0000000190
5	166847740	168525317	729	40	-0.0000278554	0.0000000238
5	168525318	169505663	454	40	-0.0001073800	0.0000000190
5	169505664	171074291	645	40	0.0001524841	0.0000000246
5	171074292	172678326	669	40	0.0000521663	0.0000000245
5	172678327	173642870	469	40	-0.0001541652	0.0000000226
5	173642871	175450594	824	40	-0.0000958902	0.0000000231
5	175450595	177251506	360	40	0.0000896275	0.0000000148
5	177251507	178413463	436	40	0.0000034915	0.0000000170
5	178413464	179401243	342	40	-0.0000705434	0.0000000152
5	179401244	180559932	347	40	-0.0001004067	0.0000000139
5	180559933	180885155	38	8	0.0000435221	0.0000000015
6	73924	1452361	676	40	0.0000273353	0.0000000223
6	1452362	2458935	439	40	0.0000490209	0.0000000164
6	2458936	3573592	566	40	-0.0000187059	0.0000000212
6	3573593	4617816	517	40	-0.0000654693	0.0000000217
6	4617817	5791471	596	40	0.0000101840	0.0000000242
6	5791472	6785206	587	40	-0.0000563544	0.0000000235
6	6785207	7808935	476	40	-0.0000871675	0.0000000196
6	7808936	9020025	489	40	-0.0000714578	0.0000000188
6	9020026	10540316	618	40	-0.0000852147	0.0000000225
6	10540317	11790815	504	40	0.0000570437	0.0000000229
6	11790816	13209387	524	40	0.0000767386	0.0000000216
6	13209388	14802923	666	40	0.0000515499	0.0000000239
6	14802924	17386404	994	40	-0.0000306166	0.0000000231
6	17386405	19207486	627	40	-0.0001186281	0.0000000214
6	19207487	21684064	907	40	0.0000212286	0.0000000245
6	21684065	22748306	523	40	0.0000143117	0.0000000207
6	22748307	23936618	507	40	-0.0000269790	0.0000000230
6	23936619	24852274	348	40	0.0000468350	0.0000000175
6	24852275	25684586	378	40	0.0000006052	0.0000000146
6	25684587	26791232	347	30	-0.0000566024	0.0000000119
6	26791233	28017818	258	18	-0.0000147619	0.0000000100
6	28017819	28917607	152	11	-0.0000127906	0.0000000042
6	28917608	29737970	21	4	-0.0000064885	0.0000000007
6	29737971	30798167	1	0	0.0000000000	0.0000000000
6	30798168	31571217	85	16	-0.0000083788	0.0000000055
6	31571218	32682663	80	14	-0.0000259472	0.0000000064
6	32682664	33236496	103	20	-0.0001753729	0.0000000074
6	33236497	35455755	613	40	0.0000021873	0.0000000243
6	35455756	37572595	723	40	-0.0000185579	0.0000000247
6	37572596	39295676	700	40	0.0000159437	0.0000000244
6	39295677	40345114	410	40	0.0000645449	0.0000000158
6	40345115	42038720	696	40	0.0001147978	0.0000000235
6	42038721	43756168	377	40	-0.0001144013	0.0000000148
6	43756169	45406562	562	40	-0.0000689220	0.0000000240
6	45406563	47311897	754	40	-0.0001095660	0.0000000259
6	47311898	48391124	347	38	0.0000870876	0.0000000105
6	48391125	50386144	523	40	-0.0000979890	0.0000000146
6	50386145	52210475	529	40	0.0000822317	0.0000000199
6	52210476	53279101	416	40	-0.0001709229	0.0000000163
6	53279102	55468269	831	40	-0.0001735970	0.0000000248
6	55468270	56105312	208	19	0.0000609638	0.0000000078
6	56105313	57599464	332	37	-0.0000962101	0.0000000116
6	57599465	61880511	156	11	-0.0000024966	0.0000000047
6	61880512	63552887	358	22	-0.0000226328	0.0000000092
6	63552888	65765741	470	40	0.0000881590	0.0000000150
6	65765742	67329214	504	40	0.0000572367	0.0000000158
6	67329215	68849482	493	40	0.0000100919	0.0000000149
6	68849483	69523447	233	27	-0.0000009830	0.0000000080
6	69523448	71609509	719	40	-0.0000316061	0.0000000229
6	71609510	73450096	599	40	0.0000160532	0.0000000198
6	73450097	75462002	574	40	0.0000144727	0.0000000203
6	75462003	77414880	431	40	0.0000620343	0.0000000128
6	77414881	78957727	506	40	0.0000176623	0.0000000131
6	78957728	80691169	585	40	0.0001233220	0.0000000209
6	80691170	81929221	385	28	-0.0001049884	0.0000000103
6	81929222	83127148	355	40	0.0000515461	0.0000000147
6	83127149	85209988	545	40	-0.0000813991	0.0000000172
6	85209989	87069499	617	40	-0.0000611508	0.0000000164
6	87069500	88822139	556	40	-0.0000051742	0.0000000160
6	88822140	89973051	431	40	0.0001095832	0.0000000164
6	89973052	91843195	702	40	0.0000538075	0.0000000227
6	91843196	93428643	482	40	-0.0000743196	0.0000000175
6	93428644	94118141	290	40	0.0000195054	0.0000000097
6	94118142	94441174	85	8	0.0000103933	0.0000000032
6	94441175	97093510	644	40	-0.0001047635	0.0000000201
6	97093511	97842283	241	27	0.0000475841	0.0000000091
6	97842284	100630145	818	40	-0.0000759365	0.0000000251
6	100630146	102636771	483	40	0.0001564536	0.0000000171
6	102636772	103983394	360	34	0.0000862723	0.0000000112
6	103983395	106056732	686	40	0.0001636079	0.0000000220
6	106056733	107450305	612	40	0.0000412058	0.0000000223
6	107450306	108464379	343	40	-0.0001221906	0.0000000155
6	108464380	110304246	503	40	-0.0001102975	0.0000000184
6	110304247	112345013	597	40	-0.0000813768	0.0000000201
6	112345014	114220832	636	40	0.0000012127	0.0000000206
6	114220833	116131395	518	40	-0.0000423670	0.0000000157
6	116131396	117672971	431	40	-0.0001293313	0.0000000157
6	117672972	118963114	309	36	0.0000143322	0.0000000137
6	118963115	119963277	294	33	0.0001094150	0.0000000119
6	119963278	120512127	173	19	0.0000030913	0.0000000075
6	120512128	121905675	389	37	0.0000716190	0.0000000122
6	121905676	123856180	619	40	-0.0000237185	0.0000000206
6	123856181	125424382	607	40	-0.0001423834	0.0000000242
6	125424383	127540460	433	40	-0.0000545478	0.0000000181
6	127540461	129861030	581	40	-0.0001300623	0.0000000188
6	129861031	130935453	475	40	-0.0000461535	0.0000000187
6	130935454	132765668	584	40	-0.0001214446	0.0000000230
6	132765669	134244242	535	40	-0.0000148720	0.0000000195
6	134244243	136224176	585	40	0.0000665953	0.0000000232
6	136224177	137614217	340	40	0.0000997346	0.0000000151
6	137614218	138822628	467	40	-0.0000068770	0.0000000188
6	138822629	139845435	384	40	-0.0001756894	0.0000000148
6	139845436	142288478	566	40	0.0000168692	0.0000000195
6	142288479	145319809	997	40	-0.0000615022	0.0000000255
6	145319810	146665423	320	27	-0.0000005399	0.0000000106
6	146665424	148920351	902	40	0.0000905814	0.0000000234
6	148920352	150253403	525	40	-0.0001116093	0.0000000189
6	150253404	151912702	838	40	-0.0000998194	0.0000000259
6	151912703	153094495	500	40	-0.0000884247	0.0000000256
6	153094496	154974119	794	40	-0.0000338887	0.0000000249
6	154974120	156763325	735	40	-0.0000826624	0.0000000232
6	156763326	158218718	481	40	0.0000401895	0.0000000188
6	158218719	160580496	911	40	-0.0001273862	0.0000000230
6	160580497	162169563	670	40	-0.0000541414	0.0000000231
6	162169564	162931202	378	40	0.0000248261	0.0000000152
6	162931203	164383520	686	40	-0.0000258384	0.0000000229
6	164383521	165586863	566	40	0.0001302368	0.0000000188
6	165586864	167024732	803	40	-0.0001119881	0.0000000242
6	167024733	168042834	417	40	0.0001247990	0.0000000159
6	168042835	169382049	638	40	-0.0001419264	0.0000000230
6	169382050	170330172	401	40	0.0000390631	0.0000000124
6	170330173	171051269	228	30	0.0000501780	0.0000000097
7	16161	972751	153	27	0.0000314504	0.0000000087
7	972752	1353066	146	20	-0.0000354967	0.0000000059
7	1353067	2062397	168	24	0.0000394229	0.0000000077
7	2062398	2772226	209	35	0.0000275549	0.0000000103
7	2772227	4573427	847	40	-0.0000678910	0.0000000257
7	4573428	5416231	217	40	0.0001494252	0.0000000121
7	5416232	5854525	103	18	-0.0000012171	0.0000000059
7	5854526	6573856	133	23	0.0000801774	0.0000000062
7	6573857	7808751	435	40	-0.0001620384	0.0000000203
7	7808752	9123422	744	40	-0.0001725455	0.0000000242
7	9123423	9987498	392	40	0.0000387829	0.0000000160
7	9987499	11299197	503	40	-0.0000355483	0.0000000230
7	11299198	12635460	694	40	-0.0000656838	0.0000000240
7	12635461	13884201	594	40	0.0000833017	0.0000000243
7	13884202	15143656	362	40	0.0000627759	0.0000000163
7	15143657	16902068	738	40	0.0000025600	0.0000000249
7	16902069	19481546	1036	40	-0.0000325659	0.0000000236
7	19481547	20124907	243	30	-0.0000155211	0.0000000097
7	20124908	22507628	1147	40	0.0000396928	0.0000000247
7	22507629	23471441	307	39	0.0000363549	0.0000000130
7	23471442	25077258	700	40	-0.0001194463	0.0000000250
7	25077259	25909554	434	40	-0.0000903939	0.0000000159
7	25909555	28360308	787	40	0.0000364870	0.0000000230
7	28360309	31137288	1232	40	-0.0000613053	0.0000000239
7	31137289	33555767	994	40	-0.0000614552	0.0000000247
7	33555768	36213537	1035	40	0.0000284291	0.0000000241
7	36213538	37555183	619	40	-0.0000307146	0.0000000237
7	37555184	38966702	604	40	-0.0002465121	0.0000000282
7	38966703	39862669	317	36	-0.0001605658	0.0000000139
7	39862670	42001810	619	40	0.0000366623	0.0000000207
7	42001811	43159073	402	40	-0.0000762969	0.0000000169
7	43159074	44763827	442	40	-0.0000314206	0.0000000171
7	44763828	45952921	363	40	-0.0000938094	0.0000000172
7	45952922	46986719	414	40	-0.0000987578	0.0000000150
7	46986720	49212277	860	40	-0.0000454288	0.0000000257
7	49212278	51675321	897	40	0.0000205048	0.0000000246
7	51675322	53176311	667	40	-0.0001534312	0.0000000253
7	53176312	54222975	389	40	0.0000534384	0.0000000125
7	54222976	55691583	554	40	0.0000026338	0.0000000204
7	55691584	57382637	288	30	0.0001058566	0.0000000113
7	57382638	63307358	164	17	0.0000543918	0.0000000059
7	63307359	63641124	55	6	0.0000097493	0.0000000014
7	63641125	65689808	367	27	-0.0000376555	0.0000000093
7	65689809	68234073	756	40	-0.0000659580	0.0000000247
7	68234074	69085363	277	40	-0.0001267032	0.0000000099
7	69085364	71874884	865	40	0.0000060151	0.0000000263
7	71874885	73334601	144	23	-0.0000886695	0.0000000070
7	73334602	76458563	377	40	0.0000508372	0.0000000143
7	76458564	78093858	612	40	0.0000057521	0.0000000256
7	78093859	79888068	664	40	-0.0001102462	0.0000000235
7	79888069	82022685	722	40	-0.0001388937	0.0000000229
7	82022686	83801202	655	40	0.0000455091	0.0000000253
7	83801203	85572181	425	40	-0.0000069700	0.0000000146
7	85572182	87825003	553	40	-0.0000457857	0.0000000167
7	87825004	90661783	978	40	0.0000264731	0.0000000235
7	90661784	92493751	456	40	-0.0001226934	0.0000000160
7	92493752	93966600	359	40	0.0000041296	0.0000000151
7	93966601	96073507	683	40	-0.0000000461	0.0000000252
7	96073508	97099569	329	40	0.0000349346	0.0000000174
7	97099570	98715473	409	40	-0.0000181668	0.0000000144
7	98715474	100196650	218	24	-0.0000559601	0.0000000101
7	100196651	101199252	227	34	0.0000657394	0.0000000094
7	101199253	103197509	400	40	0.0001850171	0.0000000163
7	103197510	104159524	476	40	0.0000845926	0.0000000201
7	104159525	105682904	545	40	-0.0001012942	0.0000000200
7	105682905	107780177	724	40	0.0000176250	0.0000000259
7	107780178	109647593	560	40	-0.0000724387	0.0000000174
7	109647594	112618683	848	40	-0.0000029323	0.0000000248
7	112618684	113712386	236	27	0.0000128726	0.0000000088
7	113712387	116780177	683	40	0.0001872255	0.0000000241
7	116780178	118351580	360	37	-0.0000487005	0.0000000136
7	118351581	121045272	459	40	-0.0001648042	0.0000000211
7	121045273	121933629	243	29	0.0000364064	0.0000000099
7	121933630	124156804	662	40	0.0000752743	0.0000000204
7	124156805	124167551	7	2	0.0000370010	0.0000000006
7	124167552	126519169	700	40	0.0001937337	0.0000000203
7	126519170	126869220	142	17	-0.0000203659	0.0000000074
7	126869221	128778385	567	40	0.0000720692	0.0000000186
7	128778386	130422413	447	40	0.0000346210	0.0000000172
7	130422414	132805847	903	40	-0.0000320542	0.0000000229
7	132805848	134307595	434	35	0.0001137828	0.0000000145
7	134307596	135591082	477	40	0.0001087694	0.0000000195
7	135591083	136876561	419	40	-0.0000040471	0.0000000183
7	136876562	138744678	600	40	-0.0000393526	0.0000000252
7	138744679	139933176	333	40	0.0000614435	0.0000000149
7	139933177	140235209	122	25	0.0000134093	0.0000000054
7	140235210	141226556	311	34	0.0000364144	0.0000000109
7	141226557	142656309	381	40	-0.0001196110	0.0000000131
7	142656310	144968288	557	40	0.0000974899	0.0000000193
7	144968289	146427959	399	40	-0.0000492789	0.0000000136
7	146427960	147815317	578	40	0.0000273049	0.0000000194
7	147815318	149840657	613	40	0.0000800508	0.0000000247
7	149840658	150711504	266	35	-0.0001570836	0.0000000098
7	150711505	152249805	464	40	0.0000771044	0.0000000190
7	152249806	153674018	505	40	-0.0000317285	0.0000000206
7	153674019	154964729	565	40	-0.0000572935	0.0000000229
7	154964730	156065249	514	40	0.0001195043	0.0000000214
7	156065250	157634596	536	40	-0.0000073579	0.0000000208
7	157634597	159128574	458	40	-0.0002464857	0.0000000203
8	10422	1044216	396	40	0.0000684186	0.0000000184
8	1044217	1163244	73	12	0.0000223910	0.0000000041
8	1163245	2042941	465	40	0.0000250036	0.0000000227
8	2042942	2573278	242	38	0.0000046137	0.0000000124
8	2573279	3392925	587	40	0.0000395272	0.0000000215
8	3392926	3783016	425	40	-0.0001341371	0.0000000220
8	3783017	4480475	695	40	-0.0000521315	0.0000000231
8	4480476	5146926	509	40	0.0000533688	0.0000000242
8	5146927	6142796	787	40	0.0000918606	0.0000000251
8	6142797	7153078	539	40	0.0000367842	0.0000000223
8	7153079	9154693	543	40	0.0000975915	0.0000000280
8	9154694	9640786	172	19	-0.0002107500	0.0000000117
8	9640787	10463196	466	40	-0.0000821910	0.0000000272
8	10463197	11278997	331	37	-0.0001818001	0.0000000214
8	11278998	13491774	787	40	-0.0001221934	0.0000000301
8	13491775	13944991	266	32	-0.0000694461	0.0000000109
8	13944992	15991659	1127	40	-0.0000019399	0.0000000238
8	15991660	17387875	547	40	0.0000191548	0.0000000240
8	17387876	17836398	234	32	-0.0001396038	0.0000000099
8	17836399	19492839	939	40	-0.0000929338	0.0000000221
8	19492840	20060855	255	40	0.0000669194	0.0000000121
8	20060856	21661736	778	40	-0.0000120206	0.0000000252
8	21661737	22897056	450	40	0.0000294275	0.0000000186
8	22897057	24674717	603	40	-0.0000726454	0.0000000224
8	24674718	25483453	270	35	0.0000295656	0.0000000111
8	25483454	26682524	613	40	0.0000760263	0.0000000230
8	26682525	28162391	677	40	-0.0001988037	0.0000000253
8	28162392	29327895	347	40	0.0000038639	0.0000000141
8	29327896	31133728	528	40	-0.0000445869	0.0000000222
8	31133729	31548359	132	21	-0.0000412754	0.0000000063
8	31548360	32977217	491	40	-0.0000889751	0.0000000160
8	32977218	35317231	544	40	-0.0001151994	0.0000000151
8	35317232	37379388	379	40	-0.0000744908	0.0000000144
8	37379389	38938805	311	40	-0.0000740298	0.0000000149
8	38938806	40703336	598	40	-0.0001126768	0.0000000186
8	40703337	41721453	371	40	-0.0000411225	0.0000000157
8	41721454	42773822	197	23	0.0000596506	0.0000000073
8	42773823	46841314	69	9	0.0000141636	0.0000000030
8	46841315	50082469	429	37	0.0000281367	0.0000000124
8	50082470	53302929	816	40	-0.0000288796	0.0000000215
8	53302930	54418043	381	40	0.0000155691	0.0000000135
8	54418044	55945580	478	40	-0.0000107415	0.0000000168
8	55945581	56956382	346	40	-0.0000564273	0.0000000133
8	56956383	59068650	679	40	-0.0000135390	0.0000000219
8	59068651	59728099	277	34	0.0000305453	0.0000000091
8	59728100	62329098	803	40	-0.0000022865	0.0000000237
8	62329099	63349305	333	36	0.0000587473	0.0000000121
8	63349306	65232871	536	40	0.0000306044	0.0000000163
8	65232872	66489089	378	40	0.0000946920	0.0000000152
8	66489090	69863056	874	40	-0.0000572310	0.0000000220
8	69863057	70867978	403	40	-0.0000825858	0.0000000157
8	70867979	72289453	426	40	0.0000235882	0.0000000120
8	72289454	73817198	692	40	0.0001009783	0.0000000227
8	73817199	75445063	608	40	-0.0000165286	0.0000000213
8	75445064	76456541	303	38	-0.0000453276	0.0000000110
8	76456542	79132860	710	40	-0.0000092408	0.0000000205
8	79132861	81956394	817	40	-0.0000326623	0.0000000235
8	81956395	82693738	213	32	0.0000150684	0.0000000077
8	82693739	84225588	428	40	0.0000398637	0.0000000143
8	84225589	85955618	369	39	0.0001145975	0.0000000134
8	85955619	87411708	270	25	-0.0000822007	0.0000000074
8	87411709	89085480	470	40	0.0000341111	0.0000000164
8	89085481	90638161	422	40	0.0000216274	0.0000000147
8	90638162	93554385	690	40	-0.0000437584	0.0000000236
8	93554386	95005526	395	40	0.0000270852	0.0000000141
8	95005527	96534805	599	40	-0.0001552392	0.0000000218
8	96534806	99401580	1109	40	-0.0000789147	0.0000000228
8	99401581	101620957	520	40	0.0000196250	0.0000000138
8	101620958	104123305	973	40	0.0000372291	0.0000000239
8	104123306	104988751	258	24	0.0000273056	0.0000000085
8	104988752	107410753	815	40	0.0001603167	0.0000000239
8	107410754	108648176	493	40	0.0001422108	0.0000000164
8	108648177	109248172	206	23	0.0001077970	0.0000000080
8	109248173	110484313	342	31	-0.0000582159	0.0000000079
8	110484314	111850846	291	33	0.0000238844	0.0000000083
8	111850847	113064319	249	19	-0.0000239250	0.0000000080
8	113064320	116096494	810	40	0.0001234378	0.0000000220
8	116096495	119685456	1159	40	-0.0000361705	0.0000000247
8	119685457	121201699	510	40	0.0000964729	0.0000000265
8	121201700	124861458	1311	40	-0.0000666187	0.0000000222
8	124861459	125683718	318	39	0.0000258993	0.0000000147
8	125683719	126410916	266	40	-0.0000119881	0.0000000125
8	126410917	128659110	911	40	0.0000584216	0.0000000221
8	128659111	130381138	699	40	-0.0001657596	0.0000000246
8	130381139	131639624	481	40	-0.0000428295	0.0000000178
8	131639625	133351143	755	40	0.0000015199	0.0000000258
8	133351144	134570000	647	40	-0.0000220634	0.0000000231
8	134570001	136035604	755	40	-0.0000286364	0.0000000261
8	136035605	137524150	570	40	0.0000004882	0.0000000213
8	137524151	139254829	767	40	0.0000403185	0.0000000247
8	139254830	140725642	757	40	0.0000557242	0.0000000243
8	140725643	143044913	828	40	-0.0000530926	0.0000000233
8	143044914	144236880	396	40	-0.0001050029	0.0000000145
8	144236881	146303866	344	40	-0.0000813598	0.0000000167
9	10023	1079706	554	40	0.0001629646	0.0000000250
9	1079707	1916876	608	40	0.0000399431	0.0000000229
9	1916877	3190063	780	40	0.0000448756	0.0000000233
9	3190064	4495327	720	40	0.0001118666	0.0000000252
9	4495328	4884925	205	38	-0.0000501664	0.0000000119
9	4884926	6557588	560	40	-0.0000911785	0.0000000245
9	6557589	7154922	294	39	-0.0000150996	0.0000000145
9	7154923	8456298	932	40	-0.0000187762	0.0000000228
9	8456299	9166402	404	40	-0.0000522296	0.0000000189
9	9166403	10879252	858	40	0.0000451296	0.0000000240
9	10879253	12276488	497	40	-0.0002457400	0.0000000232
9	12276489	14836362	1265	40	-0.0000158116	0.0000000246
9	14836363	16659654	781	40	0.0000643449	0.0000000248
9	16659655	18661050	933	40	0.0000560210	0.0000000262
9	18661051	20463533	813	40	0.0000558713	0.0000000226
9	20463534	22206558	623	40	0.0000383024	0.0000000238
9	22206559	24158517	630	40	-0.0001075475	0.0000000272
9	24158518	25330809	315	40	0.0000327610	0.0000000142
9	25330810	26111756	291	40	0.0000667688	0.0000000159
9	26111757	28224282	948	40	0.0000842597	0.0000000246
9	28224283	28811583	243	35	-0.0000167161	0.0000000110
9	28811584	30387391	585	40	0.0000537689	0.0000000182
9	30387392	31310382	265	24	0.0000598264	0.0000000109
9	31310383	32019367	219	24	0.0000315464	0.0000000072
9	32019368	33578333	559	40	-0.0001252960	0.0000000225
9	33578334	34642242	259	26	-0.0000239770	0.0000000075
9	34642243	36743282	534	40	0.0000689795	0.0000000218
9	36743283	38641598	713	40	0.0000518170	0.0000000224
9	38641599	65472189	104	21	0.0000305578	0.0000000040
9	65472190	72512710	554	40	0.0000362267	0.0000000183
9	72512711	72753754	108	11	-0.0000325400	0.0000000038
9	72753755	74253039	607	40	-0.0000473422	0.0000000207
9	74253040	76203945	567	40	0.0000655609	0.0000000178
9	76203946	76973080	191	23	-0.0000172164	0.0000000083
9	76973081	78900182	768	40	-0.0000516832	0.0000000233
9	78900183	79471207	265	40	-0.0000434882	0.0000000111
9	79471208	81079054	520	40	-0.0000227978	0.0000000208
9	81079055	82590927	657	40	-0.0000792240	0.0000000247
9	82590928	84211232	704	40	-0.0001121530	0.0000000242
9	84211233	85440800	333	40	0.0000124943	0.0000000152
9	85440801	86938195	626	40	-0.0000114507	0.0000000228
9	86938196	88109332	508	40	-0.0000513038	0.0000000198
9	88109333	88590416	113	14	0.0000048305	0.0000000043
9	88590417	90136245	615	40	-0.0000075989	0.0000000248
9	90136246	92528697	887	40	0.0000735358	0.0000000229
9	92528698	94167202	667	40	-0.0000367218	0.0000000240
9	94167203	96671697	806	40	0.0000185557	0.0000000236
9	96671698	98922039	706	40	-0.0001615721	0.0000000242
9	98922040	101592858	847	40	-0.0000231427	0.0000000243
9	101592859	104624436	957	40	0.0000636692	0.0000000249
9	104624437	105967975	600	40	-0.0001268442	0.0000000195
9	105967976	107581748	615	40	-0.0000328712	0.0000000187
9	107581749	109298753	603	40	0.0000773837	0.0000000227
9	109298754	110695061	587	40	-0.0000544154	0.0000000234
9	110695062	112778023	1066	40	0.0001135200	0.0000000268
9	112778024	114831081	886	40	0.0000671333	0.0000000238
9	114831082	115693144	305	29	0.0000662765	0.0000000097
9	115693145	117019800	569	40	0.0001376971	0.0000000225
9	117019801	117921959	433	40	0.0000196331	0.0000000194
9	117921960	121321536	1539	40	0.0001639683	0.0000000255
9	121321537	122260296	377	40	0.0000088548	0.0000000160
9	122260297	124871321	776	40	0.0000427481	0.0000000242
9	124871322	126971886	650	40	0.0001272401	0.0000000241
9	126971887	129059664	554	40	0.0000141641	0.0000000221
9	129059665	130055509	318	40	-0.0001352056	0.0000000124
9	130055510	132165469	427	40	-0.0001071452	0.0000000177
9	132165470	133223216	287	40	-0.0000680255	0.0000000128
9	133223217	134127887	305	40	-0.0000159457	0.0000000126
9	134127888	135298841	392	40	-0.0000025373	0.0000000168
9	135298842	137041121	622	40	0.0000226544	0.0000000256
9	137041122	137589363	228	40	0.0000726239	0.0000000109
9	137589364	138938977	604	40	-0.0000433244	0.0000000236
9	138938978	139500341	108	25	-0.0000873107	0.0000000073
9	139500342	141144795	352	40	-0.0001520317	0.0000000166
10	60523	751338	130	14	-0.0000687412	0.0000000061
10	751339	1523543	334	40	-0.0001337750	0.0000000146
10	1523544	2254499	462	40	-0.0000927236	0.0000000184
10	2254500	3352698	651	40	-0.0000314254	0.0000000225
10	3352699	4572273	641	40	-0.0000440415	0.0000000233
10	4572274	5983761	678	40	0.0000554212	0.0000000235
10	5983762	7171483	741	40	-0.0000671422	0.0000000227
10	7171484	8774664	865	40	0.0000123962	0.0000000234
10	8774665	10249395	601	40	-0.0000294938	0.0000000201
10	10249396	12586796	1047	40	-0.0000163194	0.0000000257
10	12586797	13321599	437	40	0.0000767882	0.0000000187
10	13321600	15026067	939	40	-0.0000556253	0.0000000224
10	15026068	16551766	564	40	0.0000285248	0.0000000244
10	16551767	18537266	748	40	0.0001202918	0.0000000235
10	18537267	19716877	512	40	0.0001202312	0.0000000187
10	19716878	22772282	1007	40	-0.0000082296	0.0000000247
10	22772283	23175131	122	14	0.0000048795	0.0000000081
10	23175132	25578595	788	40	-0.0000029732	0.0000000251
10	25578596	26888683	537	40	-0.0000174795	0.0000000180
10	26888684	29323235	918	40	-0.0000480507	0.0000000253
10	29323236	29783691	277	40	-0.0000206305	0.0000000126
10	29783692	30458837	361	40	0.0000645885	0.0000000156
10	30458838	31907518	485	40	-0.0000707789	0.0000000172
10	31907519	33707967	629	40	0.0000120690	0.0000000196
10	33707968	35109354	494	40	-0.0002777715	0.0000000208
10	35109355	36572507	433	40	0.0000893511	0.0000000171
10	36572508	37790028	337	40	0.0000705743	0.0000000128
10	37790029	42372578	203	13	0.0000759836	0.0000000045
10	42372579	43894770	313	34	0.0000103335	0.0000000121
10	43894771	44730074	250	31	0.0000521557	0.0000000090
10	44730075	48760449	635	40	0.0000613461	0.0000000210
10	48760450	50840914	617	40	-0.0001491402	0.0000000206
10	50840915	53616628	739	40	0.0000138138	0.0000000227
10	53616629	55103571	720	40	-0.0000004063	0.0000000234
10	55103572	57031139	785	40	-0.0000511107	0.0000000240
10	57031140	57662145	196	18	0.0000085219	0.0000000064
10	57662146	58959527	402	26	0.0000521605	0.0000000123
10	58959528	60289986	452	40	0.0000449698	0.0000000147
10	60289987	61891408	587	40	0.0000224423	0.0000000223
10	61891409	62659678	296	33	0.0001439011	0.0000000114
10	62659679	63341694	169	19	0.0000359334	0.0000000075
10	63341695	65794113	828	40	0.0000786658	0.0000000231
10	65794114	67549614	506	40	0.0000004351	0.0000000164
10	67549615	69900147	916	40	-0.0001274553	0.0000000242
10	69900148	70195990	94	10	0.0000619790	0.0000000044
10	70195991	72220849	832	40	-0.0000502610	0.0000000230
10	72220850	73508511	691	40	0.0000378737	0.0000000215
10	73508512	75422549	431	34	0.0000983562	0.0000000134
10	75422550	78706813	846	40	0.0000263010	0.0000000261
10	78706814	80876748	1019	40	-0.0000720040	0.0000000223
10	80876749	82414678	489	40	-0.0000646483	0.0000000174
10	82414679	84383744	746	40	-0.0000002817	0.0000000230
10	84383745	85458702	451	40	-0.0000084410	0.0000000148
10	85458703	87937576	987	40	-0.0000016167	0.0000000233
10	87937577	89127063	283	37	-0.0000263888	0.0000000124
10	89127064	91013380	688	40	0.0000267086	0.0000000222
10	91013381	92006580	361	40	-0.0000021403	0.0000000142
10	92006581	93335046	450	40	0.0000516847	0.0000000178
10	93335047	95396367	637	40	-0.0001378925	0.0000000213
10	95396368	96221242	250	30	0.0000797739	0.0000000106
10	96221243	97822356	548	40	0.0001576871	0.0000000177
10	97822357	100241301	835	40	-0.0000445655	0.0000000238
10	100241302	100668399	151	15	-0.0000435708	0.0000000061
10	100668400	102949238	729	40	-0.0001799201	0.0000000233
10	102949239	104380409	279	26	-0.0000898215	0.0000000090
10	104380410	106695047	619	40	-0.0000861981	0.0000000230
10	106695048	108726685	688	40	0.0000107209	0.0000000231
10	108726686	110317704	665	40	-0.0000006602	0.0000000214
10	110317705	112561492	669	40	0.0001498956	0.0000000216
10	112561493	115328431	1003	40	0.0000164531	0.0000000246
10	115328432	116421405	416	40	0.0000608144	0.0000000157
10	116421406	119523933	997	40	0.0000268878	0.0000000264
10	119523934	120591352	428	40	0.0001202962	0.0000000182
10	120591353	122407322	685	40	-0.0000030661	0.0000000229
10	122407323	123231464	395	40	0.0000723437	0.0000000138
10	123231465	123900544	268	40	0.0000701209	0.0000000118
10	123900545	125869345	896	40	0.0000552935	0.0000000242
10	125869346	128001097	952	40	-0.0000474025	0.0000000249
10	128001098	129154361	511	40	0.0000345346	0.0000000184
10	129154362	130844283	935	40	-0.0000030903	0.0000000226
10	130844284	131741326	447	40	-0.0001221546	0.0000000182
10	131741327	132580244	408	40	-0.0000814522	0.0000000149
10	132580245	134336328	882	40	0.0001101449	0.0000000240
10	134336329	134494672	39	6	-0.0000224853	0.0000000019
10	134494673	135523864	245	38	-0.0001437189	0.0000000105
11	70855	1213589	274	40	0.0000263519	0.0000000129
11	1213590	3665480	708	40	-0.0000316486	0.0000000239
11	3665481	4746708	391	40	0.0000084566	0.0000000146
11	4746709	6322868	833	40	0.0000885870	0.0000000226
11	6322869	7436700	467	40	0.0000392295	0.0000000168
11	7436701	8333273	453	40	0.0000075652	0.0000000197
11	8333274	9087316	229	27	-0.0000582761	0.0000000111
11	9087317	10952026	552	40	0.0000591343	0.0000000272
11	10952027	12564228	1076	40	-0.0000051622	0.0000000240
11	12564229	13373123	407	40	-0.0001547299	0.0000000168
11	13373124	15742551	791	40	-0.0000131850	0.0000000247
11	15742552	17578401	521	40	0.0000461517	0.0000000213
11	17578402	19569534	737	40	-0.0001128577	0.0000000243
11	19569535	21017137	762	40	-0.0001017115	0.0000000224
11	21017138	22374141	578	40	0.0000237997	0.0000000219
11	22374142	24088516	612	40	-0.0000688730	0.0000000225
11	24088517	26045752	705	40	0.0000240955	0.0000000222
11	26045753	27020460	348	40	0.0000852425	0.0000000127
11	27020461	28481592	382	40	-0.0002642630	0.0000000133
11	28481593	30141356	427	40	0.0000886172	0.0000000164
11	30141357	32276900	648	40	-0.0001164661	0.0000000212
11	32276901	33958738	529	40	-0.0001145048	0.0000000202
11	33958739	35502604	779	40	0.0001391177	0.0000000234
11	35502605	37116814	732	40	-0.0000124350	0.0000000233
11	37116815	39382002	450	40	0.0001410172	0.0000000159
11	39382003	42310002	957	40	0.0000547524	0.0000000230
11	42310003	44693798	960	40	0.0000200943	0.0000000234
11	44693799	47006136	603	40	-0.0001624051	0.0000000254
11	47006137	49866049	370	22	-0.0000905174	0.0000000168
11	49866050	54695472	183	10	0.0000034948	0.0000000058
11	54695473	55082656	18	6	-0.0000420172	0.0000000015
11	55082657	58457494	988	40	-0.0000602742	0.0000000253
11	58457495	58780548	70	7	-0.0000697966	0.0000000025
11	58780549	62223770	886	40	0.0001097505	0.0000000232
11	62223771	63804568	281	36	0.0000534858	0.0000000122
11	63804569	65898630	430	40	0.0003017563	0.0000000191
11	65898631	68005824	314	35	-0.0001268350	0.0000000131
11	68005825	69516129	472	40	0.0001802985	0.0000000241
11	69516130	70926291	453	40	0.0000403908	0.0000000205
11	70926292	72286016	312	38	-0.0000277839	0.0000000114
11	72286017	74412350	565	40	0.0000180220	0.0000000202
11	74412351	76797208	737	40	-0.0000464702	0.0000000254
11	76797209	78355057	388	35	0.0000554105	0.0000000133
11	78355058	80722372	1077	40	-0.0000613423	0.0000000240
11	80722373	81266711	272	40	-0.0000879294	0.0000000103
11	81266712	84381271	1185	40	-0.0000486388	0.0000000239
11	84381272	86619300	773	40	-0.0000173191	0.0000000222
11	86619301	87430234	325	37	0.0001124241	0.0000000144
11	87430235	89208935	588	40	-0.0000287115	0.0000000240
11	89208936	90966489	406	36	0.0001074978	0.0000000117
11	90966490	92077143	363	39	-0.0001130236	0.0000000132
11	92077144	93276156	404	40	-0.0000848453	0.0000000129
11	93276157	94242259	282	26	0.0000285113	0.0000000092
11	94242260	95726040	562	40	0.0000222821	0.0000000231
11	95726041	97057057	523	40	0.0000960640	0.0000000209
11	97057058	98705064	594	40	0.0000573047	0.0000000212
11	98705065	100417168	790	40	0.0000671742	0.0000000266
11	100417169	101331120	358	40	0.0000481260	0.0000000122
11	101331121	103959635	1012	40	-0.0000089538	0.0000000231
11	103959636	104873283	301	23	0.0000262430	0.0000000088
11	104873284	106520893	454	40	-0.0000316064	0.0000000147
11	106520894	107844199	467	40	0.0000814816	0.0000000173
11	107844200	108437036	131	11	0.0000126263	0.0000000039
11	108437037	109866115	351	40	0.0000500115	0.0000000140
11	109866116	111114396	502	40	-0.0000138019	0.0000000171
11	111114397	112459487	391	38	-0.0001793517	0.0000000153
11	112459488	114257727	755	40	0.0001651371	0.0000000276
11	114257728	114830665	213	27	-0.0000313971	0.0000000084
11	114830666	116383347	670	40	0.0000616398	0.0000000247
11	116383348	117747109	540	40	-0.0001119631	0.0000000224
11	117747110	119215475	443	40	-0.0000347657	0.0000000169
11	119215476	120766805	631	40	0.0000754356	0.0000000242
11	120766806	121175942	192	23	-0.0000282732	0.0000000088
11	121175943	122591909	472	40	-0.0001060074	0.0000000199
11	122591910	123500116	401	40	-0.0000607473	0.0000000170
11	123500117	124495527	442	40	0.0000887361	0.0000000137
11	124495528	126311319	693	40	0.0000817354	0.0000000256
11	126311320	127316678	557	40	-0.0000834341	0.0000000216
11	127316679	128188536	316	40	0.0000102562	0.0000000111
11	128188537	130342574	864	40	-0.0000726646	0.0000000234
11	130342575	131074611	379	40	0.0000779013	0.0000000157
11	131074612	133000045	1123	40	-0.0000589493	0.0000000245
11	133000046	134205992	522	40	-0.0000737546	0.0000000222
11	134205993	134946451	412	40	-0.0000590580	0.0000000153
12	61107	1080330	290	40	-0.0000841378	0.0000000136
12	1080331	2544785	511	40	-0.0000669430	0.0000000187
12	2544786	3677036	497	40	-0.0000298142	0.0000000193
12	3677037	4417678	395	40	0.0000120395	0.0000000170
12	4417679	5321471	464	40	0.0000481746	0.0000000193
12	5321472	6419752	528	40	0.0001210275	0.0000000220
12	6419753	8377535	458	40	0.0000154236	0.0000000175
12	8377536	9031394	118	21	-0.0000189804	0.0000000057
12	9031395	10481533	481	40	-0.0000150403	0.0000000178
12	10481534	11754845	356	40	0.0000227746	0.0000000130
12	11754846	12733527	441	40	-0.0000614013	0.0000000193
12	12733528	15241483	1035	40	0.0001178582	0.0000000244
12	15241484	16310459	257	36	0.0000402462	0.0000000102
12	16310460	18087872	576	40	-0.0000167683	0.0000000244
12	18087873	20863942	957	40	-0.0001353783	0.0000000226
12	20863943	23820633	1039	40	-0.0000752298	0.0000000244
12	23820634	25371082	722	40	-0.0000651370	0.0000000241
12	25371083	27799772	981	40	-0.0000506075	0.0000000245
12	27799773	29651254	705	40	0.0000820057	0.0000000215
12	29651255	30512405	474	40	0.0000215062	0.0000000180
12	30512406	32165591	613	40	0.0000249815	0.0000000220
12	32165592	33076988	377	40	0.0000515599	0.0000000140
12	33076989	37856716	378	24	-0.0000180187	0.0000000101
12	37856717	39227168	152	8	0.0000043631	0.0000000047
12	39227169	40816184	482	40	-0.0000454685	0.0000000168
12	40816185	41658585	323	34	-0.0000197059	0.0000000102
12	41658586	43984473	907	40	-0.0001485412	0.0000000262
12	43984474	46024228	481	40	-0.0000903111	0.0000000158
12	46024229	47714792	504	40	-0.0000118072	0.0000000156
12	47714793	49001865	489	40	-0.0001302993	0.0000000182
12	49001866	51776493	578	40	0.0001116733	0.0000000216
12	51776494	53039003	535	40	-0.0001983804	0.0000000201
12	53039004	54778822	511	40	0.0000454527	0.0000000244
12	54778823	55665836	252	35	-0.0001438158	0.0000000088
12	55665837	57548859	361	40	0.0000242677	0.0000000172
12	57548860	59308665	467	40	-0.0000535936	0.0000000174
12	59308666	61123728	466	40	0.0000897893	0.0000000154
12	61123729	64032460	983	40	-0.0000180289	0.0000000220
12	64032461	65559694	373	40	0.0000018475	0.0000000142
12	65559695	67181143	537	40	0.0000415324	0.0000000174
12	67181144	67909728	324	40	0.0000341236	0.0000000127
12	67909729	69826541	828	40	-0.0000439419	0.0000000238
12	69826542	70957986	486	40	0.0000720890	0.0000000163
12	70957987	72645074	516	40	-0.0000314028	0.0000000182
12	72645075	73818453	320	31	-0.0000106860	0.0000000130
12	73818454	76511313	796	40	-0.0001147178	0.0000000268
12	76511314	78570569	771	40	-0.0000505950	0.0000000222
12	78570570	80448149	420	40	-0.0001253156	0.0000000156
12	80448150	81467766	287	34	-0.0000052898	0.0000000112
12	81467767	83502665	588	40	0.0001167577	0.0000000201
12	83502666	84303843	247	27	-0.0000082732	0.0000000064
12	84303844	85990425	427	35	-0.0000003153	0.0000000110
12	85990426	89682121	783	40	-0.0001536070	0.0000000224
12	89682122	92066154	623	40	0.0000589594	0.0000000195
12	92066155	94514566	922	40	0.0000088283	0.0000000249
12	94514567	96020784	691	40	0.0000474863	0.0000000237
12	96020785	97108838	437	40	-0.0000171796	0.0000000180
12	97108839	99305986	936	40	0.0000358097	0.0000000234
12	99305987	101447640	656	40	-0.0000533325	0.0000000246
12	101447641	101862689	137	16	0.0000413129	0.0000000060
12	101862690	102964985	275	39	0.0000480317	0.0000000126
12	102964986	104848695	752	40	-0.0001015068	0.0000000242
12	104848696	106436212	887	40	-0.0000536062	0.0000000241
12	106436213	106958747	225	33	-0.0001022343	0.0000000098
12	106958748	109025900	740	40	0.0000567395	0.0000000251
12	109025901	110336718	328	40	0.0000896984	0.0000000129
12	110336719	113263517	330	35	-0.0000231426	0.0000000124
12	113263518	113986708	190	27	0.0000020043	0.0000000078
12	113986709	115036601	534	40	0.0000615672	0.0000000182
12	115036602	115503215	176	34	0.0000733087	0.0000000076
12	115503216	117087470	767	40	-0.0000586108	0.0000000228
12	117087471	118135374	445	40	0.0001399833	0.0000000185
12	118135375	119754109	696	40	0.0000269040	0.0000000256
12	119754110	122007650	589	40	0.0001054722	0.0000000229
12	122007651	124977979	665	40	-0.0001219797	0.0000000268
12	124977980	126445504	636	40	0.0001273327	0.0000000249
12	126445505	127875097	686	40	0.0000034084	0.0000000250
12	127875098	129237296	721	40	0.0000131325	0.0000000240
12	129237297	130377920	673	40	0.0000865905	0.0000000231
12	130377921	131786750	755	40	0.0000912584	0.0000000225
12	131786751	132807033	302	40	0.0000902213	0.0000000112
12	132807034	133841510	164	28	-0.0000753593	0.0000000091
13	19020013	20686719	302	38	-0.0000393858	0.0000000114
13	20686720	22242173	586	40	0.0000039961	0.0000000244
13	22242174	23594701	711	40	0.0000022592	0.0000000229
13	23594702	24531936	509	40	0.0000691213	0.0000000199
13	24531937	25784361	639	40	-0.0000280776	0.0000000233
13	25784362	27284361	551	40	-0.0000927434	0.0000000200
13	27284362	29257550	875	40	0.0000809649	0.0000000229
13	29257551	30483266	509	40	-0.0000777503	0.0000000199
13	30483267	32301814	798	40	0.0001382936	0.0000000246
13	32301815	33776902	555	40	-0.0000108945	0.0000000192
13	33776903	35026463	466	40	0.0000435510	0.0000000160
13	35026464	36046366	227	31	0.0000739171	0.0000000087
13	36046367	37498184	641	40	0.0001106306	0.0000000230
13	37498185	38878162	546	40	0.0000569867	0.0000000169
13	38878163	41069262	883	40	-0.0000423740	0.0000000245
13	41069263	43101026	612	40	0.0000350266	0.0000000255
13	43101027	44901408	810	40	0.0000564222	0.0000000244
13	44901409	46495213	523	40	0.0000183318	0.0000000211
13	46495214	47431078	347	40	0.0000395712	0.0000000131
13	47431079	49383961	636	40	0.0000338141	0.0000000239
13	49383962	51591090	734	40	-0.0000686947	0.0000000243
13	51591091	53339621	447	40	0.0001935987	0.0000000197
13	53339622	54682863	539	40	0.0001747414	0.0000000230
13	54682864	55817130	331	36	0.0000315684	0.0000000109
13	55817131	57554216	321	23	0.0000412081	0.0000000103
13	57554217	58410625	208	20	-0.0000405003	0.0000000077
13	58410626	59302270	221	21	0.0000764710	0.0000000072
13	59302271	60854777	576	40	-0.0001256406	0.0000000203
13	60854778	61591948	301	35	-0.0000200199	0.0000000123
13	61591949	63971558	678	40	-0.0000335957	0.0000000218
13	63971559	65200601	333	32	-0.0000692162	0.0000000092
13	65200602	67844452	836	40	0.0001130371	0.0000000248
13	67844453	70724515	920	40	-0.0000531551	0.0000000260
13	70724516	71526790	336	40	0.0000050147	0.0000000142
13	71526791	73934088	869	40	0.0000286012	0.0000000237
13	73934089	75670142	746	40	-0.0001989346	0.0000000255
13	75670143	77410554	781	40	0.0000251507	0.0000000231
13	77410555	78808812	421	40	0.0000172926	0.0000000126
13	78808813	80585675	593	40	-0.0000425289	0.0000000219
13	80585676	82581813	649	40	-0.0000222843	0.0000000228
13	82581814	84133143	415	36	0.0000475545	0.0000000103
13	84133144	85610915	442	40	0.0001007781	0.0000000164
13	85610916	88559881	798	40	-0.0000002914	0.0000000248
13	88559882	90521310	508	40	0.0000858413	0.0000000140
13	90521311	93129690	904	40	0.0000373393	0.0000000226
13	93129691	93586454	128	16	0.0000235690	0.0000000056
13	93586455	96087557	1239	40	0.0001138322	0.0000000230
13	96087558	97519209	368	39	0.0000222626	0.0000000151
13	97519210	98938918	447	40	0.0000719406	0.0000000208
13	98938919	100574094	771	40	-0.0000963331	0.0000000274
13	100574095	102300522	760	40	-0.0000139223	0.0000000240
13	102300523	104066709	907	40	-0.0000627667	0.0000000236
13	104066710	104844113	318	40	-0.0000502190	0.0000000117
13	104844114	106247553	660	40	0.0001269385	0.0000000239
13	106247554	106749999	276	40	0.0000207102	0.0000000112
13	106750000	108189876	638	40	-0.0001853433	0.0000000249
13	108189877	109121209	447	40	-0.0000076413	0.0000000166
13	109121210	109815111	328	40	0.0000542614	0.0000000135
13	109815112	111232072	665	40	-0.0001219914	0.0000000236
13	111232073	112247591	468	40	0.0000663879	0.0000000188
13	112247592	113572487	459	40	-0.0001608638	0.0000000188
13	113572488	115109852	394	40	-0.0000698099	0.0000000150
14	19002084	21589401	510	40	0.0001199016	0.0000000222
14	21589402	23018664	608	40	0.0000422874	0.0000000250
14	23018665	24905122	563	40	0.0001654292	0.0000000222
14	24905123	26135685	544	40	-0.0000025910	0.0000000182
14	26135686	28466532	720	40	0.0001257535	0.0000000238
14	28466533	29972144	400	40	0.0001422892	0.0000000147
14	29972145	32383264	605	40	-0.0000004547	0.0000000239
14	32383265	34846250	1290	40	-0.0000238864	0.0000000236
14	34846251	35859592	259	30	0.0001506542	0.0000000119
14	35859593	38667724	901	40	-0.0000072232	0.0000000236
14	38667725	40341989	558	40	-0.0000554957	0.0000000193
14	40341990	41615501	375	32	0.0000300544	0.0000000109
14	41615502	43137388	450	37	-0.0001261696	0.0000000154
14	43137389	44543226	377	40	-0.0000398717	0.0000000159
14	44543227	46081895	384	40	0.0000418560	0.0000000143
14	46081896	46749129	205	17	-0.0000247639	0.0000000051
14	46749130	48573585	613	40	0.0000295867	0.0000000217
14	48573586	49005470	117	13	0.0000545638	0.0000000048
14	49005471	50507759	476	40	0.0000553587	0.0000000188
14	50507760	51493571	300	40	-0.0000816738	0.0000000125
14	51493572	53474382	840	40	-0.0000174695	0.0000000230
14	53474383	53997830	181	19	0.0000542980	0.0000000094
14	53997831	55233680	451	40	0.0000079983	0.0000000197
14	55233681	56216879	275	26	0.0000863357	0.0000000120
14	56216880	57481261	683	40	0.0000863575	0.0000000250
14	57481262	59448335	707	40	0.0000319096	0.0000000225
14	59448336	61680423	597	40	-0.0000451923	0.0000000197
14	61680424	63790014	799	40	0.0000109284	0.0000000258
14	63790015	65220297	339	34	0.0000819018	0.0000000144
14	65220298	66399554	383	40	0.0000119509	0.0000000133
14	66399555	67992316	437	33	0.0000201979	0.0000000102
14	67992317	71131956	1172	40	0.0000852018	0.0000000248
14	71131957	72889614	680	40	0.0000284927	0.0000000250
14	72889615	76444766	1053	40	0.0000107740	0.0000000252
14	76444767	77229471	354	40	0.0000521887	0.0000000132
14	77229472	78561944	556	40	-0.0001574921	0.0000000214
14	78561945	80186578	605	40	0.0000969650	0.0000000252
14	80186579	81579713	505	40	0.0001344403	0.0000000195
14	81579714	83138096	484	40	-0.0000342042	0.0000000168
14	83138097	84241632	400	40	-0.0000501563	0.0000000148
14	84241633	85746318	493	40	0.0000633268	0.0000000200
14	85746319	86647001	326	36	-0.0001128879	0.0000000128
14	86647002	87635340	323	40	0.0000246796	0.0000000109
14	87635341	89497642	594	40	0.0001579383	0.0000000199
14	89497643	91296859	672	40	0.0000892764	0.0000000226
14	91296860	93132298	628	40	-0.0000231981	0.0000000234
14	93132299	94325284	399	40	0.0000110064	0.0000000155
14	94325285	95750866	823	40	-0.0002214710	0.0000000251
14	95750867	96262414	369	40	0.0000358662	0.0000000151
14	96262415	98341161	861	40	0.0001239836	0.0000000244
14	98341162	99138531	382	40	0.0000583124	0.0000000130
14	99138532	101534306	888	40	-0.0000110966	0.0000000249
14	101534307	103012101	418	40	-0.0000730897	0.0000000183
14	103012102	105001722	482	40	-0.0001978257	0.0000000209
14	105001723	106340357	229	33	0.0001121496	0.0000000123
14	106340358	107289453	42	6	0.0000092856	0.0000000028
15	20001200	21131603	8	3	0.0000021216	0.0000000002
15	21131604	24195126	320	40	-0.0001466066	0.0000000144
15	24195127	25108589	204	29	0.0000968809	0.0000000077
15	25108590	27298111	900	40	0.0000014237	0.0000000216
15	27298112	29338501	506	40	0.0000645468	0.0000000198
15	29338502	30165567	299	40	-0.0001095149	0.0000000137
15	30165568	31591820	278	40	-0.0000582024	0.0000000129
15	31591821	32441810	264	35	-0.0000436981	0.0000000112
15	32441811	34015424	691	40	0.0000162578	0.0000000223
15	34015425	35083250	376	40	0.0001642829	0.0000000149
15	35083251	37456501	953	40	0.0001193477	0.0000000249
15	37456502	38530776	367	40	0.0000408404	0.0000000150
15	38530777	40384131	767	40	0.0000149469	0.0000000234
15	40384132	41177513	199	27	-0.0000146472	0.0000000103
15	41177514	42776398	352	40	0.0000774279	0.0000000139
15	42776399	44198048	234	15	0.0000221663	0.0000000079
15	44198049	46618786	470	40	-0.0000361331	0.0000000169
15	46618787	48136047	600	40	-0.0000751489	0.0000000205
15	48136048	50008042	431	40	0.0001442534	0.0000000143
15	50008043	51677559	561	40	-0.0003105949	0.0000000217
15	51677560	53069095	351	37	0.0001228922	0.0000000118
15	53069096	54508527	652	40	0.0000131367	0.0000000221
15	54508528	55136268	247	30	0.0000518597	0.0000000111
15	55136269	56901772	509	40	-0.0000269564	0.0000000195
15	56901773	58441365	600	40	0.0000080398	0.0000000225
15	58441366	59694115	483	40	0.0000052411	0.0000000223
15	59694116	61265835	667	40	0.0001294390	0.0000000261
15	61265836	63215221	854	40	0.0002248893	0.0000000236
15	63215222	65104667	438	40	-0.0000008623	0.0000000166
15	65104668	67094766	601	40	-0.0000526288	0.0000000240
15	67094767	69017998	654	40	0.0000923356	0.0000000256
15	69017999	70133340	298	40	0.0001135356	0.0000000131
15	70133341	71922648	733	40	0.0000548590	0.0000000262
15	71922649	73628713	352	31	-0.0000725105	0.0000000109
15	73628714	76398623	543	40	-0.0000083359	0.0000000230
15	76398624	78516052	511	40	-0.0000408600	0.0000000194
15	78516053	80860977	900	40	-0.0001425386	0.0000000243
15	80860978	84260467	879	40	0.0000172241	0.0000000243
15	84260468	86652904	713	40	0.0000322019	0.0000000249
15	86652905	88369942	786	40	-0.0000522387	0.0000000246
15	88369943	90475550	680	40	0.0000979197	0.0000000252
15	90475551	92164391	580	40	0.0000885760	0.0000000239
15	92164392	93780901	831	40	-0.0000381708	0.0000000235
15	93780902	94924329	604	40	-0.0000177231	0.0000000226
15	94924330	96141595	595	40	0.0000621596	0.0000000239
15	96141596	98030909	777	40	-0.0000050069	0.0000000240
15	98030910	99244058	593	40	0.0000782678	0.0000000238
15	99244059	100636846	551	40	0.0000559791	0.0000000236
15	100636847	101552693	408	40	0.0000270976	0.0000000174
15	101552694	102520965	422	40	0.0000114292	0.0000000188
16	60054	1207205	298	40	-0.0001226188	0.0000000169
16	1207206	2764828	344	40	0.0000647765	0.0000000159
16	2764829	4001195	279	40	-0.0000131819	0.0000000126
16	4001196	5118344	318	40	0.0000514470	0.0000000163
16	5118345	5891579	372	40	0.0001127081	0.0000000179
16	5891580	6893550	733	40	0.0001196805	0.0000000260
16	6893551	7529120	500	40	-0.0001789971	0.0000000202
16	7529121	8338518	562	40	-0.0000998291	0.0000000235
16	8338519	9799418	699	40	-0.0001699588	0.0000000232
16	9799419	10426031	374	39	0.0001250709	0.0000000147
16	10426032	11520160	431	40	0.0000864441	0.0000000188
16	11520161	12613097	386	40	-0.0001068825	0.0000000163
16	12613098	13154436	316	40	-0.0001234637	0.0000000157
16	13154437	14464001	550	40	-0.0000599792	0.0000000221
16	14464002	16154059	296	40	0.0000468594	0.0000000120
16	16154060	17644748	381	40	-0.0000156355	0.0000000143
16	17644749	18643606	185	27	0.0000340103	0.0000000100
16	18643607	20150570	371	40	-0.0000145635	0.0000000144
16	20150571	22448903	393	40	0.0000728641	0.0000000147
16	22448904	24136874	510	40	0.0000391922	0.0000000186
16	24136875	25986861	731	40	-0.0000485963	0.0000000236
16	25986862	27445754	663	40	0.0000077834	0.0000000242
16	27445755	29036612	317	40	0.0000101751	0.0000000109
16	29036613	31382942	296	34	0.0000697064	0.0000000130
16	31382943	46399472	130	17	-0.0000714190	0.0000000054
16	46399473	49007925	280	32	0.0001565617	0.0000000105
16	49007926	52035822	1099	40	0.0000389708	0.0000000241
16	52035823	53382571	467	40	-0.0000025059	0.0000000160
16	53382572	55903773	1072	40	-0.0000348850	0.0000000225
16	55903774	57664329	574	40	-0.0000065056	0.0000000229
16	57664330	59045404	451	40	-0.0000617576	0.0000000180
16	59045405	60745693	527	40	-0.0000101303	0.0000000223
16	60745694	62229848	378	40	-0.0000532143	0.0000000134
16	62229849	63691588	470	40	0.0000496131	0.0000000169
16	63691589	65938565	828	40	0.0001360842	0.0000000245
16	65938566	68841362	615	40	-0.0000646505	0.0000000211
16	68841363	71054027	381	38	-0.0001513628	0.0000000165
16	71054028	72935149	402	36	-0.0000314377	0.0000000159
16	72935150	74971502	806	40	-0.0000455954	0.0000000238
16	74971503	75977953	241	30	-0.0000369501	0.0000000094
16	75977954	77523677	702	40	0.0000423209	0.0000000234
16	77523678	78456291	650	40	-0.0000320779	0.0000000218
16	78456292	79134814	583	40	-0.0000735749	0.0000000226
16	79134815	80297373	783	40	0.0000634685	0.0000000224
16	80297374	81772535	745	40	-0.0000129391	0.0000000240
16	81772536	82747727	585	40	-0.0000640928	0.0000000225
16	82747728	83477207	614	40	-0.0000894996	0.0000000255
16	83477208	84445882	683	40	-0.0001033751	0.0000000236
16	84445883	85148684	426	40	0.0000940693	0.0000000191
16	85148685	86156598	488	40	0.0000484363	0.0000000210
16	86156599	86815410	535	40	0.0000786317	0.0000000255
16	86815411	87647348	366	40	0.0000637575	0.0000000190
16	87647349	89041164	426	40	-0.0000283416	0.0000000195
16	89041165	90292811	267	31	-0.0001173303	0.0000000129
17	56	1172398	375	40	0.0001131729	0.0000000161
17	1172399	1928730	227	40	0.0000503994	0.0000000118
17	1928731	3702311	614	40	0.0000885634	0.0000000258
17	3702312	4696260	294	40	0.0000235505	0.0000000142
17	4696261	5741333	321	40	-0.0001025230	0.0000000129
17	5741334	7317397	601	40	-0.0000371733	0.0000000216
17	7317398	8306424	273	40	-0.0000158197	0.0000000122
17	8306425	9965920	641	40	-0.0000329981	0.0000000237
17	9965921	11102814	457	40	-0.0000664553	0.0000000192
17	11102815	12534768	572	40	0.0000909028	0.0000000221
17	12534769	13180371	288	40	0.0000745661	0.0000000137
17	13180372	13894636	375	40	-0.0001136109	0.0000000167
17	13894637	15019096	624	40	-0.0000195007	0.0000000228
17	15019097	16412341	336	40	-0.0001342863	0.0000000126
17	16412342	18856319	536	40	-0.0001263259	0.0000000226
17	18856320	21290356	391	40	0.0000850912	0.0000000152
17	21290357	27334243	481	40	0.0000272051	0.0000000193
17	27334244	29786490	533	39	0.0000857510	0.0000000139
17	29786491	31538424	540	40	0.0000524704	0.0000000196
17	31538425	32912797	839	40	0.0001042446	0.0000000235
17	32912798	34469035	462	40	-0.0000169374	0.0000000179
17	34469036	36809343	535	40	0.0000094927	0.0000000194
17	36809344	38877403	374	40	-0.0000719067	0.0000000152
17	38877404	39899809	329	36	-0.0001049494	0.0000000102
17	39899810	41772086	355	37	0.0001792672	0.0000000135
17	41772087	43056904	323	36	-0.0001548471	0.0000000160
17	43056905	45876021	325	40	-0.0002841118	0.0000000143
17	45876022	47517399	485	40	0.0000191115	0.0000000174
17	47517400	49898956	762	40	0.0000436962	0.0000000250
17	49898957	50719054	300	27	-0.0000201974	0.0000000102
17	50719055	51826117	337	35	0.0000016601	0.0000000108
17	51826118	53599431	622	40	0.0000514495	0.0000000219
17	53599432	55357540	627	40	0.0001340017	0.0000000247
17	55357541	57487511	679	40	-0.0000882560	0.0000000221
17	57487512	59312754	248	23	-0.0000196177	0.0000000060
17	59312755	61545588	468	40	-0.0000026091	0.0000000171
17	61545589	63148127	278	32	0.0000204538	0.0000000086
17	63148128	64800429	608	40	0.0000137287	0.0000000227
17	64800430	67858769	902	40	-0.0002090093	0.0000000221
17	67858770	69387816	604	40	-0.0000287231	0.0000000216
17	69387817	72672202	1421	40	0.0000885507	0.0000000236
17	72672203	74375559	337	40	-0.0000492264	0.0000000139
17	74375560	76263412	737	40	0.0000028886	0.0000000217
17	76263413	77298635	452	40	0.0000463084	0.0000000200
17	77298636	78837587	545	40	-0.0001296538	0.0000000234
17	78837588	80034407	254	40	0.0000475548	0.0000000144
17	80034408	81194907	265	35	0.0001751309	0.0000000126
18	10644	912485	401	40	-0.0000641955	0.0000000161
18	912486	1942910	384	40	-0.0001409180	0.0000000133
18	1942911	3891657	775	40	-0.0000324672	0.0000000231
18	3891658	5834179	829	40	0.0000714501	0.0000000236
18	5834180	7090484	551	40	0.0000054910	0.0000000240
18	7090485	8498930	592	40	0.0001114933	0.0000000238
18	8498931	11075912	1297	40	-0.0000753365	0.0000000227
18	11075913	11905439	271	40	-0.0001523379	0.0000000115
18	11905440	14440798	772	40	-0.0000082530	0.0000000237
18	14440799	19485843	181	17	0.0000069745	0.0000000063
18	19485844	20649471	310	35	0.0002204477	0.0000000131
18	20649472	22996650	775	40	0.0001309982	0.0000000232
18	22996651	24026190	324	36	0.0001016414	0.0000000140
18	24026191	25927681	826	40	-0.0000684547	0.0000000226
18	25927682	26875586	261	27	0.0001337429	0.0000000109
18	26875587	27866477	285	29	0.0000080840	0.0000000078
18	27866478	30264065	849	40	-0.0000674738	0.0000000239
18	30264066	31780066	349	36	-0.0000204071	0.0000000126
18	31780067	33861963	591	40	-0.0000393108	0.0000000214
18	33861964	35075249	474	40	-0.0000020752	0.0000000203
18	35075250	36365489	507	40	0.0000420130	0.0000000202
18	36365490	37684366	359	35	-0.0001596659	0.0000000113
18	37684367	39892647	784	40	0.0001322389	0.0000000261
18	39892648	42922105	958	40	0.0000415475	0.0000000235
18	42922106	44299245	640	40	0.0000186630	0.0000000231
18	44299246	45939731	620	40	-0.0000447197	0.0000000229
18	45939732	47730583	726	40	0.0000211832	0.0000000245
18	47730584	51062184	1195	40	-0.0000164995	0.0000000253
18	51062185	51554174	182	16	-0.0000991613	0.0000000096
18	51554175	55213837	1152	40	-0.0001823941	0.0000000325
18	55213838	56530219	574	40	-0.0000706454	0.0000000214
18	56530220	57630482	592	40	-0.0000094827	0.0000000227
18	57630483	59020750	396	40	-0.0000211297	0.0000000154
18	59020751	60277714	526	40	-0.0001197148	0.0000000224
18	60277715	61820251	522	40	-0.0000256327	0.0000000185
18	61820252	63463401	525	40	0.0000427499	0.0000000187
18	63463402	64252800	251	22	-0.0000451083	0.0000000085
18	64252801	66125816	773	40	0.0000869570	0.0000000233
18	66125817	67175819	333	40	0.0000275834	0.0000000135
18	67175820	68621178	473	40	0.0001196034	0.0000000212
18	68621179	69621617	404	40	-0.0000920986	0.0000000154
18	69621618	71038473	584	40	-0.0000652208	0.0000000204
18	71038474	71971461	510	40	-0.0001044467	0.0000000233
18	71971462	73526986	653	40	0.0000515971	0.0000000228
18	73526987	74813814	609	40	-0.0000486279	0.0000000228
18	74813815	75976316	611	40	-0.0000727202	0.0000000238
18	75976317	77149990	439	40	-0.0001501356	0.0000000188
18	77149991	78017157	270	39	-0.0000896744	0.0000000141
19	80840	610728	112	27	0.0000226260	0.0000000077
19	610729	2098395	365	40	0.0001031633	0.0000000163
19	2098396	3019659	262	40	-0.0000490472	0.0000000142
19	3019660	4348966	303	40	-0.0000767180	0.0000000135
19	4348967	5811851	417	40	0.0000149373	0.0000000183
19	5811852	6684884	207	40	-0.0001136095	0.0000000115
19	6684885	8347512	450	40	-0.0000271067	0.0000000199
19	8347513	9238392	183	40	-0.0000036983	0.0000000089
19	9238393	11284027	421	40	0.0000109214	0.0000000142
19	11284028	13471126	412	40	0.0001543658	0.0000000171
19	13471127	14486346	215	40	-0.0000293362	0.0000000100
19	14486347	15648609	358	40	0.0000805377	0.0000000133
19	15648610	16374415	327	40	-0.0001299718	0.0000000133
19	16374416	18409861	495	40	-0.0000244158	0.0000000209
19	18409862	19877470	302	40	-0.0000192169	0.0000000105
19	19877471	20905756	145	24	-0.0000348949	0.0000000071
19	20905757	22732895	388	40	-0.0000065037	0.0000000133
19	22732896	23467745	156	13	-0.0000037715	0.0000000050
19	23467746	28557892	328	29	-0.0000132540	0.0000000090
19	28557893	29790946	498	40	0.0000905218	0.0000000171
19	29790947	30727953	359	40	-0.0001277482	0.0000000148
19	30727954	32746519	658	40	-0.0000638906	0.0000000251
19	32746520	34262951	461	40	-0.0000423508	0.0000000244
19	34262952	36469294	600	40	-0.0000456467	0.0000000215
19	36469295	37527032	226	21	-0.0000256107	0.0000000059
19	37527033	40170618	630	40	-0.0000008709	0.0000000217
19	40170619	40984600	203	27	-0.0000080389	0.0000000074
19	40984601	42131572	298	40	0.0000892569	0.0000000137
19	42131573	43862454	164	23	-0.0000151120	0.0000000052
19	43862455	44744107	265	40	-0.0000359798	0.0000000113
19	44744108	46102696	344	40	-0.0000853568	0.0000000158
19	46102697	47150081	262	40	-0.0002434595	0.0000000142
19	47150082	49282226	559	40	-0.0000116799	0.0000000207
19	49282227	51532566	559	40	0.0000523509	0.0000000234
19	51532567	52985289	580	40	-0.0000037774	0.0000000237
19	52985290	54602361	505	40	-0.0000202921	0.0000000228
19	54602362	55728079	307	40	0.0000287143	0.0000000121
19	55728080	57521334	641	40	-0.0000219767	0.0000000233
19	57521335	59118838	499	40	0.0000231975	0.0000000186
20	60479	697599	259	40	0.0000773247	0.0000000104
20	697600	2469500	975	40	0.0001121964	0.0000000225
20	2469501	3828412	450	40	-0.0000005440	0.0000000181
20	3828413	5477849	804	40	0.0000284950	0.0000000230
20	5477850	7084072	749	40	0.0001356493	0.0000000246
20	7084073	8117010	424	40	0.0000917519	0.0000000151
20	8117011	9730920	772	40	0.0000624949	0.0000000241
20	9730921	11249535	741	40	-0.0000056311	0.0000000261
20	11249536	12447498	524	40	-0.0000029154	0.0000000183
20	12447499	13689863	572	40	-0.0001708636	0.0000000211
20	13689864	15958358	1007	40	-0.0000222650	0.0000000244
20	15958359	17487231	951	40	0.0000116295	0.0000000228
20	17487232	18972202	613	40	-0.0000439993	0.0000000222
20	18972203	20959709	875	40	-0.0001216579	0.0000000236
20	20959710	22491455	431	40	-0.0000053894	0.0000000143
20	22491456	23293789	360	40	0.0000414821	0.0000000130
20	23293790	24717723	534	40	-0.0001592084	0.0000000188
20	24717724	25344230	223	21	0.0000952073	0.0000000069
20	25344231	31614822	548	40	0.0001138331	0.0000000166
20	31614823	32813440	260	28	-0.0000857014	0.0000000088
20	32813441	34960445	399	28	0.0000115434	0.0000000103
20	34960446	36909529	494	40	0.0000025908	0.0000000182
20	36909530	38436760	493	40	-0.0000300585	0.0000000178
20	38436761	39610855	476	40	0.0000121052	0.0000000201
20	39610856	40585688	258	32	0.0000005637	0.0000000100
20	40585689	41615459	582	40	-0.0000059193	0.0000000222
20	41615460	42680175	390	40	-0.0000964068	0.0000000173
20	42680176	44839055	673	40	-0.0000293415	0.0000000257
20	44839056	47199979	1026	40	0.0001101335	0.0000000235
20	47199980	49239657	723	40	0.0001573561	0.0000000239
20	49239658	52472548	1322	40	0.0000217790	0.0000000241
20	52472549	54055265	640	40	0.0000017766	0.0000000229
20	54055266	56447958	1163	40	0.0000224939	0.0000000234
20	56447959	58406571	898	40	-0.0002369556	0.0000000249
20	58406572	59561723	554	40	0.0000473051	0.0000000209
20	59561724	61301854	758	40	0.0000797996	0.0000000268
20	61301855	62190179	330	40	0.0000644999	0.0000000136
20	62190180	62965162	202	35	0.0000887993	0.0000000117
21	9411243	15950981	295	40	-0.0000927789	0.0000000123
21	15950982	18053164	693	40	0.0001021891	0.0000000257
21	18053165	19480374	488	40	-0.0000115196	0.0000000172
21	19480375	20962338	644	40	-0.0000658308	0.0000000226
21	20962339	22072763	388	40	0.0000832018	0.0000000172
21	22072764	23362874	567	40	-0.0000072151	0.0000000210
21	23362875	24696230	399	40	0.0000289809	0.0000000146
21	24696231	26469121	707	40	-0.0001843565	0.0000000251
21	26469122	27271018	229	25	0.0000151998	0.0000000079
21	27271019	29125225	889	40	0.0000072090	0.0000000224
21	29125226	31197024	719	40	0.0000283247	0.0000000222
21	31197025	32668641	460	40	0.0000429888	0.0000000171
21	32668642	34376998	680	40	-0.0001699330	0.0000000236
21	34376999	35225464	258	40	-0.0000077159	0.0000000110
21	35225465	36524372	564	40	0.0000019851	0.0000000234
21	36524373	37870778	542	40	0.0001188562	0.0000000210
21	37870779	38711703	309	40	0.0000051671	0.0000000123
21	38711704	40482901	880	40	0.0000566689	0.0000000247
21	40482902	41389526	498	40	-0.0000913604	0.0000000157
21	41389527	43321527	1007	40	-0.0000526631	0.0000000234
21	43321528	44506267	623	40	-0.0000380973	0.0000000251
21	44506268	46177104	523	40	-0.0000318479	0.0000000202
21	46177105	47492225	508	40	0.0000587819	0.0000000192
21	47492226	48119751	159	23	0.0000839992	0.0000000091
22	16050408	17674294	212	38	-0.0000899122	0.0000000101
22	17674295	18296087	260	40	0.0000745095	0.0000000119
22	18296088	19912357	528	40	0.0000878615	0.0000000198
22	19912358	22357324	603	40	-0.0000648034	0.0000000224
22	22357325	23712646	319	40	0.0000300290	0.0000000127
22	23712647	24984203	361	40	-0.0000666781	0.0000000121
22	24984204	26791627	744	40	0.0000271370	0.0000000224
22	26791628	27834751	749	40	0.0000582003	0.0000000240
22	27834752	29651798	576	40	-0.0000097508	0.0000000234
22	29651799	31439917	477	40	0.0000548597	0.0000000167
22	31439918	32664985	309	31	-0.0000544443	0.0000000109
22	32664986	34494913	947	40	-0.0000880347	0.0000000243
22	34494914	35530984	524	40	-0.0000897445	0.0000000148
22	35530985	37570268	806	40	0.0000499756	0.0000000232
22	37570269	39307893	538	40	-0.0000071648	0.0000000228
22	39307894	40545796	344	40	0.0000100058	0.0000000168
22	40545797	42690817	425	32	-0.0000288586	0.0000000153
22	42690818	43714199	377	40	0.0000137871	0.0000000150
22	43714200	44995307	712	40	-0.0000368992	0.0000000234
22	44995308	46470494	651	40	-0.0000262809	0.0000000233
22	46470495	47596317	452	40	0.0000286520	0.0000000181
22	47596318	48903702	790	40	0.0000632870	0.0000000230
22	48903703	49824533	660	40	0.0001729321	0.0000000238
22	49824534	51243297	397	40	-0.0000904401	0.0000000172
