chr	start	end	num_snp	k	local_h2g	var
1	10583	1892606	93	17	0.0000668630	0.000000010491
1	1892607	3582735	409	29	0.0002846672	0.000000043592
1	3582736	4380810	263	29	0.0003028904	0.000000030050
1	4380811	5913892	863	29	0.0001651057	0.000000052039
1	5913893	7247334	410	29	0.0000170004	0.000000029986
1	7247335	9365198	680	29	0.0001817634	0.000000050602
1	9365199	10806983	338	29	0.0000500630	0.000000022359
1	10806984	11777840	246	29	0.0001957028	0.000000025064
1	11777841	12779465	278	29	0.0002021719	0.000000018353
1	12779466	14891510	607	29	0.0001115154	0.000000050071
1	14891511	16897729	656	29	0.0000763264	0.000000048365
1	16897730	18662898	637	29	0.0001057328	0.000000048917
1	18662899	20469148	685	29	0.0002209749	0.000000053335
1	20469149	21736587	450	29	0.0002670428	0.000000038746
1	21736588	23086882	506	29	0.0002546466	0.000000046662
1	23086883	23920589	214	27	0.0001952661	0.000000018553
1	23920590	25516844	500	29	0.0001275364	0.000000042088
1	25516845	27401866	386	29	0.0005788539	0.000000035896
1	27401867	30161880	525	29	0.0004497309	0.000000046392
1	30161881	32438684	903	29	0.0002078560	0.000000052606
1	32438685	34799757	644	29	0.0002068814	0.000000052442
1	34799758	37549182	526	29	0.0000518646	0.000000037711
1	37549183	38731846	358	29	0.0000969756	0.000000026561
1	38731847	40200566	424	29	0.0006459984	0.000000044757
1	40200567	41975326	540	29	0.0000613410	0.000000037483
1	41975327	43758456	532	29	0.0000670728	0.000000034063
1	43758457	44969182	351	29	0.0001955955	0.000000027127
1	44969183	46899500	440	29	0.0003436163	0.000000029963
1	46899501	48002575	280	29	0.0002597379	0.000000024657
1	48002576	48978187	339	29	0.0001071791	0.000000027856
1	48978188	49894176	237	28	0.0002718587	0.000000024144
1	49894177	51713725	252	25	0.0000640348	0.000000013563
1	51713726	54226261	546	29	0.0002233238	0.000000042054
1	54226262	56413116	812	29	0.0002096619	0.000000048226
1	56413117	57021727	265	29	0.0000621758	0.000000014594
1	57021728	58865398	824	29	-0.0000382323	0.000000046717
1	58865399	59890408	371	29	0.0001515069	0.000000027795
1	59890409	61922364	660	29	0.0001195061	0.000000048741
1	61922365	63455088	522	29	0.0002504013	0.000000032948
1	63455089	65041703	642	29	0.0001918621	0.000000045012
1	65041704	66939403	636	29	0.0001706387	0.000000045151
1	66939404	68477894	663	29	0.0000850786	0.000000041425
1	68477895	69687615	382	29	0.0002985184	0.000000034847
1	69687616	71372469	507	29	0.0001892037	0.000000039528
1	71372470	71684404	81	10	0.0001231739	0.000000007302
1	71684405	74326906	558	29	0.0001559749	0.000000027312
1	74326907	76728134	711	29	0.0003244768	0.000000045158
1	76728135	79661197	923	29	0.0001113335	0.000000047994
1	79661198	81354190	470	29	-0.0000016560	0.000000032076
1	81354191	83991747	965	29	0.0002320571	0.000000052304
1	83991748	84844494	306	29	0.0001906044	0.000000023883
1	84844495	86454750	634	29	0.0001996183	0.000000047441
1	86454751	88128630	552	29	0.0000524946	0.000000038589
1	88128631	90066302	515	29	0.0000617729	0.000000034189
1	90066303	91886316	553	29	0.0002039948	0.000000042357
1	91886317	93536458	500	29	0.0002127919	0.000000031966
1	93536459	94506190	245	26	0.0003761696	0.000000022712
1	94506191	96150892	640	29	0.0003354498	0.000000052494
1	96150893	97885248	598	29	0.0000407147	0.000000032906
1	97885249	99800603	632	29	0.0000651600	0.000000040474
1	99800604	100826404	329	29	0.0003041698	0.000000027720
1	100826405	102041015	439	29	0.0001539837	0.000000033264
1	102041016	102898744	271	29	0.0000975748	0.000000021139
1	102898745	103914210	196	21	0.0000167378	0.000000011876
1	103914211	106087841	452	29	0.0000322180	0.000000031435
1	106087842	108409664	721	29	0.0002219141	0.000000052384
1	108409665	110303930	552	29	0.0007329578	0.000000039116
1	110303931	111741736	560	29	0.0003071967	0.000000049492
1	111741737	113273305	691	29	0.0001345293	0.000000047500
1	113273306	114873844	497	29	0.0000659101	0.000000035678
1	114873845	115880592	338	29	0.0001823175	0.000000023481
1	115880593	118839066	809	29	0.0003041310	0.000000054410
1	118839067	144977493	557	29	0.0001948476	0.000000029116
1	144977494	148361252	425	29	0.0001724921	0.000000032573
1	148361253	151538880	332	29	0.0001005613	0.000000021354
1	151538881	153180828	450	29	0.0000622381	0.000000027658
1	153180829	154770402	445	29	0.0003551499	0.000000038010
1	154770403	156336132	280	29	0.0004351676	0.000000029805
1	156336133	158027411	576	29	0.0002208417	0.000000047252
1	158027412	159913047	666	29	0.0000575425	0.000000046235
1	159913048	162346720	859	29	0.0001033941	0.000000036162
1	162346721	165191701	1172	29	0.0000494179	0.000000046108
1	165191702	166460516	514	29	0.0001075357	0.000000041825
1	166460517	169086323	1078	29	0.0001533187	0.000000050148
1	169086324	170557775	547	29	0.0000564456	0.000000027972
1	170557776	173097906	893	29	0.0001257512	0.000000043834
1	173097907	175089767	399	29	0.0002570381	0.000000024265
1	175089768	177433380	764	29	0.0000613161	0.000000047698
1	177433381	178944308	494	29	0.0003242165	0.000000030977
1	178944309	178954469	2	1	0.0000431289	0.000000001685
1	178954470	181144120	711	29	0.0001562697	0.000000048639
1	181144121	182755355	577	29	0.0006503153	0.000000059320
1	182755356	184595512	607	29	0.0003845659	0.000000046828
1	184595513	186810022	499	29	0.0000833696	0.000000032400
1	186810023	188759944	616	29	0.0000595152	0.000000039809
1	188759945	189904129	216	17	0.0000618728	0.000000012519
1	189904130	191868929	537	29	0.0002129881	0.000000033410
1	191868930	194107441	577	29	0.0002161113	0.000000041917
1	194107442	196176200	577	29	0.0001983920	0.000000036880
1	196176201	197311513	188	16	0.0000680563	0.000000010761
1	197311514	199239883	501	29	0.0002358629	0.000000038504
1	199239884	200137648	296	29	0.0003036755	0.000000027482
1	200137649	201589974	685	29	0.0002555039	0.000000053374
1	201589975	203334733	591	29	0.0002404452	0.000000050566
1	203334734	204681067	471	29	-0.0000491470	0.000000032368
1	204681068	206073264	558	29	0.0002290046	0.000000044106
1	206073265	208410363	603	29	0.0002536788	0.000000049684
1	208410364	210787749	908	29	0.0001756908	0.000000050098
1	210787750	212842329	685	29	0.0002865614	0.000000052280
1	212842330	214578265	604	29	0.0002968491	0.000000049453
1	214578266	216243633	578	29	0.0001677752	0.000000046067
1	216243634	218705512	1070	29	-0.0000519209	0.000000043878
1	218705513	219590570	281	29	0.0002534854	0.000000022761
1	219590571	221858230	679	29	0.0004491137	0.000000048277
1	221858231	222230219	171	21	0.0001719192	0.000000017599
1	222230220	224938519	464	29	0.0002683511	0.000000037893
1	224938520	226810859	498	29	0.0002179906	0.000000038403
1	226810860	229156247	654	29	0.0002248458	0.000000047648
1	229156248	230685254	520	29	0.0013615867	0.000000061754
1	230685255	232090251	573	29	0.0001477034	0.000000042253
1	232090252	233429283	598	29	0.0001513185	0.000000050383
1	233429284	234599433	519	29	0.0000899448	0.000000041847
1	234599434	235819435	370	29	0.0001619862	0.000000031711
1	235819436	237555627	694	29	0.0002492144	0.000000054488
1	237555628	238567806	419	29	0.0003057470	0.000000041036
1	238567807	239925313	487	29	0.0000752864	0.000000038866
1	239925314	240564090	335	29	-0.0000299493	0.000000024267
1	240564091	241582219	506	29	0.0002455069	0.000000050619
1	241582220	242071601	207	29	0.0003197055	0.000000025407
1	242071602	244109498	602	29	0.0000538837	0.000000046697
1	244109499	245506745	499	29	0.0001518052	0.000000044108
1	245506746	247344517	670	29	0.0002720398	0.000000053093
1	247344518	249239465	387	29	0.0002932171	0.000000036845
2	10133	1781021	655	29	0.0002411026	0.000000041589
2	1781022	3973778	951	29	0.0000399784	0.000000048031
2	3973779	5708336	623	29	0.0001010134	0.000000048692
2	5708337	6836253	558	29	0.0000192956	0.000000038709
2	6836254	8422146	645	29	0.0000781006	0.000000050411
2	8422147	10298468	660	29	0.0000692221	0.000000049535
2	10298469	12419149	954	29	0.0003213990	0.000000055076
2	12419150	14335307	589	29	0.0001210019	0.000000044403
2	14335308	16329734	733	29	0.0000911177	0.000000049607
2	16329735	18647422	854	29	0.0000830195	0.000000048833
2	18647423	19692403	381	29	0.0001845733	0.000000032482
2	19692404	21050489	629	29	0.0007281745	0.000000060489
2	21050490	23341382	623	29	0.0016181740	0.000000071835
2	23341383	24686917	437	29	0.0002008220	0.000000033678
2	24686918	26894984	541	29	0.0001776012	0.000000038103
2	26894985	28598776	409	29	0.0002967118	0.000000016148
2	28598777	29217558	247	29	0.0001841682	0.000000019553
2	29217559	30463710	625	29	0.0000811347	0.000000048703
2	30463711	31550449	521	29	0.0002258827	0.000000047198
2	31550450	33363776	482	29	0.0001475326	0.000000042649
2	33363777	35345027	797	29	0.0000541523	0.000000047833
2	35345028	36122005	290	29	0.0002702780	0.000000027518
2	36122006	38132711	917	29	0.0000390014	0.000000046639
2	38132712	39031336	320	29	0.0001034796	0.000000029710
2	39031337	40281482	300	29	0.0000437853	0.000000024646
2	40281483	43309589	1285	29	0.0000299756	0.000000042655
2	43309590	44313802	398	29	0.0001428391	0.000000019340
2	44313803	46482633	1055	29	0.0001669626	0.000000047714
2	46482634	47318771	410	29	0.0000929634	0.000000038004
2	47318772	48213000	295	29	0.0001868005	0.000000030213
2	48213001	50022256	700	29	0.0002598401	0.000000053246
2	50022257	50818927	341	29	0.0003316483	0.000000034592
2	50818928	52491132	646	29	0.0000447740	0.000000046774
2	52491133	53508451	461	29	0.0001715718	0.000000039552
2	53508452	54685225	427	29	0.0002744028	0.000000040540
2	54685226	56203344	602	29	0.0000867530	0.000000043372
2	56203345	57429099	425	29	0.0002210145	0.000000038831
2	57429100	58297314	270	28	0.0000637976	0.000000022021
2	58297315	60291999	737	29	0.0000974126	0.000000047242
2	60292000	62429043	585	29	0.0002108915	0.000000047085
2	62429044	64625912	577	29	0.0001635813	0.000000045824
2	64625913	65933443	456	29	0.0003358128	0.000000041562
2	65933444	67226165	548	29	0.0000682190	0.000000039458
2	67226166	68010175	420	29	0.0000744848	0.000000030182
2	68010176	69139563	467	29	0.0001737449	0.000000036212
2	69139564	70755197	523	29	0.0001448235	0.000000038651
2	70755198	73174847	784	29	0.0002344470	0.000000053458
2	73174848	75630085	699	29	0.0002212212	0.000000053468
2	75630086	76913660	514	29	0.0001739790	0.000000042351
2	76913661	78079263	391	29	0.0002794405	0.000000040279
2	78079264	80050402	819	29	0.0000246323	0.000000046800
2	80050403	81620840	574	29	0.0002733892	0.000000052167
2	81620841	85140679	889	29	0.0000448746	0.000000042891
2	85140680	88038506	617	29	0.0003831369	0.000000047200
2	88038507	89154525	243	29	0.0002905481	0.000000023461
2	89154526	95326451	4	2	0.0000022104	0.000000000920
2	95326452	98995200	420	29	0.0001964503	0.000000030974
2	98995201	101822328	887	29	0.0001742845	0.000000052750
2	101822329	102688764	256	29	0.0004003180	0.000000026062
2	102688765	103588214	396	29	0.0001842476	0.000000025258
2	103588215	105125033	305	29	0.0001538870	0.000000025514
2	105125034	106210057	398	29	0.0001568094	0.000000033442
2	106210058	107408266	439	29	0.0000996843	0.000000032059
2	107408267	108429176	354	29	0.0000542397	0.000000023169
2	108429177	110572431	520	29	-0.0000141586	0.000000033729
2	110572432	113921855	762	29	0.0003075345	0.000000053922
2	113921856	116772469	742	29	0.0001999179	0.000000052326
2	116772470	118367465	394	29	0.0001170854	0.000000025490
2	118367466	121303782	985	29	0.0001146751	0.000000049678
2	121303783	123302905	572	29	0.0002164757	0.000000046471
2	123302906	124732249	428	29	0.0001688323	0.000000029376
2	124732250	125840920	378	29	0.0003045479	0.000000034298
2	125840921	127373763	408	29	0.0001699102	0.000000026372
2	127373764	128034346	256	29	0.0001503626	0.000000021937
2	128034347	129474440	423	29	-0.0000173031	0.000000026394
2	129474441	130067169	220	26	0.0001183307	0.000000015969
2	130067170	130658084	202	26	0.0003762045	0.000000023675
2	130658085	133042783	206	29	0.0002404555	0.000000022777
2	133042784	135158577	901	29	0.0001775187	0.000000051970
2	135158578	137042793	442	29	0.0002992229	0.000000030498
2	137042794	138698116	589	29	0.0003092852	0.000000047398
2	138698117	140100270	430	29	0.0001810386	0.000000028172
2	140100271	141805350	561	29	0.0001597018	0.000000044330
2	141805351	142518601	295	29	0.0001794701	0.000000026936
2	142518602	144519483	645	29	0.0000212722	0.000000042746
2	144519484	146445569	438	29	0.0001681155	0.000000033463
2	146445570	147277161	152	15	0.0000733986	0.000000011638
2	147277162	150210291	650	29	0.0001864958	0.000000044407
2	150210292	151731461	468	29	0.0002683465	0.000000038416
2	151731462	152486781	279	29	0.0000629558	0.000000018512
2	152486782	154005055	467	29	0.0001525260	0.000000036803
2	154005056	155391134	484	29	0.0001163632	0.000000036778
2	155391135	157560634	546	29	0.0000965649	0.000000038966
2	157560635	158533217	171	25	0.0004738812	0.000000026436
2	158533218	159577081	329	29	0.0001315422	0.000000026264
2	159577082	161769732	707	29	0.0002267401	0.000000047784
2	161769733	163503550	387	29	0.0001307881	0.000000024630
2	163503551	164466637	191	23	0.0001593607	0.000000017542
2	164466638	165178839	173	21	0.0000911675	0.000000012909
2	165178840	167160269	616	29	0.0004051712	0.000000045449
2	167160270	167355969	72	10	0.0000917520	0.000000007592
2	167355970	169968235	820	29	0.0002888658	0.000000047339
2	169968236	171226244	476	29	0.0001076528	0.000000036384
2	171226245	173138904	560	29	0.0002560325	0.000000047502
2	173138905	175588928	823	29	0.0001148512	0.000000048971
2	175588929	177363635	521	29	0.0000603581	0.000000036494
2	177363636	178553182	460	29	0.0001615217	0.000000032854
2	178553183	181312738	995	29	0.0001464433	0.000000048868
2	181312739	182266030	297	29	0.0000698135	0.000000020531
2	182266031	184357607	601	29	0.0001187185	0.000000044642
2	184357608	185280172	232	25	0.0001275597	0.000000018140
2	185280173	189882064	943	29	0.0001944178	0.000000051304
2	189882065	191973356	485	29	0.0002264329	0.000000035641
2	191973357	195861163	700	29	0.0001327198	0.000000049655
2	195861164	196447455	151	19	0.0001545032	0.000000014586
2	196447456	198078109	437	29	0.0000639733	0.000000027386
2	198078110	199311124	301	26	0.0002203838	0.000000021314
2	199311125	201576283	618	29	0.0000302153	0.000000041674
2	201576284	202818636	306	29	0.0001849633	0.000000025342
2	202818637	205799240	742	29	0.0001061534	0.000000038019
2	205799241	206735703	395	29	0.0001269616	0.000000035993
2	206735704	208645398	636	29	0.0001812659	0.000000050362
2	208645399	209941528	325	29	0.0001698445	0.000000027943
2	209941529	212379517	734	29	0.0004674842	0.000000057744
2	212379518	214014281	619	29	0.0000390141	0.000000046462
2	214014282	215573794	436	29	0.0003577110	0.000000040636
2	215573795	217715660	777	29	0.0000292589	0.000000047164
2	217715661	218395479	273	29	0.0001230274	0.000000024307
2	218395480	220454550	564	29	0.0001853824	0.000000039712
2	220454551	222521175	842	29	0.0004487290	0.000000058502
2	222521176	224859418	775	29	0.0000338889	0.000000048165
2	224859419	225840003	346	29	0.0003317515	0.000000029151
2	225840004	228119841	721	29	0.0006333076	0.000000054575
2	228119842	229370786	439	29	0.0003641246	0.000000037733
2	229370787	231843388	911	29	0.0001032844	0.000000050046
2	231843389	233550002	455	29	0.0001424453	0.000000033349
2	233550003	235150986	766	29	0.0000387226	0.000000047494
2	235150987	236043549	419	29	0.0002635329	0.000000042796
2	236043550	237449031	452	29	0.0001256560	0.000000037357
2	237449032	238760980	526	29	0.0001669189	0.000000043142
2	238760981	239952642	403	29	-0.0000406150	0.000000029119
2	239952643	241560083	631	29	0.0001743841	0.000000052296
2	241560084	242149920	197	29	0.0000774678	0.000000015609
2	242149921	243188919	121	14	0.0001980961	0.000000013767
3	60157	1441778	616	29	0.0001223027	0.000000049753
3	1441779	2992119	881	29	0.0001492339	0.000000050698
3	2992120	4431646	766	29	0.0000559927	0.000000049480
3	4431647	6083182	755	29	0.0000930575	0.000000050497
3	6083183	7083386	428	29	0.0001316546	0.000000039322
3	7083387	8648560	851	29	0.0000110483	0.000000046005
3	8648561	9543182	470	29	0.0000918646	0.000000041533
3	9543183	11019664	556	29	0.0002269927	0.000000052456
3	11019665	13070798	718	29	0.0004114681	0.000000047776
3	13070799	14816899	779	29	0.0001593422	0.000000052155
3	14816900	16282441	522	29	0.0002692628	0.000000032073
3	16282442	17891117	490	29	0.0003046150	0.000000041093
3	17891118	19125143	339	29	0.0003769421	0.000000034382
3	19125144	20091347	190	24	0.0002860017	0.000000023063
3	20091348	21643706	632	29	0.0002179771	0.000000051332
3	21643707	22204243	378	29	-0.0000240650	0.000000029310
3	22204244	23804864	527	29	0.0001807115	0.000000045794
3	23804865	25461557	738	29	0.0005761737	0.000000060455
3	25461558	26877768	464	29	0.0000903210	0.000000034181
3	26877769	27840909	263	29	0.0000967352	0.000000020948
3	27840910	29142259	440	29	0.0002331761	0.000000042019
3	29142260	30717954	673	29	0.0002481068	0.000000050277
3	30717955	32351714	649	29	0.0001797111	0.000000050337
3	32351715	33255591	269	29	0.0000517440	0.000000022804
3	33255592	35283457	573	29	0.0001858070	0.000000043081
3	35283458	36486841	401	29	0.0002123019	0.000000034236
3	36486842	38356115	578	29	0.0000113961	0.000000038648
3	38356116	40221297	638	29	0.0001680352	0.000000034969
3	40221298	41064527	144	15	-0.0000231558	0.000000009456
3	41064528	42540001	446	29	0.0000683028	0.000000031327
3	42540002	45165152	685	29	0.0002565743	0.000000049024
3	45165153	46657499	495	29	0.0001690501	0.000000036115
3	46657500	47727211	170	17	0.0001781368	0.000000013124
3	47727212	49316971	241	15	0.0001269802	0.000000011558
3	49316972	51832014	422	24	0.0003953859	0.000000024539
3	51832015	54081389	588	29	0.0004332447	0.000000035541
3	54081390	55348859	650	29	0.0002028140	0.000000051392
3	55348860	56433906	361	29	0.0001286472	0.000000030961
3	56433907	58157518	524	29	0.0002347873	0.000000038476
3	58157519	60272905	959	29	0.0001682984	0.000000050610
3	60272906	62355665	969	29	0.0000356604	0.000000047378
3	62355666	63669285	660	29	0.0001745413	0.000000050043
3	63669286	65273537	750	29	0.0000420246	0.000000044745
3	65273538	66270446	343	29	0.0001414500	0.000000033338
3	66270447	68286913	632	29	0.0002681779	0.000000053379
3	68286914	69276761	358	29	0.0001433351	0.000000033081
3	69276762	70449027	386	29	0.0002663724	0.000000037479
3	70449028	72529328	782	29	0.0001969600	0.000000050281
3	72529329	74321816	713	29	0.0000362068	0.000000047956
3	74321817	75704948	269	29	0.0001478807	0.000000022639
3	75704949	77508834	480	29	0.0001935482	0.000000041879
3	77508835	79024540	397	29	0.0001796464	0.000000031515
3	79024541	81427309	487	29	0.0002756547	0.000000033837
3	81427310	82643885	294	27	0.0002182089	0.000000022040
3	82643886	84367478	315	29	0.0002589347	0.000000025679
3	84367479	85582230	252	22	0.0001869049	0.000000019548
3	85582231	87409731	446	29	0.0002187157	0.000000028405
3	87409732	88298372	184	18	0.0001147779	0.000000012990
3	88298373	94255315	456	29	0.0001388531	0.000000030615
3	94255316	95311970	216	18	0.0000200498	0.000000012680
3	95311971	98215949	558	29	0.0001918501	0.000000038363
3	98215950	99373761	323	29	0.0001524114	0.000000023456
3	99373762	100592216	322	28	-0.0000116570	0.000000016235
3	100592217	103084959	648	29	0.0000855192	0.000000041125
3	103084960	104581612	411	29	0.0001440751	0.000000029637
3	104581613	106982810	701	29	0.0003962538	0.000000058970
3	106982811	109522394	748	29	0.0001842984	0.000000051320
3	109522395	110513769	248	25	0.0000870704	0.000000015267
3	110513770	112815698	678	29	0.0000388582	0.000000044346
3	112815699	113947862	363	29	0.0001501455	0.000000027829
3	113947863	115447079	396	29	0.0000894915	0.000000032356
3	115447080	116800152	513	29	0.0002851489	0.000000043909
3	116800153	118530250	564	29	0.0000386308	0.000000043205
3	118530251	120523054	656	29	0.0002198741	0.000000042656
3	120523055	121974096	362	29	0.0001299638	0.000000021424
3	121974097	123517767	513	29	0.0001974718	0.000000033448
3	123517768	124936641	614	29	0.0002436315	0.000000047870
3	124936642	126214942	374	29	0.0001959648	0.000000029873
3	126214943	128194860	654	29	0.0003844513	0.000000053665
3	128194861	130244734	413	29	0.0001189987	0.000000029175
3	130244735	131836515	536	29	0.0001208653	0.000000035482
3	131836516	133252172	507	29	0.0001255513	0.000000034550
3	133252173	135456905	852	29	0.0001321895	0.000000049293
3	135456906	137371082	430	29	0.0005233924	0.000000035134
3	137371083	139954596	835	29	0.0002800939	0.000000049678
3	139954597	141339096	468	29	0.0001676899	0.000000036273
3	141339097	143164627	611	29	0.0000275488	0.000000044116
3	143164628	144410815	387	29	0.0002202772	0.000000032529
3	144410816	145664618	353	29	0.0001495204	0.000000025475
3	145664619	146726628	330	29	0.0001793466	0.000000026143
3	146726629	149043236	676	29	0.0002423031	0.000000053454
3	149043237	150252003	422	29	0.0001700991	0.000000034682
3	150252004	151348729	362	29	0.0000797459	0.000000026924
3	151348730	153256570	559	29	0.0000883538	0.000000040445
3	153256571	154714217	400	29	0.0000915081	0.000000024378
3	154714218	156008699	325	29	0.0000500892	0.000000024382
3	156008700	157312027	439	29	0.0003874883	0.000000036148
3	157312028	159477889	634	29	0.0002287883	0.000000040788
3	159477890	161524503	563	29	0.0001776245	0.000000034713
3	161524504	163253204	470	29	0.0002584754	0.000000033227
3	163253205	165055468	434	29	0.0000518592	0.000000021700
3	165055469	167117428	449	29	0.0001707428	0.000000031749
3	167117429	168580959	355	29	0.0000910179	0.000000024653
3	168580960	170964908	714	29	0.0004064803	0.000000046307
3	170964909	172295730	504	29	0.0001724280	0.000000043030
3	172295731	173477284	376	29	0.0002027083	0.000000034616
3	173477285	175116538	593	29	0.0002267756	0.000000053279
3	175116539	176320286	336	29	0.0001421128	0.000000026575
3	176320287	178107164	536	29	0.0002254380	0.000000044483
3	178107165	179374585	381	29	0.0001342117	0.000000029055
3	179374586	181511165	459	29	0.0001030451	0.000000032705
3	181511166	183769682	649	29	0.0001727124	0.000000047599
3	183769683	185068254	402	29	0.0001048481	0.000000033282
3	185068255	186890343	650	29	0.0001128042	0.000000040327
3	186890344	188856213	795	29	0.0001776469	0.000000051222
3	188856214	190226606	612	29	0.0001764233	0.000000050910
3	190226607	192343813	732	29	0.0001494216	0.000000049945
3	192343814	194059670	496	29	0.0001310877	0.000000043475
3	194059671	194786673	251	29	0.0002697765	0.000000025883
3	194786674	195971407	214	29	0.0002315551	0.000000022224
3	195971408	197075986	271	29	0.0001619025	0.000000023869
3	197075987	197946621	174	27	0.0002183183	0.000000020946
4	10240	694714	98	12	-0.0000180703	0.000000007451
4	694715	1478710	204	24	0.0000159849	0.000000012993
4	1478711	2842978	238	29	0.0004296582	0.000000030234
4	2842979	3846039	245	29	0.0000676015	0.000000020864
4	3846040	4684115	220	29	0.0003566914	0.000000028255
4	4684116	5502387	386	29	0.0000504638	0.000000033613
4	5502388	6773042	670	29	0.0000484921	0.000000045556
4	6773043	7539691	404	29	0.0000849293	0.000000040338
4	7539692	8152234	339	29	0.0000712247	0.000000032214
4	8152235	9326478	233	29	0.0000936006	0.000000021292
4	9326479	10699151	497	29	0.0002555120	0.000000037022
4	10699152	12323033	638	29	0.0001642467	0.000000050581
4	12323034	14272000	708	29	0.0002693298	0.000000054125
4	14272001	15147445	376	29	0.0003223795	0.000000036855
4	15147446	15927008	246	29	0.0001970521	0.000000023445
4	15927009	17383321	653	29	0.0000312015	0.000000047917
4	17383322	18841873	410	29	0.0001456075	0.000000030731
4	18841874	20544556	463	29	0.0002063712	0.000000033481
4	20544557	22319346	663	29	0.0002924702	0.000000052922
4	22319347	24135528	596	29	0.0002436310	0.000000048087
4	24135529	25609321	590	29	0.0001581152	0.000000049881
4	25609322	27343721	557	29	0.0003581126	0.000000051910
4	27343722	27965867	201	29	0.0000788136	0.000000017664
4	27965868	29762207	525	29	0.0002596858	0.000000042331
4	29762208	30454534	157	24	0.0001034489	0.000000013807
4	30454535	31782980	402	29	0.0003420580	0.000000038725
4	31782981	33172765	312	29	0.0002724329	0.000000029708
4	33172766	35151414	359	29	0.0001700514	0.000000023699
4	35151415	36020435	273	29	0.0000283195	0.000000017522
4	36020436	37255046	423	29	-0.0000069283	0.000000026031
4	37255047	38907021	777	29	0.0001064947	0.000000047975
4	38907022	40202608	377	29	0.0004602983	0.000000035553
4	40202609	42213057	703	29	0.0000262747	0.000000047977
4	42213058	43965044	522	29	0.0002198186	0.000000039495
4	43965045	45189156	339	29	0.0001751434	0.000000020372
4	45189157	47411895	448	29	0.0002367053	0.000000032911
4	47411896	48123599	213	25	0.0002169037	0.000000018647
4	48123600	53877432	469	29	0.0003980518	0.000000038110
4	53877433	55429555	524	29	0.0003440869	0.000000043120
4	55429556	56547643	355	29	0.0002472644	0.000000031643
4	56547644	58935007	832	29	0.0002265598	0.000000052855
4	58935008	60741086	454	29	0.0000633131	0.000000030210
4	60741087	62371762	424	29	0.0001162072	0.000000031992
4	62371763	64341000	428	29	0.0002878071	0.000000037396
4	64341001	66600491	500	29	0.0000554425	0.000000032667
4	66600492	68059496	384	29	0.0001225634	0.000000027040
4	68059497	68854764	233	29	0.0001457561	0.000000018257
4	68854765	71049151	512	29	0.0000867025	0.000000028897
4	71049152	72140557	212	27	0.0001831052	0.000000017264
4	72140558	74592389	484	29	0.0002985029	0.000000038027
4	74592390	77130706	711	29	0.0001115328	0.000000046330
4	77130707	79093978	710	29	0.0000430376	0.000000047660
4	79093979	80990296	543	29	0.0000962491	0.000000034610
4	80990297	82125314	240	29	0.0001913687	0.000000019563
4	82125315	83372592	354	29	-0.0000547379	0.000000022889
4	83372593	84799655	470	29	0.0001916797	0.000000035949
4	84799656	86930608	574	29	0.0002288207	0.000000042052
4	86930609	87534647	134	17	0.0003603963	0.000000016724
4	87534648	89238027	560	29	0.0006529163	0.000000045401
4	89238028	90231563	315	29	0.0004678698	0.000000033364
4	90231564	91560676	334	29	0.0001370533	0.000000024431
4	91560677	94233298	559	29	0.0002227199	0.000000044852
4	94233299	96182187	596	29	0.0002477130	0.000000050358
4	96182188	97540702	486	29	0.0001751902	0.000000038556
4	97540703	99424066	398	29	0.0001120911	0.000000023857
4	99424067	100678359	400	29	0.0001761832	0.000000028452
4	100678360	103221355	782	29	0.0003745805	0.000000052322
4	103221356	105305293	472	29	0.0004298664	0.000000037370
4	105305294	107501304	570	29	0.0001344373	0.000000037406
4	107501305	108815347	356	29	0.0001450654	0.000000025310
4	108815348	111256566	748	29	0.0001565557	0.000000050752
4	111256567	113870101	710	29	0.0001336157	0.000000049064
4	113870102	115666245	598	29	0.0003228388	0.000000052414
4	115666246	117276928	330	29	0.0000575243	0.000000020903
4	117276929	118479917	335	29	0.0000904157	0.000000023507
4	118479918	119933511	406	29	0.0005205651	0.000000037935
4	119933512	120392683	147	16	0.0001802867	0.000000012759
4	120392684	122657986	686	29	0.0002156694	0.000000051928
4	122657987	124286480	377	29	0.0001554044	0.000000025764
4	124286481	125210861	257	29	0.0002600364	0.000000023840
4	125210862	126480885	385	29	0.0001572536	0.000000030777
4	126480886	127275476	219	29	0.0002490289	0.000000022209
4	127275477	127830292	161	22	0.0000957171	0.000000013388
4	127830293	128996664	190	15	-0.0000227018	0.000000012566
4	128996665	130591884	439	29	0.0002756671	0.000000036161
4	130591885	131283820	183	22	0.0001374794	0.000000016776
4	131283821	132954032	349	29	0.0001075272	0.000000027960
4	132954033	134628433	369	29	0.0000418720	0.000000024553
4	134628434	136566406	422	29	0.0002292184	0.000000031939
4	136566407	138541970	508	29	-0.0000296585	0.000000034627
4	138541971	139556510	350	29	0.0000768144	0.000000028414
4	139556511	141084630	489	29	0.0001159504	0.000000040019
4	141084631	143443264	697	29	0.0001007942	0.000000049312
4	143443265	146178186	502	29	0.0001914546	0.000000030011
4	146178187	148521872	609	29	0.0001814978	0.000000042958
4	148521873	150683579	516	29	0.0002320580	0.000000042162
4	150683580	152782183	498	29	0.0001690609	0.000000030496
4	152782184	154477640	492	29	0.0003295336	0.000000044283
4	154477641	155056125	199	27	0.0000243254	0.000000015277
4	155056126	157485096	782	29	0.0000673841	0.000000045853
4	157485097	158743717	314	29	0.0002512369	0.000000028426
4	158743718	161058863	513	29	0.0000910441	0.000000033874
4	161058864	161826434	264	29	0.0001666619	0.000000023884
4	161826435	163243678	433	29	0.0001329003	0.000000032533
4	163243679	164478233	322	29	0.0000242707	0.000000023433
4	164478234	165823447	407	29	-0.0000138400	0.000000031533
4	165823448	167018857	355	29	0.0000072830	0.000000026710
4	167018858	167852916	182	25	0.0001855921	0.000000017116
4	167852917	169676824	569	29	0.0001442537	0.000000045284
4	169676825	170776509	307	29	0.0002066166	0.000000026983
4	170776510	172558634	407	29	0.0000916891	0.000000028502
4	172558635	174264131	387	29	0.0001574594	0.000000029547
4	174264132	176570715	620	29	0.0002643363	0.000000053988
4	176570716	178991909	807	29	0.0001163036	0.000000048731
4	178991910	180122042	316	29	0.0002433754	0.000000032344
4	180122043	182066806	800	29	0.0001749624	0.000000049456
4	182066807	183371274	701	29	0.0000861644	0.000000049350
4	183371275	184929454	571	29	0.0000182993	0.000000049202
4	184929455	186909089	845	29	0.0000692629	0.000000049831
4	186909090	188472980	599	29	0.0000896793	0.000000047484
4	188472981	189693510	399	29	0.0000170701	0.000000033628
4	189693511	191043593	288	29	0.0001810901	0.000000026017
5	11940	982251	213	25	0.0001119496	0.000000018133
5	982252	2132441	440	29	0.0001248795	0.000000041579
5	2132442	3361940	777	29	0.0000204424	0.000000049686
5	3361941	4632109	522	29	0.0000895123	0.000000040846
5	4632110	5973232	683	29	0.0001350407	0.000000049877
5	5973233	7143217	562	29	0.0000624679	0.000000041930
5	7143218	8446335	574	29	0.0001531160	0.000000044650
5	8446336	9718831	587	29	0.0002098052	0.000000047971
5	9718832	11173270	714	29	0.0002382145	0.000000053237
5	11173271	13464831	558	29	0.0000486978	0.000000040268
5	13464832	14757803	575	29	0.0000720559	0.000000043469
5	14757804	16963612	738	29	-0.0000186217	0.000000044957
5	16963613	18051591	263	29	0.0000734251	0.000000022101
5	18051592	19917715	538	29	0.0003676002	0.000000043367
5	19917716	22152072	440	29	0.0000554537	0.000000029698
5	22152073	23494323	396	29	0.0001557827	0.000000029630
5	23494324	26184850	640	29	0.0001484897	0.000000046600
5	26184851	26857603	150	22	0.0001962743	0.000000016328
5	26857604	27984512	216	29	0.0001957499	0.000000020636
5	27984513	29714819	396	29	0.0000601219	0.000000025432
5	29714820	31390248	562	29	0.0001364246	0.000000040223
5	31390249	33500179	803	29	0.0003136952	0.000000048237
5	33500180	35048969	534	29	0.0000616466	0.000000041867
5	35048970	36433953	469	29	0.0000074298	0.000000030312
5	36433954	38802409	736	29	0.0001440867	0.000000050412
5	38802410	40287728	526	29	0.0002286808	0.000000037366
5	40287729	41888709	524	29	0.0001740627	0.000000032279
5	41888710	43983498	392	29	0.0001821366	0.000000027394
5	43983499	50163397	410	29	0.0001206424	0.000000024183
5	50163398	52134621	553	29	0.0002989841	0.000000042359
5	52134622	53703043	594	29	0.0004575207	0.000000050908
5	53703044	55417348	576	29	0.0000242874	0.000000037170
5	55417349	56621101	489	29	0.0004131123	0.000000041526
5	56621102	57340072	262	29	0.0001310639	0.000000019447
5	57340073	58524621	520	29	0.0001907960	0.000000039587
5	58524622	60935906	674	29	0.0001128065	0.000000045607
5	60935907	61672994	260	27	0.0000530026	0.000000017984
5	61672995	63218986	471	29	0.0000159823	0.000000027493
5	63218987	63968303	174	19	0.0000535424	0.000000012891
5	63968304	65911285	594	29	0.0000808856	0.000000038503
5	65911286	67850859	764	29	0.0001283379	0.000000049983
5	67850860	71240455	428	29	0.0003840610	0.000000038109
5	71240456	73759325	939	29	0.0002191730	0.000000051356
5	73759326	75798865	668	29	0.0001310266	0.000000036201
5	75798866	77623331	694	29	0.0001716528	0.000000049151
5	77623332	79393143	631	29	0.0002210487	0.000000052046
5	79393144	80481470	437	29	0.0001421871	0.000000035644
5	80481471	82025647	485	29	0.0001827697	0.000000040295
5	82025648	83972688	514	29	0.0000852640	0.000000043819
5	83972689	85767289	486	29	0.0003493238	0.000000042217
5	85767290	87389990	268	29	0.0001861689	0.000000022683
5	87389991	88891529	299	29	0.0000186501	0.000000017776
5	88891530	90422653	414	29	0.0000890409	0.000000029206
5	90422654	91840541	260	29	0.0003766355	0.000000028670
5	91840542	93809983	402	29	0.0002172717	0.000000029589
5	93809984	95963518	669	29	0.0000515480	0.000000047908
5	95963519	97315600	400	29	0.0001763367	0.000000028663
5	97315601	99260991	468	29	0.0000772381	0.000000030321
5	99260992	101578768	492	29	-0.0000004610	0.000000030495
5	101578769	103320004	461	29	0.0000862016	0.000000030917
5	103320005	104851482	403	29	0.0001214507	0.000000030834
5	104851483	105893054	164	21	0.0001557440	0.000000017435
5	105893055	107264195	548	29	0.0002294214	0.000000050231
5	107264196	108633933	376	29	0.0002271896	0.000000032110
5	108633934	110821143	606	29	0.0001335075	0.000000046337
5	110821144	111981561	410	29	-0.0000273212	0.000000030464
5	111981562	113396284	523	29	0.0002449097	0.000000043769
5	113396285	114830369	505	29	0.0001461886	0.000000037526
5	114830370	115831046	420	29	0.0001083405	0.000000033620
5	115831047	117346212	538	29	0.0001856371	0.000000046736
5	117346213	118608819	362	29	0.0002318470	0.000000033888
5	118608820	119669041	326	29	0.0001152113	0.000000026734
5	119669042	120452165	223	24	0.0001486737	0.000000021070
5	120452166	122556904	645	29	0.0001764619	0.000000051281
5	122556905	123798099	427	29	0.0001999962	0.000000034741
5	123798100	125785648	810	29	0.0001213112	0.000000050515
5	125785649	127344603	418	29	0.0001107174	0.000000031416
5	127344604	129519024	628	29	0.0001547519	0.000000041270
5	129519025	132139648	592	29	0.0002459868	0.000000034610
5	132139649	134777400	870	29	0.0000189042	0.000000045523
5	134777401	136376049	571	29	0.0000706859	0.000000038646
5	136376050	139265071	670	29	0.0001940496	0.000000043292
5	139265072	140645970	336	29	0.0002299658	0.000000023589
5	140645971	142981247	885	29	0.0000892267	0.000000047608
5	142981248	144943353	614	29	0.0001663359	0.000000043614
5	144943354	147181997	710	29	0.0001764695	0.000000052266
5	147181998	148662623	535	29	0.0001814850	0.000000041042
5	148662624	150561297	809	29	0.0000729942	0.000000047005
5	150561298	152867773	811	29	0.0000708177	0.000000047564
5	152867774	153773087	420	29	0.0003411711	0.000000033078
5	153773088	155373504	548	29	0.0000403028	0.000000039560
5	155373505	156628699	369	29	0.0001929345	0.000000023658
5	156628700	158825697	853	29	0.0004220586	0.000000049786
5	158825698	159973943	407	29	0.0000136542	0.000000031557
5	159973944	161482132	500	29	-0.0000337343	0.000000030750
5	161482133	162743907	347	29	-0.0000170556	0.000000024812
5	162743908	163771581	371	29	0.0001666565	0.000000032173
5	163771582	165642394	532	29	0.0002859993	0.000000051683
5	165642395	166847739	412	29	0.0001192889	0.000000038403
5	166847740	168525317	743	29	0.0000752934	0.000000047387
5	168525318	169505663	469	29	0.0000955253	0.000000038779
5	169505664	171074291	638	29	0.0002628948	0.000000053209
5	171074292	172678326	650	29	0.0000547216	0.000000047005
5	172678327	173642870	485	29	0.0002230536	0.000000036788
5	173642871	175450594	792	29	0.0000698566	0.000000051616
5	175450595	177251506	322	29	0.0001635073	0.000000026083
5	177251507	178413463	419	29	0.0000875997	0.000000036030
5	178413464	179401243	331	29	0.0000423601	0.000000029376
5	179401244	180559932	307	29	0.0003342033	0.000000031221
5	180559933	180885155	41	9	-0.0000211715	0.000000003192
6	73924	1452361	653	29	0.0001667806	0.000000050132
6	1452362	2458935	429	29	0.0002682823	0.000000037881
6	2458936	3573592	553	29	0.0001046649	0.000000047401
6	3573593	4617816	503	29	0.0001417092	0.000000041076
6	4617817	5791471	571	29	0.0001708471	0.000000049337
6	5791472	6785206	579	29	0.0000815810	0.000000045423
6	6785207	7808935	496	29	0.0001134615	0.000000037488
6	7808936	9020025	492	29	0.0002146808	0.000000037907
6	9020026	10540316	600	29	0.0001423257	0.000000048665
6	10540317	11790815	531	29	0.0000470641	0.000000040936
6	11790816	13209387	589	29	0.0002561937	0.000000034626
6	13209388	14802923	663	29	0.0001775232	0.000000046051
6	14802924	17386404	964	29	0.0001467701	0.000000047813
6	17386405	19207486	623	29	0.0002722093	0.000000044516
6	19207487	21684064	1012	29	0.0002310906	0.000000035460
6	21684065	22748306	509	29	0.0000630664	0.000000041444
6	22748307	23936618	483	29	0.0001801526	0.000000043236
6	23936619	24852274	389	29	0.0003150528	0.000000038443
6	24852275	25684586	453	29	0.0003929583	0.000000028872
6	25684587	26791232	471	29	0.0001703110	0.000000014388
6	26791233	28017818	272	19	0.0000306407	0.000000008386
6	28017819	28917607	306	20	0.0000832028	0.000000009616
6	28917608	29737970	501	29	0.0000780337	0.000000015761
6	29737971	30798167	861	29	0.0001459405	0.000000023141
6	30798168	31571217	747	29	0.0005507029	0.000000029130
6	31571218	32682663	669	29	0.0005607824	0.000000026632
6	32682664	33236496	597	29	0.0001283635	0.000000019752
6	33236497	35455755	730	29	0.0006363965	0.000000050757
6	35455756	37572595	784	29	0.0001916072	0.000000047367
6	37572596	39295676	742	29	0.0002248104	0.000000049795
6	39295677	40345114	390	29	0.0001959475	0.000000033393
6	40345115	42038720	702	29	0.0003967804	0.000000057047
6	42038721	43756168	421	29	0.0002352040	0.000000034484
6	43756169	45406562	556	29	0.0002361855	0.000000047682
6	45406563	47311897	746	29	0.0001262835	0.000000050936
6	47311898	48391124	339	29	0.0002117270	0.000000025447
6	48391125	50386144	483	29	0.0001202268	0.000000027932
6	50386145	52210475	608	29	0.0000589227	0.000000028204
6	52210476	53279101	419	29	0.0002558748	0.000000033964
6	53279102	55468269	839	29	0.0003348615	0.000000054323
6	55468270	56105312	204	20	-0.0000364656	0.000000009813
6	56105313	57599464	359	29	0.0001938840	0.000000027729
6	57599465	61880511	116	9	0.0000227402	0.000000006262
6	61880512	63552887	328	22	0.0001752529	0.000000022484
6	63552888	65765741	441	29	0.0000862156	0.000000027991
6	65765742	67329214	476	29	0.0000484369	0.000000031404
6	67329215	68849482	457	29	0.0002493471	0.000000035146
6	68849483	69523447	212	26	0.0001283592	0.000000017377
6	69523448	71609509	720	29	0.0003095965	0.000000052476
6	71609510	73450096	622	29	0.0001840122	0.000000036124
6	73450097	75462002	557	29	0.0000944662	0.000000037033
6	75462003	77414880	442	29	0.0000140616	0.000000025068
6	77414881	78957727	481	29	0.0001776677	0.000000029110
6	78957728	80691169	572	29	0.0001708125	0.000000039645
6	80691170	81929221	360	27	0.0000136292	0.000000017939
6	81929222	83127148	342	29	0.0001113205	0.000000025128
6	83127149	85209988	544	29	0.0001038627	0.000000035237
6	85209989	87069499	588	29	0.0001830626	0.000000033697
6	87069500	88822139	529	29	0.0001846476	0.000000036907
6	88822140	89973051	424	29	0.0002335747	0.000000036275
6	89973052	91843195	715	29	0.0000630431	0.000000049150
6	91843196	93428643	461	29	0.0001819171	0.000000037106
6	93428644	94118141	279	29	0.0001136339	0.000000021670
6	94118142	94441174	81	8	0.0000402991	0.000000005469
6	94441175	97093510	608	29	0.0003798161	0.000000047694
6	97093511	97842283	226	26	0.0000716322	0.000000015616
6	97842284	100630145	778	29	0.0001730251	0.000000050471
6	100630146	102636771	481	29	0.0000891352	0.000000034267
6	102636772	103983394	329	29	0.0001162011	0.000000022808
6	103983395	106056732	648	29	0.0001247345	0.000000045334
6	106056733	107450305	604	29	0.0001002927	0.000000048101
6	107450306	108464379	335	29	0.0001670607	0.000000029313
6	108464380	110304246	508	29	0.0006743726	0.000000046248
6	110304247	112345013	594	29	0.0003652468	0.000000049386
6	112345014	114220832	613	29	0.0001675254	0.000000043437
6	114220833	116131395	470	29	0.0000206500	0.000000026120
6	116131396	117672971	451	29	0.0002089028	0.000000030929
6	117672972	118963114	364	29	0.0001686108	0.000000017155
6	118963115	119963277	307	29	0.0001913855	0.000000019932
6	119963278	120512127	164	18	0.0000508547	0.000000011148
6	120512128	121905675	365	29	0.0002193191	0.000000026633
6	121905676	123856180	577	29	0.0001453245	0.000000038731
6	123856181	125424382	587	29	0.0002200164	0.000000052868
6	125424383	127540460	453	29	0.0004323151	0.000000033261
6	127540461	129861030	588	29	0.0002667156	0.000000047234
6	129861031	130935453	484	29	0.0002591137	0.000000041290
6	130935454	132765668	588	29	0.0001743039	0.000000044548
6	132765669	134244242	572	29	0.0000253630	0.000000033938
6	134244243	136224176	573	29	0.0001966559	0.000000050006
6	136224177	137614217	327	29	0.0001946509	0.000000031525
6	137614218	138822628	460	29	0.0001050217	0.000000038185
6	138822629	139845435	375	29	0.0004592923	0.000000040237
6	139845436	142288478	520	29	0.0001295948	0.000000037019
6	142288479	145319809	1019	29	0.0000468779	0.000000045951
6	145319810	146665423	302	25	-0.0000183873	0.000000014546
6	146665424	148920351	903	29	0.0000545334	0.000000047984
6	148920352	150253403	501	29	0.0000355863	0.000000034590
6	150253404	151912702	866	29	0.0000043774	0.000000046946
6	151912703	153094495	537	29	0.0002385965	0.000000040848
6	153094496	154974119	781	29	0.0002120605	0.000000050647
6	154974120	156763325	714	29	0.0001166396	0.000000049651
6	156763326	158218718	370	29	0.0004253521	0.000000038163
6	158218719	160580496	998	29	0.0001636905	0.000000047483
6	160580497	162169563	753	29	0.0004284092	0.000000043258
6	162169564	162931202	360	29	0.0002293693	0.000000034654
6	162931203	164383520	662	29	0.0001930038	0.000000050818
6	164383521	165586863	531	29	0.0003009390	0.000000046589
6	165586864	167024732	778	29	0.0000733760	0.000000047685
6	167024733	168042834	412	29	0.0002361855	0.000000037998
6	168042835	169382049	565	29	0.0001086804	0.000000044912
6	169382050	170330172	379	29	0.0001589232	0.000000028648
6	170330173	171051269	225	29	0.0001602162	0.000000021202
7	16161	972751	85	14	0.0002204632	0.000000013052
7	972752	1353066	87	16	0.0002905179	0.000000015510
7	1353067	2062397	124	21	0.0000791598	0.000000012833
7	2062398	2772226	193	29	0.0001462935	0.000000018559
7	2772227	4573427	823	29	0.0001075631	0.000000049752
7	4573428	5416231	192	29	0.0000748359	0.000000020418
7	5416232	5854525	94	16	0.0002765689	0.000000014855
7	5854526	6573856	132	21	0.0003306927	0.000000018201
7	6573857	7808751	409	29	0.0000055839	0.000000033670
7	7808752	9123422	713	29	0.0000626351	0.000000049329
7	9123423	9987498	354	29	0.0002223908	0.000000036061
7	9987499	11299197	461	29	0.0001809002	0.000000043858
7	11299198	12635460	682	29	0.0002179066	0.000000051708
7	12635461	13884201	560	29	0.0002507536	0.000000054331
7	13884202	15143656	578	29	0.0002211957	0.000000023065
7	15143657	16902068	740	29	0.0004792104	0.000000058793
7	16902069	19481546	1010	29	0.0005743778	0.000000060794
7	19481547	20124907	226	28	0.0001080526	0.000000021066
7	20124908	22507628	1175	29	0.0001118397	0.000000049242
7	22507629	23471441	302	29	0.0002617990	0.000000030953
7	23471442	25077258	689	29	0.0000619982	0.000000048354
7	25077259	25909554	441	29	0.0001182668	0.000000032791
7	25909555	28360308	874	29	0.0003374131	0.000000040469
7	28360309	31137288	1212	29	0.0001817647	0.000000050961
7	31137289	33555767	968	29	-0.0000031562	0.000000046870
7	33555768	36213537	992	29	0.0003205721	0.000000055033
7	36213538	37555183	619	29	0.0001984861	0.000000053084
7	37555184	38966702	613	29	0.0001916330	0.000000044237
7	38966703	39862669	310	29	0.0001388624	0.000000024243
7	39862670	42001810	605	29	0.0001067018	0.000000043578
7	42001811	43159073	393	29	0.0000794480	0.000000030868
7	43159074	44763827	452	29	0.0001327952	0.000000027028
7	44763828	45952921	337	29	0.0004349833	0.000000036213
7	45952922	46986719	404	29	0.0000578127	0.000000026984
7	46986720	49212277	876	29	0.0000891951	0.000000048014
7	49212278	51675321	872	29	0.0003621816	0.000000054890
7	51675322	53176311	628	29	0.0001224257	0.000000044007
7	53176312	54222975	365	29	0.0000861002	0.000000023370
7	54222976	55691583	520	29	0.0000857816	0.000000039484
7	55691584	57382637	235	27	0.0000929836	0.000000016393
7	57382638	63307358	125	14	-0.0000231763	0.000000008382
7	63307359	63641124	52	6	0.0000257743	0.000000003945
7	63641125	65689808	293	25	0.0000585617	0.000000018911
7	65689809	68234073	692	29	0.0002049190	0.000000049092
7	68234074	69085363	261	29	0.0001502290	0.000000022071
7	69085364	71874884	823	29	0.0000554384	0.000000047466
7	71874885	73334601	147	23	0.0005549402	0.000000016958
7	73334602	76458563	331	29	0.0000668125	0.000000024089
7	76458564	78093858	597	29	0.0000816924	0.000000046459
7	78093859	79888068	637	29	0.0003171649	0.000000054369
7	79888069	82022685	703	29	0.0001895277	0.000000051445
7	82022686	83801202	611	29	0.0002138213	0.000000050205
7	83801203	85572181	398	29	0.0001275900	0.000000027590
7	85572182	87825003	555	29	0.0001808099	0.000000035953
7	87825004	90661783	950	29	0.0000609118	0.000000048442
7	90661784	92493751	411	29	0.0001092453	0.000000027513
7	92493752	93966600	343	29	0.0001770154	0.000000031213
7	93966601	96073507	683	29	0.0001180866	0.000000049803
7	96073508	97099569	306	29	0.0000272176	0.000000022105
7	97099570	98715473	406	29	0.0001557936	0.000000031536
7	98715474	100196650	233	25	0.0003299226	0.000000022420
7	100196651	101199252	230	29	0.0001676163	0.000000020687
7	101199253	103197509	377	29	0.0001627104	0.000000030525
7	103197510	104159524	463	29	0.0001670541	0.000000037234
7	104159525	105682904	523	29	0.0001055965	0.000000039176
7	105682905	107780177	727	29	0.0002028023	0.000000049682
7	107780178	109647593	547	29	0.0001002170	0.000000037039
7	109647594	112618683	818	29	0.0001758516	0.000000051131
7	112618684	113712386	216	26	0.0001499092	0.000000018726
7	113712387	116780177	705	29	0.0005734995	0.000000050250
7	116780178	118351580	368	29	0.0001746866	0.000000023809
7	118351581	121045272	427	29	0.0004499896	0.000000037677
7	121045273	121933629	224	28	0.0000831351	0.000000015705
7	121933630	124156804	656	29	0.0002048024	0.000000044879
7	124156805	124167551	6	2	-0.0000003223	0.000000000488
7	124167552	126519169	657	29	0.0002190736	0.000000041881
7	126519170	126869220	138	18	0.0001069547	0.000000011245
7	126869221	128778385	577	29	0.0001665393	0.000000037325
7	128778386	130422413	453	29	0.0003299846	0.000000038971
7	130422414	132805847	907	29	0.0000673682	0.000000047906
7	132805848	134307595	427	29	0.0001219660	0.000000030257
7	134307596	135591082	493	29	0.0001738433	0.000000036953
7	135591083	136876561	404	29	0.0002270945	0.000000033314
7	136876562	138744678	599	29	0.0001468754	0.000000050013
7	138744679	139933176	323	29	0.0002709796	0.000000030484
7	139933177	140235209	117	25	0.0002625599	0.000000016007
7	140235210	141226556	278	29	0.0001130789	0.000000021349
7	141226557	142656309	347	29	0.0001724276	0.000000022848
7	142656310	144968288	539	29	0.0001024258	0.000000037377
7	144968289	146427959	376	29	0.0000700930	0.000000028270
7	146427960	147815317	561	29	0.0000888537	0.000000041354
7	147815318	149840657	604	29	0.0001051141	0.000000049507
7	149840658	150711504	299	29	0.0004698890	0.000000026461
7	150711505	152249805	444	29	0.0003225543	0.000000047741
7	152249806	153674018	455	29	0.0000556551	0.000000039596
7	153674019	154964729	533	29	0.0001449364	0.000000049421
7	154964730	156065249	465	29	0.0001704897	0.000000045239
7	156065250	157634596	509	29	0.0001141899	0.000000040836
7	157634597	159128574	443	29	0.0001435988	0.000000035313
8	10422	1044216	391	29	0.0002184471	0.000000040710
8	1044217	1163244	70	12	0.0000666820	0.000000007486
8	1163245	2042941	443	29	0.0000446590	0.000000039992
8	2042942	2573278	254	29	0.0002366588	0.000000027624
8	2573279	3392925	590	29	0.0001147841	0.000000048758
8	3392926	3783016	421	29	0.0002240213	0.000000042754
8	3783017	4480475	660	29	0.0002156199	0.000000050257
8	4480476	5146926	488	29	0.0001397956	0.000000046857
8	5146927	6142796	751	29	-0.0000386149	0.000000044865
8	6142797	7153078	530	29	0.0001991815	0.000000052318
8	7153079	9154693	550	29	0.0003833901	0.000000049664
8	9154694	9640786	232	24	0.0013944491	0.000000033120
8	9640787	10463196	460	29	0.0002197261	0.000000041339
8	10463197	11278997	386	29	0.0002295096	0.000000024907
8	11278998	13491774	783	29	0.0001711560	0.000000047037
8	13491775	13944991	252	29	0.0001820738	0.000000025266
8	13944992	15991659	1073	29	0.0002823344	0.000000053573
8	15991660	17387875	542	29	0.0001268273	0.000000049739
8	17387876	17836398	266	29	0.0002467846	0.000000027948
8	17836399	19492839	960	29	0.0001469380	0.000000046947
8	19492840	20060855	334	29	0.0064634120	0.000000144941
8	20060856	21661736	745	29	0.0002005757	0.000000052724
8	21661737	22897056	440	29	0.0001485308	0.000000039906
8	22897057	24674717	638	29	0.0001541777	0.000000047933
8	24674718	25483453	283	29	0.0002467002	0.000000025567
8	25483454	26682524	610	29	0.0003609761	0.000000049833
8	26682525	28162391	722	29	0.0001393646	0.000000049891
8	28162392	29327895	361	29	0.0000135660	0.000000024075
8	29327896	31133728	536	29	0.0001575650	0.000000040727
8	31133729	31548359	124	20	0.0001981248	0.000000013712
8	31548360	32977217	479	29	0.0001108862	0.000000032796
8	32977218	35317231	530	29	0.0002851155	0.000000034108
8	35317232	37379388	357	29	0.0002264022	0.000000029729
8	37379389	38938805	282	29	0.0000992233	0.000000024035
8	38938806	40703336	575	29	0.0003010923	0.000000044590
8	40703337	41721453	373	29	0.0001610226	0.000000032774
8	41721454	42773822	187	22	0.0002111605	0.000000017796
8	42773823	46841314	43	7	0.0000159424	0.000000003931
8	46841315	50082469	391	29	0.0002106788	0.000000030489
8	50082470	53302929	772	29	0.0001387368	0.000000046917
8	53302930	54418043	339	29	0.0001695014	0.000000027298
8	54418044	55945580	468	29	0.0003271752	0.000000036608
8	55945581	56956382	345	29	0.0000520218	0.000000024296
8	56956383	59068650	660	29	0.0002044657	0.000000048546
8	59068651	59728099	275	29	0.0000360798	0.000000018841
8	59728100	62329098	779	29	0.0001895085	0.000000052588
8	62329099	63349305	324	29	0.0001402086	0.000000022946
8	63349306	65232871	513	29	0.0002177720	0.000000036954
8	65232872	66489089	358	29	0.0004520446	0.000000033827
8	66489090	69863056	852	29	0.0001402041	0.000000049737
8	69863057	70867978	399	29	0.0000566142	0.000000030880
8	70867979	72289453	435	29	0.0002759414	0.000000033425
8	72289454	73817198	683	29	0.0003071323	0.000000052722
8	73817199	75445063	604	29	0.0002488899	0.000000045833
8	75445064	76456541	288	29	0.0000173922	0.000000018653
8	76456542	79132860	683	29	0.0000849972	0.000000040345
8	79132861	81956394	793	29	0.0001446193	0.000000051264
8	81956395	82693738	215	29	0.0003614987	0.000000023376
8	82693739	84225588	413	29	0.0000777442	0.000000024811
8	84225589	85955618	352	29	0.0001803932	0.000000026047
8	85955619	87411708	265	25	0.0002076124	0.000000021002
8	87411709	89085480	476	29	0.0000928179	0.000000031336
8	89085481	90638161	391	29	0.0000709621	0.000000024770
8	90638162	93554385	664	29	0.0000184452	0.000000044917
8	93554386	95005526	381	29	0.0001775379	0.000000031392
8	95005527	96534805	616	29	0.0000952913	0.000000042664
8	96534806	99401580	1083	29	0.0001695829	0.000000050355
8	99401581	101620957	499	29	0.0002128552	0.000000030755
8	101620958	104123305	978	29	0.0001816798	0.000000050589
8	104123306	104988751	247	24	0.0000603303	0.000000016170
8	104988752	107410753	814	29	0.0002130378	0.000000051847
8	107410754	108648176	462	29	0.0001032334	0.000000032063
8	108648177	109248172	204	23	0.0000997452	0.000000014559
8	109248173	110484313	347	29	0.0000887208	0.000000020277
8	110484314	111850846	286	29	0.0000527866	0.000000018270
8	111850847	113064319	230	19	0.0001626523	0.000000016805
8	113064320	116096494	773	29	0.0003405697	0.000000049928
8	116096495	119685456	1139	29	0.0004746245	0.000000057163
8	119685457	121201699	516	29	0.0003825455	0.000000041191
8	121201700	124861458	1325	29	0.0003979655	0.000000056521
8	124861459	125683718	323	29	0.0001744658	0.000000026277
8	125683719	126410916	253	29	0.0002961415	0.000000026789
8	126410917	128659110	907	29	0.0008500094	0.000000062315
8	128659111	130381138	662	29	0.0002844768	0.000000053288
8	130381139	131639624	462	29	0.0000773852	0.000000033177
8	131639625	133351143	753	29	0.0002004642	0.000000052921
8	133351144	134570000	698	29	0.0001667413	0.000000050726
8	134570001	136035604	747	29	0.0002108065	0.000000050085
8	136035605	137524150	547	29	0.0001187929	0.000000039956
8	137524151	139254829	728	29	0.0000362245	0.000000049996
8	139254830	140725642	737	29	-0.0000239503	0.000000047376
8	140725643	143044913	796	29	0.0001250840	0.000000049949
8	143044914	144236880	337	29	0.0001791234	0.000000029561
8	144236881	146303866	314	29	0.0002697794	0.000000034902
9	10023	1079706	559	29	0.0000915022	0.000000048335
9	1079707	1916876	596	29	0.0002466907	0.000000052480
9	1916877	3190063	755	29	0.0001169549	0.000000050443
9	3190064	4495327	733	29	0.0001456878	0.000000043345
9	4495328	4884925	222	29	0.0000996210	0.000000019202
9	4884926	6557588	544	29	0.0001566433	0.000000049030
9	6557589	7154922	288	29	0.0002698237	0.000000030755
9	7154923	8456298	912	29	0.0000860695	0.000000049891
9	8456299	9166402	395	29	0.0000760866	0.000000036005
9	9166403	10879252	829	29	0.0002048657	0.000000052437
9	10879253	12276488	460	29	0.0001061538	0.000000038169
9	12276489	14836362	1248	29	0.0001045855	0.000000049493
9	14836363	16659654	789	29	0.0005789614	0.000000056683
9	16659655	18661050	926	29	0.0002794602	0.000000053063
9	18661051	20463533	814	29	0.0002027772	0.000000052092
9	20463534	22206558	682	29	0.0001968981	0.000000043661
9	22206559	24158517	592	29	0.0000821139	0.000000048356
9	24158518	25330809	292	29	0.0002641437	0.000000032591
9	25330810	26111756	271	29	0.0002152226	0.000000029367
9	26111757	28224282	939	29	0.0001547671	0.000000051060
9	28224283	28811583	243	29	0.0002950678	0.000000021598
9	28811584	30387391	551	29	0.0000065677	0.000000032809
9	30387392	31310382	243	23	0.0000332192	0.000000016705
9	31310383	32019367	205	24	0.0000790643	0.000000014489
9	32019368	33578333	576	29	0.0002392968	0.000000046872
9	33578334	34642242	279	27	0.0000358802	0.000000015076
9	34642243	36743282	568	29	0.0001803588	0.000000044817
9	36743283	38641598	710	29	0.0002036146	0.000000051509
9	38641599	65472189	101	21	0.0000944251	0.000000010747
9	65472190	72512710	554	29	0.0002370968	0.000000042445
9	72512711	72753754	100	10	-0.0000129585	0.000000005687
9	72753755	74253039	588	29	0.0001463164	0.000000039715
9	74253040	76203945	564	29	0.0000111958	0.000000036102
9	76203946	76973080	177	22	0.0000920700	0.000000014766
9	76973081	78900182	798	29	0.0002149952	0.000000045479
9	78900183	79471207	283	29	0.0000211475	0.000000023872
9	79471208	81079054	520	29	0.0002397882	0.000000046579
9	81079055	82590927	627	29	0.0002037356	0.000000051089
9	82590928	84211232	648	29	0.0001422503	0.000000051193
9	84211233	85440800	326	29	0.0002078338	0.000000032374
9	85440801	86938195	628	29	0.0003117128	0.000000052605
9	86938196	88109332	490	29	0.0001708835	0.000000037487
9	88109333	88590416	111	14	0.0000216186	0.000000007688
9	88590417	90136245	589	29	0.0000629748	0.000000044395
9	90136246	92528697	834	29	0.0000772498	0.000000048996
9	92528698	94167202	616	29	0.0002788014	0.000000052423
9	94167203	96671697	778	29	0.0001952675	0.000000051918
9	96671698	98922039	658	29	0.0003220157	0.000000048138
9	98922040	101592858	828	29	0.0002074513	0.000000050168
9	101592859	104624436	950	29	0.0000810388	0.000000049122
9	104624437	105967975	567	29	0.0002462846	0.000000043082
9	105967976	107581748	598	29	0.0004849053	0.000000047494
9	107581749	109298753	590	29	0.0027989082	0.000000106673
9	109298754	110695061	562	29	0.0002818966	0.000000049213
9	110695062	112778023	1080	29	0.0001502047	0.000000049329
9	112778024	114831081	891	29	0.0004439884	0.000000057973
9	114831082	115693144	310	29	0.0002090876	0.000000025650
9	115693145	117019800	624	29	0.0001539866	0.000000050962
9	117019801	117921959	459	29	0.0003488472	0.000000041927
9	117921960	121321536	1447	29	0.0000557237	0.000000048375
9	121321537	122260296	354	29	0.0000363094	0.000000026322
9	122260297	124871321	762	29	0.0000786375	0.000000048600
9	124871322	126971886	673	29	0.0002243866	0.000000050396
9	126971887	129059664	554	29	0.0001343037	0.000000041054
9	129059665	130055509	325	29	0.0003025456	0.000000029670
9	130055510	132165469	468	29	0.0004148566	0.000000043712
9	132165470	133223216	314	29	0.0002589450	0.000000030519
9	133223217	134127887	327	29	0.0002508090	0.000000034541
9	134127888	135298841	425	29	0.0001266674	0.000000033044
9	135298842	137041121	648	29	0.0003720227	0.000000048644
9	137041122	137589363	200	29	0.0001419022	0.000000023829
9	137589364	138938977	617	29	0.0000725567	0.000000052182
9	138938978	139500341	108	20	0.0000083756	0.000000009370
9	139500342	141144795	220	29	0.0001145274	0.000000022417
10	60523	751338	115	15	0.0000796915	0.000000012019
10	751339	1523543	335	29	0.0001168749	0.000000028290
10	1523544	2254499	435	29	0.0001259769	0.000000037868
10	2254500	3352698	657	29	0.0000771763	0.000000050176
10	3352699	4572273	604	29	0.0001196222	0.000000049624
10	4572274	5983761	687	29	0.0002162166	0.000000051013
10	5983762	7171483	740	29	0.0001447425	0.000000050056
10	7171484	8774664	840	29	0.0004157618	0.000000058730
10	8774665	10249395	563	29	0.0000571986	0.000000040370
10	10249396	12586796	1015	29	0.0000630061	0.000000044586
10	12586797	13321599	431	29	0.0001184376	0.000000039932
10	13321600	15026067	932	29	0.0000717008	0.000000048327
10	15026068	16551766	549	29	0.0001965063	0.000000052197
10	16551767	18537266	764	29	0.0003093188	0.000000053339
10	18537267	19716877	527	29	0.0002667395	0.000000041642
10	19716878	22772282	974	29	0.0001440232	0.000000050257
10	22772283	23175131	122	14	0.0000689352	0.000000011483
10	23175132	25578595	756	29	0.0001333412	0.000000049790
10	25578596	26888683	523	29	0.0001163553	0.000000031170
10	26888684	29323235	889	29	0.0002414694	0.000000052225
10	29323236	29783691	264	29	0.0001893181	0.000000023892
10	29783692	30458837	360	29	0.0001318816	0.000000031898
10	30458838	31907518	478	29	0.0001490407	0.000000036756
10	31907519	33707967	607	29	0.0003408771	0.000000044671
10	33707968	35109354	487	29	0.0001764271	0.000000037739
10	35109355	36572507	416	29	0.0002121858	0.000000032568
10	36572508	37790028	316	29	-0.0000085429	0.000000019382
10	37790029	42372578	198	13	0.0000220148	0.000000008335
10	42372579	43894770	292	29	0.0000883680	0.000000021849
10	43894771	44730074	285	29	0.0003399295	0.000000017349
10	44730075	48760449	661	29	0.0005119696	0.000000051614
10	48760450	50840914	641	29	0.0001143084	0.000000042665
10	50840915	53616628	743	29	0.0003647154	0.000000055784
10	53616629	55103571	676	29	0.0001085864	0.000000050156
10	55103572	57031139	752	29	0.0001826610	0.000000052850
10	57031140	57662145	177	18	0.0002347843	0.000000015528
10	57662146	58959527	380	25	0.0000700908	0.000000019128
10	58959528	60289986	412	29	0.0001636908	0.000000026257
10	60289987	61891408	581	29	0.0001090158	0.000000044901
10	61891409	62659678	297	29	0.0001151507	0.000000020490
10	62659679	63341694	160	18	0.0000565576	0.000000012254
10	63341695	65794113	829	29	0.0004006498	0.000000048872
10	65794114	67549614	474	29	0.0000908041	0.000000030394
10	67549615	69900147	880	29	0.0001277090	0.000000050301
10	69900148	70195990	107	11	0.0001737938	0.000000010423
10	70195991	72220849	863	29	0.0002699734	0.000000049950
10	72220850	73508511	726	29	0.0000385436	0.000000048373
10	73508512	75422549	414	29	0.0003236273	0.000000030321
10	75422550	78706813	820	29	0.0003401399	0.000000054376
10	78706814	80876748	995	29	0.0001598218	0.000000050580
10	80876749	82414678	477	29	0.0003343002	0.000000041332
10	82414679	84383744	710	29	0.0001086583	0.000000050683
10	84383745	85458702	437	29	0.0000851077	0.000000027859
10	85458703	87937576	957	29	0.0000937841	0.000000049940
10	87937577	89127063	264	29	0.0002604460	0.000000024101
10	89127064	91013380	715	29	0.0001529727	0.000000048675
10	91013381	92006580	370	29	0.0001118806	0.000000028397
10	92006581	93335046	443	29	0.0002145248	0.000000033830
10	93335047	95396367	642	29	0.0003465217	0.000000043148
10	95396368	96221242	259	29	0.0002157505	0.000000022179
10	96221243	97822356	565	29	0.0000969378	0.000000031598
10	97822357	100241301	886	29	0.0001235404	0.000000049410
10	100241302	100668399	146	14	0.0000720359	0.000000009964
10	100668400	102949238	746	29	0.0003372502	0.000000051878
10	102949239	104380409	296	28	0.0001468040	0.000000015347
10	104380410	106695047	746	29	0.0001862768	0.000000036508
10	106695048	108726685	660	29	0.0004084293	0.000000055008
10	108726686	110317704	632	29	0.0001454614	0.000000047903
10	110317705	112561492	653	29	0.0001215190	0.000000048289
10	112561493	115328431	1015	29	0.0006713145	0.000000058807
10	115328432	116421405	480	29	0.0003671313	0.000000043808
10	116421406	119523933	968	29	0.0004995874	0.000000060594
10	119523934	120591352	395	29	0.0001835810	0.000000034374
10	120591353	122407322	651	29	0.0002835861	0.000000053118
10	122407323	123231464	382	29	0.0002100673	0.000000034280
10	123231465	123900544	268	29	0.0000428859	0.000000021425
10	123900545	125869345	831	29	0.0004514492	0.000000055492
10	125869346	128001097	918	29	0.0001233089	0.000000049208
10	128001098	129154361	512	29	0.0000118433	0.000000038996
10	129154362	130844283	909	29	0.0001097711	0.000000049158
10	130844284	131741326	401	29	0.0001673508	0.000000034599
10	131741327	132580244	410	29	0.0000543664	0.000000030120
10	132580245	134336328	818	29	0.0000901131	0.000000049200
10	134336329	134494672	39	6	0.0001029374	0.000000005142
10	134494673	135523864	247	29	0.0000639716	0.000000022593
11	70855	1213589	223	29	0.0004963587	0.000000028943
11	1213590	3665480	787	29	0.0002076107	0.000000038016
11	3665481	4746708	414	29	0.0000582963	0.000000031712
11	4746709	6322868	955	29	0.0001740057	0.000000051981
11	6322869	7436700	530	29	0.0000409232	0.000000036551
11	7436701	8333273	473	29	0.0001888518	0.000000042747
11	8333274	9087316	271	29	0.0001688082	0.000000016465
11	9087317	10952026	624	29	0.0004600803	0.000000044899
11	10952027	12564228	1077	29	0.0002259475	0.000000052333
11	12564229	13373123	394	29	0.0002499518	0.000000033411
11	13373124	15742551	755	29	0.0003674246	0.000000055531
11	15742552	17578401	595	29	0.0000662599	0.000000028671
11	17578402	19569534	762	29	0.0000585307	0.000000047529
11	19569535	21017137	769	29	0.0001126441	0.000000050580
11	21017138	22374141	538	29	0.0001510044	0.000000043484
11	22374142	24088516	581	29	0.0000356248	0.000000040168
11	24088517	26045752	655	29	0.0002089567	0.000000053837
11	26045753	27020460	347	29	0.0002567184	0.000000029023
11	27020461	28481592	405	29	0.0003227139	0.000000025502
11	28481593	30141356	410	29	0.0004541160	0.000000039023
11	30141357	32276900	612	29	0.0002573754	0.000000040500
11	32276901	33958738	543	29	0.0001452960	0.000000039756
11	33958739	35502604	798	29	0.0000962923	0.000000048875
11	35502605	37116814	730	29	0.0001089933	0.000000048816
11	37116815	39382002	415	29	0.0002678312	0.000000034152
11	39382003	42310002	910	29	0.0001224423	0.000000050890
11	42310003	44693798	954	29	0.0001518340	0.000000049100
11	44693799	47006136	706	29	0.0010044120	0.000000053602
11	47006137	49866049	470	26	0.0017535481	0.000000043110
11	49866050	54695472	130	7	0.0002523678	0.000000010669
11	54695473	55082656	7	3	0.0000137107	0.000000000982
11	55082657	58457494	1028	29	0.0005177329	0.000000058120
11	58457495	58780548	65	6	0.0000672977	0.000000005511
11	58780549	62223770	947	29	0.0008282165	0.000000062252
11	62223771	63804568	291	29	0.0002692668	0.000000026994
11	63804569	65898630	445	29	0.0006750633	0.000000046842
11	65898631	68005824	292	29	0.0002896868	0.000000025599
11	68005825	69516129	438	29	0.0002878548	0.000000036082
11	69516130	70926291	447	29	0.0002175049	0.000000041787
11	70926292	72286016	291	29	0.0002107453	0.000000022883
11	72286017	74412350	574	29	0.0001552388	0.000000035247
11	74412351	76797208	733	29	0.0003317338	0.000000053917
11	76797209	78355057	403	29	0.0001472457	0.000000025186
11	78355058	80722372	1048	29	0.0000173398	0.000000047625
11	80722373	81266711	258	29	0.0003882925	0.000000029898
11	81266712	84381271	1153	29	0.0001496650	0.000000051406
11	84381272	86619300	760	29	0.0001066200	0.000000049460
11	86619301	87430234	301	29	0.0002748179	0.000000026155
11	87430235	89208935	557	29	0.0002492893	0.000000047680
11	89208936	90966489	373	29	0.0001139654	0.000000025031
11	90966490	92077143	344	29	0.0001721827	0.000000028312
11	92077144	93276156	389	29	0.0000743572	0.000000024282
11	93276157	94242259	265	25	0.0002869483	0.000000023969
11	94242260	95726040	587	29	0.0000315919	0.000000043737
11	95726041	97057057	491	29	-0.0000073595	0.000000038026
11	97057058	98705064	551	29	0.0002012873	0.000000047312
11	98705065	100417168	752	29	0.0000402330	0.000000047209
11	100417169	101331120	401	29	0.0001707424	0.000000023116
11	101331121	103959635	1058	29	0.0002194400	0.000000051643
11	103959636	104873283	282	23	0.0000595129	0.000000014833
11	104873284	106520893	458	29	0.0000410373	0.000000029371
11	106520894	107844199	455	29	0.0002167274	0.000000038469
11	107844200	108437036	127	11	0.0001201351	0.000000010096
11	108437037	109866115	338	29	0.0002646153	0.000000030517
11	109866116	111114396	480	29	0.0002169017	0.000000036759
11	111114397	112459487	366	29	0.0003341322	0.000000031346
11	112459488	114257727	776	29	0.0001235663	0.000000048643
11	114257728	114830665	221	26	0.0001448202	0.000000018903
11	114830666	116383347	643	29	0.0000970811	0.000000049201
11	116383348	117747109	590	29	0.0040608680	0.000000126657
11	117747110	119215475	488	29	0.0001715100	0.000000039091
11	119215476	120766805	604	29	0.0001768022	0.000000050758
11	120766806	121175942	196	22	0.0000318835	0.000000014095
11	121175943	122591909	458	29	0.0003656889	0.000000045042
11	122591910	123500116	411	29	0.0001321153	0.000000036128
11	123500117	124495527	460	29	0.0002401023	0.000000032956
11	124495528	126311319	768	29	0.0001166331	0.000000045949
11	126311320	127316678	550	29	0.0002552150	0.000000043600
11	127316679	128188536	305	29	0.0002069822	0.000000026183
11	128188537	130342574	829	29	0.0002071762	0.000000051791
11	130342575	131074611	359	29	0.0001940752	0.000000033422
11	131074612	133000045	1079	29	0.0000464674	0.000000049283
11	133000046	134205992	535	29	0.0000626580	0.000000046467
11	134205993	134946451	397	29	0.0001088405	0.000000032815
12	61107	1080330	299	29	0.0000972198	0.000000023563
12	1080331	2544785	475	29	0.0000262718	0.000000038334
12	2544786	3677036	493	29	0.0001807737	0.000000044823
12	3677037	4417678	379	29	0.0000668992	0.000000032063
12	4417679	5321471	492	29	0.0001955487	0.000000043714
12	5321472	6419752	546	29	0.0000419311	0.000000041916
12	6419753	8377535	497	29	0.0001790955	0.000000043004
12	8377536	9031394	126	22	0.0001481477	0.000000014457
12	9031395	10481533	521	29	0.0002106593	0.000000042016
12	10481534	11754845	321	29	0.0000323123	0.000000021953
12	11754846	12733527	427	29	0.0000176464	0.000000036379
12	12733528	15241483	1012	29	0.0001284873	0.000000050723
12	15241484	16310459	247	29	0.0001305148	0.000000021384
12	16310460	18087872	552	29	0.0004211728	0.000000051283
12	18087873	20863942	921	29	0.0002946530	0.000000051611
12	20863943	23820633	1078	29	0.0001411808	0.000000047685
12	23820634	25371082	705	29	0.0001541015	0.000000050735
12	25371083	27799772	1010	29	0.0001923241	0.000000047920
12	27799773	29651254	688	29	0.0001847792	0.000000046908
12	29651255	30512405	454	29	0.0001096894	0.000000032761
12	30512406	32165591	625	29	0.0001272342	0.000000045202
12	32165592	33076988	372	29	0.0001606692	0.000000029655
12	33076989	37856716	351	24	0.0001254413	0.000000021516
12	37856717	39227168	134	7	0.0000258469	0.000000007891
12	39227169	40816184	493	29	0.0002619586	0.000000036034
12	40816185	41658585	350	29	0.0003902462	0.000000030470
12	41658586	43984473	884	29	0.0001358875	0.000000051327
12	43984474	46024228	468	29	0.0001837513	0.000000032600
12	46024229	47714792	457	29	0.0001838267	0.000000035191
12	47714793	49001865	517	29	0.0001767991	0.000000038443
12	49001866	51776493	592	29	0.0002841546	0.000000040700
12	51776494	53039003	606	29	0.0000467949	0.000000039375
12	53039004	54778822	560	29	0.0003366101	0.000000045430
12	54778823	55665836	258	29	0.0001018729	0.000000020340
12	55665837	57548859	398	29	0.0001559565	0.000000025938
12	57548860	59308665	443	29	0.0003770660	0.000000034922
12	59308666	61123728	451	29	0.0002581971	0.000000034097
12	61123729	64032460	936	29	0.0001592085	0.000000051374
12	64032461	65559694	364	29	0.0001593046	0.000000029857
12	65559695	67181143	506	29	0.0000919088	0.000000034530
12	67181144	67909728	318	29	0.0000173821	0.000000019802
12	67909729	69826541	799	29	0.0001210717	0.000000050405
12	69826542	70957986	487	29	0.0001142135	0.000000031983
12	70957987	72645074	553	29	0.0002172609	0.000000038341
12	72645075	73818453	297	29	0.0000298637	0.000000020027
12	73818454	76511313	749	29	0.0000888751	0.000000049443
12	76511314	78570569	743	29	0.0003288869	0.000000055674
12	78570570	80448149	401	29	0.0002267914	0.000000034132
12	80448150	81467766	304	29	0.0001234417	0.000000022418
12	81467767	83502665	553	29	0.0002235148	0.000000039649
12	83502666	84303843	229	27	0.0001002609	0.000000014705
12	84303844	85990425	388	29	0.0001202972	0.000000022980
12	85990426	89682121	742	29	0.0001546920	0.000000046483
12	89682122	92066154	633	29	0.0002200963	0.000000033281
12	92066155	94514566	897	29	0.0001081930	0.000000048797
12	94514567	96020784	682	29	0.0003072740	0.000000053783
12	96020785	97108838	444	29	0.0000222380	0.000000032880
12	97108839	99305986	918	29	0.0000281830	0.000000047005
12	99305987	101447640	647	29	0.0001604348	0.000000048400
12	101447641	101862689	141	16	0.0000437799	0.000000010871
12	101862690	102964985	332	29	0.0003178705	0.000000021403
12	102964986	104848695	750	29	0.0001084405	0.000000049047
12	104848696	106436212	836	29	0.0002236030	0.000000054148
12	106436213	106958747	225	29	0.0001859684	0.000000021366
12	106958748	109025900	728	29	0.0003030325	0.000000052584
12	109025901	110336718	388	29	0.0006190832	0.000000030730
12	110336719	113263517	467	29	0.0004385167	0.000000017749
12	113263518	113986708	201	28	0.0002434497	0.000000021072
12	113986709	115036601	531	29	0.0002191944	0.000000042006
12	115036602	115503215	192	29	0.0000287164	0.000000010225
12	115503216	117087470	743	29	0.0003074596	0.000000053324
12	117087471	118135374	442	29	0.0002618070	0.000000042759
12	118135375	119754109	674	29	0.0005132668	0.000000060314
12	119754110	122007650	643	29	0.0001876516	0.000000039409
12	122007651	124977979	647	29	0.0012631964	0.000000068849
12	124977980	126445504	598	29	0.0002597530	0.000000052581
12	126445505	127875097	634	29	0.0002843419	0.000000051861
12	127875098	129237296	690	29	0.0000858003	0.000000050192
12	129237297	130377920	667	29	0.0001686660	0.000000051563
12	130377921	131786750	712	29	0.0000543535	0.000000048754
12	131786751	132807033	280	29	0.0001011135	0.000000023799
12	132807034	133841510	164	25	0.0002557956	0.000000018559
13	19020013	20686719	273	29	0.0002310237	0.000000025739
13	20686720	22242173	565	29	0.0000587943	0.000000044410
13	22242174	23594701	664	29	0.0001472026	0.000000054897
13	23594702	24531936	493	29	0.0000655019	0.000000038752
13	24531937	25784361	628	29	-0.0000269092	0.000000047735
13	25784362	27284361	531	29	0.0002658231	0.000000043758
13	27284362	29257550	831	29	0.0002332625	0.000000054389
13	29257551	30483266	495	29	0.0001938057	0.000000040868
13	30483267	32301814	752	29	0.0002549639	0.000000055403
13	32301815	33776902	561	29	0.0001366593	0.000000039276
13	33776903	35026463	451	29	0.0002665627	0.000000040670
13	35026464	36046366	210	29	0.0001033869	0.000000018793
13	36046367	37498184	627	29	0.0000666465	0.000000049492
13	37498185	38878162	530	29	0.0002466559	0.000000039338
13	38878163	41069262	856	29	0.0001138962	0.000000052167
13	41069263	43101026	610	29	0.0001143713	0.000000041984
13	43101027	44901408	782	29	0.0000865836	0.000000050902
13	44901409	46495213	522	29	0.0002921277	0.000000047152
13	46495214	47431078	351	29	0.0002499811	0.000000031787
13	47431079	49383961	610	29	0.0001913362	0.000000047215
13	49383962	51591090	721	29	0.0000750066	0.000000044725
13	51591091	53339621	434	29	0.0002102468	0.000000038253
13	53339622	54682863	516	29	0.0001732563	0.000000042134
13	54682864	55817130	318	29	0.0000226814	0.000000019108
13	55817131	57554216	295	22	0.0000199653	0.000000015854
13	57554217	58410625	202	21	0.0002473726	0.000000016275
13	58410626	59302270	214	22	0.0001193357	0.000000014888
13	59302271	60854777	547	29	0.0001636063	0.000000041371
13	60854778	61591948	281	29	0.0002966010	0.000000026749
13	61591949	63971558	629	29	0.0002000398	0.000000049119
13	63971559	65200601	296	29	0.0000038104	0.000000017417
13	65200602	67844452	778	29	0.0001261595	0.000000051688
13	67844453	70724515	870	29	0.0001776227	0.000000053512
13	70724516	71526790	312	29	0.0001358755	0.000000027432
13	71526791	73934088	829	29	0.0000997496	0.000000049398
13	73934089	75670142	724	29	0.0001829254	0.000000051805
13	75670143	77410554	763	29	0.0002509995	0.000000053965
13	77410555	78808812	419	29	0.0001713416	0.000000030536
13	78808813	80585675	566	29	0.0000414419	0.000000039021
13	80585676	82581813	599	29	0.0001299601	0.000000046876
13	82581814	84133143	392	29	0.0001776381	0.000000023950
13	84133144	85610915	407	29	0.0001498008	0.000000030801
13	85610916	88559881	741	29	0.0001637202	0.000000049997
13	88559882	90521310	459	29	0.0001866684	0.000000033516
13	90521311	93129690	840	29	0.0003127784	0.000000056676
13	93129691	93586454	121	16	0.0000691109	0.000000011037
13	93586455	96087557	1169	29	0.0001661042	0.000000051390
13	96087558	97519209	345	29	0.0002551126	0.000000031659
13	97519210	98938918	424	29	0.0001401588	0.000000037253
13	98938919	100574094	766	29	0.0002537358	0.000000056099
13	100574095	102300522	751	29	0.0000359868	0.000000049447
13	102300523	104066709	912	29	0.0002132366	0.000000053826
13	104066710	104844113	305	29	0.0000644220	0.000000024627
13	104844114	106247553	617	29	0.0000678164	0.000000051158
13	106247554	106749999	269	29	0.0004238861	0.000000031947
13	106750000	108189876	599	29	0.0004015650	0.000000057845
13	108189877	109121209	429	29	0.0001930364	0.000000040847
13	109121210	109815111	322	29	0.0001802802	0.000000029682
13	109815112	111232072	748	29	0.0001583282	0.000000036034
13	111232073	112247591	443	29	0.0003486804	0.000000042332
13	112247592	113572487	451	29	0.0000664951	0.000000039474
13	113572488	115109852	317	29	0.0000440685	0.000000025199
14	19002084	21589401	567	29	0.0000413125	0.000000047162
14	21589402	23018664	699	29	0.0000592639	0.000000047605
14	23018665	24905122	675	29	0.0002458516	0.000000054261
14	24905123	26135685	547	29	0.0002208737	0.000000040405
14	26135686	28466532	688	29	0.0000368686	0.000000049758
14	28466533	29972144	380	29	0.0002494701	0.000000033676
14	29972145	32383264	579	29	0.0002851937	0.000000047260
14	32383265	34846250	1240	29	0.0001175490	0.000000050797
14	34846251	35859592	241	29	0.0002419973	0.000000021695
14	35859593	38667724	859	29	-0.0000403511	0.000000045484
14	38667725	40341989	532	29	0.0002602086	0.000000042861
14	40341990	41615501	349	29	0.0000511409	0.000000020463
14	41615502	43137388	413	29	0.0000513105	0.000000026420
14	43137389	44543226	356	29	0.0002572836	0.000000033712
14	44543227	46081895	373	29	0.0000751784	0.000000026097
14	46081896	46749129	188	16	0.0000364982	0.000000010603
14	46749130	48573585	578	29	0.0001470686	0.000000045130
14	48573586	49005470	112	13	0.0000034537	0.000000006759
14	49005471	50507759	450	29	0.0003076823	0.000000041701
14	50507760	51493571	358	29	0.0002479411	0.000000033462
14	51493572	53474382	834	29	0.0002239578	0.000000051400
14	53474383	53997830	172	19	0.0002000632	0.000000016711
14	53997831	55233680	447	29	0.0001447300	0.000000037638
14	55233681	56216879	283	27	0.0000649596	0.000000020270
14	56216880	57481261	661	29	0.0001872436	0.000000052852
14	57481262	59448335	702	29	0.0000817496	0.000000049397
14	59448336	61680423	597	29	0.0001924590	0.000000040571
14	61680424	63790014	797	29	0.0002220919	0.000000051793
14	63790015	65220297	337	29	0.0000376117	0.000000023825
14	65220298	66399554	398	29	0.0002268515	0.000000034848
14	66399555	67992316	404	29	0.0001463070	0.000000023628
14	67992317	71131956	1218	29	0.0001098071	0.000000048095
14	71131957	72889614	669	29	0.0002194222	0.000000051671
14	72889615	76444766	1127	29	0.0002215833	0.000000050588
14	76444767	77229471	347	29	0.0002852382	0.000000034004
14	77229472	78561944	624	29	0.0002481085	0.000000050221
14	78561945	80186578	606	29	0.0002851157	0.000000049963
14	80186579	81579713	507	29	0.0000320145	0.000000035799
14	81579714	83138096	466	29	0.0002130295	0.000000038386
14	83138097	84241632	378	29	0.0000590838	0.000000027633
14	84241633	85746318	467	29	0.0001291417	0.000000037336
14	85746319	86647001	304	29	0.0001702740	0.000000026720
14	86647002	87635340	302	29	0.0001881263	0.000000026517
14	87635341	89497642	595	29	0.0002156342	0.000000043430
14	89497643	91296859	685	29	0.0002187570	0.000000051758
14	91296860	93132298	653	29	0.0001239394	0.000000047519
14	93132299	94325284	393	29	0.0001625991	0.000000032416
14	94325285	95750866	854	29	0.0000715959	0.000000048527
14	95750867	96262414	366	29	0.0001282455	0.000000030581
14	96262415	98341161	836	29	0.0001277113	0.000000051803
14	98341162	99138531	368	29	0.0001013503	0.000000026484
14	99138532	101534306	884	29	0.0001681936	0.000000049411
14	101534307	103012101	424	29	0.0001063858	0.000000034780
14	103012102	105001722	458	29	0.0001472713	0.000000035793
14	105001723	106340357	147	27	0.0003012410	0.000000020333
14	106340358	107289453	35	5	0.0000224756	0.000000003574
15	20001200	21131603	4	1	-0.0000078322	0.000000000268
15	21131604	24195126	294	29	0.0001413532	0.000000029269
15	24195127	25108589	192	28	0.0001074158	0.000000016790
15	25108590	27298111	853	29	0.0000933998	0.000000051601
15	27298112	29338501	468	29	0.0001113690	0.000000039710
15	29338502	30165567	288	29	0.0003997716	0.000000033645
15	30165568	31591820	296	29	0.0002042624	0.000000028304
15	31591821	32441810	254	29	0.0001076747	0.000000019243
15	32441811	34015424	724	29	0.0001255669	0.000000052318
15	34015425	35083250	394	29	0.0001097698	0.000000032173
15	35083251	37456501	919	29	0.0001123139	0.000000050994
15	37456502	38530776	343	29	0.0004171875	0.000000038539
15	38530777	40384131	761	29	0.0002784415	0.000000055513
15	40384132	41177513	221	28	0.0002794082	0.000000023851
15	41177514	42776398	412	29	0.0002735058	0.000000033968
15	42776399	44198048	254	16	0.0002834951	0.000000019971
15	44198049	46618786	485	29	0.0003152634	0.000000039226
15	46618787	48136047	578	29	0.0001677978	0.000000043919
15	48136048	50008042	437	29	0.0000033579	0.000000028377
15	50008043	51677559	603	29	0.0002132493	0.000000036542
15	51677560	53069095	390	29	0.0002584473	0.000000029547
15	53069096	54508527	624	29	0.0001585319	0.000000049729
15	54508528	55136268	246	29	0.0001183856	0.000000023824
15	55136269	56901772	529	29	0.0004008772	0.000000053020
15	56901773	58441365	617	29	0.0002244627	0.000000050222
15	58441366	59694115	506	29	0.0119939429	0.000000334942
15	59694116	61265835	659	29	0.0000715470	0.000000049599
15	61265836	63215221	903	29	0.0001783514	0.000000044959
15	63215222	65104667	476	29	0.0005026363	0.000000039702
15	65104668	67094766	598	29	0.0002764678	0.000000053209
15	67094767	69017998	742	29	0.0003918502	0.000000040413
15	69017999	70133340	291	29	0.0001104648	0.000000025724
15	70133341	71922648	699	29	0.0001791146	0.000000053737
15	71922649	73628713	353	29	0.0000860877	0.000000022641
15	73628714	76398623	591	29	0.0001602118	0.000000034723
15	76398624	78516052	511	29	0.0000058780	0.000000030521
15	78516053	80860977	970	29	0.0001675490	0.000000046440
15	80860978	84260467	887	29	0.0001824133	0.000000051017
15	84260468	86652904	761	29	0.0001953081	0.000000046888
15	86652905	88369942	761	29	0.0000504718	0.000000049380
15	88369943	90475550	695	29	0.0002194710	0.000000055204
15	90475551	92164391	611	29	0.0000835643	0.000000043385
15	92164392	93780901	804	29	0.0000982851	0.000000051986
15	93780902	94924329	568	29	0.0001081365	0.000000051536
15	94924330	96141595	577	29	0.0000987992	0.000000050027
15	96141596	98030909	741	29	0.0000397529	0.000000049151
15	98030910	99244058	559	29	0.0001566632	0.000000053717
15	99244059	100636846	536	29	0.0000977282	0.000000048866
15	100636847	101552693	388	29	0.0001301635	0.000000034922
15	101552694	102520965	416	29	0.0001474878	0.000000041153
16	60054	1207205	269	29	0.0003686960	0.000000035751
16	1207206	2764828	339	29	0.0001726396	0.000000030835
16	2764829	4001195	285	29	0.0000951661	0.000000027089
16	4001196	5118344	352	29	0.0003598989	0.000000037294
16	5118345	5891579	338	29	0.0001053206	0.000000032310
16	5891580	6893550	696	29	0.0002689864	0.000000055469
16	6893551	7529120	476	29	0.0001812025	0.000000047140
16	7529121	8338518	528	29	0.0001836503	0.000000052268
16	8338519	9799418	695	29	0.0001445309	0.000000052036
16	9799419	10426031	367	29	0.0000629151	0.000000028534
16	10426032	11520160	426	29	0.0001840136	0.000000040698
16	11520161	12613097	390	29	0.0000854850	0.000000036172
16	12613098	13154436	301	29	0.0002144234	0.000000028410
16	13154437	14464001	547	29	0.0001589558	0.000000046911
16	14464002	16154059	305	29	0.0002035942	0.000000027284
16	16154060	17644748	390	29	0.0001643916	0.000000036144
16	17644749	18643606	173	28	0.0000835642	0.000000016799
16	18643607	20150570	417	29	0.0001883962	0.000000029083
16	20150571	22448903	419	29	0.0000385914	0.000000028648
16	22448904	24136874	496	29	0.0000032296	0.000000038058
16	24136875	25986861	732	29	0.0000500916	0.000000049028
16	25986862	27445754	635	29	0.0001842911	0.000000051823
16	27445755	29036612	335	29	0.0002484690	0.000000023786
16	29036613	31382942	249	29	0.0002537815	0.000000022074
16	31382943	46399472	114	16	0.0000630661	0.000000009695
16	46399473	49007925	292	29	0.0001208820	0.000000021679
16	49007926	52035822	1059	29	0.0001075841	0.000000049955
16	52035823	53382571	448	29	0.0000684050	0.000000030597
16	53382572	55903773	1176	29	0.0002634021	0.000000042681
16	55903774	57664329	613	29	0.0201905643	0.000000537540
16	57664330	59045404	491	29	0.0000963240	0.000000036962
16	59045405	60745693	495	29	0.0001002377	0.000000041594
16	60745694	62229848	358	29	0.0001403977	0.000000028021
16	62229849	63691588	440	29	0.0000468288	0.000000035807
16	63691589	65938565	806	29	0.0000479264	0.000000049110
16	65938566	68841362	661	29	0.0016195398	0.000000076875
16	68841363	71054027	366	29	0.0003236966	0.000000034858
16	71054028	72935149	447	29	0.0002249948	0.000000029092
16	72935150	74971502	783	29	0.0002283044	0.000000053114
16	74971503	75977953	221	29	0.0005186613	0.000000029260
16	75977954	77523677	669	29	0.0002637269	0.000000053412
16	77523678	78456291	634	29	0.0001628340	0.000000052374
16	78456292	79134814	558	29	0.0001394109	0.000000052003
16	79134815	80297373	779	29	-0.0000546961	0.000000045859
16	80297374	81772535	765	29	0.0004810610	0.000000059919
16	81772536	82747727	578	29	0.0002224250	0.000000054006
16	82747728	83477207	604	29	0.0000786060	0.000000048785
16	83477208	84445882	702	29	0.0001337977	0.000000052563
16	84445883	85148684	448	29	0.0001800113	0.000000045809
16	85148685	86156598	474	29	0.0001576563	0.000000049135
16	86156599	86815410	523	29	0.0000797129	0.000000051264
16	86815411	87647348	355	29	0.0001102445	0.000000035100
16	87647349	89041164	333	29	0.0005138167	0.000000042269
16	89041165	90292811	288	29	0.0001848506	0.000000024554
17	56	1172398	300	29	0.0000465953	0.000000032954
17	1172399	1928730	246	29	0.0000079372	0.000000021759
17	1928731	3702311	613	29	0.0001899095	0.000000053654
17	3702312	4696260	348	29	0.0003688223	0.000000040133
17	4696261	5741333	371	29	0.0000744743	0.000000028732
17	5741334	7317397	607	29	0.0000224527	0.000000049700
17	7317398	8306424	290	29	0.0003857702	0.000000032548
17	8306425	9965920	636	29	0.0000679789	0.000000050697
17	9965921	11102814	466	29	0.0002011518	0.000000041928
17	11102815	12534768	551	29	0.0000008160	0.000000047629
17	12534769	13180371	295	29	0.0002932688	0.000000031585
17	13180372	13894636	363	29	0.0000992529	0.000000034212
17	13894637	15019096	599	29	0.0000226251	0.000000050098
17	15019097	16412341	300	29	0.0000401850	0.000000023991
17	16412342	18856319	537	29	0.0002598925	0.000000041855
17	18856320	21290356	368	29	0.0001820782	0.000000030521
17	21290357	27334243	490	29	0.0003484524	0.000000046016
17	27334244	29786490	482	29	0.0003983373	0.000000030769
17	29786491	31538424	534	29	0.0001436052	0.000000045349
17	31538425	32912797	818	29	0.0000917658	0.000000050086
17	32912798	34469035	495	29	0.0001937060	0.000000033745
17	34469036	36809343	501	29	0.0001870198	0.000000042202
17	36809344	38877403	435	29	0.0009054883	0.000000042611
17	38877404	39899809	308	29	0.0000406256	0.000000019575
17	39899810	41772086	351	29	0.0003346409	0.000000028059
17	41772087	43056904	326	29	0.0004081150	0.000000029563
17	43056905	45876021	582	29	0.0006067347	0.000000038707
17	45876022	47517399	521	29	0.0004432879	0.000000040419
17	47517400	49898956	745	29	0.0000824246	0.000000050247
17	49898957	50719054	284	27	0.0000301243	0.000000020127
17	50719055	51826117	307	29	0.0001592345	0.000000023217
17	51826118	53599431	607	29	0.0000823643	0.000000047666
17	53599432	55357540	608	29	0.0001366598	0.000000046966
17	55357541	57487511	668	29	0.0001303982	0.000000048993
17	57487512	59312754	237	22	-0.0000276898	0.000000011654
17	59312755	61545588	434	29	0.0000823542	0.000000033453
17	61545589	63148127	291	29	0.0001107504	0.000000020571
17	63148128	64800429	629	29	0.0001235958	0.000000041556
17	64800430	67858769	923	29	0.0003951221	0.000000054531
17	67858770	69387816	647	29	0.0001232240	0.000000037907
17	69387817	72672202	1413	29	0.0000769040	0.000000051740
17	72672203	74375559	386	29	0.0002830672	0.000000038294
17	74375560	76263412	712	29	-0.0000257680	0.000000048389
17	76263413	77298635	448	29	0.0006527908	0.000000059483
17	77298636	78837587	529	29	0.0000362679	0.000000045390
17	78837588	80034407	212	29	0.0001718130	0.000000023801
17	80034408	81194907	294	29	0.0003746030	0.000000023081
18	10644	912485	395	29	0.0001239413	0.000000037234
18	912486	1942910	365	29	0.0001092651	0.000000028394
18	1942911	3891657	757	29	0.0000406639	0.000000049638
18	3891658	5834179	774	29	0.0000122935	0.000000049663
18	5834180	7090484	564	29	0.0000269661	0.000000046997
18	7090485	8498930	568	29	0.0000556917	0.000000046594
18	8498931	11075912	1239	29	0.0001187335	0.000000051291
18	11075913	11905439	255	29	0.0001592450	0.000000025233
18	11905440	14440798	727	29	0.0002417812	0.000000054466
18	14440799	19485843	158	17	0.0001603139	0.000000014083
18	19485844	20649471	301	29	0.0000737473	0.000000022079
18	20649472	22996650	808	29	0.0003553834	0.000000054535
18	22996651	24026190	309	29	0.0002169289	0.000000029919
18	24026191	25927681	780	29	-0.0000165101	0.000000047659
18	25927682	26875586	244	26	0.0001797264	0.000000021127
18	26875587	27866477	269	27	0.0000111574	0.000000017442
18	27866478	30264065	868	29	0.0001614480	0.000000052668
18	30264066	31780066	342	29	0.0004601833	0.000000034938
18	31780067	33861963	611	29	0.0000593773	0.000000042790
18	33861964	35075249	474	29	0.0001710714	0.000000040307
18	35075250	36365489	487	29	0.0001460103	0.000000034006
18	36365490	37684366	346	29	0.0001289413	0.000000023301
18	37684367	39892647	765	29	0.0000539035	0.000000047430
18	39892648	42922105	928	29	0.0001500291	0.000000049571
18	42922106	44299245	679	29	0.0001052203	0.000000050973
18	44299246	45939731	586	29	0.0001347140	0.000000047590
18	45939732	47730583	772	29	0.0028560389	0.000000110535
18	47730584	51062184	1165	29	0.0000414567	0.000000049114
18	51062185	51554174	173	15	0.0000518425	0.000000011958
18	51554175	55213837	1097	29	0.0000903900	0.000000050008
18	55213838	56530219	603	29	0.0000678809	0.000000049043
18	56530220	57630482	576	29	0.0001120575	0.000000050476
18	57630483	59020750	437	29	0.0005545692	0.000000035040
18	59020751	60277714	537	29	0.0002175026	0.000000044773
18	60277715	61820251	570	29	0.0002163763	0.000000044481
18	61820252	63463401	515	29	0.0000103726	0.000000034991
18	63463402	64252800	237	22	0.0000760165	0.000000016028
18	64252801	66125816	728	29	0.0002042602	0.000000052490
18	66125817	67175819	321	29	0.0001909923	0.000000030317
18	67175820	68621178	454	29	0.0000431121	0.000000037250
18	68621179	69621617	381	29	0.0002294039	0.000000036092
18	69621618	71038473	558	29	-0.0000011586	0.000000044022
18	71038474	71971461	491	29	0.0002333386	0.000000050722
18	71971462	73526986	653	29	0.0001790179	0.000000053246
18	73526987	74813814	585	29	0.0001310028	0.000000052464
18	74813815	75976316	588	29	0.0002162932	0.000000053480
18	75976317	77149990	409	29	0.0000618366	0.000000031279
18	77149991	78017157	255	29	0.0002436366	0.000000027473
19	80840	610728	90	23	0.0001328107	0.000000015317
19	610729	2098395	274	29	0.0003617310	0.000000046658
19	2098396	3019659	225	29	0.0001614906	0.000000026459
19	3019660	4348966	294	29	0.0004127454	0.000000044485
19	4348967	5811851	378	29	-0.0000006334	0.000000035806
19	5811852	6684884	196	29	0.0002381596	0.000000026403
19	6684885	8347512	499	29	0.0003336693	0.000000052400
19	8347513	9238392	247	29	0.0007514506	0.000000035293
19	9238393	11284027	472	29	0.0002429762	0.000000033346
19	11284028	13471126	393	29	0.0004359040	0.000000039499
19	13471127	14486346	197	29	0.0001388239	0.000000021301
19	14486347	15648609	355	29	0.0002559349	0.000000034904
19	15648610	16374415	348	29	0.0003018823	0.000000030410
19	16374416	18409861	527	29	0.0000631913	0.000000046246
19	18409862	19877470	316	29	0.0004072883	0.000000023206
19	19877471	20905756	132	20	0.0000443065	0.000000010623
19	20905757	22732895	308	29	0.0002517510	0.000000025387
19	22732896	23467745	127	13	0.0001033390	0.000000010614
19	23467746	28557892	271	27	0.0000564074	0.000000017321
19	28557893	29790946	466	29	0.0001066204	0.000000036041
19	29790947	30727953	328	29	0.0001250409	0.000000028171
19	30727954	32746519	641	29	0.0001264767	0.000000051148
19	32746520	34262951	493	29	0.0005764855	0.000000051545
19	34262952	36469294	638	29	0.0000836048	0.000000048953
19	36469295	37527032	220	20	0.0000462663	0.000000013712
19	37527033	40170618	589	29	0.0002189768	0.000000047020
19	40170619	40984600	175	24	0.0002707523	0.000000020114
19	40984601	42131572	283	29	0.0001296176	0.000000023762
19	42131573	43862454	156	21	0.0002040018	0.000000017291
19	43862455	44744107	280	29	0.0001766253	0.000000024194
19	44744108	46102696	349	29	0.0007028396	0.000000038365
19	46102697	47150081	283	29	0.0002374300	0.000000022454
19	47150082	49282226	568	29	0.0003748920	0.000000053515
19	49282227	51532566	585	29	0.0001226878	0.000000055022
19	51532567	52985289	620	29	0.0003672898	0.000000057239
19	52985290	54602361	484	29	0.0000869888	0.000000051572
19	54602362	55728079	349	29	0.0009305814	0.000000055321
19	55728080	57521334	666	29	0.0001985396	0.000000058207
19	57521335	59118838	523	29	0.0002301925	0.000000045907
20	60479	697599	259	29	0.0001570675	0.000000028365
20	697600	2469500	997	29	0.0001249437	0.000000051827
20	2469501	3828412	481	29	0.0001452374	0.000000043087
20	3828413	5477849	786	29	0.0000681656	0.000000050664
20	5477850	7084072	728	29	0.0002252616	0.000000053716
20	7084073	8117010	400	29	0.0002512417	0.000000033807
20	8117011	9730920	764	29	0.0002137712	0.000000053138
20	9730921	11249535	730	29	0.0002398246	0.000000051899
20	11249536	12447498	498	29	0.0001844626	0.000000037829
20	12447499	13689863	548	29	0.0000546110	0.000000042749
20	13689864	15958358	978	29	0.0000670984	0.000000050792
20	15958359	17487231	937	29	0.0003734487	0.000000057789
20	17487232	18972202	599	29	0.0001220710	0.000000047030
20	18972203	20959709	887	29	0.0001495589	0.000000053716
20	20959710	22491455	402	29	0.0001851775	0.000000029546
20	22491456	23293789	355	29	0.0000949598	0.000000027082
20	23293790	24717723	523	29	0.0001906637	0.000000041909
20	24717724	25344230	211	21	0.0000411448	0.000000013654
20	25344231	31614822	561	29	0.0003236236	0.000000041480
20	31614823	32813440	282	29	0.0000963832	0.000000019634
20	32813441	34960445	437	29	0.0003196571	0.000000024840
20	34960446	36909529	476	29	0.0001962503	0.000000036323
20	36909530	38436760	505	29	0.0001956519	0.000000039154
20	38436761	39610855	465	29	0.0002417739	0.000000038995
20	39610856	40585688	285	29	0.0000815700	0.000000016346
20	40585689	41615459	576	29	0.0001264164	0.000000052137
20	41615460	42680175	386	29	0.0002654796	0.000000036107
20	42680176	44839055	757	29	0.0010665009	0.000000067728
20	44839056	47199979	1012	29	0.0000672991	0.000000049457
20	47199980	49239657	738	29	0.0002112267	0.000000051977
20	49239658	52472548	1325	29	0.0002066205	0.000000052046
20	52472549	54055265	604	29	0.0000729666	0.000000050045
20	54055266	56447958	1127	29	0.0003186339	0.000000056569
20	56447959	58406571	867	29	0.0001661722	0.000000052085
20	58406572	59561723	540	29	0.0003609770	0.000000052786
20	59561724	61301854	731	29	0.0000652355	0.000000051341
20	61301855	62190179	275	29	0.0001114121	0.000000027749
20	62190180	62965162	217	29	0.0003123332	0.000000024288
21	9411243	15950981	273	29	0.0000302553	0.000000022335
21	15950982	18053164	651	29	0.0000793141	0.000000051047
21	18053165	19480374	435	29	0.0000870616	0.000000038524
21	19480375	20962338	603	29	0.0002872962	0.000000056961
21	20962339	22072763	353	29	0.0001015540	0.000000030277
21	22072764	23362874	522	29	0.0001600129	0.000000042233
21	23362875	24696230	357	29	0.0002108881	0.000000031379
21	24696231	26469121	646	29	0.0003122146	0.000000055923
21	26469122	27271018	218	25	0.0000088778	0.000000016381
21	27271019	29125225	867	29	0.0001877693	0.000000053650
21	29125226	31197024	680	29	0.0001325921	0.000000046143
21	31197025	32668641	445	29	0.0001133075	0.000000029552
21	32668642	34376998	638	29	0.0001804580	0.000000051541
21	34376999	35225464	283	29	0.0003705131	0.000000031947
21	35225465	36524372	559	29	0.0001332582	0.000000045511
21	36524373	37870778	525	29	0.0001977984	0.000000042059
21	37870779	38711703	304	29	0.0000915396	0.000000022257
21	38711704	40482901	830	29	0.0002034413	0.000000051788
21	40482902	41389526	490	29	0.0000211321	0.000000033413
21	41389527	43321527	985	29	0.0001129013	0.000000050546
21	43321528	44506267	676	29	0.0000469719	0.000000049920
21	44506268	46177104	545	29	0.0001112367	0.000000045430
21	46177105	47492225	483	29	0.0004712889	0.000000047331
21	47492226	48119751	228	26	0.0001446941	0.000000019029
22	16050408	17674294	203	29	0.0003008471	0.000000028262
22	17674295	18296087	255	29	0.0000936544	0.000000025745
22	18296088	19912357	519	29	0.0001078108	0.000000045144
22	19912358	22357324	572	29	0.0004612459	0.000000053625
22	22357325	23712646	324	29	0.0003108471	0.000000034414
22	23712647	24984203	349	29	0.0000527850	0.000000024600
22	24984204	26791627	730	29	0.0001833777	0.000000051589
22	26791628	27834751	732	29	0.0001013188	0.000000051624
22	27834752	29651798	569	29	0.0003138331	0.000000051149
22	29651799	31439917	525	29	0.0002422238	0.000000041053
22	31439918	32664985	342	29	0.0001689912	0.000000026976
22	32664986	34494913	921	29	0.0001626363	0.000000051910
22	34494914	35530984	490	29	0.0000431498	0.000000032598
22	35530985	37570268	816	29	0.0000280881	0.000000047723
22	37570269	39307893	511	29	0.0002460991	0.000000046781
22	39307894	40545796	321	29	0.0001211808	0.000000028537
22	40545797	42690817	446	29	0.0001325564	0.000000029086
22	42690818	43714199	387	29	0.0001826306	0.000000035482
22	43714200	44995307	689	29	0.0001412442	0.000000052030
22	44995308	46470494	595	29	0.0001545396	0.000000054225
22	46470495	47596317	444	29	-0.0000553903	0.000000036104
22	47596318	48903702	736	29	0.0001897228	0.000000053054
22	48903703	49824533	603	29	0.0000851873	0.000000049950
22	49824534	51243297	366	29	0.0001664860	0.000000035497
