chr	start	end	num_snp	k	local_rho	var
1	10583	1892606	91	16	-0.0000140546	0.0000000014
1	1892607	3582735	405	40	0.0000314722	0.0000000061
1	3582736	4380810	262	40	-0.0000346012	0.0000000043
1	4380811	5913892	861	40	-0.0000020311	0.0000000074
1	5913893	7247334	417	40	-0.0000002146	0.0000000060
1	7247335	9365198	679	40	0.0000351178	0.0000000085
1	9365199	10806983	339	40	0.0000004121	0.0000000040
1	10806984	11777840	246	40	-0.0000326582	0.0000000046
1	11777841	12779465	280	40	-0.0000225882	0.0000000033
1	12779466	14891510	607	40	0.0000676512	0.0000000070
1	14891511	16897729	654	40	-0.0000444649	0.0000000073
1	16897730	18662898	638	40	0.0000646552	0.0000000076
1	18662899	20469148	684	40	-0.0000029835	0.0000000072
1	20469149	21736587	450	40	-0.0000530341	0.0000000065
1	21736588	23086882	507	40	0.0000068215	0.0000000067
1	23086883	23920589	214	27	-0.0000190440	0.0000000029
1	23920590	25516844	500	40	-0.0000760851	0.0000000065
1	25516845	27401866	395	40	0.0001405168	0.0000000069
1	27401867	30161880	524	40	-0.0000145374	0.0000000059
1	30161881	32438684	902	40	-0.0000604027	0.0000000086
1	32438685	34799757	643	40	0.0000321271	0.0000000071
1	34799758	37549182	527	40	-0.0000472902	0.0000000062
1	37549183	38731846	358	40	0.0000020030	0.0000000047
1	38731847	40200566	424	40	-0.0000784153	0.0000000052
1	40200567	41975326	540	40	-0.0001048316	0.0000000056
1	41975327	43758456	531	40	-0.0000720342	0.0000000061
1	43758457	44969182	351	35	-0.0000634843	0.0000000054
1	44969183	46899500	440	38	0.0000077342	0.0000000036
1	46899501	48002575	279	33	-0.0000481263	0.0000000035
1	48002576	48978187	339	40	-0.0000758672	0.0000000046
1	48978188	49894176	237	28	0.0000173424	0.0000000034
1	49894177	51713725	252	25	-0.0000118994	0.0000000028
1	51713726	54226261	546	40	-0.0001084119	0.0000000065
1	54226262	56413116	813	40	0.0000409255	0.0000000116
1	56413117	57021727	264	31	-0.0000100772	0.0000000030
1	57021728	58865398	827	40	-0.0000366665	0.0000000083
1	58865399	59890408	370	40	-0.0000224129	0.0000000039
1	59890409	61922364	659	40	0.0000360502	0.0000000084
1	61922365	63455088	525	40	0.0000519926	0.0000000089
1	63455089	65041703	641	40	-0.0000995946	0.0000000069
1	65041704	66939403	634	40	-0.0000755060	0.0000000069
1	66939404	68477894	663	40	0.0000473857	0.0000000073
1	68477895	69687615	382	40	-0.0000310170	0.0000000052
1	69687616	71372469	506	40	-0.0000072321	0.0000000057
1	71372470	71684404	81	10	-0.0000197993	0.0000000011
1	71684405	74326906	557	40	-0.0002217006	0.0000000070
1	74326907	76728134	713	40	-0.0000346821	0.0000000070
1	76728135	79661197	924	40	-0.0000890673	0.0000000082
1	79661198	81354190	470	40	0.0000222520	0.0000000052
1	81354191	83991747	965	40	-0.0000297113	0.0000000068
1	83991748	84844494	303	34	0.0000467677	0.0000000033
1	84844495	86454750	634	40	0.0000306116	0.0000000069
1	86454751	88128630	552	40	0.0000673969	0.0000000058
1	88128631	90066302	515	40	-0.0000661049	0.0000000060
1	90066303	91886316	554	40	-0.0001006384	0.0000000073
1	91886317	93536458	499	40	0.0000482585	0.0000000069
1	93536459	94506190	245	26	-0.0000453095	0.0000000039
1	94506191	96150892	639	40	-0.0000122490	0.0000000074
1	96150893	97885248	598	40	-0.0000758671	0.0000000063
1	97885249	99800603	632	40	-0.0000682381	0.0000000076
1	99800604	100826404	328	36	0.0000261005	0.0000000035
1	100826405	102041015	439	40	0.0000764679	0.0000000049
1	102041016	102898744	271	36	0.0000699032	0.0000000032
1	102898745	103914210	195	21	-0.0000675325	0.0000000023
1	103914211	106087841	452	40	-0.0000031336	0.0000000045
1	106087842	108409664	718	40	-0.0000918257	0.0000000071
1	108409665	110303930	555	40	-0.0002419617	0.0000000270
1	110303931	111741736	558	40	-0.0000431311	0.0000000088
1	111741737	113273305	691	40	-0.0001133618	0.0000000077
1	113273306	114873844	497	40	-0.0000227240	0.0000000062
1	114873845	115880592	337	37	0.0000026585	0.0000000034
1	115880593	118839066	807	40	-0.0000123511	0.0000000079
1	118839067	144977493	562	40	0.0000206599	0.0000000051
1	144977494	148361252	425	40	-0.0001100273	0.0000000057
1	148361253	151538880	331	33	0.0000734277	0.0000000049
1	151538881	153180828	451	40	-0.0000496928	0.0000000041
1	153180829	154770402	445	40	0.0000186957	0.0000000050
1	154770403	156336132	280	38	0.0000067566	0.0000000049
1	156336133	158027411	575	40	-0.0000907485	0.0000000068
1	158027412	159913047	666	40	0.0000251883	0.0000000078
1	159913048	162346720	859	40	-0.0000183341	0.0000000070
1	162346721	165191701	1172	40	-0.0000209166	0.0000000071
1	165191702	166460516	514	40	-0.0000476529	0.0000000066
1	166460517	169086323	1077	40	0.0000601550	0.0000000071
1	169086324	170557775	550	40	0.0000355442	0.0000000045
1	170557776	173097906	896	40	0.0000323695	0.0000000082
1	173097907	175089767	399	31	0.0000909258	0.0000000035
1	175089768	177433380	763	40	0.0000034288	0.0000000076
1	177433381	178944308	497	40	-0.0000248057	0.0000000046
1	178944309	178954469	2	1	-0.0000002927	-0.0000000000
1	178954470	181144120	713	40	0.0000504276	0.0000000074
1	181144121	182755355	577	40	0.0000592532	0.0000000079
1	182755356	184595512	607	40	0.0001012208	0.0000000068
1	184595513	186810022	499	40	-0.0001082107	0.0000000052
1	186810023	188759944	616	40	-0.0000341965	0.0000000066
1	188759945	189904129	214	17	0.0000039710	0.0000000023
1	189904130	191868929	536	40	-0.0000475392	0.0000000049
1	191868930	194107441	577	40	0.0001253297	0.0000000063
1	194107442	196176200	577	40	-0.0000999333	0.0000000061
1	196176201	197311513	188	16	0.0000120258	0.0000000021
1	197311514	199239883	501	40	-0.0000547645	0.0000000063
1	199239884	200137648	296	36	0.0000013146	0.0000000045
1	200137649	201589974	685	40	-0.0000798645	0.0000000073
1	201589975	203334733	591	40	0.0000468331	0.0000000070
1	203334734	204681067	471	40	-0.0000123041	0.0000000067
1	204681068	206073264	558	40	-0.0000145767	0.0000000067
1	206073265	208410363	602	40	-0.0000493430	0.0000000072
1	208410364	210787749	908	40	-0.0000058198	0.0000000075
1	210787750	212842329	684	40	-0.0001496284	0.0000000093
1	212842330	214578265	606	40	-0.0000726239	0.0000000077
1	214578266	216243633	579	40	0.0000316213	0.0000000067
1	216243634	218705512	1069	40	-0.0000294829	0.0000000070
1	218705513	219590570	279	33	0.0000031362	0.0000000027
1	219590571	221858230	678	40	0.0001382282	0.0000000084
1	221858231	222230219	171	21	0.0000078881	0.0000000025
1	222230220	224938519	494	40	0.0000836054	0.0000000062
1	224938520	226810859	496	40	-0.0000584335	0.0000000066
1	226810860	229156247	654	40	-0.0000100943	0.0000000064
1	229156248	230685254	523	40	-0.0000304935	0.0000000054
1	230685255	232090251	574	40	0.0000743304	0.0000000064
1	232090252	233429283	598	40	-0.0000472579	0.0000000069
1	233429284	234599433	519	40	0.0000446027	0.0000000063
1	234599434	235819435	369	40	-0.0001105553	0.0000000080
1	235819436	237555627	690	40	-0.0000013929	0.0000000073
1	237555628	238567806	419	40	-0.0000343964	0.0000000066
1	238567807	239925313	487	40	0.0000133159	0.0000000063
1	239925314	240564090	335	40	-0.0000026729	0.0000000039
1	240564091	241582219	504	40	0.0000372677	0.0000000071
1	241582220	242071601	207	37	0.0000217590	0.0000000032
1	242071602	244109498	598	40	0.0001150553	0.0000000077
1	244109499	245506745	496	40	-0.0000391143	0.0000000060
1	245506746	247344517	667	40	-0.0000668291	0.0000000075
1	247344518	249239465	385	40	0.0000198681	0.0000000048
2	10133	1781021	655	40	-0.0000017722	0.0000000068
2	1781022	3973778	952	40	-0.0000060460	0.0000000075
2	3973779	5708336	621	40	-0.0000022924	0.0000000069
2	5708337	6836253	558	40	-0.0000132616	0.0000000062
2	6836254	8422146	644	40	-0.0000224391	0.0000000075
2	8422147	10298468	660	40	-0.0000168889	0.0000000076
2	10298469	12419149	952	40	-0.0000488016	0.0000000078
2	12419150	14335307	588	40	-0.0000585747	0.0000000075
2	14335308	16329734	734	40	-0.0000185633	0.0000000078
2	16329735	18647422	854	40	0.0000963297	0.0000000080
2	18647423	19692403	381	40	-0.0000040390	0.0000000044
2	19692404	21050489	628	40	-0.0000072978	0.0000000086
2	21050490	23341382	628	40	-0.0001109732	0.0000000320
2	23341383	24686917	436	40	-0.0000438498	0.0000000056
2	24686918	26894984	541	40	0.0000252217	0.0000000055
2	26894985	28598776	422	33	0.0000314255	0.0000000042
2	28598777	29217558	249	33	-0.0000500957	0.0000000035
2	29217559	30463710	626	40	-0.0000729792	0.0000000088
2	30463711	31550449	521	40	-0.0000279975	0.0000000065
2	31550450	33363776	482	40	-0.0000325397	0.0000000063
2	33363777	35345027	796	40	-0.0000197713	0.0000000076
2	35345028	36122005	290	30	0.0000410181	0.0000000035
2	36122006	38132711	908	40	0.0000307898	0.0000000071
2	38132712	39031336	320	38	-0.0000127206	0.0000000049
2	39031337	40281482	300	32	-0.0000113088	0.0000000036
2	40281483	43309589	1283	40	-0.0000950226	0.0000000079
2	43309590	44313802	402	40	0.0000224420	0.0000000128
2	44313803	46482633	1053	40	0.0000758392	0.0000000073
2	46482634	47318771	410	40	-0.0000726738	0.0000000059
2	47318772	48213000	294	40	0.0000227872	0.0000000041
2	48213001	50022256	700	40	-0.0000725419	0.0000000083
2	50022257	50818927	341	34	0.0000645371	0.0000000045
2	50818928	52491132	646	40	-0.0000528336	0.0000000091
2	52491133	53508451	461	40	-0.0000302917	0.0000000059
2	53508452	54685225	427	40	0.0000442674	0.0000000058
2	54685226	56203344	602	40	0.0000096222	0.0000000072
2	56203345	57429099	425	40	-0.0000049214	0.0000000061
2	57429100	58297314	270	28	0.0000750534	0.0000000042
2	58297315	60291999	737	40	-0.0000079326	0.0000000081
2	60292000	62429043	584	40	-0.0001705400	0.0000000092
2	62429044	64625912	577	40	-0.0000381569	0.0000000091
2	64625913	65933443	456	40	0.0000648259	0.0000000071
2	65933444	67226165	548	40	0.0000317769	0.0000000059
2	67226166	68010175	419	40	-0.0000475811	0.0000000054
2	68010176	69139563	465	40	-0.0000333585	0.0000000057
2	69139564	70755197	522	40	-0.0000294739	0.0000000060
2	70755198	73174847	784	40	0.0000411767	0.0000000075
2	73174848	75630085	700	40	0.0000444368	0.0000000075
2	75630086	76913660	514	40	0.0000109841	0.0000000060
2	76913661	78079263	390	40	-0.0000397725	0.0000000062
2	78079264	80050402	819	40	-0.0000181110	0.0000000073
2	80050403	81620840	574	40	0.0000603025	0.0000000072
2	81620841	85140679	889	40	0.0000050131	0.0000000070
2	85140680	88038506	617	40	-0.0000041818	0.0000000061
2	88038507	89154525	241	30	-0.0000039129	0.0000000026
2	89154526	95326451	4	2	-0.0000002818	0.0000000002
2	95326452	98995200	419	40	-0.0000719710	0.0000000052
2	98995201	101822328	887	40	-0.0000022368	0.0000000105
2	101822329	102688764	255	30	0.0000027129	0.0000000037
2	102688765	103588214	396	36	0.0000000918	0.0000000039
2	103588215	105125033	304	40	0.0000890874	0.0000000046
2	105125034	106210057	399	40	-0.0000394192	0.0000000049
2	106210058	107408266	440	40	-0.0000028972	0.0000000045
2	107408267	108429176	350	40	0.0000296588	0.0000000038
2	108429177	110572431	517	40	-0.0000270410	0.0000000061
2	110572432	113921855	760	40	-0.0000550682	0.0000000078
2	113921856	116772469	742	40	0.0000782385	0.0000000073
2	116772470	118367465	393	37	-0.0000087779	0.0000000048
2	118367466	121303782	984	40	-0.0000753253	0.0000000090
2	121303783	123302905	571	40	0.0001220592	0.0000000069
2	123302906	124732249	427	40	-0.0000253728	0.0000000045
2	124732250	125840920	378	40	-0.0001169234	0.0000000052
2	125840921	127373763	408	37	-0.0000060688	0.0000000044
2	127373764	128034346	257	40	-0.0000296405	0.0000000039
2	128034347	129474440	423	40	-0.0000841269	0.0000000051
2	129474441	130067169	220	26	0.0000299345	0.0000000032
2	130067170	130658084	201	26	-0.0000699514	0.0000000026
2	130658085	133042783	201	32	0.0000060096	0.0000000030
2	133042784	135158577	898	40	-0.0000126383	0.0000000072
2	135158578	137042793	434	40	0.0000000127	0.0000000058
2	137042794	138698116	589	40	-0.0000064291	0.0000000066
2	138698117	140100270	430	40	0.0000523518	0.0000000047
2	140100271	141805350	562	40	0.0000278097	0.0000000063
2	141805351	142518601	295	33	-0.0000027664	0.0000000050
2	142518602	144519483	645	40	-0.0000687422	0.0000000081
2	144519484	146445569	437	40	-0.0000593621	0.0000000057
2	146445570	147277161	152	15	0.0000321479	0.0000000019
2	147277162	150210291	650	40	-0.0000104259	0.0000000067
2	150210292	151731461	468	40	0.0000933868	0.0000000062
2	151731462	152486781	279	29	0.0000386397	0.0000000027
2	152486782	154005055	467	40	-0.0000122833	0.0000000058
2	154005056	155391134	484	40	-0.0000337382	0.0000000066
2	155391135	157560634	546	40	0.0000567646	0.0000000075
2	157560635	158533217	171	25	-0.0000798970	0.0000000034
2	158533218	159577081	328	39	-0.0000683518	0.0000000050
2	159577082	161769732	706	40	-0.0000063057	0.0000000072
2	161769733	163503550	387	36	0.0000921118	0.0000000056
2	163503551	164466637	191	23	0.0000016906	0.0000000023
2	164466638	165178839	173	21	-0.0000015054	0.0000000023
2	165178840	167160269	618	40	0.0000587853	0.0000000068
2	167160270	167355969	72	10	0.0000151982	0.0000000009
2	167355970	169968235	821	40	-0.0000209196	0.0000000079
2	169968236	171226244	475	40	0.0000426404	0.0000000057
2	171226245	173138904	561	40	0.0000611399	0.0000000071
2	173138905	175588928	823	40	-0.0000690957	0.0000000075
2	175588929	177363635	521	40	-0.0000854339	0.0000000059
2	177363636	178553182	460	40	-0.0000306705	0.0000000042
2	178553183	181312738	995	40	-0.0000291155	0.0000000079
2	181312739	182266030	297	32	-0.0000052422	0.0000000031
2	182266031	184357607	601	40	-0.0000988644	0.0000000073
2	184357608	185280172	232	25	-0.0000001049	0.0000000028
2	185280173	189882064	942	40	-0.0000564131	0.0000000084
2	189882065	191973356	482	40	-0.0000036900	0.0000000058
2	191973357	195861163	701	40	-0.0000946368	0.0000000081
2	195861164	196447455	150	19	-0.0000124110	0.0000000020
2	196447456	198078109	437	40	0.0000357502	0.0000000048
2	198078110	199311124	301	26	0.0000003722	0.0000000036
2	199311125	201576283	618	40	0.0000767558	0.0000000079
2	201576284	202818636	306	39	-0.0000382454	0.0000000037
2	202818637	205799240	754	40	0.0000705508	0.0000000084
2	205799241	206735703	395	40	-0.0000177254	0.0000000060
2	206735704	208645398	636	40	0.0000334394	0.0000000075
2	208645399	209941528	325	39	0.0000769499	0.0000000043
2	209941529	212379517	733	40	-0.0000461147	0.0000000071
2	212379518	214014281	619	40	-0.0000218987	0.0000000081
2	214014282	215573794	436	40	-0.0000258733	0.0000000059
2	215573795	217715660	779	40	-0.0000357974	0.0000000075
2	217715661	218395479	273	36	-0.0000284869	0.0000000034
2	218395480	220454550	564	40	-0.0000463247	0.0000000066
2	220454551	222521175	841	40	0.0000178317	0.0000000077
2	222521176	224859418	775	40	-0.0000181107	0.0000000073
2	224859419	225840003	346	36	-0.0000390873	0.0000000044
2	225840004	228119841	723	40	0.0000023723	0.0000000070
2	228119842	229370786	438	40	-0.0000202988	0.0000000055
2	229370787	231843388	910	40	-0.0000131322	0.0000000070
2	231843389	233550002	455	40	0.0000674758	0.0000000055
2	233550003	235150986	766	40	0.0000522786	0.0000000082
2	235150987	236043549	420	40	0.0000099714	0.0000000058
2	236043550	237449031	451	40	0.0000677738	0.0000000067
2	237449032	238760980	525	40	-0.0000122258	0.0000000058
2	238760981	239952642	403	40	0.0000215204	0.0000000044
2	239952643	241560083	629	40	-0.0000617889	0.0000000076
2	241560084	242149920	197	29	-0.0000162448	0.0000000029
2	242149921	243188919	125	16	-0.0000237662	0.0000000021
3	60157	1441778	616	40	0.0001131455	0.0000000073
3	1441779	2992119	881	40	0.0000398668	0.0000000074
3	2992120	4431646	762	40	-0.0000246255	0.0000000074
3	4431647	6083182	752	40	-0.0000574509	0.0000000071
3	6083183	7083386	427	40	-0.0000113694	0.0000000055
3	7083387	8648560	850	40	-0.0000037484	0.0000000079
3	8648561	9543182	470	40	-0.0000179256	0.0000000059
3	9543183	11019664	555	40	-0.0000520522	0.0000000076
3	11019665	13070798	721	40	-0.0000103701	0.0000000089
3	13070799	14816899	781	40	-0.0000290133	0.0000000071
3	14816900	16282441	524	40	0.0000155041	0.0000000051
3	16282442	17891117	490	40	0.0000157188	0.0000000064
3	17891118	19125143	339	40	0.0000614501	0.0000000049
3	19125144	20091347	190	24	-0.0000266036	0.0000000023
3	20091348	21643706	631	40	-0.0000839475	0.0000000083
3	21643707	22204243	378	40	0.0000031905	0.0000000053
3	22204244	23804864	525	40	0.0000034870	0.0000000065
3	23804865	25461557	737	40	-0.0000215906	0.0000000084
3	25461558	26877768	465	40	0.0000145235	0.0000000060
3	26877769	27840909	263	30	-0.0000358165	0.0000000031
3	27840910	29142259	440	40	-0.0001117088	0.0000000068
3	29142260	30717954	674	40	-0.0000140565	0.0000000073
3	30717955	32351714	647	40	-0.0000271700	0.0000000072
3	32351715	33255591	269	40	-0.0000792726	0.0000000042
3	33255592	35283457	573	40	-0.0000364559	0.0000000060
3	35283458	36486841	401	40	0.0000308393	0.0000000050
3	36486842	38356115	578	40	0.0000315810	0.0000000066
3	38356116	40221297	642	40	-0.0000275793	0.0000000053
3	40221298	41064527	144	15	0.0000080222	0.0000000015
3	41064528	42540001	445	40	-0.0001274428	0.0000000058
3	42540002	45165152	685	40	-0.0000331808	0.0000000071
3	45165153	46657499	496	40	0.0000571455	0.0000000053
3	46657500	47727211	170	17	-0.0000500288	0.0000000026
3	47727212	49316971	240	15	-0.0000236026	0.0000000039
3	49316972	51832014	422	24	-0.0000789345	0.0000000075
3	51832015	54081389	632	40	-0.0000058451	0.0000000070
3	54081390	55348859	650	40	0.0000410593	0.0000000074
3	55348860	56433906	362	40	0.0000289882	0.0000000044
3	56433907	58157518	524	40	-0.0000261744	0.0000000054
3	58157519	60272905	958	40	-0.0000491855	0.0000000072
3	60272906	62355665	965	40	-0.0000096649	0.0000000076
3	62355666	63669285	659	40	0.0000206654	0.0000000075
3	63669286	65273537	750	40	-0.0000331950	0.0000000075
3	65273538	66270446	341	40	-0.0001078710	0.0000000050
3	66270447	68286913	632	40	-0.0000078765	0.0000000081
3	68286914	69276761	358	40	-0.0000246491	0.0000000050
3	69276762	70449027	386	40	-0.0000068778	0.0000000049
3	70449028	72529328	781	40	0.0000325677	0.0000000082
3	72529329	74321816	712	40	-0.0000234941	0.0000000066
3	74321817	75704948	268	30	-0.0000622777	0.0000000037
3	75704949	77508834	478	40	0.0000140227	0.0000000058
3	77508835	79024540	396	40	0.0000145780	0.0000000051
3	79024541	81427309	487	40	0.0000074507	0.0000000042
3	81427310	82643885	294	27	0.0000265640	0.0000000035
3	82643886	84367478	316	32	0.0000087384	0.0000000037
3	84367479	85582230	252	22	-0.0000437422	0.0000000033
3	85582231	87409731	446	40	-0.0000131890	0.0000000048
3	87409732	88298372	184	18	0.0000600782	0.0000000025
3	88298373	94255315	457	40	-0.0001069481	0.0000000057
3	94255316	95311970	215	18	-0.0000233384	0.0000000021
3	95311971	98215949	558	40	-0.0000189406	0.0000000051
3	98215950	99373761	324	39	0.0000170580	0.0000000039
3	99373762	100592216	323	28	0.0000144574	0.0000000037
3	100592217	103084959	648	40	-0.0000106944	0.0000000067
3	103084960	104581612	411	40	-0.0000342818	0.0000000047
3	104581613	106982810	702	40	0.0000534168	0.0000000078
3	106982811	109522394	748	40	-0.0000824648	0.0000000095
3	109522395	110513769	248	25	0.0000027575	0.0000000028
3	110513770	112815698	677	40	0.0000125840	0.0000000064
3	112815699	113947862	363	40	0.0000405160	0.0000000046
3	113947863	115447079	396	40	0.0000616766	0.0000000055
3	115447080	116800152	513	40	-0.0000410336	0.0000000068
3	116800153	118530250	565	40	-0.0000916309	0.0000000072
3	118530251	120523054	656	40	-0.0000014759	0.0000000067
3	120523055	121974096	361	36	-0.0000104975	0.0000000029
3	121974097	123517767	517	40	-0.0001467151	0.0000000059
3	123517768	124936641	613	40	0.0000917986	0.0000000073
3	124936642	126214942	373	40	-0.0000087887	0.0000000049
3	126214943	128194860	653	40	0.0000937601	0.0000000077
3	128194861	130244734	413	40	0.0000080240	0.0000000048
3	130244735	131836515	538	40	-0.0000149211	0.0000000068
3	131836516	133252172	505	40	-0.0000043282	0.0000000065
3	133252173	135456905	854	40	-0.0000166401	0.0000000072
3	135456906	137371082	432	38	-0.0001041404	0.0000000048
3	137371083	139954596	838	40	0.0000301339	0.0000000073
3	139954597	141339096	467	40	0.0000411918	0.0000000063
3	141339097	143164627	611	40	-0.0000851280	0.0000000075
3	143164628	144410815	386	40	-0.0000569079	0.0000000049
3	144410816	145664618	352	40	-0.0000815699	0.0000000044
3	145664619	146726628	330	40	-0.0000117058	0.0000000034
3	146726629	149043236	674	40	-0.0000125686	0.0000000075
3	149043237	150252003	421	40	-0.0000285594	0.0000000048
3	150252004	151348729	362	40	0.0000410476	0.0000000049
3	151348730	153256570	559	40	-0.0000706832	0.0000000067
3	153256571	154714217	400	40	-0.0000260722	0.0000000046
3	154714218	156008699	324	40	-0.0000725653	0.0000000044
3	156008700	157312027	439	40	0.0000807058	0.0000000045
3	157312028	159477889	635	40	0.0000059231	0.0000000062
3	159477890	161524503	563	40	-0.0001155611	0.0000000062
3	161524504	163253204	469	40	-0.0000692587	0.0000000039
3	163253205	165055468	434	35	-0.0000243816	0.0000000032
3	165055469	167117428	448	40	-0.0000161450	0.0000000050
3	167117429	168580959	355	40	0.0000629660	0.0000000042
3	168580960	170964908	720	40	-0.0000082715	0.0000000082
3	170964909	172295730	504	40	-0.0000480620	0.0000000065
3	172295731	173477284	373	40	0.0000225995	0.0000000048
3	173477285	175116538	592	40	-0.0001136399	0.0000000083
3	175116539	176320286	336	40	-0.0000962596	0.0000000033
3	176320287	178107164	536	40	0.0000497126	0.0000000056
3	178107165	179374585	381	40	-0.0000374289	0.0000000040
3	179374586	181511165	459	40	-0.0000859719	0.0000000059
3	181511166	183769682	649	40	-0.0000675365	0.0000000069
3	183769683	185068254	401	40	-0.0000779253	0.0000000051
3	185068255	186890343	657	40	-0.0000259083	0.0000000069
3	186890344	188856213	794	40	0.0000587122	0.0000000076
3	188856214	190226606	610	40	-0.0000105551	0.0000000072
3	190226607	192343813	733	40	-0.0000612119	0.0000000075
3	192343814	194059670	496	40	0.0000090632	0.0000000056
3	194059671	194786673	250	40	0.0000142979	0.0000000035
3	194786674	195971407	214	36	-0.0000388232	0.0000000036
3	195971408	197075986	271	40	-0.0000339918	0.0000000044
3	197075987	197946621	174	27	0.0000556960	0.0000000025
4	10240	694714	98	12	-0.0000424428	0.0000000013
4	694715	1478710	204	24	0.0000418091	0.0000000031
4	1478711	2842978	238	40	0.0000101956	0.0000000037
4	2842979	3846039	238	35	-0.0000700534	0.0000000051
4	3846040	4684115	219	36	0.0000690636	0.0000000034
4	4684116	5502387	386	40	0.0000348026	0.0000000051
4	5502388	6773042	672	40	-0.0000392016	0.0000000068
4	6773043	7539691	400	40	-0.0000281312	0.0000000060
4	7539692	8152234	339	40	0.0000073058	0.0000000049
4	8152235	9326478	233	39	-0.0000153846	0.0000000038
4	9326479	10699151	496	37	0.0000433407	0.0000000049
4	10699152	12323033	637	40	0.0000432197	0.0000000071
4	12323034	14272000	706	40	-0.0000431816	0.0000000071
4	14272001	15147445	376	40	-0.0000869910	0.0000000050
4	15147446	15927008	246	33	0.0000630645	0.0000000032
4	15927009	17383321	654	40	-0.0000489115	0.0000000079
4	17383322	18841873	410	40	-0.0000304276	0.0000000054
4	18841874	20544556	463	40	-0.0000298648	0.0000000045
4	20544557	22319346	663	40	0.0000912604	0.0000000072
4	22319347	24135528	597	40	-0.0000114649	0.0000000069
4	24135529	25609321	589	40	-0.0000255776	0.0000000076
4	25609322	27343721	558	40	-0.0000170784	0.0000000079
4	27343722	27965867	201	29	-0.0000454100	0.0000000026
4	27965868	29762207	524	40	0.0000038768	0.0000000066
4	29762208	30454534	157	24	-0.0000401471	0.0000000018
4	30454535	31782980	401	40	0.0000456621	0.0000000051
4	31782981	33172765	311	36	0.0000357826	0.0000000040
4	33172766	35151414	359	32	-0.0000110969	0.0000000032
4	35151415	36020435	273	34	-0.0000279048	0.0000000030
4	36020436	37255046	423	40	-0.0000469155	0.0000000043
4	37255047	38907021	776	40	-0.0000325406	0.0000000078
4	38907022	40202608	377	40	-0.0000770135	0.0000000047
4	40202609	42213057	700	40	-0.0000298551	0.0000000070
4	42213058	43965044	522	40	0.0000151312	0.0000000053
4	43965045	45189156	339	38	-0.0000532782	0.0000000033
4	45189157	47411895	449	40	0.0000509614	0.0000000053
4	47411896	48123599	213	25	0.0000430274	0.0000000021
4	48123600	53877432	468	38	0.0000265146	0.0000000043
4	53877433	55429555	524	40	-0.0000788103	0.0000000061
4	55429556	56547643	355	40	0.0000290594	0.0000000039
4	56547644	58935007	830	40	-0.0000062818	0.0000000068
4	58935008	60741086	454	40	-0.0000090353	0.0000000052
4	60741087	62371762	424	40	0.0000593879	0.0000000051
4	62371763	64341000	428	40	-0.0000423662	0.0000000051
4	64341001	66600491	497	40	-0.0000758978	0.0000000060
4	66600492	68059496	384	40	-0.0000066053	0.0000000051
4	68059497	68854764	233	31	0.0000288076	0.0000000025
4	68854765	71049151	429	40	-0.0000488744	0.0000000033
4	71049152	72140557	212	27	-0.0000887151	0.0000000027
4	72140558	74592389	482	40	-0.0000093061	0.0000000058
4	74592390	77130706	708	40	0.0000238305	0.0000000075
4	77130707	79093978	709	40	-0.0000305593	0.0000000079
4	79093979	80990296	543	40	-0.0000968473	0.0000000063
4	80990297	82125314	242	30	0.0000197315	0.0000000035
4	82125315	83372592	355	40	-0.0000701400	0.0000000043
4	83372593	84799655	470	40	-0.0000014234	0.0000000054
4	84799656	86930608	574	40	-0.0000386080	0.0000000058
4	86930609	87534647	135	18	-0.0000469935	0.0000000017
4	87534648	89238027	560	40	-0.0001065824	0.0000000054
4	89238028	90231563	314	40	0.0000156878	0.0000000035
4	90231564	91560676	333	40	-0.0000567284	0.0000000040
4	91560677	94233298	559	40	-0.0000068893	0.0000000070
4	94233299	96182187	596	40	0.0000218507	0.0000000084
4	96182188	97540702	486	40	-0.0000659920	0.0000000068
4	97540703	99424066	398	35	-0.0000534666	0.0000000042
4	99424067	100678359	400	40	-0.0000008843	0.0000000058
4	100678360	103221355	784	40	0.0000095493	0.0000000075
4	103221356	105305293	472	40	-0.0000832841	0.0000000048
4	105305294	107501304	570	40	0.0000296531	0.0000000075
4	107501305	108815347	356	40	0.0000253428	0.0000000042
4	108815348	111256566	748	40	-0.0000227356	0.0000000073
4	111256567	113870101	708	40	0.0000120910	0.0000000078
4	113870102	115666245	598	40	-0.0000359425	0.0000000073
4	115666246	117276928	330	35	-0.0000486197	0.0000000038
4	117276929	118479917	335	38	-0.0000095747	0.0000000036
4	118479918	119933511	406	40	0.0000046753	0.0000000045
4	119933512	120392683	147	16	0.0000210286	0.0000000018
4	120392684	122657986	686	40	0.0000022259	0.0000000067
4	122657987	124286480	377	37	0.0000418654	0.0000000047
4	124286481	125210861	257	35	0.0000638593	0.0000000034
4	125210862	126480885	385	40	-0.0000483815	0.0000000047
4	126480886	127275476	219	31	-0.0000158224	0.0000000031
4	127275477	127830292	161	22	-0.0000031148	0.0000000019
4	127830293	128996664	190	15	-0.0000400285	0.0000000021
4	128996665	130591884	439	40	0.0000749579	0.0000000057
4	130591885	131283820	183	22	-0.0000030669	0.0000000034
4	131283821	132954032	349	40	-0.0000219252	0.0000000051
4	132954033	134628433	369	39	-0.0000245089	0.0000000043
4	134628434	136566406	423	40	-0.0000306107	0.0000000039
4	136566407	138541970	507	40	-0.0000590639	0.0000000058
4	138541971	139556510	350	40	-0.0000503200	0.0000000047
4	139556511	141084630	489	40	0.0000531654	0.0000000085
4	141084631	143443264	697	40	0.0000431536	0.0000000071
4	143443265	146178186	502	40	0.0000203028	0.0000000042
4	146178187	148521872	609	40	0.0000655835	0.0000000067
4	148521873	150683579	517	40	0.0000621246	0.0000000056
4	150683580	152782183	495	40	0.0000825306	0.0000000047
4	152782184	154477640	492	40	0.0000660884	0.0000000059
4	154477641	155056125	199	27	-0.0000203732	0.0000000028
4	155056126	157485096	783	40	-0.0000107428	0.0000000067
4	157485097	158743717	314	40	0.0000378997	0.0000000033
4	158743718	161058863	512	40	-0.0000473877	0.0000000060
4	161058864	161826434	264	33	-0.0000336015	0.0000000033
4	161826435	163243678	433	40	-0.0000438882	0.0000000054
4	163243679	164478233	322	40	-0.0000157248	0.0000000045
4	164478234	165823447	406	40	0.0000579065	0.0000000059
4	165823448	167018857	354	40	0.0000008618	0.0000000043
4	167018858	167852916	182	25	0.0000395061	0.0000000021
4	167852917	169676824	569	40	-0.0000051061	0.0000000070
4	169676825	170776509	308	37	0.0000372970	0.0000000031
4	170776510	172558634	406	40	-0.0000585006	0.0000000058
4	172558635	174264131	387	40	-0.0000333961	0.0000000058
4	174264132	176570715	619	40	0.0000276871	0.0000000069
4	176570716	178991909	804	40	-0.0000013459	0.0000000076
4	178991910	180122042	316	40	0.0000607454	0.0000000044
4	180122043	182066806	800	40	-0.0000430042	0.0000000077
4	182066807	183371274	701	40	-0.0000372655	0.0000000075
4	183371275	184929454	570	40	0.0000201987	0.0000000076
4	184929455	186909089	844	40	0.0000017065	0.0000000075
4	186909090	188472980	599	40	-0.0000361147	0.0000000066
4	188472981	189693510	397	40	-0.0000018283	0.0000000051
4	189693511	191043593	282	40	0.0000060518	0.0000000038
5	11940	982251	211	24	0.0000275584	0.0000000032
5	982252	2132441	439	40	0.0000125823	0.0000000056
5	2132442	3361940	775	40	-0.0000075330	0.0000000077
5	3361941	4632109	523	40	0.0000047585	0.0000000065
5	4632110	5973232	682	40	-0.0000257503	0.0000000072
5	5973233	7143217	560	40	0.0000096847	0.0000000064
5	7143218	8446335	570	40	-0.0000292478	0.0000000070
5	8446336	9718831	586	40	0.0001245226	0.0000000071
5	9718832	11173270	714	40	-0.0000277286	0.0000000071
5	11173271	13464831	558	40	0.0000281809	0.0000000070
5	13464832	14757803	573	40	-0.0000293846	0.0000000064
5	14757804	16963612	736	40	0.0000253760	0.0000000064
5	16963613	18051591	263	40	-0.0000877781	0.0000000037
5	18051592	19917715	538	40	0.0000013847	0.0000000062
5	19917716	22152072	435	40	-0.0000312926	0.0000000049
5	22152073	23494323	396	40	0.0001067093	0.0000000054
5	23494324	26184850	639	40	-0.0000297910	0.0000000075
5	26184851	26857603	150	22	-0.0000418345	0.0000000025
5	26857604	27984512	216	32	0.0001005324	0.0000000039
5	27984513	29714819	393	40	0.0000995635	0.0000000043
5	29714820	31390248	562	40	-0.0000472763	0.0000000073
5	31390249	33500179	798	40	-0.0000443947	0.0000000073
5	33500180	35048969	534	40	0.0000125130	0.0000000059
5	35048970	36433953	469	40	0.0000165293	0.0000000053
5	36433954	38802409	736	40	-0.0000504450	0.0000000075
5	38802410	40287728	526	40	0.0000055174	0.0000000045
5	40287729	41888709	524	40	0.0000599085	0.0000000049
5	41888710	43983498	391	31	0.0000177268	0.0000000040
5	43983499	50163397	410	30	0.0000059724	0.0000000053
5	50163398	52134621	553	40	-0.0000190679	0.0000000065
5	52134622	53703043	592	40	0.0000452116	0.0000000068
5	53703044	55417348	576	40	-0.0000042704	0.0000000055
5	55417349	56621101	490	40	0.0000222297	0.0000000060
5	56621102	57340072	262	36	-0.0000290581	0.0000000038
5	57340073	58524621	521	40	-0.0000284956	0.0000000070
5	58524622	60935906	675	40	-0.0001393870	0.0000000096
5	60935907	61672994	260	27	0.0000168905	0.0000000037
5	61672995	63218986	472	40	-0.0001348513	0.0000000058
5	63218987	63968303	174	19	0.0000159828	0.0000000021
5	63968304	65911285	595	40	-0.0000587136	0.0000000057
5	65911286	67850859	761	40	-0.0000179579	0.0000000079
5	67850860	71240455	427	40	-0.0000334053	0.0000000045
5	71240456	73759325	937	40	0.0000795201	0.0000000080
5	73759326	75798865	673	40	0.0001644089	0.0000000144
5	75798866	77623331	694	40	0.0000204259	0.0000000070
5	77623332	79393143	631	40	-0.0000223512	0.0000000078
5	79393144	80481470	435	40	-0.0000196887	0.0000000051
5	80481471	82025647	484	40	-0.0000684332	0.0000000058
5	82025648	83972688	515	40	0.0000108707	0.0000000063
5	83972689	85767289	485	40	0.0000210531	0.0000000049
5	85767290	87389990	268	31	0.0000468984	0.0000000034
5	87389991	88891529	298	32	0.0000297433	0.0000000048
5	88891530	90422653	414	40	0.0000354551	0.0000000061
5	90422654	91840541	260	32	-0.0000541717	0.0000000038
5	91840542	93809983	403	40	-0.0001111230	0.0000000059
5	93809984	95963518	669	40	-0.0000582374	0.0000000080
5	95963519	97315600	400	40	0.0000191263	0.0000000044
5	97315601	99260991	468	40	-0.0000501704	0.0000000045
5	99260992	101578768	492	40	-0.0000595951	0.0000000055
5	101578769	103320004	461	40	-0.0000685331	0.0000000054
5	103320005	104851482	403	40	0.0000011607	0.0000000051
5	104851483	105893054	164	21	-0.0000519502	0.0000000030
5	105893055	107264195	548	40	-0.0000679247	0.0000000085
5	107264196	108633933	374	40	-0.0000066004	0.0000000049
5	108633934	110821143	604	40	-0.0000030600	0.0000000074
5	110821144	111981561	410	40	0.0000294803	0.0000000054
5	111981562	113396284	523	40	-0.0000861574	0.0000000064
5	113396285	114830369	505	40	0.0000809575	0.0000000069
5	114830370	115831046	420	40	0.0000343100	0.0000000056
5	115831047	117346212	538	40	-0.0000107871	0.0000000073
5	117346213	118608819	361	40	0.0000026017	0.0000000052
5	118608820	119669041	326	38	-0.0000285232	0.0000000043
5	119669042	120452165	223	24	0.0000190665	0.0000000028
5	120452166	122556904	645	40	0.0000148894	0.0000000069
5	122556905	123798099	427	40	-0.0000002605	0.0000000064
5	123798100	125785648	809	40	0.0000701102	0.0000000076
5	125785649	127344603	418	40	-0.0000187156	0.0000000044
5	127344604	129519024	627	40	0.0000981269	0.0000000056
5	129519025	132139648	592	40	0.0000181984	0.0000000052
5	132139649	134777400	869	40	-0.0000129677	0.0000000073
5	134777401	136376049	571	40	-0.0000301140	0.0000000064
5	136376050	139265071	670	40	-0.0001097546	0.0000000070
5	139265072	140645970	336	30	0.0000291585	0.0000000035
5	140645971	142981247	886	40	-0.0000924785	0.0000000078
5	142981248	144943353	614	40	-0.0000068081	0.0000000071
5	144943354	147181997	709	40	-0.0000940583	0.0000000072
5	147181998	148662623	534	40	0.0000319936	0.0000000063
5	148662624	150561297	809	40	0.0000697690	0.0000000082
5	150561298	152867773	810	40	0.0001542918	0.0000000076
5	152867774	153773087	420	40	-0.0000094299	0.0000000042
5	153773088	155373504	548	40	-0.0000116064	0.0000000056
5	155373505	156628699	374	40	0.0000181761	0.0000000066
5	156628700	158825697	851	40	0.0000947387	0.0000000075
5	158825698	159973943	406	40	0.0000378829	0.0000000055
5	159973944	161482132	500	40	0.0000180995	0.0000000053
5	161482133	162743907	347	40	0.0000451049	0.0000000045
5	162743908	163771581	371	40	-0.0000091985	0.0000000046
5	163771582	165642394	531	40	-0.0000199378	0.0000000071
5	165642395	166847739	412	40	0.0000415086	0.0000000059
5	166847740	168525317	743	40	0.0000016236	0.0000000079
5	168525318	169505663	468	40	-0.0000497080	0.0000000062
5	169505664	171074291	637	40	0.0001242323	0.0000000085
5	171074292	172678326	650	40	-0.0000465713	0.0000000077
5	172678327	173642870	484	40	-0.0000715892	0.0000000053
5	173642871	175450594	789	40	-0.0000019016	0.0000000077
5	175450595	177251506	324	40	-0.0000806436	0.0000000051
5	177251507	178413463	417	40	0.0000169537	0.0000000055
5	178413464	179401243	329	40	-0.0000225775	0.0000000046
5	179401244	180559932	308	40	-0.0000486423	0.0000000043
5	180559933	180885155	41	9	0.0000018214	0.0000000006
6	73924	1452361	651	40	-0.0000484010	0.0000000071
6	1452362	2458935	428	40	0.0000225200	0.0000000056
6	2458936	3573592	551	40	0.0000251965	0.0000000070
6	3573593	4617816	501	40	0.0000340296	0.0000000062
6	4617817	5791471	570	40	0.0000004990	0.0000000065
6	5791472	6785206	579	40	0.0000081807	0.0000000072
6	6785207	7808935	496	40	0.0000832942	0.0000000060
6	7808936	9020025	494	40	-0.0000251952	0.0000000069
6	9020026	10540316	598	40	0.0000081296	0.0000000069
6	10540317	11790815	533	40	-0.0000214371	0.0000000057
6	11790816	13209387	591	40	-0.0000083215	0.0000000058
6	13209388	14802923	664	40	0.0000536435	0.0000000079
6	14802924	17386404	965	40	-0.0001432928	0.0000000101
6	17386405	19207486	623	40	0.0000796806	0.0000000070
6	19207487	21684064	1014	40	-0.0000421912	0.0000000067
6	21684065	22748306	509	40	0.0000428811	0.0000000066
6	22748307	23936618	484	40	0.0000244724	0.0000000063
6	23936619	24852274	387	40	0.0000066784	0.0000000052
6	24852275	25684586	453	40	0.0000639929	0.0000000049
6	25684587	26791232	493	37	0.0000548546	0.0000000048
6	26791233	28017818	273	19	0.0000054278	0.0000000022
6	28017819	28917607	182	14	0.0000126752	0.0000000014
6	28917608	29737970	27	4	0.0000012265	0.0000000004
6	29737971	30798167	1	0	0.0000000000	0.0000000000
6	30798168	31571217	101	18	-0.0000237043	0.0000000026
6	31571218	32682663	98	12	-0.0000093832	0.0000000042
6	32682664	33236496	169	26	-0.0000427433	0.0000000033
6	33236497	35455755	683	40	0.0000628466	0.0000000079
6	35455756	37572595	786	40	-0.0000294083	0.0000000074
6	37572596	39295676	742	40	0.0000080749	0.0000000070
6	39295677	40345114	391	40	-0.0000232642	0.0000000050
6	40345115	42038720	701	40	0.0000155322	0.0000000072
6	42038721	43756168	424	40	-0.0000103061	0.0000000055
6	43756169	45406562	556	40	-0.0000438713	0.0000000064
6	45406563	47311897	742	40	0.0000324792	0.0000000070
6	47311898	48391124	338	38	0.0000253225	0.0000000032
6	48391125	50386144	482	40	0.0000343769	0.0000000042
6	50386145	52210475	609	40	-0.0000470820	0.0000000056
6	52210476	53279101	419	40	0.0000605511	0.0000000074
6	53279102	55468269	839	40	-0.0000517531	0.0000000078
6	55468270	56105312	204	20	-0.0000221418	0.0000000025
6	56105313	57599464	339	37	0.0000268928	0.0000000039
6	57599465	61880511	113	9	-0.0000300058	0.0000000012
6	61880512	63552887	328	22	-0.0000646707	0.0000000030
6	63552888	65765741	441	40	0.0000763077	0.0000000044
6	65765742	67329214	477	40	0.0001108055	0.0000000065
6	67329215	68849482	455	40	-0.0000778524	0.0000000043
6	68849483	69523447	213	26	0.0000398866	0.0000000030
6	69523448	71609509	722	40	-0.0000219960	0.0000000068
6	71609510	73450096	625	40	-0.0000080300	0.0000000065
6	73450097	75462002	556	40	-0.0000299628	0.0000000054
6	75462003	77414880	440	40	0.0000220547	0.0000000045
6	77414881	78957727	480	40	-0.0000675357	0.0000000046
6	78957728	80691169	572	40	-0.0000011220	0.0000000069
6	80691170	81929221	360	27	-0.0000126404	0.0000000030
6	81929222	83127148	342	40	0.0000547879	0.0000000042
6	83127149	85209988	544	40	0.0000225802	0.0000000056
6	85209989	87069499	588	40	-0.0000372032	0.0000000053
6	87069500	88822139	532	40	-0.0000028127	0.0000000055
6	88822140	89973051	424	40	0.0001229653	0.0000000050
6	89973052	91843195	714	40	-0.0000502726	0.0000000069
6	91843196	93428643	461	40	-0.0000476652	0.0000000052
6	93428644	94118141	279	40	0.0000522884	0.0000000050
6	94118142	94441174	81	8	-0.0000034935	0.0000000009
6	94441175	97093510	608	40	-0.0000059559	0.0000000069
6	97093511	97842283	226	26	-0.0000745768	0.0000000032
6	97842284	100630145	779	40	-0.0002463569	0.0000000110
6	100630146	102636771	480	40	0.0000302594	0.0000000058
6	102636772	103983394	329	32	0.0000253801	0.0000000031
6	103983395	106056732	647	40	-0.0000151730	0.0000000069
6	106056733	107450305	604	40	-0.0000131252	0.0000000068
6	107450306	108464379	335	40	0.0000074376	0.0000000050
6	108464380	110304246	509	40	-0.0000061891	0.0000000062
6	110304247	112345013	593	40	-0.0000867636	0.0000000066
6	112345014	114220832	614	40	0.0000593132	0.0000000068
6	114220833	116131395	469	40	-0.0000904416	0.0000000045
6	116131396	117672971	451	40	0.0000662073	0.0000000056
6	117672972	118963114	368	38	-0.0000103484	0.0000000031
6	118963115	119963277	307	35	0.0000170933	0.0000000036
6	119963278	120512127	164	18	-0.0000142280	0.0000000015
6	120512128	121905675	366	35	-0.0000184277	0.0000000035
6	121905676	123856180	574	40	-0.0000266696	0.0000000048
6	123856181	125424382	586	40	-0.0000413873	0.0000000080
6	125424383	127540460	453	40	-0.0000742931	0.0000000051
6	127540461	129861030	588	40	-0.0000721141	0.0000000073
6	129861031	130935453	486	40	0.0000126326	0.0000000058
6	130935454	132765668	587	40	0.0000190750	0.0000000066
6	132765669	134244242	572	40	-0.0000506162	0.0000000071
6	134244243	136224176	574	40	-0.0001167496	0.0000000076
6	136224177	137614217	329	40	0.0001284309	0.0000000048
6	137614218	138822628	460	40	0.0000231989	0.0000000059
6	138822629	139845435	375	40	0.0000072688	0.0000000050
6	139845436	142288478	520	40	-0.0000187119	0.0000000061
6	142288479	145319809	1019	40	0.0000396095	0.0000000076
6	145319810	146665423	302	25	0.0000346961	0.0000000035
6	146665424	148920351	904	40	-0.0000639911	0.0000000077
6	148920352	150253403	501	40	0.0000641585	0.0000000060
6	150253404	151912702	866	40	-0.0000562033	0.0000000077
6	151912703	153094495	539	40	-0.0000265179	0.0000000062
6	153094496	154974119	782	40	0.0000155743	0.0000000078
6	154974120	156763325	713	40	-0.0000134766	0.0000000083
6	156763326	158218718	371	40	0.0001226640	0.0000000055
6	158218719	160580496	1000	40	-0.0000797548	0.0000000091
6	160580497	162169563	756	40	-0.0001551407	0.0000000093
6	162169564	162931202	360	40	-0.0000424164	0.0000000046
6	162931203	164383520	662	40	-0.0000295091	0.0000000067
6	164383521	165586863	532	40	-0.0000631422	0.0000000058
6	165586864	167024732	778	40	-0.0000494176	0.0000000068
6	167024733	168042834	412	40	-0.0000185787	0.0000000051
6	168042835	169382049	564	40	0.0000612015	0.0000000061
6	169382050	170330172	378	40	0.0000663406	0.0000000044
6	170330173	171051269	224	30	-0.0000844029	0.0000000035
7	16161	972751	88	14	0.0000070870	0.0000000013
7	972752	1353066	87	16	0.0000100648	0.0000000024
7	1353067	2062397	125	21	-0.0000497654	0.0000000026
7	2062398	2772226	192	33	-0.0000689272	0.0000000035
7	2772227	4573427	822	40	0.0000241034	0.0000000081
7	4573428	5416231	192	39	-0.0001166375	0.0000000038
7	5416232	5854525	94	16	-0.0000215584	0.0000000020
7	5854526	6573856	131	21	-0.0000509873	0.0000000025
7	6573857	7808751	408	40	-0.0000362475	0.0000000062
7	7808752	9123422	713	40	-0.0000565883	0.0000000083
7	9123423	9987498	354	40	0.0000158509	0.0000000049
7	9987499	11299197	461	40	0.0000567852	0.0000000064
7	11299198	12635460	681	40	-0.0000166760	0.0000000079
7	12635461	13884201	560	40	0.0000315964	0.0000000077
7	13884202	15143656	582	40	0.0000330606	0.0000000051
7	15143657	16902068	740	40	-0.0000146649	0.0000000074
7	16902069	19481546	1009	40	-0.0000201571	0.0000000077
7	19481547	20124907	225	28	-0.0000053359	0.0000000034
7	20124908	22507628	1175	40	0.0001242960	0.0000000087
7	22507629	23471441	302	40	-0.0000043435	0.0000000047
7	23471442	25077258	688	40	-0.0000650348	0.0000000077
7	25077259	25909554	442	40	-0.0000427615	0.0000000056
7	25909555	28360308	876	40	0.0000658664	0.0000000077
7	28360309	31137288	1206	40	-0.0000262203	0.0000000075
7	31137289	33555767	967	40	0.0000107430	0.0000000079
7	33555768	36213537	992	40	-0.0000121848	0.0000000071
7	36213538	37555183	618	40	-0.0000912828	0.0000000079
7	37555184	38966702	613	40	-0.0000604160	0.0000000063
7	38966703	39862669	310	35	0.0000400125	0.0000000040
7	39862670	42001810	601	40	0.0000350138	0.0000000068
7	42001811	43159073	392	40	-0.0000695318	0.0000000046
7	43159074	44763827	462	40	0.0000322265	0.0000000059
7	44763828	45952921	338	40	0.0000578306	0.0000000056
7	45952922	46986719	404	40	-0.0000289832	0.0000000036
7	46986720	49212277	876	40	-0.0000715932	0.0000000070
7	49212278	51675321	872	40	0.0000100689	0.0000000080
7	51675322	53176311	628	40	0.0000327795	0.0000000062
7	53176312	54222975	364	40	-0.0000780120	0.0000000046
7	54222976	55691583	520	40	0.0000637468	0.0000000071
7	55691584	57382637	235	27	-0.0000449426	0.0000000029
7	57382638	63307358	122	14	-0.0000524528	0.0000000016
7	63307359	63641124	52	6	-0.0000522725	0.0000000008
7	63641125	65689808	293	25	-0.0000088773	0.0000000032
7	65689809	68234073	692	40	-0.0000437343	0.0000000071
7	68234074	69085363	261	39	-0.0000072548	0.0000000034
7	69085364	71874884	823	40	-0.0000144372	0.0000000081
7	71874885	73334601	166	23	0.0000259823	0.0000000027
7	73334602	76458563	331	40	0.0000901004	0.0000000047
7	76458564	78093858	596	40	-0.0000456771	0.0000000078
7	78093859	79888068	635	40	-0.0000112302	0.0000000084
7	79888069	82022685	704	40	0.0000400169	0.0000000069
7	82022686	83801202	611	40	-0.0000799063	0.0000000066
7	83801203	85572181	398	40	0.0000156637	0.0000000048
7	85572182	87825003	554	40	-0.0001066294	0.0000000061
7	87825004	90661783	949	40	-0.0000742436	0.0000000087
7	90661784	92493751	412	40	0.0000035996	0.0000000048
7	92493752	93966600	344	40	-0.0000476348	0.0000000064
7	93966601	96073507	683	40	-0.0000262701	0.0000000074
7	96073508	97099569	305	40	0.0000067786	0.0000000035
7	97099570	98715473	406	40	0.0000136869	0.0000000051
7	98715474	100196650	233	25	-0.0000319011	0.0000000039
7	100196651	101199252	230	35	-0.0000756484	0.0000000036
7	101199253	103197509	377	40	0.0000575107	0.0000000053
7	103197510	104159524	463	40	-0.0000136039	0.0000000055
7	104159525	105682904	523	40	0.0000922802	0.0000000075
7	105682905	107780177	724	40	-0.0000402121	0.0000000070
7	107780178	109647593	548	40	0.0000107004	0.0000000052
7	109647594	112618683	815	40	-0.0000962182	0.0000000081
7	112618684	113712386	216	26	0.0000285114	0.0000000029
7	113712387	116780177	707	40	-0.0000932430	0.0000000077
7	116780178	118351580	368	38	-0.0000017771	0.0000000051
7	118351581	121045272	427	40	-0.0000029747	0.0000000047
7	121045273	121933629	224	28	0.0000257613	0.0000000028
7	121933630	124156804	653	40	0.0000346383	0.0000000064
7	124156805	124167551	6	2	-0.0000053984	0.0000000002
7	124167552	126519169	657	40	0.0000771492	0.0000000057
7	126519170	126869220	138	18	-0.0000340503	0.0000000015
7	126869221	128778385	576	40	0.0001421820	0.0000000061
7	128778386	130422413	453	40	-0.0001173095	0.0000000050
7	130422414	132805847	905	40	-0.0000147875	0.0000000075
7	132805848	134307595	427	35	0.0000713181	0.0000000057
7	134307596	135591082	493	40	0.0000307588	0.0000000059
7	135591083	136876561	403	40	-0.0000313909	0.0000000049
7	136876562	138744678	599	40	-0.0000652895	0.0000000084
7	138744679	139933176	322	40	-0.0000173047	0.0000000038
7	139933177	140235209	117	25	-0.0000379438	0.0000000016
7	140235210	141226556	278	32	-0.0000496159	0.0000000041
7	141226557	142656309	346	40	0.0000172137	0.0000000036
7	142656310	144968288	537	40	-0.0000165701	0.0000000055
7	144968289	146427959	374	40	0.0000219202	0.0000000041
7	146427960	147815317	561	40	0.0000124706	0.0000000069
7	147815318	149840657	604	40	-0.0000556670	0.0000000082
7	149840658	150711504	303	38	-0.0000079157	0.0000000038
7	150711505	152249805	443	40	-0.0000393790	0.0000000065
7	152249806	153674018	453	40	-0.0000260610	0.0000000062
7	153674019	154964729	529	40	0.0000063076	0.0000000063
7	154964730	156065249	461	40	-0.0000144738	0.0000000068
7	156065250	157634596	509	40	-0.0000290099	0.0000000067
7	157634597	159128574	442	40	0.0000292631	0.0000000050
8	10422	1044216	387	40	0.0000181937	0.0000000057
8	1044217	1163244	70	12	-0.0000127242	0.0000000011
8	1163245	2042941	443	40	-0.0000220215	0.0000000064
8	2042942	2573278	254	39	-0.0000427734	0.0000000032
8	2573279	3392925	588	40	-0.0000588662	0.0000000074
8	3392926	3783016	422	40	0.0000351598	0.0000000059
8	3783017	4480475	659	40	-0.0000544090	0.0000000071
8	4480476	5146926	488	40	0.0000113632	0.0000000069
8	5146927	6142796	750	40	0.0000008685	0.0000000067
8	6142797	7153078	529	40	0.0000074435	0.0000000074
8	7153079	9154693	550	40	0.0000111052	0.0000000071
8	9154694	9640786	232	24	0.0000839905	0.0000000057
8	9640787	10463196	460	40	0.0000687852	0.0000000069
8	10463197	11278997	386	40	-0.0000488056	0.0000000043
8	11278998	13491774	782	40	-0.0000618325	0.0000000075
8	13491775	13944991	251	30	0.0000157188	0.0000000030
8	13944992	15991659	1073	40	0.0000447432	0.0000000079
8	15991660	17387875	542	40	-0.0000344637	0.0000000070
8	17387876	17836398	264	35	-0.0000206928	0.0000000037
8	17836399	19492839	963	40	-0.0000294270	0.0000000078
8	19492840	20060855	333	40	0.0000666730	0.0000000043
8	20060856	21661736	746	40	0.0000132380	0.0000000078
8	21661737	22897056	439	40	-0.0000697091	0.0000000072
8	22897057	24674717	638	40	-0.0000605005	0.0000000078
8	24674718	25483453	284	35	-0.0000275531	0.0000000033
8	25483454	26682524	609	40	-0.0000250584	0.0000000073
8	26682525	28162391	721	40	-0.0000167375	0.0000000068
8	28162392	29327895	360	40	-0.0000523293	0.0000000042
8	29327896	31133728	535	40	0.0000072107	0.0000000061
8	31133729	31548359	124	20	0.0000077691	0.0000000024
8	31548360	32977217	479	40	0.0000539073	0.0000000053
8	32977218	35317231	529	40	-0.0000273880	0.0000000050
8	35317232	37379388	357	40	-0.0000405272	0.0000000048
8	37379389	38938805	282	40	0.0000169094	0.0000000036
8	38938806	40703336	574	40	0.0000257036	0.0000000067
8	40703337	41721453	373	40	-0.0000335442	0.0000000050
8	41721454	42773822	187	22	0.0000019246	0.0000000022
8	42773823	46841314	43	7	-0.0000242257	0.0000000005
8	46841315	50082469	391	36	0.0000177923	0.0000000045
8	50082470	53302929	770	40	-0.0000024580	0.0000000072
8	53302930	54418043	339	40	0.0000213339	0.0000000039
8	54418044	55945580	467	40	0.0000236661	0.0000000057
8	55945581	56956382	345	40	-0.0000599889	0.0000000043
8	56956383	59068650	659	40	-0.0000661245	0.0000000069
8	59068651	59728099	275	34	0.0000685912	0.0000000051
8	59728100	62329098	778	40	0.0000178791	0.0000000074
8	62329099	63349305	324	35	0.0000196162	0.0000000030
8	63349306	65232871	513	40	-0.0000061167	0.0000000051
8	65232872	66489089	358	40	0.0000325250	0.0000000048
8	66489090	69863056	852	40	0.0000131330	0.0000000069
8	69863057	70867978	399	40	0.0000364784	0.0000000049
8	70867979	72289453	435	40	-0.0000038517	0.0000000051
8	72289454	73817198	683	40	-0.0000046743	0.0000000068
8	73817199	75445063	604	40	-0.0000527942	0.0000000063
8	75445064	76456541	288	37	-0.0000701867	0.0000000038
8	76456542	79132860	684	40	0.0000112309	0.0000000067
8	79132861	81956394	792	40	-0.0000517221	0.0000000080
8	81956395	82693738	215	32	-0.0000610928	0.0000000026
8	82693739	84225588	413	40	-0.0000424350	0.0000000042
8	84225589	85955618	351	39	-0.0000288043	0.0000000050
8	85955619	87411708	264	24	0.0000149948	0.0000000035
8	87411709	89085480	475	40	-0.0000686226	0.0000000063
8	89085481	90638161	391	40	0.0000161080	0.0000000038
8	90638162	93554385	664	40	-0.0000361511	0.0000000074
8	93554386	95005526	380	40	-0.0000421129	0.0000000046
8	95005527	96534805	615	40	0.0000597606	0.0000000069
8	96534806	99401580	1083	40	0.0000230179	0.0000000069
8	99401581	101620957	499	40	-0.0000062219	0.0000000039
8	101620958	104123305	979	40	-0.0000228581	0.0000000073
8	104123306	104988751	246	24	0.0000092759	0.0000000033
8	104988752	107410753	814	40	-0.0000527013	0.0000000077
8	107410754	108648176	462	40	0.0000062388	0.0000000053
8	108648177	109248172	204	23	0.0000455896	0.0000000024
8	109248173	110484313	347	31	0.0000115052	0.0000000038
8	110484314	111850846	286	33	0.0000916610	0.0000000037
8	111850847	113064319	230	19	-0.0000764813	0.0000000028
8	113064320	116096494	773	40	-0.0000671231	0.0000000072
8	116096495	119685456	1138	40	0.0000380265	0.0000000087
8	119685457	121201699	515	40	0.0000987710	0.0000000052
8	121201700	124861458	1324	40	-0.0000619984	0.0000000071
8	124861459	125683718	322	39	-0.0000145466	0.0000000042
8	125683719	126410916	255	40	-0.0000438815	0.0000000041
8	126410917	128659110	909	40	-0.0000206969	0.0000000113
8	128659111	130381138	662	40	0.0000151602	0.0000000073
8	130381139	131639624	462	40	0.0000125499	0.0000000055
8	131639625	133351143	753	40	-0.0000271283	0.0000000078
8	133351144	134570000	698	40	-0.0000616505	0.0000000075
8	134570001	136035604	747	40	0.0000214214	0.0000000079
8	136035605	137524150	547	40	0.0000165536	0.0000000061
8	137524151	139254829	727	40	-0.0000041207	0.0000000074
8	139254830	140725642	734	40	-0.0000001421	0.0000000077
8	140725643	143044913	795	40	0.0001088254	0.0000000085
8	143044914	144236880	337	40	0.0000114713	0.0000000056
8	144236881	146303866	314	40	-0.0000160806	0.0000000075
9	10023	1079706	558	40	0.0000029324	0.0000000072
9	1079707	1916876	595	40	0.0000803312	0.0000000090
9	1916877	3190063	753	40	-0.0000696676	0.0000000077
9	3190064	4495327	733	40	-0.0000209096	0.0000000070
9	4495328	4884925	221	39	0.0000532344	0.0000000031
9	4884926	6557588	544	40	0.0000011711	0.0000000069
9	6557589	7154922	288	38	-0.0000245081	0.0000000037
9	7154923	8456298	910	40	0.0000193409	0.0000000076
9	8456299	9166402	395	40	0.0000145810	0.0000000053
9	9166403	10879252	827	40	0.0000135290	0.0000000075
9	10879253	12276488	461	40	-0.0000015066	0.0000000060
9	12276489	14836362	1246	40	-0.0000372599	0.0000000080
9	14836363	16659654	788	40	-0.0000141091	0.0000000068
9	16659655	18661050	926	40	-0.0000273898	0.0000000079
9	18661051	20463533	812	40	0.0000329616	0.0000000086
9	20463534	22206558	683	40	0.0000238282	0.0000000067
9	22206559	24158517	592	40	0.0000171334	0.0000000088
9	24158518	25330809	292	40	0.0000119120	0.0000000048
9	25330810	26111756	270	40	-0.0000676849	0.0000000041
9	26111757	28224282	939	40	0.0000378671	0.0000000076
9	28224283	28811583	243	36	0.0000081019	0.0000000032
9	28811584	30387391	552	40	-0.0000785787	0.0000000066
9	30387392	31310382	243	23	-0.0000308030	0.0000000027
9	31310383	32019367	205	24	-0.0000065252	0.0000000026
9	32019368	33578333	576	40	-0.0000328089	0.0000000068
9	33578334	34642242	279	27	0.0000095115	0.0000000036
9	34642243	36743282	568	40	-0.0000399490	0.0000000072
9	36743283	38641598	709	40	-0.0000504300	0.0000000076
9	38641599	65472189	101	21	0.0000324839	0.0000000014
9	65472190	72512710	554	40	0.0000208272	0.0000000063
9	72512711	72753754	100	10	0.0000392544	0.0000000012
9	72753755	74253039	589	40	0.0000129471	0.0000000073
9	74253040	76203945	564	40	-0.0000189728	0.0000000063
9	76203946	76973080	177	22	0.0000527470	0.0000000025
9	76973081	78900182	798	40	-0.0000840896	0.0000000073
9	78900183	79471207	282	40	-0.0000442170	0.0000000045
9	79471208	81079054	519	40	0.0000123325	0.0000000062
9	81079055	82590927	625	40	-0.0000355500	0.0000000085
9	82590928	84211232	648	40	0.0001001105	0.0000000092
9	84211233	85440800	324	40	-0.0000183518	0.0000000048
9	85440801	86938195	627	40	-0.0000060816	0.0000000069
9	86938196	88109332	489	40	-0.0000017595	0.0000000062
9	88109333	88590416	110	14	0.0000031517	0.0000000013
9	88590417	90136245	589	40	-0.0000510072	0.0000000077
9	90136246	92528697	831	40	0.0000271075	0.0000000073
9	92528698	94167202	616	40	-0.0000362875	0.0000000072
9	94167203	96671697	777	40	-0.0000404044	0.0000000076
9	96671698	98922039	658	40	-0.0000579443	0.0000000068
9	98922040	101592858	828	40	0.0000590865	0.0000000075
9	101592859	104624436	950	40	0.0000346674	0.0000000077
9	104624437	105967975	567	40	-0.0000755664	0.0000000065
9	105967976	107581748	598	40	-0.0000243971	0.0000000068
9	107581749	109298753	590	40	0.0000926372	0.0000000079
9	109298754	110695061	562	40	-0.0000311298	0.0000000072
9	110695062	112778023	1079	40	-0.0001030089	0.0000000079
9	112778024	114831081	891	40	-0.0000299335	0.0000000067
9	114831082	115693144	309	30	0.0000165285	0.0000000037
9	115693145	117019800	624	40	0.0000230772	0.0000000067
9	117019801	117921959	459	40	0.0000341575	0.0000000051
9	117921960	121321536	1446	40	-0.0000015086	0.0000000079
9	121321537	122260296	355	40	0.0000052212	0.0000000043
9	122260297	124871321	763	40	0.0000621539	0.0000000085
9	124871322	126971886	673	40	-0.0000599778	0.0000000076
9	126971887	129059664	553	40	-0.0000398181	0.0000000068
9	129059665	130055509	324	40	0.0000460207	0.0000000043
9	130055510	132165469	468	40	0.0000281344	0.0000000063
9	132165470	133223216	313	40	0.0000175579	0.0000000045
9	133223217	134127887	326	40	-0.0000202653	0.0000000046
9	134127888	135298841	424	40	0.0000096943	0.0000000055
9	135298842	137041121	667	40	-0.0001036849	0.0000000098
9	137041122	137589363	197	39	0.0000614977	0.0000000033
9	137589364	138938977	616	40	-0.0000124632	0.0000000073
9	138938978	139500341	106	19	-0.0000300573	0.0000000027
9	139500342	141144795	213	32	-0.0000707542	0.0000000035
10	60523	751338	115	15	0.0000175697	0.0000000017
10	751339	1523543	336	40	0.0000374385	0.0000000035
10	1523544	2254499	434	40	-0.0000556826	0.0000000054
10	2254500	3352698	659	40	-0.0000748029	0.0000000074
10	3352699	4572273	601	40	-0.0000706905	0.0000000082
10	4572274	5983761	686	40	0.0001200592	0.0000000079
10	5983762	7171483	740	40	-0.0000355261	0.0000000067
10	7171484	8774664	837	40	-0.0000205874	0.0000000073
10	8774665	10249395	563	40	-0.0000523837	0.0000000066
10	10249396	12586796	1019	40	-0.0000562014	0.0000000078
10	12586797	13321599	430	40	0.0000112743	0.0000000062
10	13321600	15026067	930	40	-0.0000407565	0.0000000071
10	15026068	16551766	548	40	0.0000184412	0.0000000065
10	16551767	18537266	761	40	0.0000426935	0.0000000087
10	18537267	19716877	527	40	-0.0001060194	0.0000000064
10	19716878	22772282	972	40	0.0000095265	0.0000000076
10	22772283	23175131	122	14	-0.0000044449	0.0000000016
10	23175132	25578595	756	40	0.0000885802	0.0000000076
10	25578596	26888683	523	40	0.0000469900	0.0000000051
10	26888684	29323235	890	40	-0.0000617706	0.0000000080
10	29323236	29783691	264	40	-0.0000822139	0.0000000035
10	29783692	30458837	359	40	-0.0000800800	0.0000000045
10	30458838	31907518	477	40	-0.0001670124	0.0000000059
10	31907519	33707967	607	40	0.0000379091	0.0000000058
10	33707968	35109354	488	40	-0.0000217224	0.0000000060
10	35109355	36572507	415	40	0.0000135874	0.0000000043
10	36572508	37790028	316	40	-0.0000039591	0.0000000040
10	37790029	42372578	197	13	-0.0000113407	0.0000000015
10	42372579	43894770	291	34	0.0000089328	0.0000000036
10	43894771	44730074	283	34	-0.0000095232	0.0000000028
10	44730075	48760449	663	40	-0.0000084414	0.0000000072
10	48760450	50840914	641	40	-0.0000772159	0.0000000068
10	50840915	53616628	744	40	0.0000088451	0.0000000076
10	53616629	55103571	674	40	0.0000468880	0.0000000075
10	55103572	57031139	752	40	-0.0000021439	0.0000000078
10	57031140	57662145	177	18	-0.0000080108	0.0000000015
10	57662146	58959527	380	25	-0.0000026745	0.0000000030
10	58959528	60289986	412	40	-0.0000081943	0.0000000036
10	60289987	61891408	581	40	-0.0000623973	0.0000000074
10	61891409	62659678	296	33	0.0000243983	0.0000000032
10	62659679	63341694	160	18	-0.0000546412	0.0000000028
10	63341695	65794113	829	40	0.0000759643	0.0000000092
10	65794114	67549614	473	40	-0.0000001301	0.0000000052
10	67549615	69900147	880	40	-0.0000126302	0.0000000089
10	69900148	70195990	107	11	-0.0000910629	0.0000000019
10	70195991	72220849	863	40	-0.0000963990	0.0000000070
10	72220850	73508511	725	40	0.0000262255	0.0000000072
10	73508512	75422549	414	35	-0.0000605233	0.0000000039
10	75422550	78706813	818	40	0.0000106739	0.0000000075
10	78706814	80876748	994	40	-0.0000673182	0.0000000075
10	80876749	82414678	476	40	0.0000387986	0.0000000051
10	82414679	84383744	710	40	0.0000026533	0.0000000073
10	84383745	85458702	437	40	0.0000181072	0.0000000040
10	85458703	87937576	957	40	-0.0000565983	0.0000000079
10	87937577	89127063	264	35	-0.0000503356	0.0000000038
10	89127064	91013380	715	40	-0.0000588220	0.0000000074
10	91013381	92006580	370	40	0.0000930511	0.0000000046
10	92006581	93335046	441	40	0.0000087785	0.0000000047
10	93335047	95396367	655	40	0.0000901771	0.0000000075
10	95396368	96221242	260	32	0.0000034470	0.0000000033
10	96221243	97822356	565	40	-0.0000075283	0.0000000051
10	97822357	100241301	885	40	-0.0000119648	0.0000000076
10	100241302	100668399	145	14	-0.0000101043	0.0000000010
10	100668400	102949238	746	40	0.0000646302	0.0000000072
10	102949239	104380409	298	28	-0.0000782695	0.0000000043
10	104380410	106695047	755	40	0.0000069556	0.0000000070
10	106695048	108726685	660	40	-0.0000386169	0.0000000079
10	108726686	110317704	633	40	-0.0000362656	0.0000000069
10	110317705	112561492	650	40	-0.0000547598	0.0000000067
10	112561493	115328431	1023	40	0.0000494768	0.0000000075
10	115328432	116421405	480	40	-0.0000591986	0.0000000058
10	116421406	119523933	965	40	-0.0000320434	0.0000000078
10	119523934	120591352	396	40	-0.0000042732	0.0000000053
10	120591353	122407322	649	40	0.0000247531	0.0000000071
10	122407323	123231464	384	40	0.0000044820	0.0000000049
10	123231465	123900544	268	40	-0.0000519339	0.0000000036
10	123900545	125869345	832	40	-0.0001474219	0.0000000082
10	125869346	128001097	916	40	0.0000520917	0.0000000085
10	128001098	129154361	512	40	-0.0000471494	0.0000000059
10	129154362	130844283	906	40	-0.0000340013	0.0000000076
10	130844284	131741326	401	40	-0.0000046769	0.0000000049
10	131741327	132580244	409	40	-0.0000122823	0.0000000047
10	132580245	134336328	816	40	-0.0000259312	0.0000000083
10	134336329	134494672	39	6	-0.0000045537	0.0000000008
10	134494673	135523864	246	37	0.0000916146	0.0000000037
11	70855	1213589	223	40	0.0000336657	0.0000000031
11	1213590	3665480	795	40	-0.0000165045	0.0000000062
11	3665481	4746708	413	40	0.0000499965	0.0000000052
11	4746709	6322868	955	40	0.0000570550	0.0000000071
11	6322869	7436700	530	40	0.0000388122	0.0000000056
11	7436701	8333273	477	40	-0.0000538586	0.0000000066
11	8333274	9087316	273	31	-0.0000558724	0.0000000035
11	9087317	10952026	628	40	-0.0000309264	0.0000000075
11	10952027	12564228	1076	40	-0.0000395018	0.0000000071
11	12564229	13373123	394	40	-0.0000350808	0.0000000054
11	13373124	15742551	755	40	-0.0000038138	0.0000000076
11	15742552	17578401	600	40	-0.0000652504	0.0000000064
11	17578402	19569534	761	40	-0.0000570560	0.0000000086
11	19569535	21017137	768	40	0.0000519740	0.0000000075
11	21017138	22374141	538	40	-0.0000041806	0.0000000070
11	22374142	24088516	581	40	-0.0000096875	0.0000000055
11	24088517	26045752	654	40	-0.0000904212	0.0000000089
11	26045753	27020460	347	40	-0.0000475218	0.0000000038
11	27020461	28481592	407	40	-0.0000671668	0.0000000038
11	28481593	30141356	410	40	0.0000618171	0.0000000055
11	30141357	32276900	612	40	-0.0000741294	0.0000000073
11	32276901	33958738	540	40	-0.0001237303	0.0000000067
11	33958739	35502604	798	40	-0.0000297555	0.0000000072
11	35502605	37116814	730	40	0.0000528571	0.0000000069
11	37116815	39382002	414	40	-0.0000256227	0.0000000055
11	39382003	42310002	909	40	-0.0000657157	0.0000000083
11	42310003	44693798	953	40	-0.0000507877	0.0000000072
11	44693799	47006136	716	40	0.0000380463	0.0000000067
11	47006137	49866049	493	26	-0.0000025023	0.0000000033
11	49866050	54695472	128	7	0.0000165448	0.0000000012
11	54695473	55082656	7	3	0.0000028583	0.0000000000
11	55082657	58457494	1026	40	0.0000023950	0.0000000079
11	58457495	58780548	65	6	-0.0000135385	0.0000000005
11	58780549	62223770	959	40	0.0000573090	0.0000000109
11	62223771	63804568	291	37	0.0000048197	0.0000000036
11	63804569	65898630	445	40	-0.0001521446	0.0000000060
11	65898631	68005824	293	34	0.0000256403	0.0000000048
11	68005825	69516129	437	40	0.0000432459	0.0000000054
11	69516130	70926291	447	40	-0.0000856304	0.0000000062
11	70926292	72286016	289	34	0.0000862356	0.0000000033
11	72286017	74412350	578	40	-0.0000123406	0.0000000066
11	74412351	76797208	733	40	-0.0000332642	0.0000000077
11	76797209	78355057	403	35	-0.0000262922	0.0000000041
11	78355058	80722372	1048	40	0.0000062870	0.0000000070
11	80722373	81266711	258	38	0.0000031376	0.0000000038
11	81266712	84381271	1153	40	0.0000602907	0.0000000072
11	84381272	86619300	760	40	-0.0000593221	0.0000000079
11	86619301	87430234	301	35	0.0000017995	0.0000000035
11	87430235	89208935	555	40	0.0000683379	0.0000000079
11	89208936	90966489	371	34	0.0000508708	0.0000000045
11	90966490	92077143	344	38	0.0000164581	0.0000000044
11	92077144	93276156	389	40	-0.0000366982	0.0000000044
11	93276157	94242259	265	25	0.0000222277	0.0000000036
11	94242260	95726040	586	40	-0.0000434226	0.0000000081
11	95726041	97057057	492	40	-0.0000185700	0.0000000059
11	97057058	98705064	551	40	-0.0000504235	0.0000000066
11	98705065	100417168	752	40	-0.0000211926	0.0000000071
11	100417169	101331120	402	40	0.0000371069	0.0000000040
11	101331121	103959635	1057	40	-0.0000448933	0.0000000067
11	103959636	104873283	282	23	-0.0000198194	0.0000000023
11	104873284	106520893	456	40	-0.0000162863	0.0000000053
11	106520894	107844199	452	40	0.0000254615	0.0000000056
11	107844200	108437036	127	11	-0.0000212823	0.0000000015
11	108437037	109866115	337	38	-0.0000596570	0.0000000049
11	109866116	111114396	480	40	-0.0001891968	0.0000000077
11	111114397	112459487	366	37	0.0000241316	0.0000000049
11	112459488	114257727	773	40	0.0000186764	0.0000000076
11	114257728	114830665	217	26	-0.0000238918	0.0000000029
11	114830666	116383347	642	40	0.0000216558	0.0000000085
11	116383348	117747109	590	40	-0.0000314279	0.0000000099
11	117747110	119215475	488	40	-0.0001215259	0.0000000060
11	119215476	120766805	603	40	-0.0000355610	0.0000000071
11	120766806	121175942	196	22	0.0000360990	0.0000000026
11	121175943	122591909	460	40	-0.0001331949	0.0000000078
11	122591910	123500116	411	40	-0.0000087981	0.0000000053
11	123500117	124495527	458	40	-0.0000925584	0.0000000049
11	124495528	126311319	769	40	0.0001267864	0.0000000096
11	126311320	127316678	549	40	0.0000034847	0.0000000063
11	127316679	128188536	305	40	0.0000271914	0.0000000035
11	128188537	130342574	828	40	-0.0000747731	0.0000000078
11	130342575	131074611	360	40	-0.0000360584	0.0000000050
11	131074612	133000045	1078	40	0.0000561848	0.0000000075
11	133000046	134205992	533	40	-0.0000230072	0.0000000075
11	134205993	134946451	395	40	-0.0000416339	0.0000000057
12	61107	1080330	299	40	-0.0000422640	0.0000000044
12	1080331	2544785	475	40	0.0000259036	0.0000000059
12	2544786	3677036	494	40	-0.0000187875	0.0000000067
12	3677037	4417678	379	40	0.0000110589	0.0000000050
12	4417679	5321471	492	40	0.0000466512	0.0000000060
12	5321472	6419752	545	40	0.0000012623	0.0000000068
12	6419753	8377535	498	40	-0.0000323410	0.0000000068
12	8377536	9031394	126	22	0.0000153764	0.0000000019
12	9031395	10481533	520	40	0.0000273235	0.0000000059
12	10481534	11754845	323	40	0.0000486122	0.0000000035
12	11754846	12733527	427	40	-0.0000381951	0.0000000059
12	12733528	15241483	1012	40	0.0000286850	0.0000000087
12	15241484	16310459	248	36	0.0000242795	0.0000000042
12	16310460	18087872	553	40	0.0000108103	0.0000000072
12	18087873	20863942	921	40	-0.0000262310	0.0000000065
12	20863943	23820633	1077	40	-0.0000215117	0.0000000076
12	23820634	25371082	703	40	-0.0000709616	0.0000000083
12	25371083	27799772	1010	40	-0.0000478939	0.0000000074
12	27799773	29651254	687	40	0.0000184177	0.0000000072
12	29651255	30512405	454	40	0.0000135603	0.0000000040
12	30512406	32165591	625	40	-0.0000473045	0.0000000069
12	32165592	33076988	372	40	-0.0000312388	0.0000000043
12	33076989	37856716	350	24	-0.0000183360	0.0000000034
12	37856717	39227168	134	7	0.0000058993	0.0000000017
12	39227169	40816184	494	40	0.0000552381	0.0000000055
12	40816185	41658585	347	36	-0.0000055254	0.0000000034
12	41658586	43984473	884	40	0.0000169720	0.0000000074
12	43984474	46024228	468	40	-0.0000504029	0.0000000049
12	46024229	47714792	457	40	0.0000506047	0.0000000060
12	47714793	49001865	518	40	-0.0000012830	0.0000000066
12	49001866	51776493	595	40	0.0000132678	0.0000000067
12	51776494	53039003	606	40	-0.0000016949	0.0000000066
12	53039004	54778822	560	40	-0.0000096026	0.0000000073
12	54778823	55665836	258	35	-0.0000191859	0.0000000033
12	55665837	57548859	398	40	0.0000831834	0.0000000057
12	57548860	59308665	445	40	-0.0000020225	0.0000000052
12	59308666	61123728	451	40	0.0000333759	0.0000000046
12	61123729	64032460	935	40	-0.0001181860	0.0000000079
12	64032461	65559694	365	40	0.0000329002	0.0000000047
12	65559695	67181143	508	40	0.0000383333	0.0000000049
12	67181144	67909728	317	39	-0.0000938000	0.0000000038
12	67909729	69826541	798	40	0.0000251477	0.0000000071
12	69826542	70957986	486	40	-0.0000397273	0.0000000049
12	70957987	72645074	554	40	-0.0000110148	0.0000000056
12	72645075	73818453	296	30	0.0000192854	0.0000000035
12	73818454	76511313	748	40	-0.0000658773	0.0000000080
12	76511314	78570569	742	40	-0.0000540210	0.0000000076
12	78570570	80448149	399	40	0.0000666146	0.0000000054
12	80448150	81467766	303	35	0.0000131669	0.0000000034
12	81467767	83502665	553	40	0.0000006710	0.0000000061
12	83502666	84303843	229	27	-0.0000517201	0.0000000029
12	84303844	85990425	388	34	0.0000198001	0.0000000034
12	85990426	89682121	738	40	0.0000146621	0.0000000066
12	89682122	92066154	634	40	-0.0000252666	0.0000000061
12	92066155	94514566	896	40	0.0000151500	0.0000000081
12	94514567	96020784	683	40	0.0000274343	0.0000000075
12	96020785	97108838	443	40	-0.0000745102	0.0000000046
12	97108839	99305986	918	40	-0.0000348965	0.0000000080
12	99305987	101447640	647	40	-0.0000378042	0.0000000075
12	101447641	101862689	140	16	-0.0000100604	0.0000000017
12	101862690	102964985	338	40	-0.0000659664	0.0000000035
12	102964986	104848695	748	40	-0.0000389987	0.0000000076
12	104848696	106436212	835	40	-0.0000778236	0.0000000077
12	106436213	106958747	225	32	-0.0000021238	0.0000000027
12	106958748	109025900	726	40	0.0000363063	0.0000000067
12	109025901	110336718	388	40	0.0000340709	0.0000000044
12	110336719	113263517	507	40	-0.0000310910	0.0000000050
12	113263518	113986708	199	28	0.0000127891	0.0000000030
12	113986709	115036601	530	40	-0.0000463941	0.0000000058
12	115036602	115503215	193	35	0.0000513611	0.0000000023
12	115503216	117087470	743	40	-0.0000349151	0.0000000074
12	117087471	118135374	442	40	-0.0000853599	0.0000000063
12	118135375	119754109	674	40	-0.0000800728	0.0000000076
12	119754110	122007650	646	40	-0.0000881405	0.0000000093
12	122007651	124977979	648	40	-0.0000468958	0.0000000092
12	124977980	126445504	597	40	0.0000241620	0.0000000079
12	126445505	127875097	633	40	0.0000000917	0.0000000074
12	127875098	129237296	690	40	0.0000050074	0.0000000073
12	129237297	130377920	666	40	-0.0000029462	0.0000000076
12	130377921	131786750	710	40	0.0000039558	0.0000000069
12	131786751	132807033	280	40	0.0000143903	0.0000000038
12	132807034	133841510	161	23	-0.0000239109	0.0000000023
13	19020013	20686719	272	33	-0.0000046726	0.0000000033
13	20686720	22242173	566	40	0.0000673305	0.0000000073
13	22242174	23594701	664	40	0.0000310885	0.0000000070
13	23594702	24531936	494	40	0.0000761124	0.0000000066
13	24531937	25784361	629	40	-0.0000550966	0.0000000071
13	25784362	27284361	528	40	0.0000513227	0.0000000058
13	27284362	29257550	830	40	0.0000068247	0.0000000079
13	29257551	30483266	497	40	-0.0000068255	0.0000000054
13	30483267	32301814	751	40	0.0000197467	0.0000000077
13	32301815	33776902	559	40	0.0000814221	0.0000000074
13	33776903	35026463	450	40	0.0000378241	0.0000000052
13	35026464	36046366	210	30	-0.0000491525	0.0000000033
13	36046367	37498184	627	40	0.0000682387	0.0000000082
13	37498185	38878162	530	40	-0.0001214460	0.0000000066
13	38878163	41069262	856	40	-0.0000592235	0.0000000071
13	41069263	43101026	611	40	-0.0001059747	0.0000000064
13	43101027	44901408	783	40	0.0000853571	0.0000000076
13	44901409	46495213	518	40	0.0000214194	0.0000000053
13	46495214	47431078	350	40	-0.0000192583	0.0000000038
13	47431079	49383961	611	40	-0.0000585355	0.0000000068
13	49383962	51591090	719	40	0.0000013647	0.0000000075
13	51591091	53339621	435	40	0.0000051500	0.0000000051
13	53339622	54682863	515	40	-0.0000438923	0.0000000070
13	54682864	55817130	318	36	-0.0000022889	0.0000000035
13	55817131	57554216	295	22	-0.0000389983	0.0000000025
13	57554217	58410625	204	21	-0.0000988818	0.0000000039
13	58410626	59302270	213	22	-0.0000174155	0.0000000040
13	59302271	60854777	547	40	-0.0000905699	0.0000000067
13	60854778	61591948	281	34	0.0000574935	0.0000000041
13	61591949	63971558	625	40	-0.0000176401	0.0000000071
13	63971559	65200601	295	30	-0.0000530602	0.0000000035
13	65200602	67844452	778	40	0.0000466777	0.0000000085
13	67844453	70724515	870	40	0.0001009184	0.0000000085
13	70724516	71526790	312	40	0.0000609919	0.0000000040
13	71526791	73934088	829	40	0.0000573071	0.0000000074
13	73934089	75670142	724	40	-0.0001102653	0.0000000072
13	75670143	77410554	763	40	-0.0000396133	0.0000000079
13	77410555	78808812	419	40	0.0000799804	0.0000000044
13	78808813	80585675	566	40	-0.0000481450	0.0000000067
13	80585676	82581813	599	40	-0.0000477171	0.0000000076
13	82581814	84133143	392	35	0.0000561591	0.0000000034
13	84133144	85610915	407	40	0.0000654432	0.0000000051
13	85610916	88559881	741	40	0.0000283203	0.0000000083
13	88559882	90521310	461	40	0.0000254805	0.0000000049
13	90521311	93129690	839	40	-0.0000194021	0.0000000078
13	93129691	93586454	121	16	-0.0000232046	0.0000000012
13	93586455	96087557	1170	40	0.0000004059	0.0000000079
13	96087558	97519209	345	37	-0.0000825175	0.0000000046
13	97519210	98938918	423	40	0.0000597936	0.0000000054
13	98938919	100574094	768	40	-0.0000168330	0.0000000090
13	100574095	102300522	750	40	-0.0000266026	0.0000000079
13	102300523	104066709	910	40	0.0000340263	0.0000000071
13	104066710	104844113	304	40	0.0000080468	0.0000000037
13	104844114	106247553	616	40	0.0000882617	0.0000000075
13	106247554	106749999	268	40	0.0000556417	0.0000000040
13	106750000	108189876	603	40	-0.0000317536	0.0000000072
13	108189877	109121209	430	40	-0.0000094987	0.0000000055
13	109121210	109815111	321	40	0.0000058240	0.0000000044
13	109815112	111232072	751	40	-0.0000344123	0.0000000064
13	111232073	112247591	443	40	0.0000239086	0.0000000058
13	112247592	113572487	449	40	-0.0000603303	0.0000000064
13	113572488	115109852	317	40	-0.0000654156	0.0000000048
14	19002084	21589401	565	40	0.0000361748	0.0000000067
14	21589402	23018664	691	40	0.0000288312	0.0000000068
14	23018665	24905122	669	40	0.0000954127	0.0000000092
14	24905123	26135685	546	40	-0.0000373708	0.0000000058
14	26135686	28466532	687	40	-0.0000689886	0.0000000079
14	28466533	29972144	380	40	-0.0000329611	0.0000000059
14	29972145	32383264	578	40	0.0000853807	0.0000000076
14	32383265	34846250	1238	40	0.0000679467	0.0000000076
14	34846251	35859592	241	29	-0.0000894029	0.0000000032
14	35859593	38667724	859	40	-0.0000356007	0.0000000071
14	38667725	40341989	529	40	-0.0000650311	0.0000000063
14	40341990	41615501	349	32	0.0000375668	0.0000000040
14	41615502	43137388	413	36	-0.0000866788	0.0000000047
14	43137389	44543226	355	40	0.0000216158	0.0000000035
14	44543227	46081895	374	40	0.0000248337	0.0000000038
14	46081896	46749129	188	16	-0.0000246157	0.0000000015
14	46749130	48573585	579	40	0.0000385200	0.0000000072
14	48573586	49005470	112	13	-0.0000248031	0.0000000012
14	49005471	50507759	450	40	-0.0000432858	0.0000000062
14	50507760	51493571	357	40	-0.0000469147	0.0000000046
14	51493572	53474382	832	40	-0.0000654703	0.0000000070
14	53474383	53997830	171	19	0.0000118448	0.0000000019
14	53997831	55233680	445	40	-0.0000236316	0.0000000053
14	55233681	56216879	282	27	-0.0000350889	0.0000000033
14	56216880	57481261	660	40	0.0000455877	0.0000000079
14	57481262	59448335	702	40	-0.0001323000	0.0000000079
14	59448336	61680423	597	40	0.0000107785	0.0000000064
14	61680424	63790014	796	40	0.0000111869	0.0000000078
14	63790015	65220297	338	34	-0.0000322666	0.0000000057
14	65220298	66399554	397	40	-0.0000253912	0.0000000049
14	66399555	67992316	404	32	0.0000201599	0.0000000033
14	67992317	71131956	1218	40	-0.0001350489	0.0000000084
14	71131957	72889614	669	40	0.0001655951	0.0000000085
14	72889615	76444766	1129	40	-0.0000159293	0.0000000081
14	76444767	77229471	346	40	0.0000358708	0.0000000048
14	77229472	78561944	623	40	0.0000217863	0.0000000086
14	78561945	80186578	606	40	-0.0001186732	0.0000000081
14	80186579	81579713	507	40	-0.0000718431	0.0000000061
14	81579714	83138096	466	40	0.0000208180	0.0000000058
14	83138097	84241632	378	40	0.0000616864	0.0000000039
14	84241633	85746318	467	40	0.0000282891	0.0000000069
14	85746319	86647001	305	36	-0.0000357188	0.0000000040
14	86647002	87635340	302	40	-0.0000524672	0.0000000033
14	87635341	89497642	593	40	-0.0000201579	0.0000000063
14	89497643	91296859	685	40	0.0000907015	0.0000000079
14	91296860	93132298	651	40	-0.0000304044	0.0000000068
14	93132299	94325284	392	40	0.0000574756	0.0000000052
14	94325285	95750866	854	40	0.0000275500	0.0000000072
14	95750867	96262414	364	40	-0.0000219486	0.0000000041
14	96262415	98341161	833	40	-0.0000353933	0.0000000073
14	98341162	99138531	368	40	-0.0000565072	0.0000000047
14	99138532	101534306	884	40	-0.0000359405	0.0000000076
14	101534307	103012101	423	40	0.0000935732	0.0000000059
14	103012102	105001722	458	40	0.0000000322	0.0000000057
14	105001723	106340357	146	27	0.0000079731	0.0000000023
14	106340358	107289453	35	5	-0.0000005288	0.0000000005
15	20001200	21131603	3	1	-0.0000025309	0.0000000000
15	21131604	24195126	294	40	-0.0000710003	0.0000000035
15	24195127	25108589	192	28	0.0000025199	0.0000000020
15	25108590	27298111	848	40	-0.0000684759	0.0000000074
15	27298112	29338501	466	40	-0.0000391713	0.0000000060
15	29338502	30165567	288	40	0.0000062219	0.0000000043
15	30165568	31591820	295	40	0.0000496687	0.0000000040
15	31591821	32441810	254	35	-0.0000409371	0.0000000037
15	32441811	34015424	721	40	-0.0000068971	0.0000000074
15	34015425	35083250	394	40	0.0000258599	0.0000000049
15	35083251	37456501	917	40	0.0000474446	0.0000000072
15	37456502	38530776	343	40	0.0000600812	0.0000000048
15	38530777	40384131	761	40	-0.0000883962	0.0000000076
15	40384132	41177513	221	28	-0.0000225683	0.0000000033
15	41177514	42776398	413	40	0.0000023334	0.0000000047
15	42776399	44198048	254	16	-0.0000366021	0.0000000024
15	44198049	46618786	484	40	0.0000756522	0.0000000050
15	46618787	48136047	577	40	-0.0000168987	0.0000000087
15	48136048	50008042	436	40	0.0000192224	0.0000000050
15	50008043	51677559	607	40	-0.0000512958	0.0000000058
15	51677560	53069095	388	38	-0.0000163672	0.0000000042
15	53069096	54508527	624	40	0.0000036729	0.0000000071
15	54508528	55136268	246	31	0.0000023053	0.0000000029
15	55136269	56901772	530	40	-0.0000005524	0.0000000073
15	56901773	58441365	616	40	0.0000438984	0.0000000073
15	58441366	59694115	506	40	0.0000326113	0.0000000066
15	59694116	61265835	659	40	-0.0000008252	0.0000000078
15	61265836	63215221	907	40	-0.0001093281	0.0000000078
15	63215222	65104667	478	40	-0.0001100210	0.0000000057
15	65104668	67094766	597	40	0.0000101131	0.0000000090
15	67094767	69017998	746	40	-0.0000292199	0.0000000069
15	69017999	70133340	290	40	-0.0000709051	0.0000000048
15	70133341	71922648	697	40	0.0000316533	0.0000000078
15	71922649	73628713	353	31	0.0000245062	0.0000000035
15	73628714	76398623	607	40	0.0000063898	0.0000000064
15	76398624	78516052	512	40	-0.0001250768	0.0000000064
15	78516053	80860977	979	40	-0.0000056503	0.0000000081
15	80860978	84260467	886	40	-0.0000008637	0.0000000076
15	84260468	86652904	762	40	0.0000038868	0.0000000070
15	86652905	88369942	762	40	0.0000230783	0.0000000075
15	88369943	90475550	693	40	0.0000443515	0.0000000076
15	90475551	92164391	619	40	0.0000570071	0.0000000065
15	92164392	93780901	802	40	-0.0000918711	0.0000000083
15	93780902	94924329	566	40	-0.0000172510	0.0000000068
15	94924330	96141595	575	40	0.0000321681	0.0000000070
15	96141596	98030909	741	40	0.0000018019	0.0000000081
15	98030910	99244058	560	40	-0.0000104927	0.0000000072
15	99244059	100636846	536	40	0.0000630543	0.0000000066
15	100636847	101552693	387	40	-0.0000522173	0.0000000046
15	101552694	102520965	411	40	-0.0000126466	0.0000000059
16	60054	1207205	272	40	-0.0001245253	0.0000000047
16	1207206	2764828	339	40	0.0000328675	0.0000000053
16	2764829	4001195	286	40	-0.0000206352	0.0000000042
16	4001196	5118344	354	40	-0.0000460847	0.0000000053
16	5118345	5891579	336	40	-0.0000214194	0.0000000050
16	5891580	6893550	694	40	-0.0000485247	0.0000000079
16	6893551	7529120	476	40	-0.0000293365	0.0000000074
16	7529121	8338518	525	40	-0.0000180062	0.0000000080
16	8338519	9799418	694	40	-0.0000614387	0.0000000073
16	9799419	10426031	368	39	-0.0000077067	0.0000000051
16	10426032	11520160	426	40	0.0000291256	0.0000000058
16	11520161	12613097	390	40	-0.0001904967	0.0000000082
16	12613098	13154436	298	40	-0.0000575902	0.0000000039
16	13154437	14464001	548	40	-0.0000536645	0.0000000070
16	14464002	16154059	305	40	0.0000237011	0.0000000046
16	16154060	17644748	392	40	-0.0000018731	0.0000000050
16	17644749	18643606	172	28	0.0000509019	0.0000000031
16	18643607	20150570	417	40	0.0000174818	0.0000000050
16	20150571	22448903	420	40	-0.0000017242	0.0000000050
16	22448904	24136874	495	40	0.0000217374	0.0000000064
16	24136875	25986861	731	40	-0.0000891719	0.0000000081
16	25986862	27445754	637	40	-0.0000937560	0.0000000076
16	27445755	29036612	363	40	0.0000414539	0.0000000039
16	29036613	31382942	249	32	-0.0000650663	0.0000000033
16	31382943	46399472	113	16	-0.0000322071	0.0000000016
16	46399473	49007925	292	33	0.0000034046	0.0000000027
16	49007926	52035822	1060	40	-0.0000414011	0.0000000076
16	52035823	53382571	448	40	0.0000034556	0.0000000055
16	53382572	55903773	1179	40	0.0000325824	0.0000000072
16	55903774	57664329	614	40	-0.0000061165	0.0000000097
16	57664330	59045404	498	40	-0.0000141251	0.0000000061
16	59045405	60745693	494	40	-0.0000009149	0.0000000057
16	60745694	62229848	357	40	-0.0000277309	0.0000000044
16	62229849	63691588	440	40	-0.0000294815	0.0000000061
16	63691589	65938565	805	40	-0.0000170165	0.0000000075
16	65938566	68841362	683	40	0.0000134285	0.0000000066
16	68841363	71054027	365	39	-0.0000010751	0.0000000049
16	71054028	72935149	451	38	-0.0001392052	0.0000000104
16	72935150	74971502	781	40	-0.0000681528	0.0000000080
16	74971503	75977953	220	29	-0.0000227574	0.0000000039
16	75977954	77523677	668	40	0.0000376342	0.0000000079
16	77523678	78456291	633	40	-0.0000186027	0.0000000072
16	78456292	79134814	558	40	0.0000222138	0.0000000069
16	79134815	80297373	779	40	0.0000102473	0.0000000073
16	80297374	81772535	763	40	0.0000100145	0.0000000073
16	81772536	82747727	574	40	-0.0000495456	0.0000000078
16	82747728	83477207	604	40	-0.0000000099	0.0000000078
16	83477208	84445882	702	40	-0.0000943081	0.0000000082
16	84445883	85148684	449	40	-0.0000200215	0.0000000062
16	85148685	86156598	473	40	-0.0000322101	0.0000000075
16	86156599	86815410	524	40	-0.0000012771	0.0000000072
16	86815411	87647348	355	40	-0.0000279793	0.0000000053
16	87647349	89041164	336	40	-0.0000454721	0.0000000051
16	89041165	90292811	287	33	-0.0000620930	0.0000000042
17	56	1172398	294	40	-0.0000314318	0.0000000047
17	1172399	1928730	243	40	-0.0000400199	0.0000000040
17	1928731	3702311	612	40	0.0000397861	0.0000000075
17	3702312	4696260	346	40	0.0000674075	0.0000000046
17	4696261	5741333	371	40	-0.0000852217	0.0000000051
17	5741334	7317397	607	40	0.0000260600	0.0000000073
17	7317398	8306424	289	40	-0.0000458264	0.0000000056
17	8306425	9965920	636	40	-0.0000050040	0.0000000082
17	9965921	11102814	466	40	0.0000057124	0.0000000059
17	11102815	12534768	545	40	-0.0000603133	0.0000000078
17	12534769	13180371	295	40	0.0000233619	0.0000000041
17	13180372	13894636	360	40	0.0000083994	0.0000000044
17	13894637	15019096	599	40	0.0000482452	0.0000000068
17	15019097	16412341	302	40	-0.0000043749	0.0000000036
17	16412342	18856319	537	40	-0.0000771825	0.0000000072
17	18856320	21290356	362	40	-0.0000455100	0.0000000044
17	21290357	27334243	488	40	-0.0001335104	0.0000000078
17	27334244	29786490	482	38	-0.0000606428	0.0000000061
17	29786491	31538424	535	40	0.0000156118	0.0000000067
17	31538425	32912797	817	40	0.0000031755	0.0000000073
17	32912798	34469035	496	40	-0.0000403199	0.0000000057
17	34469036	36809343	500	40	-0.0000189292	0.0000000057
17	36809344	38877403	451	40	-0.0000133094	0.0000000053
17	38877404	39899809	309	34	-0.0000305536	0.0000000034
17	39899810	41772086	349	38	-0.0000886267	0.0000000041
17	41772087	43056904	326	38	-0.0000774995	0.0000000053
17	43056905	45876021	372	40	-0.0000250626	0.0000000078
17	45876022	47517399	520	40	-0.0000864218	0.0000000059
17	47517400	49898956	744	40	-0.0000260430	0.0000000069
17	49898957	50719054	284	27	-0.0000748784	0.0000000037
17	50719055	51826117	307	34	-0.0000168269	0.0000000038
17	51826118	53599431	607	40	0.0000092618	0.0000000067
17	53599432	55357540	610	40	-0.0000007339	0.0000000057
17	55357541	57487511	669	40	-0.0000370484	0.0000000073
17	57487512	59312754	237	22	-0.0000063574	0.0000000027
17	59312755	61545588	434	40	-0.0000526056	0.0000000059
17	61545589	63148127	290	35	0.0000145290	0.0000000032
17	63148128	64800429	628	40	0.0000808073	0.0000000073
17	64800430	67858769	920	40	-0.0000529138	0.0000000072
17	67858770	69387816	647	40	-0.0000482757	0.0000000068
17	69387817	72672202	1410	40	-0.0000086803	0.0000000068
17	72672203	74375559	386	40	0.0000496646	0.0000000057
17	74375560	76263412	709	40	-0.0000087616	0.0000000080
17	76263413	77298635	449	40	0.0000980885	0.0000000065
17	77298636	78837587	526	40	0.0000137622	0.0000000069
17	78837588	80034407	212	40	0.0000141652	0.0000000042
17	80034408	81194907	298	35	-0.0000697746	0.0000000044
18	10644	912485	390	40	0.0000817436	0.0000000056
18	912486	1942910	365	40	-0.0000183379	0.0000000044
18	1942911	3891657	754	40	-0.0000441647	0.0000000074
18	3891658	5834179	768	40	-0.0000833268	0.0000000080
18	5834180	7090484	563	40	0.0000184983	0.0000000066
18	7090485	8498930	566	40	0.0000496089	0.0000000077
18	8498931	11075912	1240	40	-0.0000115420	0.0000000081
18	11075913	11905439	256	40	0.0000092226	0.0000000041
18	11905440	14440798	724	40	-0.0000513191	0.0000000082
18	14440799	19485843	158	17	0.0000595361	0.0000000020
18	19485844	20649471	301	36	0.0000224693	0.0000000038
18	20649472	22996650	808	40	-0.0001564001	0.0000000092
18	22996651	24026190	309	35	0.0000288132	0.0000000040
18	24026191	25927681	779	40	-0.0000093743	0.0000000077
18	25927682	26875586	244	26	0.0000056462	0.0000000033
18	26875587	27866477	269	27	-0.0000479553	0.0000000034
18	27866478	30264065	867	40	-0.0000336244	0.0000000077
18	30264066	31780066	342	36	-0.0000077154	0.0000000039
18	31780067	33861963	610	40	0.0000330266	0.0000000067
18	33861964	35075249	474	40	0.0000065417	0.0000000051
18	35075250	36365489	487	40	-0.0000352392	0.0000000067
18	36365490	37684366	345	33	0.0000753099	0.0000000045
18	37684367	39892647	765	40	-0.0000201143	0.0000000078
18	39892648	42922105	927	40	0.0000216346	0.0000000089
18	42922106	44299245	679	40	-0.0000077157	0.0000000073
18	44299246	45939731	586	40	0.0000125974	0.0000000076
18	45939732	47730583	770	40	0.0000277889	0.0000000072
18	47730584	51062184	1162	40	-0.0000957592	0.0000000089
18	51062185	51554174	174	16	-0.0000038752	0.0000000018
18	51554175	55213837	1096	40	-0.0000222308	0.0000000089
18	55213838	56530219	600	40	-0.0000273001	0.0000000068
18	56530220	57630482	575	40	0.0000188180	0.0000000076
18	57630483	59020750	437	40	0.0000822210	0.0000000051
18	59020751	60277714	537	40	0.0000106668	0.0000000063
18	60277715	61820251	569	40	0.0000517667	0.0000000067
18	61820252	63463401	516	40	-0.0000601664	0.0000000064
18	63463402	64252800	237	22	0.0000050571	0.0000000026
18	64252801	66125816	728	40	-0.0000050563	0.0000000076
18	66125817	67175819	320	40	0.0000036562	0.0000000037
18	67175820	68621178	454	40	-0.0000012212	0.0000000060
18	68621179	69621617	381	40	-0.0000182356	0.0000000047
18	69621618	71038473	556	40	0.0000038212	0.0000000067
18	71038474	71971461	488	40	0.0000043637	0.0000000060
18	71971462	73526986	653	40	-0.0000828026	0.0000000081
18	73526987	74813814	585	40	0.0000433896	0.0000000076
18	74813815	75976316	587	40	0.0000806914	0.0000000081
18	75976317	77149990	408	40	-0.0000099617	0.0000000059
18	77149991	78017157	255	37	0.0000553265	0.0000000048
19	80840	610728	90	23	0.0000457929	0.0000000024
19	610729	2098395	274	40	-0.0000246739	0.0000000055
19	2098396	3019659	221	40	-0.0000452625	0.0000000043
19	3019660	4348966	293	40	0.0000255606	0.0000000050
19	4348967	5811851	378	40	0.0000700669	0.0000000062
19	5811852	6684884	193	37	0.0000325120	0.0000000028
19	6684885	8347512	495	40	-0.0000296646	0.0000000064
19	8347513	9238392	247	40	-0.0000314049	0.0000000027
19	9238393	11284027	473	40	0.0003048611	0.0000000200
19	11284028	13471126	395	40	0.0000589972	0.0000000064
19	13471127	14486346	197	40	-0.0001217236	0.0000000036
19	14486347	15648609	354	40	-0.0000040096	0.0000000041
19	15648610	16374415	348	40	-0.0000097602	0.0000000036
19	16374416	18409861	529	40	-0.0001302661	0.0000000079
19	18409862	19877470	336	40	0.0002817960	0.0000000091
19	19877471	20905756	133	21	-0.0000114421	0.0000000023
19	20905757	22732895	309	37	-0.0000506769	0.0000000045
19	22732896	23467745	127	13	0.0000025498	0.0000000012
19	23467746	28557892	270	27	-0.0000076201	0.0000000033
19	28557893	29790946	466	40	0.0000800165	0.0000000054
19	29790947	30727953	328	40	-0.0000231083	0.0000000046
19	30727954	32746519	638	40	0.0000264710	0.0000000074
19	32746520	34262951	492	40	0.0000335704	0.0000000064
19	34262952	36469294	642	40	-0.0000241073	0.0000000073
19	36469295	37527032	221	20	-0.0000669714	0.0000000020
19	37527033	40170618	588	40	-0.0000676478	0.0000000068
19	40170619	40984600	176	25	-0.0000458404	0.0000000026
19	40984601	42131572	283	40	-0.0000312200	0.0000000040
19	42131573	43862454	156	21	0.0000150399	0.0000000016
19	43862455	44744107	279	40	0.0001051633	0.0000000047
19	44744108	46102696	351	40	0.0007313804	0.0000000275
19	46102697	47150081	308	40	-0.0000976831	0.0000000050
19	47150082	49282226	568	40	0.0001042438	0.0000000081
19	49282227	51532566	583	40	0.0000146539	0.0000000077
19	51532567	52985289	619	40	0.0000253049	0.0000000067
19	52985290	54602361	472	40	0.0000512110	0.0000000067
19	54602362	55728079	345	40	0.0000397744	0.0000000050
19	55728080	57521334	663	40	0.0000286153	0.0000000080
19	57521335	59118838	523	40	-0.0000178642	0.0000000061
20	60479	697599	258	40	-0.0001182955	0.0000000041
20	697600	2469500	994	40	-0.0000529161	0.0000000069
20	2469501	3828412	480	40	-0.0000055264	0.0000000066
20	3828413	5477849	783	40	-0.0000338266	0.0000000071
20	5477850	7084072	727	40	-0.0000077863	0.0000000071
20	7084073	8117010	400	40	0.0000616928	0.0000000049
20	8117011	9730920	763	40	-0.0000151639	0.0000000072
20	9730921	11249535	732	40	-0.0000104708	0.0000000066
20	11249536	12447498	498	40	0.0000532971	0.0000000054
20	12447499	13689863	549	40	0.0000192005	0.0000000061
20	13689864	15958358	972	40	-0.0000843009	0.0000000077
20	15958359	17487231	936	40	-0.0000515174	0.0000000076
20	17487232	18972202	600	40	-0.0000612531	0.0000000077
20	18972203	20959709	886	40	-0.0000818256	0.0000000075
20	20959710	22491455	401	39	0.0000619739	0.0000000047
20	22491456	23293789	355	40	0.0000117336	0.0000000050
20	23293790	24717723	522	40	0.0000270706	0.0000000056
20	24717724	25344230	211	21	-0.0000589386	0.0000000030
20	25344231	31614822	558	40	-0.0000655641	0.0000000061
20	31614823	32813440	282	29	-0.0000598822	0.0000000033
20	32813441	34960445	437	30	-0.0000122875	0.0000000043
20	34960446	36909529	476	40	-0.0001006814	0.0000000058
20	36909530	38436760	503	40	-0.0000371596	0.0000000049
20	38436761	39610855	462	40	0.0001167719	0.0000000078
20	39610856	40585688	287	33	0.0000578859	0.0000000056
20	40585689	41615459	576	40	0.0000569742	0.0000000082
20	41615460	42680175	385	40	-0.0000090328	0.0000000058
20	42680176	44839055	760	40	0.0000295963	0.0000000076
20	44839056	47199979	1010	40	-0.0000523013	0.0000000074
20	47199980	49239657	736	40	-0.0000634592	0.0000000087
20	49239658	52472548	1323	40	-0.0000122388	0.0000000081
20	52472549	54055265	601	40	-0.0000903786	0.0000000076
20	54055266	56447958	1127	40	-0.0000338569	0.0000000075
20	56447959	58406571	867	40	-0.0000106736	0.0000000075
20	58406572	59561723	538	40	-0.0000419691	0.0000000069
20	59561724	61301854	729	40	-0.0000074579	0.0000000080
20	61301855	62190179	275	40	-0.0000657755	0.0000000040
20	62190180	62965162	216	36	0.0000039271	0.0000000040
21	9411243	15950981	265	40	-0.0000020012	0.0000000034
21	15950982	18053164	652	40	0.0000576320	0.0000000072
21	18053165	19480374	434	40	-0.0000440866	0.0000000065
21	19480375	20962338	603	40	-0.0000569522	0.0000000078
21	20962339	22072763	352	40	-0.0000281812	0.0000000050
21	22072764	23362874	523	40	-0.0000122713	0.0000000064
21	23362875	24696230	357	40	0.0000231960	0.0000000049
21	24696231	26469121	646	40	0.0000863848	0.0000000077
21	26469122	27271018	217	25	-0.0000283631	0.0000000037
21	27271019	29125225	865	40	0.0000379474	0.0000000071
21	29125226	31197024	680	40	0.0000290371	0.0000000068
21	31197025	32668641	445	40	-0.0000245686	0.0000000048
21	32668642	34376998	637	40	-0.0000050176	0.0000000074
21	34376999	35225464	283	40	0.0000053935	0.0000000040
21	35225465	36524372	556	40	-0.0001406117	0.0000000076
21	36524373	37870778	524	40	-0.0000563134	0.0000000061
21	37870779	38711703	304	38	-0.0000801462	0.0000000040
21	38711704	40482901	830	40	0.0000838541	0.0000000075
21	40482902	41389526	489	40	-0.0000841451	0.0000000060
21	41389527	43321527	984	40	0.0000555242	0.0000000081
21	43321528	44506267	675	40	-0.0000266122	0.0000000072
21	44506268	46177104	542	40	0.0001065256	0.0000000067
21	46177105	47492225	484	40	-0.0001035517	0.0000000065
21	47492226	48119751	228	26	-0.0000279217	0.0000000030
22	16050408	17674294	200	37	0.0000081038	0.0000000023
22	17674295	18296087	253	40	-0.0000103419	0.0000000042
22	18296088	19912357	518	40	-0.0000001892	0.0000000061
22	19912358	22357324	572	40	-0.0000137634	0.0000000062
22	22357325	23712646	319	40	0.0000531024	0.0000000037
22	23712647	24984203	349	40	-0.0000241870	0.0000000047
22	24984204	26791627	729	40	0.0000069424	0.0000000076
22	26791628	27834751	731	40	0.0000372950	0.0000000077
22	27834752	29651798	568	40	-0.0000126053	0.0000000070
22	29651799	31439917	525	40	0.0000619775	0.0000000070
22	31439918	32664985	342	33	0.0000254011	0.0000000048
22	32664986	34494913	921	40	-0.0000613802	0.0000000077
22	34494914	35530984	490	40	-0.0000325654	0.0000000052
22	35530985	37570268	814	40	-0.0000005420	0.0000000083
22	37570269	39307893	510	40	0.0000605044	0.0000000065
22	39307894	40545796	321	40	-0.0000196836	0.0000000047
22	40545797	42690817	446	33	-0.0000198720	0.0000000044
22	42690818	43714199	387	40	-0.0000286659	0.0000000053
22	43714200	44995307	686	40	0.0000017671	0.0000000081
22	44995308	46470494	594	40	-0.0000271042	0.0000000078
22	46470495	47596317	445	40	-0.0000507251	0.0000000062
22	47596318	48903702	735	40	-0.0000389821	0.0000000075
22	48903703	49824533	602	40	-0.0000132036	0.0000000075
22	49824534	51243297	366	40	-0.0000505877	0.0000000063
