chr	start	end	num_snp	k	local_h2g	var
1	10583	1892606	102	20	0.0001835252	0.000000010396
1	1892607	3582735	442	40	0.0001000450	0.000000026785
1	3582736	4380810	277	40	0.0000973909	0.000000016575
1	4380811	5913892	879	40	0.0000454067	0.000000029851
1	5913893	7247334	433	40	0.0001638748	0.000000023036
1	7247335	9365198	704	40	0.0004031602	0.000000036951
1	9365199	10806983	354	40	-0.0000235844	0.000000013734
1	10806984	11777840	261	40	-0.0000111332	0.000000012944
1	11777841	12779465	290	40	0.0002305065	0.000000015956
1	12779466	14891510	619	40	0.0001424341	0.000000031838
1	14891511	16897729	697	40	0.0000738458	0.000000030607
1	16897730	18662898	671	40	-0.0000152484	0.000000028676
1	18662899	20469148	726	40	0.0001250543	0.000000032503
1	20469149	21736587	462	40	0.0001193904	0.000000022552
1	21736588	23086882	526	40	0.0000532591	0.000000026957
1	23086883	23920589	224	28	0.0002827765	0.000000015079
1	23920590	25516844	525	40	0.0000896459	0.000000027148
1	25516845	27401866	415	40	0.0000773245	0.000000016790
1	27401867	30161880	558	40	0.0001660722	0.000000026393
1	30161881	32438684	939	40	0.0001977298	0.000000032699
1	32438685	34799757	678	40	0.0001475375	0.000000032341
1	34799758	37549182	556	40	0.0001737449	0.000000028183
1	37549183	38731846	375	40	0.0000545477	0.000000016795
1	38731847	40200566	448	40	0.0000918461	0.000000020871
1	40200567	41975326	556	40	0.0000697353	0.000000023654
1	41975327	43758456	553	40	0.0002457094	0.000000025881
1	43758457	44969182	371	35	0.0000177555	0.000000014373
1	44969183	46899500	460	38	-0.0000341551	0.000000012961
1	46899501	48002575	298	33	0.0001235354	0.000000013903
1	48002576	48978187	346	40	0.0001072145	0.000000017538
1	48978188	49894176	248	28	0.0002212794	0.000000015400
1	49894177	51713725	261	25	0.0002359157	0.000000012743
1	51713726	54226261	565	40	-0.0000411696	0.000000022390
1	54226262	56413116	843	40	0.0000146907	0.000000027692
1	56413117	57021727	274	31	0.0001161698	0.000000011406
1	57021728	58865398	857	40	0.0001958332	0.000000033215
1	58865399	59890408	385	40	0.0001078781	0.000000017388
1	59890409	61922364	674	40	0.0001751042	0.000000031768
1	61922365	63455088	537	40	0.0000672432	0.000000021151
1	63455089	65041703	659	40	-0.0000252825	0.000000023899
1	65041704	66939403	655	40	0.0003737998	0.000000033108
1	66939404	68477894	692	40	0.0000399039	0.000000025190
1	68477895	69687615	390	40	0.0000459417	0.000000017734
1	69687616	71372469	524	40	0.0001184905	0.000000023984
1	71372470	71684404	83	10	0.0000428995	0.000000003531
1	71684405	74326906	563	40	0.0005035992	0.000000025964
1	74326907	76728134	734	40	0.0002412937	0.000000028468
1	76728135	79661197	958	40	0.0002208937	0.000000033195
1	79661198	81354190	479	40	0.0001665627	0.000000023246
1	81354191	83991747	977	40	0.0001437200	0.000000031253
1	83991748	84844494	320	36	0.0000699575	0.000000013402
1	84844495	86454750	657	40	0.0000899224	0.000000028675
1	86454751	88128630	577	40	0.0001439176	0.000000027160
1	88128631	90066302	529	40	0.0000128536	0.000000021125
1	90066303	91886316	568	40	-0.0000502534	0.000000022301
1	91886317	93536458	516	40	0.0001014710	0.000000019897
1	93536459	94506190	257	27	0.0001120474	0.000000011500
1	94506191	96150892	653	40	0.0002300318	0.000000031638
1	96150893	97885248	610	40	0.0004344742	0.000000029001
1	97885249	99800603	645	40	0.0002591315	0.000000029457
1	99800604	100826404	341	37	0.0000400672	0.000000012875
1	100826405	102041015	453	40	0.0000731495	0.000000019425
1	102041016	102898744	280	37	0.0000987262	0.000000013614
1	102898745	103914210	203	21	0.0001362266	0.000000010027
1	103914211	106087841	462	40	0.0002446396	0.000000024032
1	106087842	108409664	731	40	0.0001409706	0.000000031612
1	108409665	110303930	566	40	0.0005057522	0.000000027260
1	110303931	111741736	576	40	0.0000889155	0.000000028594
1	111741737	113273305	723	40	0.0002960609	0.000000034158
1	113273306	114873844	513	40	0.0001192187	0.000000024130
1	114873845	115880592	348	37	0.0000015430	0.000000012290
1	115880593	118839066	844	40	0.0000742256	0.000000030466
1	118839067	144977493	571	40	0.0000774399	0.000000019264
1	144977494	148361252	435	40	0.0001493147	0.000000020334
1	148361253	151538880	352	34	0.0001357422	0.000000015255
1	151538881	153180828	476	40	0.0000863963	0.000000018400
1	153180829	154770402	463	40	0.0001079575	0.000000020837
1	154770403	156336132	307	38	0.0001364597	0.000000015848
1	156336133	158027411	600	40	0.0000735433	0.000000027427
1	158027412	159913047	691	40	0.0000512231	0.000000029796
1	159913048	162346720	887	40	0.0000380035	0.000000025054
1	162346721	165191701	1200	40	0.0000829158	0.000000029602
1	165191702	166460516	533	40	0.0000083314	0.000000024743
1	166460517	169086323	1120	40	0.0001909236	0.000000033275
1	169086324	170557775	566	40	0.0000284152	0.000000018574
1	170557776	173097906	911	40	0.0001225084	0.000000028962
1	173097907	175089767	415	32	0.0000582710	0.000000012240
1	175089768	177433380	789	40	0.0001374099	0.000000031342
1	177433381	178944308	495	40	0.0005540764	0.000000026629
1	178944309	178954469	2	1	-0.0000006472	0.000000000135
1	178954470	181144120	756	40	0.0000450918	0.000000028960
1	181144121	182755355	603	40	0.0001335760	0.000000029454
1	182755356	184595512	632	40	0.0004117251	0.000000032119
1	184595513	186810022	525	40	0.0000407512	0.000000020213
1	186810023	188759944	621	40	0.0001926888	0.000000027037
1	188759945	189904129	224	18	0.0000242364	0.000000007458
1	189904130	191868929	546	40	0.0001084699	0.000000019285
1	191868930	194107441	591	40	-0.0000291922	0.000000021489
1	194107442	196176200	590	40	0.0000683881	0.000000021344
1	196176201	197311513	200	16	0.0000146894	0.000000006368
1	197311514	199239883	515	40	0.0002127195	0.000000024530
1	199239884	200137648	306	36	0.0001163583	0.000000014805
1	200137649	201589974	713	40	0.0000640488	0.000000030272
1	201589975	203334733	616	40	0.0004217336	0.000000037562
1	203334734	204681067	488	40	0.0001844835	0.000000025533
1	204681068	206073264	578	40	0.0001773960	0.000000028864
1	206073265	208410363	637	40	0.0000654594	0.000000029255
1	208410364	210787749	942	40	0.0002512670	0.000000033949
1	210787750	212842329	705	40	0.0001796733	0.000000031935
1	212842330	214578265	620	40	0.0000523115	0.000000028326
1	214578266	216243633	600	40	0.0001402647	0.000000028165
1	216243634	218705512	1093	40	-0.0000204507	0.000000027439
1	218705513	219590570	287	35	0.0000517702	0.000000011805
1	219590571	221858230	696	40	0.0000009327	0.000000025263
1	221858231	222230219	178	21	0.0000036521	0.000000008325
1	222230220	224938519	463	40	0.0000383845	0.000000020065
1	224938520	226810859	523	40	0.0001213065	0.000000023835
1	226810860	229156247	706	40	-0.0000163842	0.000000027359
1	229156248	230685254	536	40	0.0001248711	0.000000024003
1	230685255	232090251	596	40	0.0001449430	0.000000028545
1	232090252	233429283	611	40	0.0000853657	0.000000030873
1	233429284	234599433	541	40	0.0000393129	0.000000026125
1	234599434	235819435	388	40	0.0002497612	0.000000024106
1	235819436	237555627	735	40	0.0000330963	0.000000030530
1	237555628	238567806	436	40	-0.0000303007	0.000000019940
1	238567807	239925313	501	40	0.0000627408	0.000000024668
1	239925314	240564090	346	40	0.0001592244	0.000000019244
1	240564091	241582219	523	40	0.0000939782	0.000000030635
1	241582220	242071601	220	38	0.0000929494	0.000000013071
1	242071602	244109498	627	40	0.0002260568	0.000000033179
1	244109499	245506745	526	40	0.0001813266	0.000000030903
1	245506746	247344517	719	40	0.0000446202	0.000000030372
1	247344518	249239465	406	40	0.0001042381	0.000000021973
2	10133	1781021	669	40	0.0008676255	0.000000041472
2	1781022	3973778	973	40	0.0001432127	0.000000031701
2	3973779	5708336	633	40	0.0002101637	0.000000032473
2	5708337	6836253	572	40	0.0001510225	0.000000027336
2	6836254	8422146	656	40	0.0000712227	0.000000030407
2	8422147	10298468	677	40	0.0001069013	0.000000031439
2	10298469	12419149	979	40	0.0000845096	0.000000030660
2	12419150	14335307	597	40	0.0000436890	0.000000025893
2	14335308	16329734	754	40	0.0000320175	0.000000028953
2	16329735	18647422	865	40	0.0000872220	0.000000030039
2	18647423	19692403	387	40	0.0001371751	0.000000019993
2	19692404	21050489	644	40	0.0002523863	0.000000032171
2	21050490	23341382	628	40	0.0001732739	0.000000027162
2	23341383	24686917	441	40	0.0000677345	0.000000018990
2	24686918	26894984	564	40	0.0003066173	0.000000028941
2	26894985	28598776	417	33	0.0003313569	0.000000014877
2	28598777	29217558	248	32	0.0000733068	0.000000011398
2	29217559	30463710	640	40	0.0001062989	0.000000030520
2	30463711	31550449	536	40	0.0002041206	0.000000030286
2	31550450	33363776	499	40	0.0000617011	0.000000025970
2	33363777	35345027	816	40	0.0000086213	0.000000028671
2	35345028	36122005	299	31	0.0002384228	0.000000017966
2	36122006	38132711	939	40	0.0001352910	0.000000030853
2	38132712	39031336	327	38	0.0000689339	0.000000018029
2	39031337	40281482	305	32	0.0000689479	0.000000015875
2	40281483	43309589	1315	40	0.0001329631	0.000000028893
2	43309590	44313802	405	40	0.0002024591	0.000000017058
2	44313803	46482633	1078	40	0.0001874464	0.000000031456
2	46482634	47318771	419	40	0.0000145692	0.000000022989
2	47318772	48213000	305	40	-0.0000373543	0.000000016164
2	48213001	50022256	721	40	0.0000776695	0.000000029614
2	50022257	50818927	345	34	0.0001881544	0.000000019591
2	50818928	52491132	654	40	0.0000138303	0.000000027860
2	52491133	53508451	471	40	0.0000137014	0.000000021454
2	53508452	54685225	435	40	0.0001179433	0.000000022490
2	54685226	56203344	618	40	0.0000882249	0.000000027949
2	56203345	57429099	430	40	0.0001675672	0.000000023415
2	57429100	58297314	277	29	0.0002091829	0.000000017028
2	58297315	60291999	749	40	0.0006704792	0.000000041054
2	60292000	62429043	589	40	0.0001201840	0.000000028319
2	62429044	64625912	587	40	0.0002312277	0.000000030307
2	64625913	65933443	465	40	0.0002016446	0.000000025305
2	65933444	67226165	554	40	0.0002626474	0.000000028382
2	67226166	68010175	427	40	0.0000701762	0.000000019297
2	68010176	69139563	476	40	0.0000931102	0.000000021634
2	69139564	70755197	537	40	0.0000881021	0.000000023252
2	70755198	73174847	813	40	0.0000238143	0.000000029515
2	73174848	75630085	733	40	0.0000688938	0.000000030855
2	75630086	76913660	517	40	0.0001922478	0.000000026991
2	76913661	78079263	394	40	0.0002738547	0.000000025808
2	78079264	80050402	842	40	0.0002961767	0.000000034480
2	80050403	81620840	582	40	0.0001466769	0.000000030758
2	81620841	85140679	905	40	0.0001522473	0.000000028007
2	85140680	88038506	639	40	0.0001319813	0.000000026501
2	88038507	89154525	247	30	0.0000655795	0.000000010968
2	89154526	95326451	4	2	0.0000169101	0.000000000973
2	95326452	98995200	432	40	0.0001040141	0.000000018603
2	98995201	101822328	914	40	0.0002069374	0.000000032592
2	101822329	102688764	261	30	0.0000348480	0.000000010301
2	102688765	103588214	407	36	0.0001515052	0.000000015694
2	103588215	105125033	311	40	0.0002061835	0.000000017669
2	105125034	106210057	408	40	0.0001066149	0.000000020582
2	106210058	107408266	454	40	0.0000532876	0.000000019900
2	107408267	108429176	357	40	0.0001139607	0.000000015198
2	108429177	110572431	535	40	0.0000424522	0.000000022204
2	110572432	113921855	814	40	0.0002363302	0.000000033442
2	113921856	116772469	762	40	0.0000229647	0.000000028965
2	116772470	118367465	407	38	-0.0000101356	0.000000014030
2	118367466	121303782	999	40	0.0001770422	0.000000031864
2	121303783	123302905	580	40	0.0000758209	0.000000027080
2	123302906	124732249	434	40	0.0000117162	0.000000015109
2	124732250	125840920	385	40	0.0001750704	0.000000019455
2	125840921	127373763	414	37	0.0002735121	0.000000019036
2	127373764	128034346	291	40	0.0000884043	0.000000014546
2	128034347	129474440	438	40	0.0000464058	0.000000018200
2	129474441	130067169	226	27	0.0000021684	0.000000008352
2	130067170	130658084	208	26	0.0000318055	0.000000009214
2	130658085	133042783	216	36	0.0000021186	0.000000010881
2	133042784	135158577	921	40	0.0000925610	0.000000030410
2	135158578	137042793	459	40	0.0001363719	0.000000017773
2	137042794	138698116	599	40	0.0001426169	0.000000027047
2	138698117	140100270	442	40	-0.0000076953	0.000000014208
2	140100271	141805350	577	40	0.0000309599	0.000000025114
2	141805351	142518601	298	33	0.0000095509	0.000000013729
2	142518602	144519483	659	40	0.0001610677	0.000000029416
2	144519484	146445569	443	40	0.0002615368	0.000000023715
2	146445570	147277161	153	15	0.0000483864	0.000000007057
2	147277162	150210291	666	40	0.0002606828	0.000000029622
2	150210292	151731461	481	40	0.0001736476	0.000000023716
2	151731462	152486781	286	29	0.0000960999	0.000000012490
2	152486782	154005055	486	40	-0.0000253789	0.000000019890
2	154005056	155391134	494	40	0.0000836635	0.000000022946
2	155391135	157560634	559	40	0.0001931106	0.000000026349
2	157560635	158533217	173	25	0.0000887783	0.000000010625
2	158533218	159577081	335	40	0.0000879055	0.000000016311
2	159577082	161769732	726	40	0.0002102798	0.000000030940
2	161769733	163503550	400	37	0.0001878552	0.000000017501
2	163503551	164466637	197	24	0.0000893960	0.000000010291
2	164466638	165178839	179	21	0.0000946309	0.000000008958
2	165178840	167160269	638	40	0.0001132300	0.000000025048
2	167160270	167355969	74	10	0.0000473809	0.000000004106
2	167355970	169968235	844	40	0.0000414981	0.000000026973
2	169968236	171226244	494	40	0.0000620153	0.000000021950
2	171226245	173138904	575	40	0.0001857510	0.000000029208
2	173138905	175588928	848	40	0.0000858424	0.000000029985
2	175588929	177363635	535	40	0.0000590946	0.000000022595
2	177363636	178553182	475	40	0.0000528911	0.000000018467
2	178553183	181312738	1012	40	0.0001037430	0.000000029729
2	181312739	182266030	303	32	0.0002235822	0.000000016151
2	182266031	184357607	617	40	0.0000334738	0.000000026208
2	184357608	185280172	235	25	-0.0000168666	0.000000008811
2	185280173	189882064	967	40	0.0001912717	0.000000031827
2	189882065	191973356	504	40	0.0001348886	0.000000021849
2	191973357	195861163	723	40	0.0001252875	0.000000031136
2	195861164	196447455	155	20	-0.0000438592	0.000000005581
2	196447456	198078109	453	40	0.0000209523	0.000000016325
2	198078110	199311124	308	26	0.0002490529	0.000000014841
2	199311125	201576283	633	40	0.0000618711	0.000000025971
2	201576284	202818636	319	39	0.0001051776	0.000000015279
2	202818637	205799240	750	40	0.0001058792	0.000000026228
2	205799241	206735703	404	40	0.0000001440	0.000000020683
2	206735704	208645398	661	40	0.0002502349	0.000000033704
2	208645399	209941528	339	40	0.0000313378	0.000000015631
2	209941529	212379517	746	40	0.0003009387	0.000000033951
2	212379518	214014281	630	40	0.0001130239	0.000000030239
2	214014282	215573794	448	40	0.0000558978	0.000000020492
2	215573795	217715660	806	40	0.0000124773	0.000000029375
2	217715661	218395479	276	36	-0.0000158229	0.000000012655
2	218395480	220454550	600	40	0.0000912817	0.000000025822
2	220454551	222521175	864	40	0.0000999027	0.000000030582
2	222521176	224859418	790	40	0.0000278924	0.000000029471
2	224859419	225840003	353	36	0.0000561388	0.000000013708
2	225840004	228119841	739	40	0.0003782882	0.000000033116
2	228119842	229370786	461	40	0.0002443023	0.000000023564
2	229370787	231843388	939	40	0.0001716427	0.000000032461
2	231843389	233550002	472	40	0.0000117852	0.000000019678
2	233550003	235150986	808	40	-0.0000213391	0.000000028361
2	235150987	236043549	424	40	0.0000902072	0.000000024618
2	236043550	237449031	473	40	0.0002277579	0.000000026280
2	237449032	238760980	540	40	0.0000760281	0.000000025747
2	238760981	239952642	422	40	0.0001799228	0.000000023670
2	239952643	241560083	659	40	0.0001281861	0.000000032452
2	241560084	242149920	218	30	0.0001959430	0.000000013685
2	242149921	243188919	128	15	0.0000354033	0.000000006694
3	60157	1441778	624	40	0.0002182063	0.000000033003
3	1441779	2992119	907	40	0.0001791290	0.000000032719
3	2992120	4431646	775	40	0.0001024442	0.000000031306
3	4431647	6083182	780	40	0.0000605756	0.000000030843
3	6083183	7083386	431	40	0.0000408771	0.000000022883
3	7083387	8648560	868	40	0.0000758131	0.000000029408
3	8648561	9543182	500	40	0.0001928519	0.000000030738
3	9543183	11019664	596	40	0.0000233604	0.000000029861
3	11019665	13070798	743	40	0.0003224696	0.000000032656
3	13070799	14816899	802	40	0.0001560743	0.000000032869
3	14816900	16282441	536	40	0.0001216210	0.000000021201
3	16282442	17891117	506	40	0.0001783557	0.000000024864
3	17891118	19125143	346	40	0.0000364734	0.000000016034
3	19125144	20091347	198	25	0.0000008307	0.000000010004
3	20091348	21643706	648	40	0.0000970862	0.000000030124
3	21643707	22204243	386	40	0.0000458534	0.000000019771
3	22204244	23804864	537	40	0.0000927874	0.000000027087
3	23804865	25461557	748	40	0.0002113129	0.000000032055
3	25461558	26877768	475	40	0.0001443134	0.000000022951
3	26877769	27840909	274	30	-0.0000094921	0.000000011873
3	27840910	29142259	458	40	0.0001512295	0.000000024882
3	29142260	30717954	690	40	0.0000825556	0.000000029436
3	30717955	32351714	663	40	0.0001286955	0.000000031217
3	32351715	33255591	284	40	0.0001274513	0.000000017408
3	33255592	35283457	593	40	0.0001269777	0.000000026573
3	35283458	36486841	412	40	0.0000982426	0.000000019821
3	36486842	38356115	600	40	0.0000494939	0.000000025405
3	38356116	40221297	666	40	0.0000186095	0.000000022749
3	40221298	41064527	153	16	-0.0000126238	0.000000006411
3	41064528	42540001	461	40	0.0003647096	0.000000026867
3	42540002	45165152	716	40	0.0001184824	0.000000029897
3	45165153	46657499	524	40	0.0000691049	0.000000022243
3	46657500	47727211	178	17	0.0001927773	0.000000010066
3	47727212	49316971	258	15	0.0001735030	0.000000009347
3	49316972	51832014	450	25	0.0001423938	0.000000012521
3	51832015	54081389	609	40	0.0000904400	0.000000021252
3	54081390	55348859	667	40	0.0001864744	0.000000032490
3	55348860	56433906	373	40	0.0001918252	0.000000021358
3	56433907	58157518	546	40	0.0001177696	0.000000023174
3	58157519	60272905	980	40	0.0000473136	0.000000029455
3	60272906	62355665	990	40	0.0001082295	0.000000031114
3	62355666	63669285	674	40	0.0003280380	0.000000035694
3	63669286	65273537	766	40	0.0000555541	0.000000028687
3	65273538	66270446	345	40	0.0001213888	0.000000021057
3	66270447	68286913	643	40	0.0001409792	0.000000031216
3	68286914	69276761	371	40	0.0000959177	0.000000020371
3	69276762	70449027	391	40	0.0000266917	0.000000019226
3	70449028	72529328	795	40	0.0001479885	0.000000031052
3	72529329	74321816	723	40	0.0000877037	0.000000030219
3	74321817	75704948	279	31	0.0000661295	0.000000013545
3	75704949	77508834	490	40	0.0001529573	0.000000025529
3	77508835	79024540	410	40	0.0003060532	0.000000023633
3	79024541	81427309	500	40	0.0001915777	0.000000020152
3	81427310	82643885	296	27	0.0003599132	0.000000017406
3	82643886	84367478	322	32	0.0001568982	0.000000015189
3	84367479	85582230	261	23	0.0001182834	0.000000011778
3	85582231	87409731	461	40	0.0004675147	0.000000024574
3	87409732	88298372	197	19	0.0002382804	0.000000011812
3	88298373	94255315	468	40	0.0001908295	0.000000021095
3	94255316	95311970	219	18	-0.0000008447	0.000000007164
3	95311971	98215949	581	40	0.0000693885	0.000000021848
3	98215950	99373761	336	39	0.0000779658	0.000000013986
3	99373762	100592216	335	29	-0.0000312313	0.000000010137
3	100592217	103084959	673	40	0.0000056997	0.000000024787
3	103084960	104581612	428	40	0.0001111334	0.000000019117
3	104581613	106982810	723	40	0.0000994601	0.000000031439
3	106982811	109522394	776	40	0.0001949493	0.000000032480
3	109522395	110513769	256	25	0.0000554967	0.000000009421
3	110513770	112815698	711	40	0.0001866053	0.000000031455
3	112815699	113947862	382	40	0.0001462392	0.000000018452
3	113947863	115447079	412	40	0.0002355242	0.000000024921
3	115447080	116800152	527	40	0.0002666715	0.000000027944
3	116800153	118530250	577	40	0.0001103658	0.000000028483
3	118530251	120523054	672	40	0.0001563796	0.000000026494
3	120523055	121974096	399	37	0.0000956640	0.000000013978
3	121974097	123517767	533	40	0.0001836313	0.000000023165
3	123517768	124936641	630	40	0.0001514188	0.000000028762
3	124936642	126214942	396	40	0.0001587245	0.000000019314
3	126214943	128194860	679	40	0.0001396891	0.000000030673
3	128194861	130244734	439	40	0.0001456042	0.000000020103
3	130244735	131836515	553	40	0.0002002908	0.000000024513
3	131836516	133252172	523	40	0.0001238100	0.000000022168
3	133252173	135456905	872	40	0.0001100406	0.000000030480
3	135456906	137371082	446	39	0.0000854477	0.000000016187
3	137371083	139954596	850	40	0.0002572508	0.000000031943
3	139954597	141339096	481	40	0.0004466532	0.000000029990
3	141339097	143164627	634	40	0.0001378348	0.000000030588
3	143164628	144410815	393	40	-0.0000720266	0.000000014880
3	144410816	145664618	359	40	0.0001114680	0.000000015335
3	145664619	146726628	343	40	0.0000328769	0.000000014355
3	146726629	149043236	690	40	0.0000885856	0.000000030707
3	149043237	150252003	432	40	0.0001200859	0.000000022369
3	150252004	151348729	368	40	0.0000890266	0.000000017871
3	151348730	153256570	571	40	0.0001620415	0.000000026894
3	153256571	154714217	410	40	0.0001695403	0.000000017474
3	154714218	156008699	334	40	0.0000585943	0.000000016022
3	156008700	157312027	456	40	0.0002558776	0.000000021947
3	157312028	159477889	650	40	0.0002663174	0.000000027045
3	159477890	161524503	576	40	0.0001853250	0.000000022274
3	161524504	163253204	488	40	-0.0000217486	0.000000016365
3	163253205	165055468	445	37	0.0000199246	0.000000013066
3	165055469	167117428	461	40	-0.0000031076	0.000000016751
3	167117429	168580959	368	40	0.0002157660	0.000000018612
3	168580960	170964908	725	40	0.0001363091	0.000000027436
3	170964909	172295730	513	40	0.0000936790	0.000000026306
3	172295731	173477284	390	40	0.0002670693	0.000000025589
3	173477285	175116538	609	40	0.0001429918	0.000000031984
3	175116539	176320286	347	40	0.0000802907	0.000000016221
3	176320287	178107164	544	40	0.0001509940	0.000000027752
3	178107165	179374585	389	40	-0.0000054865	0.000000015554
3	179374586	181511165	467	40	0.0000721133	0.000000020416
3	181511166	183769682	671	40	0.0000920960	0.000000029378
3	183769683	185068254	421	40	0.0001414849	0.000000023607
3	185068255	186890343	670	40	0.0002037981	0.000000030837
3	186890344	188856213	810	40	0.0001176652	0.000000031393
3	188856214	190226606	633	40	0.0000606501	0.000000029794
3	190226607	192343813	757	40	0.0000148388	0.000000029085
3	192343814	194059670	520	40	0.0001240815	0.000000029002
3	194059671	194786673	271	40	0.0000741173	0.000000015539
3	194786674	195971407	231	37	0.0001764025	0.000000015243
3	195971408	197075986	294	40	0.0000363668	0.000000014659
3	197075987	197946621	186	29	0.0000258271	0.000000009704
4	10240	694714	106	13	0.0000393380	0.000000006301
4	694715	1478710	225	26	0.0000334702	0.000000010278
4	1478711	2842978	275	40	0.0000615432	0.000000015573
4	2842979	3846039	264	38	0.0001241626	0.000000016152
4	3846040	4684115	228	37	0.0002129308	0.000000016435
4	4684116	5502387	397	40	0.0001362938	0.000000023754
4	5502388	6773042	697	40	-0.0000191510	0.000000029125
4	6773043	7539691	417	40	0.0000511661	0.000000026113
4	7539692	8152234	358	40	0.0000406814	0.000000021020
4	8152235	9326478	251	40	0.0000155640	0.000000013609
4	9326479	10699151	519	38	0.0000669359	0.000000020210
4	10699152	12323033	652	40	0.0000005205	0.000000028169
4	12323034	14272000	717	40	0.0001501161	0.000000031573
4	14272001	15147445	385	40	0.0000450564	0.000000018469
4	15147446	15927008	254	33	0.0000574408	0.000000012922
4	15927009	17383321	670	40	0.0000855220	0.000000030266
4	17383322	18841873	422	40	0.0000566199	0.000000018545
4	18841874	20544556	473	40	0.0000662989	0.000000018948
4	20544557	22319346	670	40	0.0001477010	0.000000030701
4	22319347	24135528	609	40	0.0000971652	0.000000028078
4	24135529	25609321	609	40	0.0002058746	0.000000033255
4	25609322	27343721	571	40	0.0000873187	0.000000029466
4	27343722	27965867	199	28	0.0000900317	0.000000011228
4	27965868	29762207	540	40	0.0001518852	0.000000025350
4	29762208	30454534	162	24	0.0000022112	0.000000007119
4	30454535	31782980	406	40	0.0000244278	0.000000018519
4	31782981	33172765	318	37	0.0002080057	0.000000018233
4	33172766	35151414	366	32	0.0000857313	0.000000013779
4	35151415	36020435	275	34	0.0001082954	0.000000012526
4	36020436	37255046	437	40	0.0002896711	0.000000022454
4	37255047	38907021	796	40	0.0001989697	0.000000032556
4	38907022	40202608	401	40	0.0000834219	0.000000017763
4	40202609	42213057	716	40	0.0003275088	0.000000036355
4	42213058	43965044	540	40	0.0000426410	0.000000022091
4	43965045	45189156	346	40	0.0005669949	0.000000022225
4	45189157	47411895	462	40	0.0002577430	0.000000022440
4	47411896	48123599	225	26	-0.0000001972	0.000000008164
4	48123600	53877432	489	39	0.0001416932	0.000000020136
4	53877433	55429555	541	40	0.0001010369	0.000000023528
4	55429556	56547643	380	40	0.0001127294	0.000000019350
4	56547644	58935007	865	40	0.0000395554	0.000000029545
4	58935008	60741086	458	40	0.0002202009	0.000000021995
4	60741087	62371762	432	40	0.0000924219	0.000000019837
4	62371763	64341000	436	40	0.0002932223	0.000000024884
4	64341001	66600491	513	40	0.0002419460	0.000000024428
4	66600492	68059496	390	40	0.0001011325	0.000000016998
4	68059497	68854764	248	31	0.0000867706	0.000000011080
4	68854765	71049151	535	40	0.0000660446	0.000000017969
4	71049152	72140557	223	27	0.0000581344	0.000000009662
4	72140558	74592389	499	40	0.0001657806	0.000000022308
4	74592390	77130706	739	40	0.0000115878	0.000000027764
4	77130707	79093978	740	40	0.0001064394	0.000000031484
4	79093979	80990296	570	40	0.0000125402	0.000000020376
4	80990297	82125314	247	30	0.0000816589	0.000000011542
4	82125315	83372592	366	40	0.0000443463	0.000000016268
4	83372593	84799655	490	40	-0.0000260416	0.000000019596
4	84799656	86930608	599	40	0.0001048088	0.000000025050
4	86930609	87534647	140	18	-0.0000029193	0.000000005166
4	87534648	89238027	578	40	0.0002263918	0.000000025190
4	89238028	90231563	326	40	0.0000775806	0.000000015637
4	90231564	91560676	340	40	0.0001416675	0.000000016083
4	91560677	94233298	578	40	0.0001242859	0.000000027826
4	94233299	96182187	612	40	0.0002282092	0.000000032054
4	96182188	97540702	501	40	0.0000644951	0.000000023371
4	97540703	99424066	408	36	-0.0000147846	0.000000012720
4	99424067	100678359	417	40	0.0000813915	0.000000017080
4	100678360	103221355	804	40	0.0000856558	0.000000029043
4	103221356	105305293	499	40	0.0000189002	0.000000018232
4	105305294	107501304	590	40	0.0000807950	0.000000023142
4	107501305	108815347	367	40	-0.0000326723	0.000000012976
4	108815348	111256566	776	40	0.0000477018	0.000000029586
4	111256567	113870101	730	40	0.0001943787	0.000000032103
4	113870102	115666245	616	40	0.0000252783	0.000000028608
4	115666246	117276928	340	36	0.0001314366	0.000000014715
4	117276929	118479917	344	39	0.0000495658	0.000000014411
4	118479918	119933511	426	40	0.0002171528	0.000000019783
4	119933512	120392683	148	16	0.0001037027	0.000000007143
4	120392684	122657986	712	40	0.0001626331	0.000000031967
4	122657987	124286480	387	37	0.0002418023	0.000000018506
4	124286481	125210861	265	36	0.0000063361	0.000000011086
4	125210862	126480885	392	40	-0.0000365375	0.000000016007
4	126480886	127275476	222	31	0.0000362474	0.000000010420
4	127275477	127830292	167	23	0.0000246213	0.000000007734
4	127830293	128996664	197	15	0.0000166964	0.000000008256
4	128996665	130591884	452	40	0.0000762059	0.000000019793
4	130591885	131283820	186	23	0.0001338409	0.000000010968
4	131283821	132954032	358	40	0.0000408501	0.000000016409
4	132954033	134628433	377	40	0.0000375033	0.000000015259
4	134628434	136566406	434	40	-0.0000600079	0.000000014936
4	136566407	138541970	524	40	-0.0000121302	0.000000022502
4	138541971	139556510	362	40	-0.0000267220	0.000000015934
4	139556511	141084630	505	40	0.0002165640	0.000000028557
4	141084631	143443264	721	40	0.0000171733	0.000000028761
4	143443265	146178186	512	40	0.0000742853	0.000000017657
4	146178187	148521872	627	40	0.0001713584	0.000000028497
4	148521873	150683579	532	40	0.0001070410	0.000000024472
4	150683580	152782183	520	40	0.0001140698	0.000000019021
4	152782184	154477640	506	40	0.0000283365	0.000000024312
4	154477641	155056125	205	28	0.0000569370	0.000000010328
4	155056126	157485096	806	40	-0.0000057856	0.000000027606
4	157485097	158743717	321	40	0.0001044365	0.000000016046
4	158743718	161058863	524	40	0.0001703440	0.000000022941
4	161058864	161826434	269	34	-0.0000402796	0.000000011412
4	161826435	163243678	442	40	0.0001435737	0.000000021283
4	163243679	164478233	330	40	-0.0000097108	0.000000014039
4	164478234	165823447	424	40	0.0000219200	0.000000021040
4	165823448	167018857	362	40	0.0000152633	0.000000017476
4	167018858	167852916	188	26	0.0000200525	0.000000008320
4	167852917	169676824	583	40	0.0001167179	0.000000028556
4	169676825	170776509	320	38	0.0002477893	0.000000019513
4	170776510	172558634	419	40	0.0003493143	0.000000023966
4	172558635	174264131	395	40	0.0001220472	0.000000018839
4	174264132	176570715	632	40	0.0001770944	0.000000032663
4	176570716	178991909	829	40	0.0000969825	0.000000030818
4	178991910	180122042	324	40	0.0000615422	0.000000017224
4	180122043	182066806	811	40	0.0001531128	0.000000031419
4	182066807	183371274	709	40	0.0000602135	0.000000030038
4	183371275	184929454	588	40	0.0000310207	0.000000031612
4	184929455	186909089	874	40	-0.0000212182	0.000000029674
4	186909090	188472980	616	40	0.0001667878	0.000000032266
4	188472981	189693510	415	40	-0.0000188305	0.000000021598
4	189693511	191043593	297	40	0.0000685282	0.000000015447
5	11940	982251	230	26	0.0000206264	0.000000010821
5	982252	2132441	462	40	0.0000843350	0.000000027262
5	2132442	3361940	786	40	0.0000758872	0.000000030765
5	3361941	4632109	538	40	0.0000680485	0.000000025604
5	4632110	5973232	693	40	0.0000358063	0.000000029054
5	5973233	7143217	581	40	-0.0000039680	0.000000025535
5	7143218	8446335	593	40	0.0000671670	0.000000026522
5	8446336	9718831	609	40	0.0000316972	0.000000027097
5	9718832	11173270	740	40	0.0000384978	0.000000029992
5	11173271	13464831	570	40	0.0000793764	0.000000025403
5	13464832	14757803	589	40	0.0000931864	0.000000027287
5	14757804	16963612	753	40	0.0001297368	0.000000030488
5	16963613	18051591	267	40	0.0000897998	0.000000014544
5	18051592	19917715	551	40	0.0000336572	0.000000021285
5	19917716	22152072	450	40	0.0001593743	0.000000020539
5	22152073	23494323	408	40	-0.0000100391	0.000000015360
5	23494324	26184850	654	40	0.0002215806	0.000000030906
5	26184851	26857603	151	22	0.0000145509	0.000000006778
5	26857604	27984512	219	32	0.0000576810	0.000000010722
5	27984513	29714819	405	40	0.0000715861	0.000000016217
5	29714820	31390248	577	40	0.0001409361	0.000000025790
5	31390249	33500179	814	40	0.0001938781	0.000000030254
5	33500180	35048969	547	40	0.0000112704	0.000000025388
5	35048970	36433953	481	40	0.0000205048	0.000000018860
5	36433954	38802409	763	40	0.0000772376	0.000000030181
5	38802410	40287728	537	40	0.0000993462	0.000000021032
5	40287729	41888709	545	40	0.0001183379	0.000000019571
5	41888710	43983498	410	31	0.0001502375	0.000000017114
5	43983499	50163397	419	31	0.0000374238	0.000000013784
5	50163398	52134621	561	40	0.0000399143	0.000000022148
5	52134622	53703043	601	40	0.0001349153	0.000000027074
5	53703044	55417348	597	40	0.0000205727	0.000000023141
5	55417349	56621101	501	40	0.0001191978	0.000000022830
5	56621102	57340072	267	36	0.0000479396	0.000000011170
5	57340073	58524621	534	40	0.0002452824	0.000000026353
5	58524622	60935906	682	40	0.0001375993	0.000000028206
5	60935907	61672994	268	27	0.0000803775	0.000000011944
5	61672995	63218986	485	40	0.0001622090	0.000000020400
5	63218987	63968303	179	20	0.0001188257	0.000000009653
5	63968304	65911285	618	40	0.0000555017	0.000000024205
5	65911286	67850859	773	40	0.0001433687	0.000000031249
5	67850860	71240455	453	40	0.0000716494	0.000000020077
5	71240456	73759325	961	40	0.0000062239	0.000000028118
5	73759326	75798865	681	40	0.0004168207	0.000000031901
5	75798866	77623331	714	40	0.0001626766	0.000000031276
5	77623332	79393143	654	40	-0.0000173148	0.000000028266
5	79393144	80481470	446	40	0.0000871111	0.000000021699
5	80481471	82025647	501	40	0.0002046789	0.000000026922
5	82025648	83972688	527	40	0.0000272978	0.000000026602
5	83972689	85767289	496	40	0.0000251358	0.000000020379
5	85767290	87389990	275	32	0.0003136234	0.000000018287
5	87389991	88891529	303	32	0.0002167194	0.000000015445
5	88891530	90422653	422	40	0.0001339932	0.000000019279
5	90422654	91840541	270	32	0.0001622637	0.000000015251
5	91840542	93809983	408	40	0.0002056276	0.000000019244
5	93809984	95963518	690	40	0.0002356041	0.000000033236
5	95963519	97315600	414	40	0.0001358293	0.000000017803
5	97315601	99260991	483	40	0.0000096596	0.000000018050
5	99260992	101578768	512	40	-0.0000272309	0.000000018808
5	101578769	103320004	481	40	0.0000635921	0.000000019393
5	103320005	104851482	417	40	0.0001525021	0.000000020962
5	104851483	105893054	169	22	0.0000404588	0.000000009426
5	105893055	107264195	553	40	0.0001418937	0.000000029919
5	107264196	108633933	387	40	0.0002423508	0.000000021799
5	108633934	110821143	631	40	0.0000668222	0.000000028117
5	110821144	111981561	424	40	-0.0000073201	0.000000019800
5	111981562	113396284	543	40	0.0002904124	0.000000029646
5	113396285	114830369	516	40	0.0002043448	0.000000025217
5	114830370	115831046	426	40	0.0003290664	0.000000025817
5	115831047	117346212	548	40	0.0002105948	0.000000031282
5	117346213	118608819	371	40	0.0000630038	0.000000018967
5	118608820	119669041	329	38	0.0001382801	0.000000017533
5	119669042	120452165	231	25	0.0001087516	0.000000013033
5	120452166	122556904	663	40	0.0001814022	0.000000031976
5	122556905	123798099	438	40	0.0002702044	0.000000024169
5	123798100	125785648	836	40	0.0001435012	0.000000031752
5	125785649	127344603	427	40	0.0000151591	0.000000017954
5	127344604	129519024	659	40	0.0000234111	0.000000024211
5	129519025	132139648	607	40	0.0001155434	0.000000020226
5	132139649	134777400	897	40	0.0000781853	0.000000029881
5	134777401	136376049	585	40	0.0001251420	0.000000024525
5	136376050	139265071	687	40	0.0001741783	0.000000027171
5	139265072	140645970	351	31	0.0001383738	0.000000014244
5	140645971	142981247	912	40	0.0001685783	0.000000032075
5	142981248	144943353	624	40	0.0001499576	0.000000026850
5	144943354	147181997	732	40	0.0001537571	0.000000032208
5	147181998	148662623	550	40	0.0001712162	0.000000026372
5	148662624	150561297	845	40	0.0000654111	0.000000029834
5	150561298	152867773	844	40	0.0000444846	0.000000028962
5	152867774	153773087	427	40	0.0002298310	0.000000019668
5	153773088	155373504	564	40	0.0001099754	0.000000026504
5	155373505	156628699	374	40	0.0001272837	0.000000015712
5	156628700	158825697	872	40	0.0001688958	0.000000028969
5	158825698	159973943	415	40	0.0000292902	0.000000020262
5	159973944	161482132	515	40	-0.0000726791	0.000000017849
5	161482133	162743907	356	40	0.0000714657	0.000000017150
5	162743908	163771581	379	40	0.0002603117	0.000000022611
5	163771582	165642394	541	40	0.0002134557	0.000000031725
5	165642395	166847739	414	40	0.0001841638	0.000000025297
5	166847740	168525317	763	40	0.0001611540	0.000000031434
5	168525318	169505663	476	40	-0.0000635079	0.000000020980
5	169505664	171074291	650	40	0.0001001999	0.000000030510
5	171074292	172678326	672	40	0.0000877157	0.000000030134
5	172678327	173642870	486	40	0.0001234984	0.000000022609
5	173642871	175450594	812	40	0.0000380429	0.000000030954
5	175450595	177251506	343	40	0.0001162684	0.000000017481
5	177251507	178413463	435	40	0.0000923524	0.000000023651
5	178413464	179401243	355	40	0.0003276661	0.000000025995
5	179401244	180559932	328	40	0.0001143441	0.000000017945
5	180559933	180885155	42	9	0.0000044111	0.000000002207
6	73924	1452361	682	40	0.0000203277	0.000000029464
6	1452362	2458935	435	40	0.0001066114	0.000000022033
6	2458936	3573592	584	40	0.0000263249	0.000000029878
6	3573593	4617816	518	40	-0.0000108405	0.000000023045
6	4617817	5791471	591	40	0.0001018268	0.000000030503
6	5791472	6785206	594	40	0.0000429496	0.000000028430
6	6785207	7808935	514	40	0.0001899155	0.000000027282
6	7808936	9020025	499	40	0.0000282418	0.000000020402
6	9020026	10540316	608	40	0.0000419879	0.000000028195
6	10540317	11790815	567	40	0.0000871689	0.000000027882
6	11790816	13209387	593	40	0.0002620004	0.000000025715
6	13209388	14802923	681	40	0.0001147138	0.000000029309
6	14802924	17386404	997	40	0.0001724847	0.000000031549
6	17386405	19207486	641	40	0.0001768141	0.000000027157
6	19207487	21684064	1031	40	0.0001363236	0.000000025072
6	21684065	22748306	518	40	0.0000998478	0.000000026935
6	22748307	23936618	497	40	0.0000213491	0.000000024967
6	23936619	24852274	402	40	0.0000310499	0.000000020328
6	24852275	25684586	453	40	0.0001790477	0.000000018150
6	25684587	26791232	481	35	0.0002733133	0.000000013964
6	26791233	28017818	277	19	0.0001020776	0.000000007711
6	28017819	28917607	321	21	0.0000937812	0.000000007684
6	28917608	29737970	549	32	0.0001546303	0.000000013904
6	29737971	30798167	931	40	0.0000082119	0.000000014948
6	30798168	31571217	825	40	0.0001043146	0.000000016807
6	31571218	32682663	710	40	0.0000303582	0.000000013971
6	32682664	33236496	653	40	0.0000718963	0.000000015485
6	33236497	35455755	758	40	0.0005306100	0.000000035696
6	35455756	37572595	822	40	0.0000460849	0.000000028530
6	37572596	39295676	765	40	0.0002199811	0.000000032212
6	39295677	40345114	403	40	0.0000786647	0.000000019149
6	40345115	42038720	720	40	0.0001851367	0.000000032496
6	42038721	43756168	454	40	0.0001856191	0.000000023740
6	43756169	45406562	582	40	0.0001202425	0.000000029420
6	45406563	47311897	765	40	0.0002560062	0.000000033987
6	47311898	48391124	356	38	0.0001630054	0.000000015838
6	48391125	50386144	509	40	0.0001873171	0.000000019856
6	50386145	52210475	623	40	0.0008261286	0.000000034816
6	52210476	53279101	431	40	0.0001210535	0.000000019815
6	53279102	55468269	864	40	0.0001712821	0.000000031162
6	55468270	56105312	212	20	0.0000150942	0.000000007056
6	56105313	57599464	369	39	0.0001117260	0.000000016218
6	57599465	61880511	123	9	0.0000297571	0.000000004464
6	61880512	63552887	342	22	0.0000877438	0.000000012620
6	63552888	65765741	448	40	0.0000719198	0.000000017400
6	65765742	67329214	489	40	-0.0000007051	0.000000018888
6	67329215	68849482	471	40	0.0001095650	0.000000019839
6	68849483	69523447	223	27	0.0000301426	0.000000009744
6	69523448	71609509	754	40	0.0000670774	0.000000028925
6	71609510	73450096	631	40	0.0001106049	0.000000023775
6	73450097	75462002	583	40	0.0000721790	0.000000023546
6	75462003	77414880	452	40	-0.0000351266	0.000000014933
6	77414881	78957727	492	40	0.0000814123	0.000000016584
6	78957728	80691169	587	40	0.0002794473	0.000000028085
6	80691170	81929221	376	28	0.0001520580	0.000000014272
6	81929222	83127148	352	40	0.0000736685	0.000000015468
6	83127149	85209988	558	40	0.0001054024	0.000000022642
6	85209989	87069499	600	40	0.0001602771	0.000000021684
6	87069500	88822139	546	40	0.0001001691	0.000000022068
6	88822140	89973051	433	40	0.0000696797	0.000000020353
6	89973052	91843195	738	40	0.0001328377	0.000000031826
6	91843196	93428643	472	40	0.0000040493	0.000000019944
6	93428644	94118141	284	40	0.0000306920	0.000000012013
6	94118142	94441174	84	8	-0.0000190910	0.000000002360
6	94441175	97093510	628	40	0.0001911737	0.000000028046
6	97093511	97842283	232	27	0.0002581256	0.000000014219
6	97842284	100630145	795	40	0.0003146116	0.000000034437
6	100630146	102636771	497	40	0.0001192847	0.000000022525
6	102636772	103983394	339	33	0.0000730771	0.000000013861
6	103983395	106056732	667	40	0.0001859195	0.000000030524
6	106056733	107450305	628	40	0.0001819851	0.000000032846
6	107450306	108464379	352	40	0.0001265025	0.000000018930
6	108464380	110304246	541	40	0.0002989390	0.000000025697
6	110304247	112345013	618	40	0.0000095630	0.000000025580
6	112345014	114220832	629	40	-0.0000023305	0.000000023723
6	114220833	116131395	478	40	0.0000628095	0.000000016914
6	116131396	117672971	471	40	0.0001175338	0.000000019166
6	117672972	118963114	372	39	0.0000932847	0.000000012123
6	118963115	119963277	323	36	0.0001337107	0.000000013734
6	119963278	120512127	165	19	0.0002162015	0.000000010347
6	120512128	121905675	381	36	0.0001086237	0.000000014862
6	121905676	123856180	607	40	0.0000975431	0.000000023851
6	123856181	125424382	605	40	0.0000184676	0.000000029592
6	125424383	127540460	464	40	0.0004785683	0.000000025754
6	127540461	129861030	615	40	0.0002729244	0.000000031183
6	129861031	130935453	495	40	0.0001190288	0.000000024384
6	130935454	132765668	605	40	0.0001189680	0.000000027530
6	132765669	134244242	591	40	0.0001417650	0.000000025414
6	134244243	136224176	588	40	0.0000531870	0.000000029351
6	136224177	137614217	342	40	-0.0000541051	0.000000015588
6	137614218	138822628	480	40	0.0001819451	0.000000025806
6	138822629	139845435	385	40	-0.0000189837	0.000000017637
6	139845436	142288478	536	40	0.0000912674	0.000000022469
6	142288479	145319809	1037	40	0.0002222696	0.000000032276
6	145319810	146665423	316	26	0.0001794877	0.000000013285
6	146665424	148920351	923	40	0.0000264711	0.000000029084
6	148920352	150253403	520	40	0.0001143427	0.000000023485
6	150253404	151912702	890	40	0.0000409199	0.000000029879
6	151912703	153094495	565	40	0.0000618231	0.000000024889
6	153094496	154974119	802	40	0.0000585187	0.000000029276
6	154974120	156763325	734	40	0.0000823080	0.000000030894
6	156763326	158218718	375	40	0.0000770670	0.000000019222
6	158218719	160580496	1041	40	0.0000266014	0.000000028339
6	160580497	162169563	767	40	0.0000719502	0.000000025176
6	162169564	162931202	373	40	-0.0000298649	0.000000017820
6	162931203	164383520	677	40	0.0002689849	0.000000033890
6	164383521	165586863	542	40	0.0001145378	0.000000025786
6	165586864	167024732	810	40	0.0002764963	0.000000034446
6	167024733	168042834	423	40	-0.0000091081	0.000000019425
6	168042835	169382049	584	40	0.0000110635	0.000000026124
6	169382050	170330172	399	40	0.0002114417	0.000000020197
6	170330173	171051269	235	30	0.0000815364	0.000000011915
7	16161	972751	90	15	0.0000966829	0.000000007381
7	972752	1353066	100	16	0.0000249623	0.000000006280
7	1353067	2062397	143	22	0.0000269631	0.000000008768
7	2062398	2772226	218	35	0.0001443641	0.000000014270
7	2772227	4573427	853	40	0.0002578639	0.000000034272
7	4573428	5416231	205	40	0.0000960660	0.000000014600
7	5416232	5854525	99	16	0.0001096086	0.000000007709
7	5854526	6573856	142	22	0.0001434520	0.000000010320
7	6573857	7808751	419	40	0.0001632768	0.000000024864
7	7808752	9123422	733	40	0.0001680091	0.000000033613
7	9123423	9987498	364	40	0.0000152228	0.000000019472
7	9987499	11299197	474	40	0.0001842774	0.000000027812
7	11299198	12635460	705	40	0.0001760531	0.000000032124
7	12635461	13884201	567	40	0.0000639784	0.000000030270
7	13884202	15143656	575	40	0.0001315551	0.000000018854
7	15143657	16902068	759	40	0.0000383917	0.000000029077
7	16902069	19481546	1036	40	0.0000068551	0.000000028529
7	19481547	20124907	230	28	0.0000167059	0.000000011859
7	20124908	22507628	1198	40	-0.0000218985	0.000000027955
7	22507629	23471441	317	40	0.0000106597	0.000000015992
7	23471442	25077258	704	40	0.0001378917	0.000000031232
7	25077259	25909554	448	40	0.0001935867	0.000000023004
7	25909555	28360308	885	40	0.0002710948	0.000000028349
7	28360309	31137288	1245	40	0.0000019138	0.000000028997
7	31137289	33555767	996	40	0.0000508395	0.000000029749
7	33555768	36213537	1016	40	0.0000420743	0.000000029262
7	36213538	37555183	639	40	0.0000735925	0.000000031307
7	37555184	38966702	634	40	0.0002276470	0.000000029243
7	38966703	39862669	313	35	0.0001048950	0.000000014368
7	39862670	42001810	612	40	0.0001248120	0.000000027358
7	42001811	43159073	401	40	0.0000777851	0.000000019324
7	43159074	44763827	475	40	0.0001805925	0.000000021005
7	44763828	45952921	354	40	0.0001362291	0.000000019175
7	45952922	46986719	417	40	0.0001565414	0.000000019496
7	46986720	49212277	906	40	0.0001722057	0.000000031571
7	49212278	51675321	895	40	0.0001819552	0.000000031391
7	51675322	53176311	636	40	0.0000709595	0.000000026230
7	53176312	54222975	375	40	0.0001098360	0.000000015373
7	54222976	55691583	533	40	0.0000915235	0.000000024841
7	55691584	57382637	248	28	-0.0000145498	0.000000009029
7	57382638	63307358	134	16	0.0000210524	0.000000006614
7	63307359	63641124	53	6	-0.0000236924	0.000000001603
7	63641125	65689808	314	26	0.0000097275	0.000000011371
7	65689809	68234073	713	40	0.0001984254	0.000000031412
7	68234074	69085363	265	39	0.0001133201	0.000000014065
7	69085364	71874884	842	40	0.0004617807	0.000000038285
7	71874885	73334601	155	24	0.0000573902	0.000000006089
7	73334602	76458563	353	40	0.0001460839	0.000000018786
7	76458564	78093858	608	40	0.0003270141	0.000000034482
7	78093859	79888068	651	40	0.0001360788	0.000000031070
7	79888069	82022685	720	40	0.0000965324	0.000000030859
7	82022686	83801202	627	40	0.0000760895	0.000000028678
7	83801203	85572181	408	40	0.0000245375	0.000000015283
7	85572182	87825003	569	40	0.0001447503	0.000000022228
7	87825004	90661783	964	40	0.0000682688	0.000000029764
7	90661784	92493751	427	40	0.0002419546	0.000000021109
7	92493752	93966600	363	40	0.0003430414	0.000000025564
7	93966601	96073507	699	40	0.0001791842	0.000000031813
7	96073508	97099569	308	40	0.0000487533	0.000000013785
7	97099570	98715473	421	40	0.0001343764	0.000000020648
7	98715474	100196650	251	26	0.0000206978	0.000000009383
7	100196651	101199252	245	37	0.0001356693	0.000000013924
7	101199253	103197509	389	40	0.0001230638	0.000000019213
7	103197510	104159524	476	40	0.0000175063	0.000000020452
7	104159525	105682904	542	40	0.0001523289	0.000000026963
7	105682905	107780177	750	40	0.0000453045	0.000000029223
7	107780178	109647593	553	40	0.0000938238	0.000000023404
7	109647594	112618683	842	40	0.0000173605	0.000000028911
7	112618684	113712386	225	27	0.0000992265	0.000000011722
7	113712387	116780177	714	40	0.0002716933	0.000000029289
7	116780178	118351580	375	38	0.0000943054	0.000000014060
7	118351581	121045272	448	40	0.0001639460	0.000000019923
7	121045273	121933629	228	28	0.0000698572	0.000000010021
7	121933630	124156804	670	40	0.0000986711	0.000000026456
7	124156805	124167551	6	2	-0.0000051326	0.000000000177
7	124167552	126519169	670	40	0.0002170046	0.000000026523
7	126519170	126869220	143	18	0.0001777809	0.000000009221
7	126869221	128778385	597	40	0.0003726310	0.000000029190
7	128778386	130422413	474	40	0.0000430876	0.000000021075
7	130422414	132805847	926	40	0.0000405722	0.000000029618
7	132805848	134307595	441	35	0.0000251602	0.000000016997
7	134307596	135591082	506	40	0.0000597333	0.000000021722
7	135591083	136876561	413	40	0.0001493513	0.000000020595
7	136876562	138744678	621	40	0.0000082558	0.000000030014
7	138744679	139933176	332	40	0.0001589079	0.000000018617
7	139933177	140235209	120	25	0.0001057561	0.000000008691
7	140235210	141226556	288	33	-0.0000022648	0.000000011429
7	141226557	142656309	447	40	-0.0000102430	0.000000015249
7	142656310	144968288	558	40	0.0001554941	0.000000025654
7	144968289	146427959	386	40	-0.0000435848	0.000000015322
7	146427960	147815317	578	40	0.0003755209	0.000000032714
7	147815318	149840657	624	40	0.0000632091	0.000000030912
7	149840658	150711504	313	38	0.0001528123	0.000000013712
7	150711505	152249805	467	40	0.0001275745	0.000000029053
7	152249806	153674018	469	40	0.0000537439	0.000000026110
7	153674019	154964729	555	40	0.0000552437	0.000000030943
7	154964730	156065249	485	40	0.0000222658	0.000000027281
7	156065250	157634596	530	40	0.0001165670	0.000000027865
7	157634597	159128574	466	40	0.0000766809	0.000000022246
8	10422	1044216	401	40	0.0001396825	0.000000025427
8	1044217	1163244	71	12	0.0000110368	0.000000004010
8	1163245	2042941	457	40	0.0000777237	0.000000027430
8	2042942	2573278	259	40	0.0000091145	0.000000013764
8	2573279	3392925	598	40	0.0000130337	0.000000028930
8	3392926	3783016	427	40	0.0000902380	0.000000024980
8	3783017	4480475	680	40	0.0001507955	0.000000032285
8	4480476	5146926	493	40	0.0000048684	0.000000026470
8	5146927	6142796	774	40	0.0000909411	0.000000030394
8	6142797	7153078	550	40	0.0001012729	0.000000031666
8	7153079	9154693	556	40	0.0001405443	0.000000028362
8	9154694	9640786	237	25	0.0000982270	0.000000008971
8	9640787	10463196	468	40	0.0001401636	0.000000026229
8	10463197	11278997	389	40	0.0000407295	0.000000015723
8	11278998	13491774	810	40	0.0001704785	0.000000030736
8	13491775	13944991	255	32	-0.0000204277	0.000000011997
8	13944992	15991659	1090	40	0.0002335663	0.000000032636
8	15991660	17387875	556	40	0.0000041862	0.000000028979
8	17387876	17836398	276	35	0.0002101595	0.000000018671
8	17836399	19492839	972	40	0.0000513372	0.000000028204
8	19492840	20060855	338	40	0.0000248944	0.000000012491
8	20060856	21661736	759	40	0.0001475431	0.000000032012
8	21661737	22897056	467	40	-0.0000443681	0.000000023974
8	22897057	24674717	665	40	0.0001293017	0.000000030843
8	24674718	25483453	290	35	0.0000553950	0.000000013268
8	25483454	26682524	621	40	0.0001274873	0.000000028871
8	26682525	28162391	749	40	0.0002041058	0.000000032649
8	28162392	29327895	370	40	0.0002145999	0.000000019833
8	29327896	31133728	548	40	0.0002675333	0.000000028706
8	31133729	31548359	129	20	0.0000623207	0.000000006960
8	31548360	32977217	485	40	0.0001197958	0.000000021001
8	32977218	35317231	544	40	0.0002282459	0.000000021466
8	35317232	37379388	364	40	0.0000292598	0.000000015414
8	37379389	38938805	294	40	0.0002137282	0.000000019069
8	38938806	40703336	598	40	0.0000642781	0.000000025064
8	40703337	41721453	388	40	0.0000356212	0.000000019514
8	41721454	42773822	193	23	0.0000957929	0.000000009800
8	42773823	46841314	48	7	0.0000056084	0.000000002650
8	46841315	50082469	413	37	0.0001051278	0.000000018522
8	50082470	53302929	802	40	0.0001315521	0.000000029452
8	53302930	54418043	348	40	0.0000540340	0.000000015189
8	54418044	55945580	481	40	-0.0000559363	0.000000016352
8	55945581	56956382	355	40	0.0000807893	0.000000015880
8	56956383	59068650	669	40	0.0000962876	0.000000028610
8	59068651	59728099	278	34	0.0000380279	0.000000011899
8	59728100	62329098	800	40	0.0003305257	0.000000035625
8	62329099	63349305	331	35	0.0000064333	0.000000011808
8	63349306	65232871	521	40	0.0001091218	0.000000021003
8	65232872	66489089	367	40	0.0001170706	0.000000016692
8	66489090	69863056	873	40	0.0000183536	0.000000028885
8	69863057	70867978	411	40	0.0000123511	0.000000019013
8	70867979	72289453	445	40	0.0000125457	0.000000016863
8	72289454	73817198	696	40	0.0002030131	0.000000031691
8	73817199	75445063	621	40	0.0001087999	0.000000027093
8	75445064	76456541	295	38	0.0000690832	0.000000012675
8	76456542	79132860	700	40	0.0003298543	0.000000030596
8	79132861	81956394	809	40	0.0001241857	0.000000031170
8	81956395	82693738	219	33	0.0000290354	0.000000009507
8	82693739	84225588	421	40	0.0000423663	0.000000014922
8	84225589	85955618	358	39	0.0001560256	0.000000016409
8	85955619	87411708	268	25	0.0000235691	0.000000009697
8	87411709	89085480	488	40	-0.0000016282	0.000000018213
8	89085481	90638161	401	40	0.0000512149	0.000000015586
8	90638162	93554385	679	40	0.0001575661	0.000000029560
8	93554386	95005526	388	40	0.0001031789	0.000000018581
8	95005527	96534805	630	40	0.0002120403	0.000000030174
8	96534806	99401580	1122	40	0.0000682654	0.000000029819
8	99401581	101620957	507	40	0.0000890892	0.000000017542
8	101620958	104123305	996	40	0.0002382536	0.000000033413
8	104123306	104988751	255	24	0.0000090356	0.000000009051
8	104988752	107410753	824	40	0.0000930781	0.000000029654
8	107410754	108648176	476	40	0.0000668141	0.000000019213
8	108648177	109248172	205	23	0.0000037314	0.000000007069
8	109248173	110484313	355	31	0.0000654220	0.000000012249
8	110484314	111850846	291	33	0.0000376786	0.000000011082
8	111850847	113064319	234	19	0.0000988839	0.000000009562
8	113064320	116096494	794	40	0.0001117857	0.000000026725
8	116096495	119685456	1166	40	0.0001694549	0.000000030977
8	119685457	121201699	530	40	0.0002112757	0.000000023726
8	121201700	124861458	1352	40	-0.0000021898	0.000000028209
8	124861459	125683718	334	40	0.0000780065	0.000000015199
8	125683719	126410916	256	40	0.0000982552	0.000000013948
8	126410917	128659110	922	40	0.0000516182	0.000000027593
8	128659111	130381138	679	40	0.0000237467	0.000000028311
8	130381139	131639624	466	40	-0.0000523336	0.000000018019
8	131639625	133351143	768	40	0.0001836482	0.000000032644
8	133351144	134570000	713	40	0.0000069810	0.000000028205
8	134570001	136035604	759	40	0.0000971410	0.000000029425
8	136035605	137524150	554	40	0.0002124317	0.000000026374
8	137524151	139254829	743	40	-0.0000523638	0.000000027378
8	139254830	140725642	758	40	0.0001628610	0.000000032581
8	140725643	143044913	826	40	0.0000032007	0.000000028641
8	143044914	144236880	373	40	0.0001992349	0.000000020880
8	144236881	146303866	341	40	0.0000408139	0.000000018202
9	10023	1079706	579	40	0.0001927843	0.000000032573
9	1079707	1916876	603	40	0.0000427919	0.000000029026
9	1916877	3190063	772	40	0.0000342934	0.000000029985
9	3190064	4495327	745	40	0.0000716450	0.000000028058
9	4495328	4884925	231	39	0.0001891695	0.000000015605
9	4884926	6557588	565	40	0.0000775585	0.000000029784
9	6557589	7154922	296	39	0.0000741872	0.000000016363
9	7154923	8456298	930	40	0.0000926835	0.000000030502
9	8456299	9166402	402	40	0.0001541671	0.000000024677
9	9166403	10879252	848	40	0.0000811485	0.000000030537
9	10879253	12276488	468	40	0.0000766158	0.000000022937
9	12276489	14836362	1275	40	0.0000136716	0.000000029460
9	14836363	16659654	811	40	0.0001138164	0.000000029761
9	16659655	18661050	949	40	0.0001229299	0.000000030647
9	18661051	20463533	824	40	0.0000083418	0.000000028839
9	20463534	22206558	696	40	0.0001139744	0.000000028270
9	22206559	24158517	612	40	0.0001284708	0.000000031674
9	24158518	25330809	299	40	0.0001565197	0.000000020002
9	25330810	26111756	274	40	0.0002131940	0.000000019544
9	26111757	28224282	955	40	0.0001284731	0.000000031319
9	28224283	28811583	253	36	0.0004297155	0.000000019556
9	28811584	30387391	560	40	0.0003588675	0.000000027729
9	30387392	31310382	246	23	0.0000780581	0.000000011114
9	31310383	32019367	207	24	0.0000855302	0.000000009605
9	32019368	33578333	592	40	0.0000233422	0.000000025906
9	33578334	34642242	287	27	0.0001428776	0.000000012033
9	34642243	36743282	586	40	0.0000202805	0.000000025917
9	36743283	38641598	726	40	0.0000714092	0.000000029940
9	38641599	65472189	103	21	0.0000035212	0.000000005561
9	65472190	72512710	564	40	0.0002763296	0.000000028530
9	72512711	72753754	100	10	0.0000356754	0.000000004402
9	72753755	74253039	597	40	0.0000914956	0.000000023861
9	74253040	76203945	578	40	0.0000789817	0.000000023762
9	76203946	76973080	182	22	0.0000681876	0.000000009007
9	76973081	78900182	808	40	0.0000421729	0.000000027098
9	78900183	79471207	294	40	0.0000835827	0.000000016545
9	79471208	81079054	524	40	0.0000009314	0.000000024680
9	81079055	82590927	631	40	0.0000863202	0.000000029380
9	82590928	84211232	661	40	0.0000868866	0.000000030312
9	84211233	85440800	332	40	0.0000023410	0.000000016944
9	85440801	86938195	639	40	0.0000386902	0.000000027821
9	86938196	88109332	503	40	0.0002276266	0.000000025150
9	88109333	88590416	113	14	-0.0000089064	0.000000004109
9	88590417	90136245	601	40	0.0000413008	0.000000027021
9	90136246	92528697	860	40	0.0001446619	0.000000031987
9	92528698	94167202	630	40	0.0001122724	0.000000030819
9	94167203	96671697	803	40	0.0002477761	0.000000033899
9	96671698	98922039	676	40	0.0001855839	0.000000029177
9	98922040	101592858	869	40	0.0001371037	0.000000030845
9	101592859	104624436	972	40	0.0003723619	0.000000036240
9	104624437	105967975	578	40	0.0000047299	0.000000023020
9	105967976	107581748	604	40	-0.0000292137	0.000000020161
9	107581749	109298753	604	40	0.0002024210	0.000000028803
9	109298754	110695061	573	40	0.0000695794	0.000000028028
9	110695062	112778023	1102	40	0.0002508590	0.000000032897
9	112778024	114831081	915	40	0.0000041618	0.000000028441
9	114831082	115693144	315	30	0.0001071087	0.000000014329
9	115693145	117019800	646	40	0.0001206054	0.000000032496
9	117019801	117921959	469	40	0.0001258156	0.000000023659
9	117921960	121321536	1477	40	0.0001333892	0.000000030987
9	121321537	122260296	362	40	0.0001717248	0.000000019575
9	122260297	124871321	784	40	0.0000511155	0.000000029778
9	124871322	126971886	689	40	0.0002691918	0.000000034195
9	126971887	129059664	567	40	0.0000837985	0.000000025026
9	129059665	130055509	329	40	0.0004278024	0.000000022622
9	130055510	132165469	508	40	0.0001870662	0.000000026991
9	132165470	133223216	322	40	0.0001211551	0.000000018065
9	133223217	134127887	345	40	0.0001390659	0.000000021718
9	134127888	135298841	441	40	0.0001292155	0.000000021929
9	135298842	137041121	672	40	0.0001722563	0.000000030674
9	137041122	137589363	208	40	0.0000646167	0.000000014286
9	137589364	138938977	636	40	0.0000229363	0.000000031749
9	138938978	139500341	123	23	0.0001467131	0.000000010186
9	139500342	141144795	258	38	0.0001901257	0.000000019649
10	60523	751338	126	15	-0.0000226898	0.000000006163
10	751339	1523543	343	40	0.0000984207	0.000000018228
10	1523544	2254499	442	40	0.0000854261	0.000000022835
10	2254500	3352698	675	40	0.0000100474	0.000000029612
10	3352699	4572273	621	40	0.0002612454	0.000000034446
10	4572274	5983761	716	40	0.0001421280	0.000000031233
10	5983762	7171483	752	40	-0.0000123279	0.000000028643
10	7171484	8774664	874	40	0.0000559394	0.000000030388
10	8774665	10249395	566	40	-0.0000313326	0.000000022564
10	10249396	12586796	1045	40	0.0000678613	0.000000029047
10	12586797	13321599	448	40	0.0001079690	0.000000026799
10	13321600	15026067	956	40	0.0001122956	0.000000031044
10	15026068	16551766	566	40	0.0001679787	0.000000032605
10	16551767	18537266	782	40	0.0000575110	0.000000029702
10	18537267	19716877	537	40	0.0001460886	0.000000025336
10	19716878	22772282	995	40	0.0002695666	0.000000034407
10	22772283	23175131	126	14	0.0001123817	0.000000008478
10	23175132	25578595	780	40	0.0000733023	0.000000030777
10	25578596	26888683	545	40	0.0000201936	0.000000019401
10	26888684	29323235	919	40	0.0001744980	0.000000032072
10	29323236	29783691	275	40	0.0001233205	0.000000015196
10	29783692	30458837	368	40	-0.0000021591	0.000000018069
10	30458838	31907518	494	40	-0.0000086963	0.000000020657
10	31907519	33707967	640	40	0.0000325724	0.000000023760
10	33707968	35109354	502	40	0.0004631431	0.000000030940
10	35109355	36572507	425	40	0.0001371238	0.000000019743
10	36572508	37790028	328	40	0.0001012735	0.000000014617
10	37790029	42372578	205	13	0.0000287884	0.000000005318
10	42372579	43894770	316	36	0.0001585573	0.000000016687
10	43894771	44730074	295	34	0.0002309018	0.000000012526
10	44730075	48760449	678	40	-0.0000306345	0.000000025354
10	48760450	50840914	669	40	0.0000963568	0.000000027015
10	50840915	53616628	760	40	0.0001488191	0.000000031582
10	53616629	55103571	688	40	0.0000410782	0.000000029654
10	55103572	57031139	772	40	0.0001750432	0.000000032628
10	57031140	57662145	178	18	0.0000021191	0.000000005360
10	57662146	58959527	387	25	0.0000416617	0.000000011395
10	58959528	60289986	428	40	0.0000105096	0.000000014119
10	60289987	61891408	596	40	0.0000687167	0.000000027843
10	61891409	62659678	304	34	0.0001483739	0.000000014570
10	62659679	63341694	163	19	0.0001557087	0.000000010242
10	63341695	65794113	855	40	0.0001807930	0.000000029458
10	65794114	67549614	489	40	0.0000961694	0.000000019634
10	67549615	69900147	904	40	0.0001537090	0.000000031379
10	69900148	70195990	116	11	-0.0000041313	0.000000004128
10	70195991	72220849	901	40	0.0000369014	0.000000028814
10	72220850	73508511	752	40	0.0002009823	0.000000034044
10	73508512	75422549	441	36	0.0001105638	0.000000016214
10	75422550	78706813	853	40	0.0002122195	0.000000032445
10	78706814	80876748	1022	40	0.0001429126	0.000000031325
10	80876749	82414678	502	40	0.0001278311	0.000000024472
10	82414679	84383744	726	40	0.0000293503	0.000000029496
10	84383745	85458702	445	40	0.0000797569	0.000000017249
10	85458703	87937576	995	40	0.0001496694	0.000000031903
10	87937577	89127063	274	35	0.0002480675	0.000000016432
10	89127064	91013380	733	40	0.0000577001	0.000000029051
10	91013381	92006580	377	40	0.0000236660	0.000000016010
10	92006581	93335046	451	40	0.0001166475	0.000000019833
10	93335047	95396367	670	40	0.0002154252	0.000000028528
10	95396368	96221242	265	32	-0.0000167479	0.000000010813
10	96221243	97822356	587	40	-0.0000290130	0.000000017983
10	97822357	100241301	922	40	0.0000630791	0.000000030114
10	100241302	100668399	150	15	0.0000675847	0.000000006623
10	100668400	102949238	774	40	0.0003549203	0.000000034987
10	102949239	104380409	309	28	0.0001435935	0.000000011300
10	104380410	106695047	765	40	0.0003125436	0.000000028653
10	106695048	108726685	677	40	0.0002713421	0.000000032669
10	108726686	110317704	647	40	0.0001105368	0.000000029615
10	110317705	112561492	665	40	0.0000972243	0.000000029089
10	112561493	115328431	1028	40	0.0002131315	0.000000031300
10	115328432	116421405	496	40	0.0001663409	0.000000025563
10	116421406	119523933	1012	40	0.0001636379	0.000000032760
10	119523934	120591352	412	40	0.0000334929	0.000000020114
10	120591353	122407322	689	40	-0.0000105022	0.000000028462
10	122407323	123231464	397	40	-0.0000193303	0.000000017770
10	123231465	123900544	282	40	0.0001783466	0.000000017721
10	123900545	125869345	862	40	0.0001132537	0.000000030210
10	125869346	128001097	961	40	0.0000600682	0.000000029754
10	128001098	129154361	529	40	0.0000938354	0.000000026399
10	129154362	130844283	945	40	0.0000514004	0.000000030585
10	130844284	131741326	418	40	0.0001422771	0.000000022489
10	131741327	132580244	416	40	0.0000678050	0.000000019529
10	132580245	134336328	854	40	0.0001580523	0.000000032388
10	134336329	134494672	40	6	-0.0000087631	0.000000001569
10	134494673	135523864	282	40	0.0000393963	0.000000015343
11	70855	1213589	261	40	0.0001194045	0.000000015770
11	1213590	3665480	813	40	0.0002221038	0.000000028771
11	3665481	4746708	430	40	0.0000057203	0.000000019959
11	4746709	6322868	998	40	0.0000211219	0.000000029468
11	6322869	7436700	549	40	0.0000112004	0.000000022637
11	7436701	8333273	496	40	0.0001883246	0.000000029072
11	8333274	9087316	277	31	0.0001967033	0.000000013485
11	9087317	10952026	642	40	0.0000998671	0.000000025581
11	10952027	12564228	1104	40	0.0000068090	0.000000028654
11	12564229	13373123	400	40	0.0002388939	0.000000021661
11	13373124	15742551	773	40	0.0002268305	0.000000032311
11	15742552	17578401	606	40	0.0001095248	0.000000021311
11	17578402	19569534	788	40	0.0000992198	0.000000030716
11	19569535	21017137	789	40	0.0002510319	0.000000034312
11	21017138	22374141	553	40	0.0001648043	0.000000028883
11	22374142	24088516	593	40	0.0001962616	0.000000027909
11	24088517	26045752	658	40	0.0000745475	0.000000030521
11	26045753	27020460	358	40	0.0000192047	0.000000014370
11	27020461	28481592	407	40	0.0006497881	0.000000024790
11	28481593	30141356	418	40	0.0003072601	0.000000023452
11	30141357	32276900	631	40	0.0003182911	0.000000027625
11	32276901	33958738	562	40	0.0000115671	0.000000023019
11	33958739	35502604	823	40	0.0001057780	0.000000030588
11	35502605	37116814	747	40	0.0000649690	0.000000029631
11	37116815	39382002	423	40	0.0000907681	0.000000018087
11	39382003	42310002	923	40	0.0000913623	0.000000030358
11	42310003	44693798	968	40	0.0003096281	0.000000034085
11	44693799	47006136	710	40	0.0002315586	0.000000026566
11	47006137	49866049	480	25	0.0002966410	0.000000013609
11	49866050	54695472	135	7	0.0000515695	0.000000003813
11	54695473	55082656	9	3	0.0000170835	0.000000001124
11	55082657	58457494	1071	40	0.0001185803	0.000000029929
11	58457495	58780548	74	7	0.0000496930	0.000000003890
11	58780549	62223770	1001	40	0.0001593810	0.000000030542
11	62223771	63804568	306	38	-0.0000187767	0.000000012616
11	63804569	65898630	494	40	0.0003683716	0.000000028541
11	65898631	68005824	324	35	0.0001075884	0.000000015228
11	68005825	69516129	466	40	0.0001443354	0.000000022826
11	69516130	70926291	464	40	0.0000065829	0.000000023221
11	70926292	72286016	308	36	0.0002315277	0.000000016123
11	72286017	74412350	605	40	0.0001138984	0.000000023532
11	74412351	76797208	767	40	0.0000523027	0.000000029303
11	76797209	78355057	425	37	0.0000691979	0.000000016495
11	78355058	80722372	1066	40	0.0000106532	0.000000028891
11	80722373	81266711	260	38	0.0000873223	0.000000013461
11	81266712	84381271	1175	40	0.0001037972	0.000000030653
11	84381272	86619300	780	40	0.0001534170	0.000000031281
11	86619301	87430234	313	36	0.0000062254	0.000000012068
11	87430235	89208935	573	40	0.0000973309	0.000000027440
11	89208936	90966489	386	35	0.0000481395	0.000000014377
11	90966490	92077143	346	38	0.0001006667	0.000000016150
11	92077144	93276156	402	40	0.0002485581	0.000000019862
11	93276157	94242259	273	27	0.0001318418	0.000000012649
11	94242260	95726040	597	40	0.0000976709	0.000000028939
11	95726041	97057057	506	40	0.0000092076	0.000000024519
11	97057058	98705064	567	40	0.0000470168	0.000000027380
11	98705065	100417168	778	40	0.0001447902	0.000000031555
11	100417169	101331120	404	40	0.0001134009	0.000000015594
11	101331121	103959635	1093	40	0.0000183374	0.000000028561
11	103959636	104873283	289	23	-0.0000184756	0.000000007780
11	104873284	106520893	475	40	0.0000786435	0.000000019481
11	106520894	107844199	471	40	0.0000703984	0.000000021893
11	107844200	108437036	140	11	-0.0000098788	0.000000004563
11	108437037	109866115	347	40	0.0000942228	0.000000016902
11	109866116	111114396	491	40	0.0001585173	0.000000022285
11	111114397	112459487	383	38	0.0000720492	0.000000015942
11	112459488	114257727	792	40	0.0003261530	0.000000035091
11	114257728	114830665	233	27	0.0000459185	0.000000010568
11	114830666	116383347	656	40	0.0002001002	0.000000032634
11	116383348	117747109	600	40	0.0002039526	0.000000028160
11	117747110	119215475	524	40	0.0001725286	0.000000027191
11	119215476	120766805	631	40	0.0002198479	0.000000033708
11	120766806	121175942	201	23	-0.0000011096	0.000000008334
11	121175943	122591909	468	40	0.0001388207	0.000000024834
11	122591910	123500116	418	40	0.0000320989	0.000000021251
11	123500117	124495527	484	40	0.0000231075	0.000000017023
11	124495528	126311319	805	40	0.0000471486	0.000000028577
11	126311320	127316678	563	40	0.0000882365	0.000000024968
11	127316679	128188536	308	40	0.0000938653	0.000000014618
11	128188537	130342574	859	40	0.0000148625	0.000000028988
11	130342575	131074611	367	40	0.0001329395	0.000000020503
11	131074612	133000045	1107	40	0.0000823959	0.000000030997
11	133000046	134205992	550	40	0.0001934759	0.000000032373
11	134205993	134946451	403	40	0.0001513993	0.000000022692
12	61107	1080330	313	40	0.0001728002	0.000000018795
12	1080331	2544785	487	40	0.0001790431	0.000000027481
12	2544786	3677036	510	40	0.0001456804	0.000000029037
12	3677037	4417678	389	40	0.0000366601	0.000000020507
12	4417679	5321471	504	40	0.0001140297	0.000000026358
12	5321472	6419752	552	40	0.0000726988	0.000000026869
12	6419753	8377535	535	40	0.0000437419	0.000000027879
12	8377536	9031394	135	24	0.0000683478	0.000000009009
12	9031395	10481533	535	40	0.0000407741	0.000000023450
12	10481534	11754845	343	40	0.0000446353	0.000000014627
12	11754846	12733527	443	40	0.0001229799	0.000000025836
12	12733528	15241483	1031	40	0.0001413062	0.000000031583
12	15241484	16310459	256	36	0.0000912471	0.000000013347
12	16310460	18087872	559	40	0.0001392737	0.000000027431
12	18087873	20863942	949	40	0.0000522118	0.000000028804
12	20863943	23820633	1106	40	0.0000633536	0.000000028557
12	23820634	25371082	721	40	0.0001414348	0.000000031432
12	25371083	27799772	1028	40	0.0001623396	0.000000030392
12	27799773	29651254	701	40	0.0001271287	0.000000028705
12	29651255	30512405	467	40	0.0001081756	0.000000020891
12	30512406	32165591	634	40	0.0000718861	0.000000027683
12	32165592	33076988	383	40	-0.0000493725	0.000000015027
12	33076989	37856716	364	24	0.0001303503	0.000000014392
12	37856717	39227168	143	8	0.0000413996	0.000000005963
12	39227169	40816184	504	40	0.0001024281	0.000000020059
12	40816185	41658585	356	36	0.0000969085	0.000000014124
12	41658586	43984473	904	40	0.0002580939	0.000000033641
12	43984474	46024228	477	40	0.0001651960	0.000000020213
12	46024229	47714792	474	40	0.0002983406	0.000000025682
12	47714793	49001865	554	40	0.0000496071	0.000000023127
12	49001866	51776493	633	40	0.0003821778	0.000000030988
12	51776494	53039003	640	40	0.0001383190	0.000000027826
12	53039004	54778822	588	40	0.0001441636	0.000000027282
12	54778823	55665836	273	36	0.0000024629	0.000000012015
12	55665837	57548859	427	40	0.0001686845	0.000000019952
12	57548860	59308665	467	40	0.0001943535	0.000000021214
12	59308666	61123728	455	40	0.0001386032	0.000000019335
12	61123729	64032460	958	40	0.0002337075	0.000000033531
12	64032461	65559694	380	40	0.0000810655	0.000000018619
12	65559695	67181143	518	40	0.0001997425	0.000000024905
12	67181144	67909728	325	40	0.0001346172	0.000000014992
12	67909729	69826541	819	40	0.0000557384	0.000000030501
12	69826542	70957986	505	40	0.0000686840	0.000000020098
12	70957987	72645074	572	40	-0.0000253455	0.000000021497
12	72645075	73818453	306	30	0.0000165220	0.000000012391
12	73818454	76511313	772	40	0.0000544907	0.000000029843
12	76511314	78570569	759	40	0.0001084370	0.000000030933
12	78570570	80448149	410	40	0.0000026564	0.000000017498
12	80448150	81467766	308	36	0.0000751379	0.000000013396
12	81467767	83502665	564	40	0.0002332273	0.000000026121
12	83502666	84303843	234	27	0.0000239502	0.000000008012
12	84303844	85990425	396	34	0.0001438059	0.000000015166
12	85990426	89682121	761	40	-0.0000306172	0.000000024936
12	89682122	92066154	648	40	0.0003078863	0.000000025330
12	92066155	94514566	910	40	0.0001818086	0.000000032417
12	94514567	96020784	695	40	0.0000332076	0.000000028891
12	96020785	97108838	459	40	0.0001254967	0.000000023548
12	97108839	99305986	929	40	0.0000802987	0.000000030012
12	99305987	101447640	659	40	0.0001017869	0.000000029775
12	101447641	101862689	148	16	0.0000251981	0.000000006882
12	101862690	102964985	337	40	0.0000063320	0.000000011521
12	102964986	104848695	770	40	0.0003311981	0.000000035472
12	104848696	106436212	854	40	0.0000545550	0.000000030161
12	106436213	106958747	235	34	0.0000487390	0.000000011837
12	106958748	109025900	746	40	0.0003669469	0.000000035880
12	109025901	110336718	403	40	0.0002239625	0.000000017519
12	110336719	113263517	466	40	0.0002142864	0.000000012461
12	113263518	113986708	218	29	0.0003413611	0.000000017543
12	113986709	115036601	540	40	0.0000367119	0.000000023117
12	115036602	115503215	195	36	0.0000301096	0.000000008006
12	115503216	117087470	748	40	0.0000943380	0.000000029641
12	117087471	118135374	462	40	0.0001271125	0.000000025420
12	118135375	119754109	697	40	0.0001525301	0.000000032500
12	119754110	122007650	682	40	0.0001980457	0.000000028818
12	122007651	124977979	703	40	0.0001887928	0.000000030767
12	124977980	126445504	623	40	0.0000195695	0.000000029703
12	126445505	127875097	649	40	0.0001009169	0.000000030191
12	127875098	129237296	707	40	0.0000218806	0.000000031024
12	129237297	130377920	690	40	0.0000277745	0.000000029899
12	130377921	131786750	741	40	-0.0000783859	0.000000028130
12	131786751	132807033	291	40	0.0001030335	0.000000015630
12	132807034	133841510	173	25	0.0001946550	0.000000012152
13	19020013	20686719	298	36	0.0002052232	0.000000017516
13	20686720	22242173	589	40	-0.0000411462	0.000000025858
13	22242174	23594701	681	40	-0.0000220663	0.000000030256
13	23594702	24531936	515	40	0.0000364277	0.000000024373
13	24531937	25784361	651	40	0.0000393388	0.000000030303
13	25784362	27284361	546	40	0.0000049679	0.000000023035
13	27284362	29257550	859	40	0.0001998735	0.000000033604
13	29257551	30483266	507	40	0.0000286314	0.000000022312
13	30483267	32301814	785	40	-0.0000090837	0.000000029786
13	32301815	33776902	587	40	0.0001447053	0.000000026273
13	33776903	35026463	460	40	0.0000551348	0.000000021578
13	35026464	36046366	220	30	0.0000799335	0.000000011904
13	36046367	37498184	654	40	0.0001324615	0.000000032151
13	37498185	38878162	557	40	0.0001351184	0.000000023487
13	38878163	41069262	881	40	0.0000808270	0.000000031209
13	41069263	43101026	633	40	0.0000840381	0.000000026078
13	43101027	44901408	808	40	0.0001158306	0.000000031254
13	44901409	46495213	531	40	0.0000577540	0.000000024933
13	46495214	47431078	366	40	0.0001218523	0.000000018072
13	47431079	49383961	626	40	0.0000928784	0.000000027064
13	49383962	51591090	746	40	0.0002099155	0.000000031330
13	51591091	53339621	450	40	0.0002250798	0.000000025128
13	53339622	54682863	525	40	0.0002606205	0.000000027896
13	54682864	55817130	322	36	0.0001796289	0.000000015107
13	55817131	57554216	305	23	0.0001972706	0.000000013515
13	57554217	58410625	206	21	0.0000219228	0.000000006642
13	58410626	59302270	219	22	0.0000635221	0.000000008511
13	59302271	60854777	563	40	0.0000624682	0.000000024051
13	60854778	61591948	291	35	0.0002720708	0.000000017756
13	61591949	63971558	647	40	0.0000754632	0.000000028305
13	63971559	65200601	307	31	0.0000049723	0.000000010271
13	65200602	67844452	795	40	0.0002095179	0.000000032930
13	67844453	70724515	902	40	0.0002530703	0.000000033969
13	70724516	71526790	317	40	0.0000761741	0.000000015986
13	71526791	73934088	854	40	0.0000722084	0.000000029915
13	73934089	75670142	739	40	0.0000314503	0.000000028838
13	75670143	77410554	787	40	0.0000177028	0.000000028136
13	77410555	78808812	438	40	0.0000661684	0.000000017795
13	78808813	80585675	579	40	0.0002223774	0.000000027661
13	80585676	82581813	620	40	0.0000691052	0.000000027754
13	82581814	84133143	400	36	0.0000933712	0.000000013612
13	84133144	85610915	414	40	0.0002785821	0.000000021576
13	85610916	88559881	764	40	0.0000965420	0.000000029672
13	88559882	90521310	472	40	0.0000947196	0.000000018620
13	90521311	93129690	862	40	0.0001285631	0.000000030964
13	93129691	93586454	121	16	0.0000059331	0.000000005668
13	93586455	96087557	1206	40	0.0001745631	0.000000032442
13	96087558	97519209	358	38	0.0001619309	0.000000018808
13	97519210	98938918	440	40	0.0002242360	0.000000026318
13	98938919	100574094	797	40	0.0000108987	0.000000029302
13	100574095	102300522	772	40	0.0001724233	0.000000032198
13	102300523	104066709	942	40	0.0000672673	0.000000030264
13	104066710	104844113	311	40	0.0000571658	0.000000015342
13	104844114	106247553	631	40	0.0000723875	0.000000030774
13	106247554	106749999	274	40	-0.0000267101	0.000000011766
13	106750000	108189876	613	40	0.0001557221	0.000000032187
13	108189877	109121209	437	40	0.0001159291	0.000000024112
13	109121210	109815111	330	40	0.0002256175	0.000000020111
13	109815112	111232072	759	40	0.0001163569	0.000000025544
13	111232073	112247591	464	40	0.0001211822	0.000000023911
13	112247592	113572487	466	40	0.0000484196	0.000000024360
13	113572488	115109852	420	40	-0.0000091265	0.000000020128
14	19002084	21589401	596	40	-0.0000079513	0.000000029813
14	21589402	23018664	715	40	-0.0000240391	0.000000028361
14	23018665	24905122	717	40	0.0000620147	0.000000032216
14	24905123	26135685	561	40	0.0003672990	0.000000028806
14	26135686	28466532	696	40	0.0001151743	0.000000031652
14	28466533	29972144	385	40	0.0003219932	0.000000023502
14	29972145	32383264	599	40	0.0001315270	0.000000029222
14	32383265	34846250	1267	40	0.0001393198	0.000000032569
14	34846251	35859592	248	30	-0.0000213821	0.000000009508
14	35859593	38667724	885	40	0.0000830732	0.000000030456
14	38667725	40341989	550	40	0.0000882890	0.000000023879
14	40341990	41615501	355	32	0.0001704395	0.000000015259
14	41615502	43137388	429	36	0.0000959964	0.000000017920
14	43137389	44543226	363	40	0.0001028409	0.000000018633
14	44543227	46081895	383	40	0.0000409867	0.000000016195
14	46081896	46749129	196	17	0.0000024946	0.000000006340
14	46749130	48573585	589	40	0.0001322205	0.000000027850
14	48573586	49005470	113	13	-0.0000107654	0.000000004027
14	49005471	50507759	467	40	0.0000334723	0.000000021428
14	50507760	51493571	374	40	0.0000527504	0.000000018516
14	51493572	53474382	857	40	0.0000543846	0.000000028982
14	53474383	53997830	177	19	0.0000536330	0.000000008096
14	53997831	55233680	450	40	0.0000730936	0.000000022444
14	55233681	56216879	292	27	0.0000771197	0.000000012808
14	56216880	57481261	666	40	0.0001893128	0.000000032235
14	57481262	59448335	712	40	0.0001508597	0.000000031437
14	59448336	61680423	614	40	0.0000393786	0.000000022671
14	61680424	63790014	817	40	0.0000351373	0.000000028419
14	63790015	65220297	355	34	0.0000502486	0.000000015918
14	65220298	66399554	409	40	0.0000362166	0.000000018287
14	66399555	67992316	425	33	0.0000634437	0.000000013717
14	67992317	71131956	1249	40	0.0000593752	0.000000029399
14	71131957	72889614	687	40	0.0001246075	0.000000031003
14	72889615	76444766	1159	40	0.0002271623	0.000000032755
14	76444767	77229471	358	40	-0.0000718182	0.000000015777
14	77229472	78561944	641	40	0.0000272596	0.000000028117
14	78561945	80186578	613	40	0.0004392408	0.000000035381
14	80186579	81579713	513	40	0.0000347825	0.000000022196
14	81579714	83138096	477	40	-0.0000097843	0.000000020022
14	83138097	84241632	382	40	0.0000621027	0.000000017406
14	84241633	85746318	476	40	0.0000556107	0.000000022067
14	85746319	86647001	306	36	0.0001499545	0.000000016414
14	86647002	87635340	309	40	0.0000532613	0.000000014627
14	87635341	89497642	612	40	0.0000803954	0.000000024719
14	89497643	91296859	701	40	0.0001430575	0.000000031434
14	91296860	93132298	679	40	-0.0000025901	0.000000027865
14	93132299	94325284	415	40	0.0001325756	0.000000020785
14	94325285	95750866	881	40	0.0001211190	0.000000031478
14	95750867	96262414	383	40	0.0000058997	0.000000017996
14	96262415	98341161	854	40	0.0001120381	0.000000032070
14	98341162	99138531	369	40	0.0001680327	0.000000017842
14	99138532	101534306	903	40	0.0003256038	0.000000035294
14	101534307	103012101	439	40	0.0001456458	0.000000024267
14	103012102	105001722	483	40	0.0001327933	0.000000023782
14	105001723	106340357	162	29	-0.0000137508	0.000000008207
14	106340358	107289453	39	5	-0.0000189152	0.000000001638
15	20001200	21131603	6	2	-0.0000044095	0.000000000394
15	21131604	24195126	309	40	0.0000095715	0.000000016813
15	24195127	25108589	197	29	0.0000412466	0.000000009376
15	25108590	27298111	878	40	0.0000996311	0.000000031865
15	27298112	29338501	482	40	0.0000083029	0.000000022886
15	29338502	30165567	297	40	0.0001963116	0.000000018268
15	30165568	31591820	301	40	0.0001022678	0.000000016154
15	31591821	32441810	268	37	0.0001941582	0.000000015143
15	32441811	34015424	738	40	0.0000803493	0.000000030654
15	34015425	35083250	404	40	0.0000314526	0.000000019167
15	35083251	37456501	941	40	0.0000226469	0.000000029227
15	37456502	38530776	350	40	0.0001454369	0.000000019558
15	38530777	40384131	787	40	0.0001652981	0.000000031975
15	40384132	41177513	238	28	0.0001226913	0.000000013602
15	41177514	42776398	431	40	0.0001037973	0.000000019782
15	42776399	44198048	276	17	0.0000492866	0.000000009593
15	44198049	46618786	503	40	0.0000867486	0.000000021185
15	46618787	48136047	591	40	0.0003021648	0.000000029689
15	48136048	50008042	447	40	-0.0000207876	0.000000016380
15	50008043	51677559	613	40	-0.0000121035	0.000000020137
15	51677560	53069095	406	39	0.0003173995	0.000000021142
15	53069096	54508527	636	40	0.0002227034	0.000000031238
15	54508528	55136268	256	32	0.0000804802	0.000000014682
15	55136269	56901772	542	40	-0.0000177280	0.000000025282
15	56901773	58441365	631	40	0.0000881019	0.000000029309
15	58441366	59694115	518	40	0.0002402369	0.000000029310
15	59694116	61265835	666	40	0.0001712522	0.000000032191
15	61265836	63215221	917	40	-0.0000329384	0.000000025333
15	63215222	65104667	492	40	0.0001935898	0.000000022141
15	65104668	67094766	620	40	0.0001485156	0.000000031676
15	67094767	69017998	747	40	0.0002774537	0.000000027707
15	69017999	70133340	302	40	0.0000812829	0.000000016148
15	70133341	71922648	713	40	0.0000349134	0.000000029539
15	71922649	73628713	373	33	0.0002211194	0.000000017635
15	73628714	76398623	598	40	0.0002084120	0.000000025659
15	76398624	78516052	534	40	0.0003362654	0.000000025950
15	78516053	80860977	989	40	0.0001950895	0.000000030055
15	80860978	84260467	914	40	0.0002271769	0.000000032429
15	84260468	86652904	775	40	0.0001783208	0.000000029528
15	86652905	88369942	771	40	0.0001912164	0.000000032089
15	88369943	90475550	727	40	0.0000878368	0.000000031296
15	90475551	92164391	627	40	0.0001053085	0.000000028584
15	92164392	93780901	827	40	0.0000038599	0.000000029362
15	93780902	94924329	584	40	0.0000252739	0.000000030273
15	94924330	96141595	587	40	0.0002356665	0.000000033624
15	96141596	98030909	752	40	0.0000888715	0.000000030866
15	98030910	99244058	569	40	0.0000504040	0.000000030688
15	99244059	100636846	557	40	0.0000749876	0.000000031012
15	100636847	101552693	410	40	0.0001128691	0.000000023102
15	101552694	102520965	445	40	0.0001936673	0.000000028596
16	60054	1207205	304	40	0.0002695828	0.000000024536
16	1207206	2764828	371	40	0.0002437085	0.000000023875
16	2764829	4001195	305	40	0.0001328346	0.000000019330
16	4001196	5118344	378	40	0.0006749844	0.000000034250
16	5118345	5891579	353	40	0.0000911640	0.000000021335
16	5891580	6893550	705	40	0.0002186806	0.000000033660
16	6893551	7529120	482	40	0.0001084247	0.000000027209
16	7529121	8338518	537	40	0.0001895829	0.000000032247
16	8338519	9799418	710	40	0.0001410112	0.000000031443
16	9799419	10426031	371	39	0.0001864296	0.000000020112
16	10426032	11520160	447	40	0.0000442741	0.000000024239
16	11520161	12613097	405	40	0.0000687612	0.000000022813
16	12613098	13154436	313	40	0.0000623968	0.000000015468
16	13154437	14464001	561	40	0.0003236461	0.000000032664
16	14464002	16154059	319	40	0.0001693935	0.000000018140
16	16154060	17644748	397	40	0.0000839028	0.000000021541
16	17644749	18643606	178	28	-0.0000148124	0.000000008750
16	18643607	20150570	426	40	0.0003355859	0.000000023745
16	20150571	22448903	440	40	0.0002851806	0.000000023658
16	22448904	24136874	522	40	0.0000866327	0.000000026274
16	24136875	25986861	755	40	0.0002047014	0.000000033008
16	25986862	27445754	658	40	0.0000734660	0.000000030147
16	27445755	29036612	340	40	0.0006234685	0.000000024106
16	29036613	31382942	269	33	0.0003906548	0.000000019207
16	31382943	46399472	122	16	0.0000136610	0.000000005549
16	46399473	49007925	299	33	-0.0000105053	0.000000010640
16	49007926	52035822	1091	40	0.0002050843	0.000000032594
16	52035823	53382571	458	40	0.0002265244	0.000000022354
16	53382572	55903773	1198	40	0.0020984765	0.000000066542
16	55903774	57664329	648	40	0.0001411206	0.000000029645
16	57664330	59045404	516	40	0.0001190988	0.000000026046
16	59045405	60745693	504	40	0.0000118228	0.000000023107
16	60745694	62229848	362	40	0.0001241155	0.000000016831
16	62229849	63691588	446	40	0.0002543434	0.000000025860
16	63691589	65938565	813	40	0.0000271508	0.000000028689
16	65938566	68841362	679	40	0.0002580975	0.000000029769
16	68841363	71054027	392	40	0.0002365682	0.000000022355
16	71054028	72935149	454	38	0.0003733962	0.000000023305
16	72935150	74971502	794	40	0.0001585481	0.000000032548
16	74971503	75977953	230	30	0.0000475508	0.000000011450
16	75977954	77523677	686	40	0.0003895908	0.000000036049
16	77523678	78456291	648	40	0.0000540541	0.000000029892
16	78456292	79134814	570	40	0.0001200937	0.000000032159
16	79134815	80297373	783	40	0.0000426683	0.000000029134
16	80297374	81772535	793	40	0.0000679412	0.000000030366
16	81772536	82747727	586	40	0.0000781605	0.000000031461
16	82747728	83477207	607	40	0.0002649978	0.000000033867
16	83477208	84445882	721	40	0.0000368163	0.000000030795
16	84445883	85148684	475	40	0.0000267276	0.000000028772
16	85148685	86156598	492	40	-0.0000675936	0.000000028638
16	86156599	86815410	535	40	0.0001823610	0.000000033908
16	86815411	87647348	366	40	0.0000541091	0.000000021770
16	87647349	89041164	369	40	0.0001469196	0.000000024643
16	89041165	90292811	317	34	0.0002219572	0.000000019400
17	56	1172398	321	40	0.0001137549	0.000000024121
17	1172399	1928730	260	40	0.0001505540	0.000000017474
17	1928731	3702311	650	40	0.0000132971	0.000000030155
17	3702312	4696260	368	40	0.0001918695	0.000000024525
17	4696261	5741333	395	40	0.0003792240	0.000000025609
17	5741334	7317397	635	40	0.0001157335	0.000000033000
17	7317398	8306424	319	40	0.0001734844	0.000000019707
17	8306425	9965920	662	40	0.0000119251	0.000000030229
17	9965921	11102814	478	40	0.0001335204	0.000000025863
17	11102815	12534768	567	40	0.0000629692	0.000000030558
17	12534769	13180371	303	40	-0.0000062355	0.000000014975
17	13180372	13894636	370	40	0.0000726693	0.000000021187
17	13894637	15019096	611	40	0.0000761316	0.000000031097
17	15019097	16412341	321	40	0.0001126506	0.000000017418
17	16412342	18856319	571	40	0.0001952692	0.000000026870
17	18856320	21290356	392	40	0.0001761771	0.000000020638
17	21290357	27334243	523	40	-0.0000385307	0.000000023095
17	27334244	29786490	503	39	0.0003224794	0.000000020710
17	29786491	31538424	555	40	0.0000972548	0.000000027753
17	31538425	32912797	841	40	-0.0000079731	0.000000028328
17	32912798	34469035	522	40	0.0001433823	0.000000023633
17	34469036	36809343	517	40	0.0003229770	0.000000030533
17	36809344	38877403	449	40	0.0001101413	0.000000018064
17	38877404	39899809	325	34	0.0000780506	0.000000013361
17	39899810	41772086	381	39	0.0001179986	0.000000015547
17	41772087	43056904	342	38	0.0001265224	0.000000015046
17	43056905	45876021	604	40	0.0003623147	0.000000024754
17	45876022	47517399	537	40	0.0003206646	0.000000025193
17	47517400	49898956	778	40	0.0001280267	0.000000031761
17	49898957	50719054	288	27	0.0000478618	0.000000012250
17	50719055	51826117	312	34	0.0000992067	0.000000013305
17	51826118	53599431	619	40	-0.0000837949	0.000000025267
17	53599432	55357540	622	40	0.0002221003	0.000000032236
17	55357541	57487511	690	40	0.0000857427	0.000000030210
17	57487512	59312754	246	23	-0.0000193766	0.000000007425
17	59312755	61545588	451	40	0.0003261553	0.000000027049
17	61545589	63148127	309	37	0.0001729934	0.000000015358
17	63148128	64800429	642	40	-0.0000262901	0.000000024498
17	64800430	67858769	948	40	0.0002494870	0.000000033110
17	67858770	69387816	652	40	0.0000407913	0.000000024019
17	69387817	72672202	1447	40	-0.0000182121	0.000000029597
17	72672203	74375559	415	40	0.0001603957	0.000000023716
17	74375560	76263412	748	40	0.0001569282	0.000000034616
17	76263413	77298635	478	40	0.0000895087	0.000000030180
17	77298636	78837587	563	40	0.0002706487	0.000000036034
17	78837588	80034407	241	40	0.0003302308	0.000000021005
17	80034408	81194907	314	36	0.0000905487	0.000000012344
18	10644	912485	412	40	0.0000118094	0.000000022076
18	912486	1942910	369	40	0.0002167162	0.000000019663
18	1942911	3891657	785	40	0.0000259003	0.000000030571
18	3891658	5834179	807	40	-0.0000183998	0.000000029879
18	5834180	7090484	585	40	0.0000807227	0.000000031006
18	7090485	8498930	589	40	0.0001112558	0.000000031131
18	8498931	11075912	1284	40	-0.0000085998	0.000000029385
18	11075913	11905439	265	40	0.0000259902	0.000000014365
18	11905440	14440798	760	40	0.0001310569	0.000000031816
18	14440799	19485843	165	17	0.0000454203	0.000000007394
18	19485844	20649471	304	36	0.0001194361	0.000000014678
18	20649472	22996650	829	40	0.0003042931	0.000000033589
18	22996651	24026190	317	35	0.0000643988	0.000000015725
18	24026191	25927681	792	40	0.0001621652	0.000000031758
18	25927682	26875586	252	26	0.0000468871	0.000000010723
18	26875587	27866477	275	28	0.0001992693	0.000000014647
18	27866478	30264065	891	40	-0.0000041472	0.000000028331
18	30264066	31780066	349	36	0.0001373572	0.000000016577
18	31780067	33861963	620	40	0.0002256310	0.000000029637
18	33861964	35075249	485	40	0.0001953074	0.000000025821
18	35075250	36365489	498	40	0.0001704872	0.000000021417
18	36365490	37684366	355	34	0.0000557074	0.000000013497
18	37684367	39892647	781	40	0.0001622880	0.000000031237
18	39892648	42922105	947	40	0.0004256315	0.000000036672
18	42922106	44299245	693	40	-0.0000036833	0.000000028537
18	44299246	45939731	599	40	0.0001006260	0.000000028739
18	45939732	47730583	791	40	-0.0000482435	0.000000025339
18	47730584	51062184	1203	40	0.0001290255	0.000000031235
18	51062185	51554174	174	15	0.0000808838	0.000000007870
18	51554175	55213837	1120	40	0.0002914642	0.000000034013
18	55213838	56530219	620	40	0.0000792218	0.000000031101
18	56530220	57630482	590	40	0.0001731466	0.000000032732
18	57630483	59020750	439	40	0.0012655069	0.000000039641
18	59020751	60277714	547	40	-0.0000171680	0.000000023414
18	60277715	61820251	583	40	0.0001323324	0.000000026851
18	61820252	63463401	526	40	0.0001505676	0.000000024074
18	63463402	64252800	248	22	0.0000465784	0.000000009876
18	64252801	66125816	750	40	0.0000287284	0.000000029047
18	66125817	67175819	335	40	0.0000648438	0.000000017437
18	67175820	68621178	468	40	0.0000884314	0.000000025099
18	68621179	69621617	386	40	0.0000938637	0.000000019496
18	69621618	71038473	571	40	-0.0000154206	0.000000026574
18	71038474	71971461	498	40	0.0000781876	0.000000028588
18	71971462	73526986	669	40	0.0000638607	0.000000030624
18	73526987	74813814	602	40	0.0002484303	0.000000034904
18	74813815	75976316	597	40	0.0000262830	0.000000029401
18	75976317	77149990	419	40	0.0000162779	0.000000018273
18	77149991	78017157	271	39	0.0001024226	0.000000015563
19	80840	610728	104	24	0.0001092853	0.000000010964
19	610729	2098395	324	40	0.0002276737	0.000000032916
19	2098396	3019659	244	40	0.0001375503	0.000000018476
19	3019660	4348966	330	40	0.0001620375	0.000000026924
19	4348967	5811851	413	40	-0.0000243733	0.000000023717
19	5811852	6684884	216	40	0.0000482633	0.000000014399
19	6684885	8347512	550	40	0.0000336360	0.000000031991
19	8347513	9238392	267	40	0.0000970014	0.000000012718
19	9238393	11284027	505	40	0.0001939767	0.000000023793
19	11284028	13471126	429	40	0.0001288111	0.000000022394
19	13471127	14486346	210	40	0.0000494554	0.000000012469
19	14486347	15648609	376	40	0.0000226318	0.000000018897
19	15648610	16374415	367	40	0.0000738387	0.000000015235
19	16374416	18409861	569	40	0.0001771623	0.000000034811
19	18409862	19877470	330	40	0.0003606346	0.000000018353
19	19877471	20905756	140	21	0.0000075193	0.000000006710
19	20905757	22732895	342	38	0.0000103251	0.000000013483
19	22732896	23467745	136	13	0.0000020034	0.000000005206
19	23467746	28557892	297	27	0.0000913184	0.000000012973
19	28557893	29790946	476	40	0.0000969146	0.000000021901
19	29790947	30727953	336	40	0.0002503741	0.000000020565
19	30727954	32746519	649	40	0.0002144331	0.000000032838
19	32746520	34262951	515	40	0.0001476863	0.000000026666
19	34262952	36469294	672	40	0.0000754840	0.000000031316
19	36469295	37527032	239	20	0.0001076004	0.000000010374
19	37527033	40170618	651	40	0.0000853813	0.000000030253
19	40170619	40984600	188	25	0.0000677829	0.000000010004
19	40984601	42131572	305	40	0.0000530084	0.000000015513
19	42131573	43862454	169	21	0.0000565781	0.000000009018
19	43862455	44744107	306	40	0.0001140900	0.000000015529
19	44744108	46102696	372	40	0.0001285680	0.000000019252
19	46102697	47150081	295	40	0.0004823878	0.000000022778
19	47150082	49282226	607	40	0.0003084286	0.000000036736
19	49282227	51532566	651	40	0.0000815875	0.000000035881
19	51532567	52985289	655	40	0.0001054436	0.000000033003
19	52985290	54602361	529	40	0.0000611922	0.000000036730
19	54602362	55728079	383	40	0.0000241891	0.000000023069
19	55728080	57521334	695	40	0.0000988781	0.000000034358
19	57521335	59118838	552	40	0.0001837755	0.000000029016
20	60479	697599	274	40	-0.0000386145	0.000000014931
20	697600	2469500	1030	40	-0.0000020336	0.000000029929
20	2469501	3828412	509	40	0.0000995505	0.000000027029
20	3828413	5477849	822	40	-0.0000419289	0.000000029175
20	5477850	7084072	744	40	0.0000453052	0.000000029651
20	7084073	8117010	415	40	-0.0000306005	0.000000015850
20	8117011	9730920	784	40	0.0001264401	0.000000030846
20	9730921	11249535	744	40	0.0001179131	0.000000030265
20	11249536	12447498	510	40	0.0001388603	0.000000022953
20	12447499	13689863	563	40	0.0000650353	0.000000026706
20	13689864	15958358	1002	40	0.0000996603	0.000000031186
20	15958359	17487231	959	40	0.0001445825	0.000000031565
20	17487232	18972202	625	40	0.0001215367	0.000000030440
20	18972203	20959709	901	40	0.0001882336	0.000000033347
20	20959710	22491455	414	39	0.0000825923	0.000000016315
20	22491456	23293789	361	40	0.0001740691	0.000000018316
20	23293790	24717723	536	40	0.0001208682	0.000000024632
20	24717724	25344230	230	22	0.0001711422	0.000000011766
20	25344231	31614822	606	40	0.0001695996	0.000000024957
20	31614823	32813440	295	30	0.0000250409	0.000000011657
20	32813441	34960445	462	32	0.0002780347	0.000000017550
20	34960446	36909529	495	40	0.0001665267	0.000000022675
20	36909530	38436760	519	40	0.0000245177	0.000000020905
20	38436761	39610855	471	40	0.0000884245	0.000000022298
20	39610856	40585688	298	33	0.0001826366	0.000000014216
20	40585689	41615459	584	40	0.0000055183	0.000000028941
20	41615460	42680175	400	40	0.0000911412	0.000000020388
20	42680176	44839055	798	40	0.0002453839	0.000000031694
20	44839056	47199979	1043	40	0.0000637531	0.000000030172
20	47199980	49239657	768	40	0.0000072649	0.000000028021
20	49239658	52472548	1360	40	0.0004280311	0.000000037232
20	52472549	54055265	630	40	0.0000518408	0.000000030445
20	54055266	56447958	1160	40	0.0001210232	0.000000031890
20	56447959	58406571	902	40	0.0000465243	0.000000030517
20	58406572	59561723	555	40	0.0000343236	0.000000026727
20	59561724	61301854	772	40	0.0000667509	0.000000032273
20	61301855	62190179	307	40	0.0001766750	0.000000021895
20	62190180	62965162	239	39	0.0002481947	0.000000016262
21	9411243	15950981	287	40	0.0000987171	0.000000015993
21	15950982	18053164	676	40	0.0000947105	0.000000031756
21	18053165	19480374	453	40	0.0000190551	0.000000023436
21	19480375	20962338	616	40	0.0000562427	0.000000030176
21	20962339	22072763	361	40	0.0000225950	0.000000017618
21	22072764	23362874	532	40	0.0000824953	0.000000024831
21	23362875	24696230	358	40	-0.0000401362	0.000000014766
21	24696231	26469121	659	40	0.0000316353	0.000000028956
21	26469122	27271018	225	25	0.0000202835	0.000000010308
21	27271019	29125225	882	40	-0.0000177014	0.000000028285
21	29125226	31197024	705	40	0.0000268860	0.000000026426
21	31197025	32668641	462	40	0.0000577010	0.000000017689
21	32668642	34376998	670	40	0.0000968615	0.000000030491
21	34376999	35225464	292	40	0.0002026742	0.000000018101
21	35225465	36524372	573	40	0.0000493383	0.000000027962
21	36524373	37870778	542	40	0.0001106017	0.000000024634
21	37870779	38711703	319	39	0.0002733476	0.000000018271
21	38711704	40482901	852	40	0.0001173072	0.000000030577
21	40482902	41389526	505	40	0.0000121267	0.000000020544
21	41389527	43321527	1019	40	0.0000798400	0.000000030653
21	43321528	44506267	705	40	0.0000504164	0.000000030697
21	44506268	46177104	583	40	0.0001036893	0.000000031234
21	46177105	47492225	513	40	0.0002500852	0.000000028795
21	47492226	48119751	246	26	0.0000738181	0.000000011784
22	16050408	17674294	221	38	-0.0000526976	0.000000011637
22	17674295	18296087	266	40	0.0001631312	0.000000018246
22	18296088	19912357	540	40	0.0000316887	0.000000026434
22	19912358	22357324	608	40	0.0002605364	0.000000031862
22	22357325	23712646	340	40	0.0001058127	0.000000018948
22	23712647	24984203	365	40	0.0001404450	0.000000017982
22	24984204	26791627	762	40	0.0000832996	0.000000031106
22	26791628	27834751	750	40	-0.0000367298	0.000000029269
22	27834752	29651798	584	40	0.0001369018	0.000000030610
22	29651799	31439917	558	40	0.0000839070	0.000000023690
22	31439918	32664985	357	33	0.0000807026	0.000000015889
22	32664986	34494913	937	40	0.0001020410	0.000000031148
22	34494914	35530984	509	40	0.0000696115	0.000000020846
22	35530985	37570268	853	40	0.0001299555	0.000000032501
22	37570269	39307893	540	40	0.0000425971	0.000000027003
22	39307894	40545796	338	40	0.0001120872	0.000000018778
22	40545797	42690817	468	34	0.0001305423	0.000000018751
22	42690818	43714199	407	40	0.0000791406	0.000000020987
22	43714200	44995307	724	40	0.0002216710	0.000000034480
22	44995308	46470494	635	40	-0.0000069078	0.000000030621
22	46470495	47596317	460	40	0.0001487522	0.000000026499
22	47596318	48903702	752	40	0.0001509764	0.000000032692
22	48903703	49824533	626	40	0.0000237481	0.000000030270
22	49824534	51243297	405	40	0.0001274065	0.000000024006
