chr	start	end	num_snp	k	local_h2g	var
1	10583	1892606	97	14	-0.0000075579	0.000000046292
1	1892607	3582735	436	14	0.0003019094	0.000000265220
1	3582736	4380810	272	14	0.0006511103	0.000000183132
1	4380811	5913892	869	14	0.0001029027	0.000000340361
1	5913893	7247334	428	14	0.0000893351	0.000000224378
1	7247335	9365198	699	14	-0.0000313179	0.000000331239
1	9365199	10806983	351	14	0.0000547319	0.000000160248
1	10806984	11777840	258	14	0.0000120211	0.000000131733
1	11777841	12779465	282	14	0.0000789747	0.000000153914
1	12779466	14891510	618	14	0.0001387366	0.000000342796
1	14891511	16897729	690	14	-0.0000060042	0.000000332960
1	16897730	18662898	664	14	-0.0000534188	0.000000329737
1	18662899	20469148	711	14	-0.0000429079	0.000000330452
1	20469149	21736587	461	14	0.0000194263	0.000000228173
1	21736588	23086882	523	14	0.0003392134	0.000000312035
1	23086883	23920589	222	14	0.0001667829	0.000000115247
1	23920590	25516844	521	14	0.0001008950	0.000000292130
1	25516845	27401866	413	14	0.0002985649	0.000000192783
1	27401867	30161880	552	14	0.0002043024	0.000000262974
1	30161881	32438684	934	14	0.0002051881	0.000000347312
1	32438685	34799757	675	14	0.0003273530	0.000000355614
1	34799758	37549182	551	14	0.0000180822	0.000000271634
1	37549183	38731846	371	14	0.0002407833	0.000000190929
1	38731847	40200566	447	14	0.0002027185	0.000000232032
1	40200567	41975326	555	14	0.0002227497	0.000000268591
1	41975327	43758456	542	14	-0.0001185741	0.000000228862
1	43758457	44969182	371	14	0.0000695087	0.000000157252
1	44969183	46899500	458	14	0.0003147660	0.000000175069
1	46899501	48002575	297	14	0.0001107073	0.000000129315
1	48002576	48978187	344	14	0.0002150919	0.000000183782
1	48978188	49894176	247	14	-0.0000299638	0.000000115391
1	49894177	51713725	260	14	0.0003921635	0.000000114708
1	51713726	54226261	563	14	0.0000783492	0.000000280905
1	54226262	56413116	837	14	0.0001920497	0.000000346419
1	56413117	57021727	272	14	0.0002369061	0.000000127547
1	57021728	58865398	849	14	0.0001513388	0.000000343652
1	58865399	59890408	383	14	0.0000412687	0.000000170735
1	59890409	61922364	671	14	-0.0000002838	0.000000333348
1	61922365	63455088	534	14	-0.0000011792	0.000000268114
1	63455089	65041703	656	14	-0.0001077984	0.000000271269
1	65041704	66939403	649	14	0.0000701558	0.000000296804
1	66939404	68477894	687	14	0.0000329953	0.000000280808
1	68477895	69687615	389	14	0.0000717933	0.000000185677
1	69687616	71372469	520	14	0.0000164578	0.000000232969
1	71372470	71684404	82	10	0.0002338113	0.000000043768
1	71684405	74326906	559	14	-0.0000305831	0.000000205034
1	74326907	76728134	727	14	0.0000667674	0.000000280863
1	76728135	79661197	947	14	0.0000585891	0.000000337349
1	79661198	81354190	475	14	-0.0000055526	0.000000215854
1	81354191	83991747	973	14	0.0000589977	0.000000337377
1	83991748	84844494	314	14	0.0002960916	0.000000140466
1	84844495	86454750	652	14	-0.0000617430	0.000000306820
1	86454751	88128630	572	14	0.0003499996	0.000000293370
1	88128631	90066302	523	14	0.0002361715	0.000000254996
1	90066303	91886316	562	14	0.0004528467	0.000000285618
1	91886317	93536458	509	14	0.0000377759	0.000000203367
1	93536459	94506190	255	14	0.0001103506	0.000000100813
1	94506191	96150892	651	14	0.0002460451	0.000000331541
1	96150893	97885248	606	14	-0.0000919389	0.000000225646
1	97885249	99800603	640	14	0.0001705478	0.000000279002
1	99800604	100826404	339	14	0.0001910170	0.000000141156
1	100826405	102041015	447	14	0.0002539872	0.000000209625
1	102041016	102898744	280	14	0.0000272885	0.000000117314
1	102898745	103914210	200	14	0.0000128030	0.000000073369
1	103914211	106087841	455	14	0.0003502764	0.000000227229
1	106087842	108409664	726	14	0.0001782308	0.000000345480
1	108409665	110303930	565	14	0.0000443482	0.000000248529
1	110303931	111741736	571	14	-0.0000289632	0.000000309045
1	111741737	113273305	721	14	0.0001012927	0.000000340251
1	113273306	114873844	511	14	-0.0000640927	0.000000239028
1	114873845	115880592	345	14	0.0001407449	0.000000146235
1	115880593	118839066	837	14	0.0000781080	0.000000338676
1	118839067	144977493	567	14	-0.0000658191	0.000000246158
1	144977494	148361252	432	14	0.0001259234	0.000000203759
1	148361253	151538880	349	14	0.0001500495	0.000000148822
1	151538881	153180828	468	14	0.0002548064	0.000000196637
1	153180829	154770402	456	14	0.0000137209	0.000000203137
1	154770403	156336132	307	14	0.0002104297	0.000000156157
1	156336133	158027411	598	14	0.0001687736	0.000000299730
1	158027412	159913047	686	14	0.0009448442	0.000000397577
1	159913048	162346720	874	14	0.0000664843	0.000000337886
1	162346721	165191701	1199	14	0.0000640308	0.000000337719
1	165191702	166460516	533	14	0.0000908739	0.000000284729
1	166460517	169086323	1106	14	-0.0000153900	0.000000332322
1	169086324	170557775	559	14	0.0001702441	0.000000224900
1	170557776	173097906	902	14	0.0003052900	0.000000354114
1	173097907	175089767	412	14	0.0003368494	0.000000141275
1	175089768	177433380	784	14	0.0001631579	0.000000344455
1	177433381	178944308	492	14	0.0000204145	0.000000214085
1	178944309	178954469	2	1	0.0000244428	0.000000002732
1	178954470	181144120	751	14	-0.0000526942	0.000000323582
1	181144121	182755355	600	14	-0.0000760834	0.000000302794
1	182755356	184595512	630	14	0.0000564973	0.000000268333
1	184595513	186810022	524	14	0.0000412214	0.000000216897
1	186810023	188759944	619	14	0.0001174968	0.000000271726
1	188759945	189904129	219	14	0.0001533431	0.000000080337
1	189904130	191868929	538	14	0.0003242010	0.000000212976
1	191868930	194107441	584	14	0.0001610993	0.000000258599
1	194107442	196176200	580	14	-0.0000094733	0.000000221247
1	196176201	197311513	197	14	0.0002295301	0.000000076984
1	197311514	199239883	504	14	0.0000905809	0.000000230132
1	199239884	200137648	301	14	0.0001947882	0.000000143354
1	200137649	201589974	711	14	0.0000848400	0.000000339133
1	201589975	203334733	616	14	0.0000867726	0.000000330736
1	203334734	204681067	485	14	0.0001186861	0.000000246335
1	204681068	206073264	578	14	0.0004098241	0.000000320588
1	206073265	208410363	634	14	0.0006102986	0.000000374842
1	208410364	210787749	931	14	0.0000626637	0.000000337626
1	210787750	212842329	698	14	0.0001917159	0.000000346396
1	212842330	214578265	614	14	0.0004386132	0.000000350772
1	214578266	216243633	595	14	0.0000532844	0.000000284418
1	216243634	218705512	1084	14	-0.0000330859	0.000000331119
1	218705513	219590570	282	14	0.0001413790	0.000000129446
1	219590571	221858230	690	14	0.0000541817	0.000000331617
1	221858231	222230219	174	14	0.0000100425	0.000000086040
1	222230220	224938519	462	14	-0.0000642360	0.000000212599
1	224938520	226810859	519	14	0.0000963235	0.000000244824
1	226810860	229156247	695	14	-0.0000250896	0.000000309308
1	229156248	230685254	530	14	0.0002246867	0.000000291561
1	230685255	232090251	590	14	0.0001772772	0.000000307839
1	232090252	233429283	607	14	0.0001815564	0.000000345706
1	233429284	234599433	536	14	0.0001542126	0.000000294246
1	234599434	235819435	385	14	0.0000269042	0.000000200550
1	235819436	237555627	732	14	0.0000598220	0.000000337433
1	237555628	238567806	428	14	0.0003592839	0.000000246145
1	238567807	239925313	490	14	-0.0000054750	0.000000256072
1	239925314	240564090	343	14	0.0002116084	0.000000184899
1	240564091	241582219	519	14	0.0001095282	0.000000316916
1	241582220	242071601	220	14	0.0004405260	0.000000143111
1	242071602	244109498	622	14	0.0002074811	0.000000339708
1	244109499	245506745	517	14	0.0003312500	0.000000306243
1	245506746	247344517	711	14	-0.0000272869	0.000000331513
1	247344518	249239465	400	14	0.0004826115	0.000000234758
2	10133	1781021	663	14	0.0001025315	0.000000340335
2	1781022	3973778	968	14	-0.0000064098	0.000000332932
2	3973779	5708336	631	14	0.0002924687	0.000000353243
2	5708337	6836253	565	14	0.0000416838	0.000000278421
2	6836254	8422146	655	14	0.0001634278	0.000000344474
2	8422147	10298468	673	14	0.0000114542	0.000000334146
2	10298469	12419149	974	14	-0.0000996871	0.000000326593
2	12419150	14335307	593	14	0.0003042206	0.000000311168
2	14335308	16329734	748	14	0.0000220363	0.000000334865
2	16329735	18647422	860	14	0.0002474396	0.000000350183
2	18647423	19692403	385	14	0.0001690094	0.000000201139
2	19692404	21050489	638	14	0.0000415896	0.000000326122
2	21050490	23341382	625	14	0.0000080874	0.000000333917
2	23341383	24686917	442	14	0.0004698281	0.000000236690
2	24686918	26894984	560	14	0.0003037130	0.000000290236
2	26894985	28598776	417	14	0.0000982617	0.000000177270
2	28598777	29217558	247	14	-0.0001258140	0.000000107047
2	29217559	30463710	636	14	0.0003097906	0.000000354420
2	30463711	31550449	532	14	-0.0000398904	0.000000296893
2	31550450	33363776	495	14	0.0001937120	0.000000300670
2	33363777	35345027	807	14	0.0002066177	0.000000347409
2	35345028	36122005	291	14	0.0001875350	0.000000148725
2	36122006	38132711	933	14	0.0001885469	0.000000346181
2	38132712	39031336	326	14	0.0003155715	0.000000206203
2	39031337	40281482	303	14	0.0000870395	0.000000167097
2	40281483	43309589	1311	14	0.0002413291	0.000000349768
2	43309590	44313802	403	14	0.0004441337	0.000000249745
2	44313803	46482633	1073	14	0.0001123874	0.000000341005
2	46482634	47318771	418	14	0.0001655001	0.000000272770
2	47318772	48213000	299	14	0.0002318849	0.000000191689
2	48213001	50022256	715	14	0.0001085225	0.000000340743
2	50022257	50818927	345	14	0.0001700244	0.000000186165
2	50818928	52491132	648	14	0.0002607348	0.000000351087
2	52491133	53508451	466	14	0.0002045119	0.000000256464
2	53508452	54685225	435	14	-0.0000255759	0.000000230845
2	54685226	56203344	613	14	0.0002478773	0.000000350213
2	56203345	57429099	428	14	0.0000430510	0.000000234050
2	57429100	58297314	272	14	0.0001752358	0.000000147899
2	58297315	60291999	741	14	0.0001647990	0.000000344567
2	60292000	62429043	587	14	0.0002926496	0.000000350922
2	62429044	64625912	583	14	0.0000974326	0.000000316859
2	64625913	65933443	465	14	0.0000226694	0.000000247064
2	65933444	67226165	556	14	0.0002605569	0.000000292503
2	67226166	68010175	423	14	-0.0000163743	0.000000203896
2	68010176	69139563	471	14	0.0000678032	0.000000225755
2	69139564	70755197	535	14	-0.0000155637	0.000000246652
2	70755198	73174847	803	14	0.0001152694	0.000000341201
2	73174848	75630085	723	14	0.0004078233	0.000000361082
2	75630086	76913660	515	14	0.0001015778	0.000000275810
2	76913661	78079263	394	14	0.0001813654	0.000000234842
2	78079264	80050402	826	14	0.0001060050	0.000000340571
2	80050403	81620840	579	14	0.0003721316	0.000000353217
2	81620841	85140679	891	14	0.0000188026	0.000000285817
2	85140680	88038506	634	14	0.0000038724	0.000000275118
2	88038507	89154525	245	14	0.0000647508	0.000000109671
2	89154526	95326451	4	2	-0.0000065613	0.000000001778
2	95326452	98995200	427	14	0.0002362424	0.000000203605
2	98995201	101822328	907	14	-0.0000476935	0.000000330126
2	101822329	102688764	261	14	-0.0000276884	0.000000104108
2	102688765	103588214	406	14	0.0001118777	0.000000144297
2	103588215	105125033	304	14	0.0000621571	0.000000141611
2	105125034	106210057	406	14	-0.0000190831	0.000000196755
2	106210058	107408266	444	14	0.0000672226	0.000000210233
2	107408267	108429176	355	14	-0.0000329494	0.000000133266
2	108429177	110572431	530	14	0.0001682153	0.000000248244
2	110572432	113921855	797	14	0.0001951921	0.000000346632
2	113921856	116772469	758	14	-0.0000898567	0.000000327261
2	116772470	118367465	397	14	0.0001677900	0.000000161869
2	118367466	121303782	994	14	0.0002190564	0.000000348254
2	121303783	123302905	578	14	0.0000994057	0.000000295028
2	123302906	124732249	430	14	0.0001684353	0.000000175927
2	124732250	125840920	381	14	0.0002515082	0.000000188261
2	125840921	127373763	409	14	0.0001900225	0.000000160055
2	127373764	128034346	288	14	0.0000610423	0.000000138926
2	128034347	129474440	433	14	-0.0000715197	0.000000184931
2	129474441	130067169	223	14	0.0001527264	0.000000098681
2	130067170	130658084	203	14	0.0000360845	0.000000090873
2	130658085	133042783	214	14	0.0000875706	0.000000108050
2	133042784	135158577	916	14	0.0000677159	0.000000337969
2	135158578	137042793	457	14	0.0001345854	0.000000181068
2	137042794	138698116	595	14	0.0000408811	0.000000285818
2	138698117	140100270	436	14	-0.0001276842	0.000000145987
2	140100271	141805350	569	14	0.0001392518	0.000000284287
2	141805351	142518601	299	14	0.0002181334	0.000000163266
2	142518602	144519483	657	14	0.0000507807	0.000000312166
2	144519484	146445569	439	14	0.0003947205	0.000000233724
2	146445570	147277161	151	14	-0.0000473332	0.000000062693
2	147277162	150210291	661	14	0.0002642022	0.000000297217
2	150210292	151731461	474	14	-0.0000641481	0.000000213310
2	151731462	152486781	286	14	0.0001445721	0.000000125180
2	152486782	154005055	481	14	0.0001630550	0.000000235026
2	154005056	155391134	486	14	0.0000368863	0.000000237932
2	155391135	157560634	554	14	0.0004065699	0.000000283219
2	157560635	158533217	172	14	0.0002403697	0.000000107651
2	158533218	159577081	331	14	0.0000871920	0.000000161099
2	159577082	161769732	721	14	0.0000639260	0.000000322248
2	161769733	163503550	390	14	0.0001959155	0.000000156496
2	163503551	164466637	192	14	0.0000185261	0.000000086608
2	164466638	165178839	176	14	0.0000701553	0.000000083303
2	165178840	167160269	630	14	0.0002467471	0.000000301265
2	167160270	167355969	73	10	-0.0000190853	0.000000029215
2	167355970	169968235	830	14	0.0016587677	0.000000446094
2	169968236	171226244	490	14	-0.0000012740	0.000000229627
2	171226245	173138904	574	14	0.0001035300	0.000000308896
2	173138905	175588928	843	14	0.0001291114	0.000000342142
2	175588929	177363635	533	14	-0.0000691006	0.000000239412
2	177363636	178553182	475	14	0.0003320103	0.000000218344
2	178553183	181312738	1009	14	0.0000799759	0.000000338803
2	181312739	182266030	298	14	0.0001800822	0.000000135256
2	182266031	184357607	615	14	0.0000621558	0.000000300033
2	184357608	185280172	232	14	0.0002858899	0.000000116315
2	185280173	189882064	955	14	0.0000900996	0.000000339491
2	189882065	191973356	501	14	0.0001873738	0.000000233828
2	191973357	195861163	716	14	0.0002064330	0.000000347396
2	195861164	196447455	154	14	0.0000008351	0.000000066515
2	196447456	198078109	449	14	0.0001528852	0.000000179596
2	198078110	199311124	304	14	-0.0000152764	0.000000103047
2	199311125	201576283	628	14	0.0000133714	0.000000289947
2	201576284	202818636	316	14	0.0000493265	0.000000145990
2	202818637	205799240	745	14	0.0000119952	0.000000334183
2	205799241	206735703	404	14	0.0001782829	0.000000238189
2	206735704	208645398	657	14	0.0001756178	0.000000345302
2	208645399	209941528	335	14	0.0001321297	0.000000164786
2	209941529	212379517	740	14	0.0000970735	0.000000339965
2	212379518	214014281	628	14	0.0000805502	0.000000338842
2	214014282	215573794	443	14	-0.0000506098	0.000000212813
2	215573795	217715660	800	14	0.0002136279	0.000000347885
2	217715661	218395479	276	14	0.0002679950	0.000000156089
2	218395480	220454550	595	14	0.0001010322	0.000000271348
2	220454551	222521175	855	14	0.0001749315	0.000000345256
2	222521176	224859418	789	14	0.0000354292	0.000000335775
2	224859419	225840003	350	14	0.0001858107	0.000000148609
2	225840004	228119841	735	14	-0.0000879704	0.000000306569
2	228119842	229370786	453	14	0.0001088656	0.000000201226
2	229370787	231843388	934	14	0.0002129003	0.000000347836
2	231843389	233550002	466	14	0.0002701630	0.000000238000
2	233550003	235150986	796	14	0.0000997188	0.000000340144
2	235150987	236043549	421	14	-0.0000825300	0.000000237781
2	236043550	237449031	471	14	0.0001563076	0.000000251761
2	237449032	238760980	536	14	0.0000672177	0.000000279408
2	238760981	239952642	412	14	0.0001428034	0.000000216730
2	239952643	241560083	649	14	0.0000883321	0.000000339370
2	241560084	242149920	216	14	0.0000762817	0.000000104154
2	242149921	243188919	129	14	0.0003614335	0.000000080408
3	60157	1441778	619	14	0.0001957853	0.000000346673
3	1441779	2992119	901	14	0.0001539261	0.000000343828
3	2992120	4431646	770	14	0.0001289074	0.000000342128
3	4431647	6083182	775	14	0.0000331438	0.000000335620
3	6083183	7083386	429	14	-0.0000115759	0.000000242578
3	7083387	8648560	861	14	0.0006247725	0.000000375826
3	8648561	9543182	489	14	0.0000821769	0.000000279679
3	9543183	11019664	596	14	0.0001278526	0.000000342056
3	11019665	13070798	738	14	0.0003752501	0.000000358869
3	13070799	14816899	793	14	0.0004781875	0.000000365864
3	14816900	16282441	531	14	0.0000902637	0.000000255988
3	16282442	17891117	500	14	0.0000083669	0.000000236723
3	17891118	19125143	342	14	0.0001391864	0.000000171274
3	19125144	20091347	196	14	0.0004354920	0.000000130102
3	20091348	21643706	638	14	0.0002413880	0.000000349772
3	21643707	22204243	381	14	0.0000859028	0.000000205222
3	22204244	23804864	528	14	0.0000826970	0.000000285665
3	23804865	25461557	746	14	0.0002021216	0.000000347103
3	25461558	26877768	470	14	0.0000576112	0.000000225776
3	26877769	27840909	271	14	0.0000892230	0.000000136916
3	27840910	29142259	449	14	0.0001834510	0.000000251433
3	29142260	30717954	686	14	0.0001708920	0.000000344981
3	30717955	32351714	659	14	0.0001754965	0.000000345294
3	32351715	33255591	277	14	0.0001393924	0.000000160623
3	33255592	35283457	583	14	0.0000043020	0.000000266273
3	35283458	36486841	409	14	0.0000982990	0.000000203975
3	36486842	38356115	596	14	-0.0000478818	0.000000276818
3	38356116	40221297	659	14	0.0002039949	0.000000305126
3	40221298	41064527	150	14	0.0000911296	0.000000070140
3	41064528	42540001	450	14	0.0002757718	0.000000228505
3	42540002	45165152	706	14	0.0001920446	0.000000327875
3	45165153	46657499	517	14	0.0000909433	0.000000235142
3	46657500	47727211	176	14	0.0001866962	0.000000081961
3	47727212	49316971	257	14	0.0002587567	0.000000080739
3	49316972	51832014	440	14	0.0006887822	0.000000148963
3	51832015	54081389	608	14	0.0000850857	0.000000282848
3	54081390	55348859	664	14	0.0001178517	0.000000341377
3	55348860	56433906	371	14	0.0001970625	0.000000200965
3	56433907	58157518	542	14	0.0000537154	0.000000245548
3	58157519	60272905	975	14	0.0000867905	0.000000339266
3	60272906	62355665	982	14	0.0000499991	0.000000336765
3	62355666	63669285	672	14	0.0000192521	0.000000334676
3	63669286	65273537	760	14	0.0000901668	0.000000339495
3	65273538	66270446	344	14	0.0000682870	0.000000204729
3	66270447	68286913	640	14	-0.0000106312	0.000000332645
3	68286914	69276761	367	14	0.0001002955	0.000000204804
3	69276762	70449027	391	14	0.0002093514	0.000000225428
3	70449028	72529328	793	14	0.0001085791	0.000000340746
3	72529329	74321816	721	14	0.0001633985	0.000000344472
3	74321817	75704948	273	14	0.0000970565	0.000000131619
3	75704949	77508834	486	14	-0.0000276379	0.000000242215
3	77508835	79024540	406	14	0.0001411721	0.000000208254
3	79024541	81427309	489	14	0.0002210707	0.000000189602
3	81427310	82643885	295	14	0.0002125217	0.000000125276
3	82643886	84367478	313	14	-0.0000607732	0.000000126198
3	84367479	85582230	253	14	0.0000070679	0.000000100145
3	85582231	87409731	453	14	0.0000612352	0.000000187700
3	87409732	88298372	189	14	0.0003158110	0.000000088775
3	88298373	94255315	463	14	0.0001757698	0.000000208505
3	94255316	95311970	216	14	0.0000735464	0.000000080474
3	95311971	98215949	566	14	0.0003002853	0.000000244293
3	98215950	99373761	330	14	0.0004505433	0.000000161822
3	99373762	100592216	332	14	0.0002593660	0.000000136719
3	100592217	103084959	659	14	0.0000464301	0.000000281718
3	103084960	104581612	412	14	0.0001146886	0.000000179729
3	104581613	106982810	713	14	-0.0001650956	0.000000322148
3	106982811	109522394	763	14	0.0001539457	0.000000343829
3	109522395	110513769	251	14	-0.0000368670	0.000000081668
3	110513770	112815698	694	14	0.0000698452	0.000000315751
3	112815699	113947862	375	14	0.0001933326	0.000000171571
3	113947863	115447079	405	14	0.0001368600	0.000000223351
3	115447080	116800152	523	14	-0.0000646570	0.000000245510
3	116800153	118530250	570	14	0.0000121389	0.000000298908
3	118530251	120523054	667	14	0.0002856353	0.000000289012
3	120523055	121974096	390	14	-0.0000686833	0.000000117279
3	121974097	123517767	529	14	0.0002945555	0.000000258222
3	123517768	124936641	627	14	0.0000807043	0.000000304315
3	124936642	126214942	386	14	0.0002643205	0.000000184397
3	126214943	128194860	672	14	-0.0000179624	0.000000314385
3	128194861	130244734	437	14	0.0001636487	0.000000198027
3	130244735	131836515	548	14	0.0002560087	0.000000242726
3	131836516	133252172	516	14	0.0000728692	0.000000223266
3	133252173	135456905	865	14	0.0002021653	0.000000347106
3	135456906	137371082	442	14	-0.0000214190	0.000000169215
3	137371083	139954596	843	14	0.0001333560	0.000000342430
3	139954597	141339096	477	14	0.0001558476	0.000000251009
3	141339097	143164627	625	14	0.0000781870	0.000000318613
3	143164628	144410815	389	14	0.0004147333	0.000000205361
3	144410816	145664618	353	14	0.0000395470	0.000000140092
3	145664619	146726628	336	14	0.0002174697	0.000000161900
3	146726629	149043236	682	14	0.0000421881	0.000000336235
3	149043237	150252003	425	14	0.0001946754	0.000000234321
3	150252004	151348729	367	14	-0.0000156334	0.000000180471
3	151348730	153256570	566	14	0.0004348761	0.000000298377
3	153256571	154714217	407	14	0.0001034235	0.000000157542
3	154714218	156008699	332	14	0.0000852871	0.000000162970
3	156008700	157312027	452	14	-0.0000817175	0.000000179439
3	157312028	159477889	642	14	-0.0000451486	0.000000243927
3	159477890	161524503	568	14	0.0002303749	0.000000222638
3	161524504	163253204	473	14	-0.0000417008	0.000000180766
3	163253205	165055468	437	14	0.0001669971	0.000000149960
3	165055469	167117428	454	14	0.0002013681	0.000000193721
3	167117429	168580959	363	14	0.0000691159	0.000000152590
3	168580960	170964908	719	14	0.0004069619	0.000000361024
3	170964909	172295730	509	14	0.0004015889	0.000000299086
3	172295731	173477284	386	14	0.0000223135	0.000000203020
3	173477285	175116538	601	14	0.0002565545	0.000000350803
3	175116539	176320286	340	14	0.0002353615	0.000000163763
3	176320287	178107164	538	14	0.0001708144	0.000000284940
3	178107165	179374585	385	14	0.0000524875	0.000000173514
3	179374586	181511165	463	14	0.0001595738	0.000000227706
3	181511166	183769682	666	14	-0.0000647464	0.000000307380
3	183769683	185068254	415	14	0.0000080153	0.000000219595
3	185068255	186890343	663	14	0.0003137316	0.000000354688
3	186890344	188856213	807	14	0.0000129694	0.000000334249
3	188856214	190226606	627	14	-0.0000998272	0.000000326584
3	190226607	192343813	743	14	-0.0000785228	0.000000328031
3	192343814	194059670	514	14	-0.0000895790	0.000000275484
3	194059671	194786673	265	14	0.0001042598	0.000000147056
3	194786674	195971407	228	14	0.0003257548	0.000000141172
3	195971408	197075986	289	14	0.0004191320	0.000000172152
3	197075987	197946621	182	14	0.0001309129	0.000000098460
4	10240	694714	105	12	0.0002817698	0.000000070330
4	694715	1478710	220	14	0.0001462396	0.000000111352
4	1478711	2842978	266	14	0.0003520230	0.000000158465
4	2842979	3846039	262	14	-0.0000810521	0.000000134609
4	3846040	4684115	227	14	0.0000564132	0.000000125672
4	4684116	5502387	393	14	-0.0001113511	0.000000218628
4	5502388	6773042	686	14	0.0002348227	0.000000349326
4	6773043	7539691	409	14	0.0003183985	0.000000267785
4	7539692	8152234	358	14	0.0001830952	0.000000223657
4	8152235	9326478	246	14	0.0000995613	0.000000137610
4	9326479	10699151	512	14	-0.0000712411	0.000000206495
4	10699152	12323033	648	14	0.0000727425	0.000000338311
4	12323034	14272000	713	14	0.0001423008	0.000000343038
4	14272001	15147445	383	14	-0.0000858818	0.000000189482
4	15147446	15927008	250	14	0.0000003420	0.000000123196
4	15927009	17383321	668	14	0.0000341018	0.000000335685
4	17383322	18841873	420	14	0.0001997183	0.000000209426
4	18841874	20544556	468	14	-0.0000172341	0.000000194109
4	20544557	22319346	669	14	0.0001086545	0.000000340752
4	22319347	24135528	606	14	0.0001486113	0.000000311954
4	24135529	25609321	604	14	-0.0000119339	0.000000331002
4	25609322	27343721	566	14	-0.0000436572	0.000000317250
4	27343722	27965867	199	14	-0.0000066903	0.000000097970
4	27965868	29762207	528	14	0.0002981088	0.000000265688
4	29762208	30454534	158	14	0.0003185818	0.000000090171
4	30454535	31782980	405	14	0.0001425990	0.000000209740
4	31782981	33172765	313	14	0.0000640368	0.000000154233
4	33172766	35151414	361	14	0.0002798212	0.000000143883
4	35151415	36020435	273	14	0.0002339414	0.000000122274
4	36020436	37255046	432	14	0.0003098271	0.000000201708
4	37255047	38907021	791	14	0.0001329018	0.000000342399
4	38907022	40202608	400	14	0.0000213232	0.000000175476
4	40202609	42213057	715	14	0.0001507125	0.000000343610
4	42213058	43965044	528	14	0.0001304102	0.000000248568
4	43965045	45189156	340	14	0.0002118809	0.000000143204
4	45189157	47411895	453	14	0.0001786297	0.000000200411
4	47411896	48123599	221	14	-0.0000031183	0.000000081467
4	48123600	53877432	485	14	0.0001337957	0.000000201525
4	53877433	55429555	536	14	0.0000352496	0.000000254450
4	55429556	56547643	373	14	0.0000795773	0.000000182114
4	56547644	58935007	855	14	0.0001401093	0.000000342889
4	58935008	60741086	454	14	0.0000899683	0.000000198571
4	60741087	62371762	426	14	0.0002776401	0.000000211219
4	62371763	64341000	434	14	0.0001237778	0.000000216848
4	64341001	66600491	504	14	0.0002039868	0.000000220158
4	66600492	68059496	385	14	0.0001053248	0.000000168327
4	68059497	68854764	246	14	-0.0000250757	0.000000092991
4	68854765	71049151	523	14	0.0001307818	0.000000186922
4	71049152	72140557	219	14	-0.0000130890	0.000000085727
4	72140558	74592389	490	14	0.0004763187	0.000000239229
4	74592390	77130706	733	14	0.0002314980	0.000000324430
4	77130707	79093978	732	14	0.0001806243	0.000000345642
4	79093979	80990296	563	14	-0.0000473031	0.000000213741
4	80990297	82125314	245	14	0.0003004138	0.000000127995
4	82125315	83372592	363	14	0.0000319228	0.000000168759
4	83372593	84799655	484	14	0.0002076905	0.000000233075
4	84799656	86930608	594	14	0.0001003602	0.000000259582
4	86930609	87534647	139	14	-0.0000146024	0.000000055295
4	87534648	89238027	570	14	0.0000881940	0.000000270479
4	89238028	90231563	323	14	0.0000165152	0.000000153026
4	90231564	91560676	339	14	0.0001031991	0.000000148953
4	91560677	94233298	567	14	-0.0000075079	0.000000285532
4	94233299	96182187	607	14	0.0000190447	0.000000316131
4	96182188	97540702	489	14	0.0002286316	0.000000258095
4	97540703	99424066	403	14	0.0001303421	0.000000146190
4	99424067	100678359	412	14	0.0003205241	0.000000195618
4	100678360	103221355	796	14	0.0000526661	0.000000336947
4	103221356	105305293	489	14	0.0000377882	0.000000202673
4	105305294	107501304	582	14	0.0002669744	0.000000259242
4	107501305	108815347	360	14	0.0001624572	0.000000160848
4	108815348	111256566	770	14	0.0002811865	0.000000352476
4	111256567	113870101	722	14	0.0004194888	0.000000361875
4	113870102	115666245	609	14	0.0000955334	0.000000328243
4	115666246	117276928	337	14	0.0002634192	0.000000144074
4	117276929	118479917	337	14	-0.0000030845	0.000000144442
4	118479918	119933511	419	14	0.0003712603	0.000000189572
4	119933512	120392683	148	14	-0.0000096268	0.000000053842
4	120392684	122657986	701	14	0.0006211987	0.000000375583
4	122657987	124286480	382	14	-0.0000076947	0.000000144132
4	124286481	125210861	263	14	0.0001194743	0.000000126054
4	125210862	126480885	387	14	0.0001921470	0.000000198574
4	126480886	127275476	222	14	0.0002860678	0.000000123240
4	127275477	127830292	163	14	0.0001196460	0.000000084168
4	127830293	128996664	195	14	-0.0001080956	0.000000075057
4	128996665	130591884	443	14	-0.0000670957	0.000000190748
4	130591885	131283820	183	14	0.0001749327	0.000000097693
4	131283821	132954032	354	14	0.0000213187	0.000000173444
4	132954033	134628433	371	14	0.0003253617	0.000000178446
4	134628434	136566406	425	14	-0.0000128103	0.000000175893
4	136566407	138541970	514	14	0.0005148657	0.000000288352
4	138541971	139556510	353	14	0.0004190805	0.000000202932
4	139556511	141084630	502	14	0.0000217154	0.000000269664
4	141084631	143443264	718	14	-0.0000567017	0.000000329514
4	143443265	146178186	510	14	0.0006809661	0.000000237711
4	146178187	148521872	616	14	0.0000745250	0.000000297854
4	148521873	150683579	527	14	0.0000021222	0.000000241338
4	150683580	152782183	516	14	0.0001615997	0.000000191043
4	152782184	154477640	503	14	-0.0000005187	0.000000273337
4	154477641	155056125	205	14	0.0001866323	0.000000108417
4	155056126	157485096	801	14	-0.0000258128	0.000000331613
4	157485097	158743717	320	14	0.0001692546	0.000000160643
4	158743718	161058863	518	14	0.0000466170	0.000000219375
4	161058864	161826434	263	14	0.0001426052	0.000000142449
4	161826435	163243678	436	14	0.0001746657	0.000000214688
4	163243679	164478233	330	14	0.0000111176	0.000000153990
4	164478234	165823447	419	14	-0.0000270110	0.000000219354
4	165823448	167018857	360	14	0.0000565219	0.000000193559
4	167018858	167852916	186	14	-0.0000370240	0.000000077971
4	167852917	169676824	578	14	0.0001348950	0.000000307234
4	169676825	170776509	316	14	-0.0000891253	0.000000138660
4	170776510	172558634	413	14	0.0002405197	0.000000206647
4	172558635	174264131	394	14	0.0000735602	0.000000181709
4	174264132	176570715	627	14	0.0002104922	0.000000347672
4	176570716	178991909	821	14	0.0000055116	0.000000333742
4	178991910	180122042	320	14	0.0002368160	0.000000180527
4	180122043	182066806	806	14	0.0000429666	0.000000336288
4	182066807	183371274	707	14	0.0000281333	0.000000335279
4	183371275	184929454	586	14	0.0000304268	0.000000335435
4	184929455	186909089	873	14	0.0002669355	0.000000351508
4	186909090	188472980	610	14	0.0001771266	0.000000345405
4	188472981	189693510	409	14	0.0001262255	0.000000237526
4	189693511	191043593	294	14	0.0000812178	0.000000153404
5	11940	982251	229	14	0.0001863769	0.000000115930
5	982252	2132441	454	14	0.0005287790	0.000000307699
5	2132442	3361940	784	14	-0.0000418920	0.000000330521
5	3361941	4632109	533	14	0.0000884010	0.000000271966
5	4632110	5973232	691	14	0.0002178909	0.000000348175
5	5973233	7143217	573	14	0.0001667770	0.000000302602
5	7143218	8446335	585	14	0.0001143530	0.000000290797
5	8446336	9718831	601	14	0.0001392373	0.000000302242
5	9718832	11173270	731	14	-0.0000383404	0.000000330762
5	11173271	13464831	561	14	-0.0000831145	0.000000263304
5	13464832	14757803	584	14	-0.0000429992	0.000000280881
5	14757804	16963612	753	14	0.0000743664	0.000000338421
5	16963613	18051591	265	14	0.0001105378	0.000000144207
5	18051592	19917715	543	14	-0.0000286252	0.000000231354
5	19917716	22152072	440	14	0.0000363466	0.000000187393
5	22152073	23494323	403	14	0.0000178165	0.000000170506
5	23494324	26184850	648	14	0.0000972203	0.000000321438
5	26184851	26857603	150	14	0.0000361813	0.000000068878
5	26857604	27984512	218	14	0.0001844864	0.000000114543
5	27984513	29714819	400	14	0.0002265676	0.000000181183
5	29714820	31390248	569	14	0.0000701919	0.000000266320
5	31390249	33500179	807	14	0.0001893594	0.000000346236
5	33500180	35048969	545	14	0.0001139165	0.000000289273
5	35048970	36433953	476	14	-0.0000333135	0.000000203452
5	36433954	38802409	757	14	0.0001420464	0.000000343021
5	38802410	40287728	533	14	-0.0000309804	0.000000210617
5	40287729	41888709	540	14	0.0002082575	0.000000201033
5	41888710	43983498	406	14	0.0003803390	0.000000178148
5	43983499	50163397	413	14	0.0001708809	0.000000151531
5	50163398	52134621	556	14	-0.0000236898	0.000000248281
5	52134622	53703043	597	14	0.0002941941	0.000000312748
5	53703044	55417348	590	14	0.0002934124	0.000000279225
5	55417349	56621101	497	14	0.0000819559	0.000000240978
5	56621102	57340072	265	14	0.0004272567	0.000000140309
5	57340073	58524621	530	14	0.0002273540	0.000000258732
5	58524622	60935906	678	14	0.0001109178	0.000000306365
5	60935907	61672994	266	14	0.0001020209	0.000000117868
5	61672995	63218986	476	14	0.0003393711	0.000000210554
5	63218987	63968303	174	14	0.0001985990	0.000000087009
5	63968304	65911285	613	14	-0.0000861008	0.000000259416
5	65911286	67850859	770	14	0.0000894551	0.000000339447
5	67850860	71240455	446	14	0.0000462113	0.000000200464
5	71240456	73759325	956	14	-0.0000462651	0.000000330224
5	73759326	75798865	676	14	0.0000434820	0.000000325479
5	75798866	77623331	709	14	0.0001004742	0.000000340196
5	77623332	79393143	648	14	0.0001984759	0.000000346856
5	79393144	80481470	444	14	0.0001260674	0.000000232529
5	80481471	82025647	497	14	-0.0000053366	0.000000259008
5	82025648	83972688	523	14	0.0001506360	0.000000302261
5	83972689	85767289	490	14	-0.0000924992	0.000000215641
5	85767290	87389990	269	14	0.0003510703	0.000000150603
5	87389991	88891529	301	14	0.0003333657	0.000000145541
5	88891530	90422653	419	14	-0.0000197210	0.000000179514
5	90422654	91840541	264	14	0.0000567880	0.000000124413
5	91840542	93809983	406	14	0.0000970910	0.000000173818
5	93809984	95963518	685	14	0.0000569204	0.000000337236
5	95963519	97315600	407	14	0.0000689033	0.000000166547
5	97315601	99260991	481	14	0.0003211189	0.000000227359
5	99260992	101578768	497	14	0.0001931550	0.000000221528
5	101578769	103320004	475	14	-0.0000863790	0.000000193606
5	103320005	104851482	407	14	0.0000775178	0.000000196352
5	104851483	105893054	165	14	0.0002356418	0.000000103611
5	105893055	107264195	548	14	0.0000866245	0.000000326097
5	107264196	108633933	378	14	0.0000776968	0.000000193610
5	108633934	110821143	622	14	0.0001835198	0.000000309019
5	110821144	111981561	415	14	0.0000818816	0.000000225997
5	111981562	113396284	535	14	0.0003892762	0.000000292334
5	113396285	114830369	512	14	0.0003168660	0.000000264060
5	114830370	115831046	424	14	0.0001899179	0.000000222011
5	115831047	117346212	544	14	0.0002178621	0.000000323505
5	117346213	118608819	367	14	0.0002344562	0.000000209000
5	118608820	119669041	326	14	0.0001458922	0.000000169717
5	119669042	120452165	228	14	0.0002819879	0.000000131206
5	120452166	122556904	656	14	0.0002148181	0.000000347966
5	122556905	123798099	435	14	-0.0000008941	0.000000217580
5	123798100	125785648	822	14	0.0000285886	0.000000335310
5	125785649	127344603	425	14	0.0000213419	0.000000194636
5	127344604	129519024	645	14	0.0000720757	0.000000272335
5	129519025	132139648	601	14	-0.0000638288	0.000000204191
5	132139649	134777400	893	14	0.0000923223	0.000000339642
5	134777401	136376049	584	14	0.0001270392	0.000000259930
5	136376050	139265071	686	14	0.0001618108	0.000000288790
5	139265072	140645970	349	14	0.0002326173	0.000000141361
5	140645971	142981247	911	14	0.0002044606	0.000000347262
5	142981248	144943353	619	14	0.0000021381	0.000000273517
5	144943354	147181997	730	14	0.0000668664	0.000000337912
5	147181998	148662623	547	14	0.0000703579	0.000000261934
5	148662624	150561297	842	14	-0.0000335165	0.000000331090
5	150561298	152867773	836	14	0.0001319478	0.000000341557
5	152867774	153773087	425	14	-0.0000399588	0.000000163250
5	153773088	155373504	555	14	0.0002063316	0.000000281425
5	155373505	156628699	371	14	0.0002126925	0.000000180923
5	156628700	158825697	867	14	0.0001846255	0.000000345914
5	158825698	159973943	412	14	0.0000352674	0.000000216495
5	159973944	161482132	513	14	0.0001717303	0.000000229940
5	161482133	162743907	351	14	-0.0000641580	0.000000162967
5	162743908	163771581	375	14	0.0002484540	0.000000201681
5	163771582	165642394	536	14	0.0001523691	0.000000312209
5	165642395	166847739	415	14	-0.0000430641	0.000000243343
5	166847740	168525317	761	14	0.0000007452	0.000000333418
5	168525318	169505663	473	14	0.0001385008	0.000000263621
5	169505664	171074291	647	14	0.0000320636	0.000000335547
5	171074292	172678326	665	14	0.0000236194	0.000000334973
5	172678327	173642870	489	14	0.0001667208	0.000000263343
5	173642871	175450594	806	14	-0.0000105374	0.000000332652
5	175450595	177251506	335	14	-0.0000914948	0.000000148420
5	177251507	178413463	430	14	0.0000541675	0.000000244857
5	178413464	179401243	350	14	0.0002681196	0.000000207818
5	179401244	180559932	323	14	0.0001114021	0.000000168736
5	180559933	180885155	42	9	0.0002501346	0.000000037413
6	73924	1452361	675	14	0.0002004892	0.000000346992
6	1452362	2458935	430	14	0.0004091523	0.000000250223
6	2458936	3573592	578	14	0.0001796116	0.000000328566
6	3573593	4617816	512	14	0.0001278597	0.000000270957
6	4617817	5791471	587	14	0.0000076394	0.000000323045
6	5791472	6785206	590	14	-0.0000120117	0.000000332551
6	6785207	7808935	511	14	0.0001474759	0.000000290054
6	7808936	9020025	494	14	0.0001017816	0.000000233735
6	9020026	10540316	606	14	0.0000067756	0.000000321445
6	10540317	11790815	563	14	0.0003521005	0.000000323481
6	11790816	13209387	592	14	0.0002429355	0.000000316077
6	13209388	14802923	674	14	0.0001527666	0.000000343749
6	14802924	17386404	985	14	-0.0000059887	0.000000332961
6	17386405	19207486	635	14	0.0000426003	0.000000270340
6	19207487	21684064	1022	14	0.0002953620	0.000000353440
6	21684065	22748306	513	14	0.0001092548	0.000000286719
6	22748307	23936618	488	14	0.0000679585	0.000000279458
6	23936619	24852274	400	14	0.0000832634	0.000000230349
6	24852275	25684586	448	14	0.0008351735	0.000000272600
6	25684587	26791232	476	14	0.0007723777	0.000000209174
6	26791233	28017818	276	14	0.0004141679	0.000000119287
6	28017819	28917607	317	14	0.0006051503	0.000000126485
6	28917608	29737970	527	14	0.0005177821	0.000000190051
6	29737971	30798167	910	14	0.0002864096	0.000000229925
6	30798168	31571217	797	14	0.0004574961	0.000000254909
6	31571218	32682663	698	14	0.0004252863	0.000000252734
6	32682664	33236496	628	14	0.0002728715	0.000000229714
6	33236497	35455755	752	14	0.0005158574	0.000000368424
6	35455756	37572595	817	14	0.0004734242	0.000000365541
6	37572596	39295676	760	14	0.0001495324	0.000000343530
6	39295677	40345114	400	14	0.0002103857	0.000000205996
6	40345115	42038720	715	14	-0.0000579998	0.000000329426
6	42038721	43756168	445	14	0.0002474843	0.000000231522
6	43756169	45406562	579	14	0.0000767405	0.000000310118
6	45406563	47311897	760	14	0.0003509009	0.000000357214
6	47311898	48391124	354	14	0.0001218175	0.000000142355
6	48391125	50386144	494	14	0.0002170393	0.000000183913
6	50386145	52210475	620	14	-0.0000339474	0.000000266633
6	52210476	53279101	427	14	0.0000131293	0.000000193392
6	53279102	55468269	855	14	0.0000209665	0.000000334015
6	55468270	56105312	211	14	0.0000263093	0.000000072451
6	56105313	57599464	366	14	0.0001750923	0.000000161035
6	57599465	61880511	119	9	0.0002248050	0.000000048942
6	61880512	63552887	334	14	0.0001032095	0.000000114777
6	63552888	65765741	443	14	0.0000099084	0.000000176743
6	65765742	67329214	481	14	-0.0000515826	0.000000209227
6	67329215	68849482	461	14	0.0004315895	0.000000218834
6	68849483	69523447	217	14	0.0000862215	0.000000095468
6	69523448	71609509	741	14	0.0003017357	0.000000332256
6	71609510	73450096	629	14	0.0002506856	0.000000306034
6	73450097	75462002	573	14	0.0000988153	0.000000250765
6	75462003	77414880	447	14	0.0003582307	0.000000198836
6	77414881	78957727	485	14	0.0001188290	0.000000171246
6	78957728	80691169	580	14	0.0001334621	0.000000269134
6	80691170	81929221	369	14	0.0000159798	0.000000119752
6	81929222	83127148	348	14	0.0003742040	0.000000177071
6	83127149	85209988	555	14	0.0001119541	0.000000239421
6	85209989	87069499	592	14	0.0002770285	0.000000234221
6	87069500	88822139	540	14	-0.0001002905	0.000000211577
6	88822140	89973051	431	14	0.0000394933	0.000000213265
6	89973052	91843195	737	14	0.0001062293	0.000000340587
6	91843196	93428643	465	14	0.0001690666	0.000000233302
6	93428644	94118141	281	14	0.0001279502	0.000000128545
6	94118142	94441174	83	8	-0.0000794260	0.000000022317
6	94441175	97093510	614	14	0.0002065805	0.000000283659
6	97093511	97842283	228	14	0.0000654215	0.000000095317
6	97842284	100630145	786	14	0.0001382184	0.000000342761
6	100630146	102636771	492	14	0.0001742682	0.000000238631
6	102636772	103983394	331	14	0.0003561795	0.000000156788
6	103983395	106056732	660	14	0.0003390235	0.000000324871
6	106056733	107450305	624	14	0.0001243595	0.000000341819
6	107450306	108464379	349	14	-0.0000537799	0.000000167037
6	108464380	110304246	534	14	0.0008097178	0.000000271590
6	110304247	112345013	615	14	0.0002491730	0.000000300681
6	112345014	114220832	625	14	0.0002044867	0.000000288706
6	114220833	116131395	475	14	0.0000336339	0.000000177662
6	116131396	117672971	468	14	0.0001366218	0.000000199646
6	117672972	118963114	368	14	-0.0000191748	0.000000150627
6	118963115	119963277	320	14	-0.0000706577	0.000000131386
6	119963278	120512127	164	14	0.0000202950	0.000000064806
6	120512128	121905675	377	14	0.0001060555	0.000000143253
6	121905676	123856180	597	14	0.0002295660	0.000000253109
6	123856181	125424382	596	14	0.0000669653	0.000000337918
6	125424383	127540460	458	14	0.0003620111	0.000000225928
6	127540461	129861030	611	14	0.0002673544	0.000000302662
6	129861031	130935453	491	14	0.0002247731	0.000000261454
6	130935454	132765668	599	14	-0.0000703118	0.000000282774
6	132765669	134244242	584	14	0.0000912080	0.000000286242
6	134244243	136224176	582	14	0.0003414792	0.000000344947
6	136224177	137614217	340	14	0.0002646623	0.000000192536
6	137614218	138822628	473	14	0.0001169972	0.000000246941
6	138822629	139845435	381	14	0.0001818595	0.000000211692
6	139845436	142288478	526	14	-0.0000424559	0.000000229704
6	142288479	145319809	1031	14	0.0001046362	0.000000340478
6	145319810	146665423	310	14	0.0003394964	0.000000123671
6	146665424	148920351	915	14	0.0000317978	0.000000335529
6	148920352	150253403	515	14	0.0000070870	0.000000232336
6	150253404	151912702	881	14	0.0000721574	0.000000338271
6	151912703	153094495	557	14	0.0002030865	0.000000281944
6	153094496	154974119	794	14	0.0001308028	0.000000342257
6	154974120	156763325	724	14	0.0001512414	0.000000343646
6	156763326	158218718	374	14	0.0001219447	0.000000202107
6	158218719	160580496	1030	14	-0.0000572669	0.000000329476
6	160580497	162169563	758	14	0.0000051331	0.000000333716
6	162169564	162931202	372	14	0.0000464671	0.000000205345
6	162931203	164383520	675	14	0.0003494989	0.000000357119
6	164383521	165586863	535	14	-0.0001589483	0.000000245688
6	165586864	167024732	803	14	0.0001311498	0.000000342280
6	167024733	168042834	421	14	0.0002937733	0.000000230422
6	168042835	169382049	576	14	0.0000223884	0.000000292061
6	169382050	170330172	393	14	0.0000773252	0.000000177891
6	170330173	171051269	234	14	0.0000495496	0.000000113716
7	16161	972751	88	14	0.0003066242	0.000000067260
7	972752	1353066	98	14	0.0000188371	0.000000051593
7	1353067	2062397	137	14	0.0000309059	0.000000077013
7	2062398	2772226	216	14	0.0003780317	0.000000142755
7	2772227	4573427	846	14	0.0001085117	0.000000340742
7	4573428	5416231	202	14	0.0000713837	0.000000122188
7	5416232	5854525	98	14	-0.0000807024	0.000000047316
7	5854526	6573856	140	14	0.0003080362	0.000000094936
7	6573857	7808751	413	14	0.0000416782	0.000000234673
7	7808752	9123422	725	14	0.0001158982	0.000000341244
7	9123423	9987498	354	14	0.0001891087	0.000000210792
7	9987499	11299197	467	14	-0.0000642860	0.000000263103
7	11299198	12635460	691	14	-0.0000396959	0.000000330670
7	12635461	13884201	563	14	-0.0000491451	0.000000330028
7	13884202	15143656	569	14	0.0005506026	0.000000370785
7	15143657	16902068	748	14	0.0001999372	0.000000346955
7	16902069	19481546	1020	14	0.0001816518	0.000000345712
7	19481547	20124907	228	14	0.0000687405	0.000000123932
7	20124908	22507628	1189	14	0.0001142757	0.000000341134
7	22507629	23471441	309	14	0.0001320507	0.000000172807
7	23471442	25077258	697	14	0.0000497484	0.000000336748
7	25077259	25909554	445	14	0.0000468758	0.000000222218
7	25909555	28360308	881	14	-0.0000061350	0.000000332951
7	28360309	31137288	1235	14	-0.0001178412	0.000000325359
7	31137289	33555767	989	14	0.0001371669	0.000000342689
7	33555768	36213537	1005	14	0.0001662364	0.000000344665
7	36213538	37555183	633	14	0.0001747700	0.000000345245
7	37555184	38966702	631	14	0.0001748011	0.000000297138
7	38966703	39862669	313	14	0.0001945768	0.000000146589
7	39862670	42001810	613	14	-0.0000846226	0.000000282554
7	42001811	43159073	399	14	0.0001798361	0.000000209472
7	43159074	44763827	466	14	0.0009439411	0.000000274996
7	44763828	45952921	352	14	0.0001865161	0.000000187954
7	45952922	46986719	409	14	0.0004513054	0.000000211920
7	46986720	49212277	895	14	-0.0000528014	0.000000329779
7	49212278	51675321	887	14	0.0001308109	0.000000342257
7	51675322	53176311	630	14	0.0000985389	0.000000299482
7	53176312	54222975	372	14	0.0002612117	0.000000162859
7	54222976	55691583	527	14	0.0001419728	0.000000266048
7	55691584	57382637	242	14	0.0006183000	0.000000139206
7	57382638	63307358	126	14	0.0003263001	0.000000076274
7	63307359	63641124	53	6	0.0001415549	0.000000030750
7	63641125	65689808	305	14	0.0003293312	0.000000134380
7	65689809	68234073	704	14	0.0001768710	0.000000329917
7	68234074	69085363	264	14	0.0000831475	0.000000131976
7	69085364	71874884	834	14	0.0000856398	0.000000339188
7	71874885	73334601	149	14	0.0001174326	0.000000074308
7	73334602	76458563	348	14	0.0002579365	0.000000185990
7	76458564	78093858	604	14	0.0001124625	0.000000335576
7	78093859	79888068	646	14	0.0000263638	0.000000329727
7	79888069	82022685	714	14	-0.0000341035	0.000000331050
7	82022686	83801202	627	14	0.0000486743	0.000000319676
7	83801203	85572181	403	14	0.0000728054	0.000000162797
7	85572182	87825003	563	14	0.0000217715	0.000000216993
7	87825004	90661783	953	14	0.0000426098	0.000000336263
7	90661784	92493751	424	14	0.0001659630	0.000000189973
7	92493752	93966600	357	14	0.0001269909	0.000000195557
7	93966601	96073507	691	14	0.0003161599	0.000000354853
7	96073508	97099569	309	14	0.0000515073	0.000000142858
7	97099570	98715473	417	14	0.0000927278	0.000000204293
7	98715474	100196650	249	14	0.0004346502	0.000000123776
7	100196651	101199252	245	14	0.0002350489	0.000000139589
7	101199253	103197509	385	14	0.0003281721	0.000000209799
7	103197510	104159524	474	14	-0.0000823413	0.000000224151
7	104159525	105682904	537	14	0.0001353945	0.000000279578
7	105682905	107780177	742	14	0.0002840641	0.000000352672
7	107780178	109647593	552	14	-0.0000672448	0.000000247517
7	109647594	112618683	829	14	0.0001548067	0.000000343888
7	112618684	113712386	220	14	0.0001559818	0.000000105739
7	113712387	116780177	711	14	0.0001922062	0.000000318714
7	116780178	118351580	372	14	-0.0000679170	0.000000132222
7	118351581	121045272	437	14	0.0001861750	0.000000185896
7	121045273	121933629	228	14	0.0000663122	0.000000095998
7	121933630	124156804	661	14	0.0001359714	0.000000284065
7	124156805	124167551	6	2	0.0000303504	0.000000004788
7	124167552	126519169	659	14	0.0000499626	0.000000250358
7	126519170	126869220	139	14	0.0003343232	0.000000078001
7	126869221	128778385	591	14	0.0005475907	0.000000279658
7	128778386	130422413	469	14	0.0001711706	0.000000234154
7	130422414	132805847	923	14	0.0000740358	0.000000338399
7	132805848	134307595	441	14	0.0000856113	0.000000188657
7	134307596	135591082	500	14	0.0000201452	0.000000228934
7	135591083	136876561	408	14	0.0002660292	0.000000210437
7	136876562	138744678	613	14	0.0000004156	0.000000333396
7	138744679	139933176	330	14	0.0007466278	0.000000207443
7	139933177	140235209	119	14	0.0001679744	0.000000069876
7	140235210	141226556	281	14	0.0002781316	0.000000136695
7	141226557	142656309	444	14	0.0000339533	0.000000169569
7	142656310	144968288	551	14	0.0001690639	0.000000254791
7	144968289	146427959	379	14	0.0003909062	0.000000199677
7	146427960	147815317	570	14	0.0000254806	0.000000281043
7	147815318	149840657	619	14	0.0001788020	0.000000345519
7	149840658	150711504	307	14	0.0000536360	0.000000130642
7	150711505	152249805	458	14	0.0000422713	0.000000271794
7	152249806	153674018	463	14	0.0000909124	0.000000267722
7	153674019	154964729	548	14	-0.0000288143	0.000000312115
7	154964730	156065249	476	14	0.0000614051	0.000000265725
7	156065250	157634596	521	14	0.0000549386	0.000000294268
7	157634597	159128574	459	14	-0.0000344913	0.000000218849
8	10422	1044216	396	14	-0.0000189327	0.000000243527
8	1044217	1163244	71	12	0.0000387119	0.000000041181
8	1163245	2042941	457	14	-0.0000859102	0.000000280218
8	2042942	2573278	259	14	-0.0000344999	0.000000144307
8	2573279	3392925	594	14	0.0000706056	0.000000338166
8	3392926	3783016	425	14	0.0001257739	0.000000264221
8	3783017	4480475	673	14	-0.0000222445	0.000000331856
8	4480476	5146926	494	14	0.0001002606	0.000000314761
8	5146927	6142796	753	14	-0.0001359183	0.000000324131
8	6142797	7153078	547	14	-0.0000807629	0.000000327879
8	7153079	9154693	554	14	0.0003018286	0.000000353879
8	9154694	9640786	237	14	0.0001188873	0.000000136962
8	9640787	10463196	463	14	0.0000141959	0.000000290003
8	10463197	11278997	388	14	0.0001760943	0.000000232358
8	11278998	13491774	802	14	0.0000337006	0.000000335658
8	13491775	13944991	252	14	0.0002374545	0.000000146867
8	13944992	15991659	1082	14	0.0000109499	0.000000334112
8	15991660	17387875	549	14	-0.0000838923	0.000000327666
8	17387876	17836398	271	14	0.0001715308	0.000000163446
8	17836399	19492839	967	14	0.0004349597	0.000000362927
8	19492840	20060855	335	14	-0.0000522829	0.000000178686
8	20060856	21661736	750	14	0.0001612259	0.000000344324
8	21661737	22897056	462	14	0.0001345062	0.000000275087
8	22897057	24674717	656	14	0.0001850773	0.000000345945
8	24674718	25483453	288	14	-0.0000483240	0.000000124445
8	25483454	26682524	616	14	0.0001697604	0.000000324063
8	26682525	28162391	737	14	0.0000917554	0.000000339603
8	28162392	29327895	368	14	0.0004163275	0.000000204107
8	29327896	31133728	543	14	0.0001562792	0.000000278775
8	31133729	31548359	125	14	0.0001311813	0.000000065627
8	31548360	32977217	485	14	0.0003798682	0.000000237638
8	32977218	35317231	537	14	0.0000243370	0.000000186584
8	35317232	37379388	359	14	0.0002308638	0.000000176771
8	37379389	38938805	290	14	0.0001131141	0.000000157531
8	38938806	40703336	583	14	0.0000822001	0.000000267867
8	40703337	41721453	381	14	0.0009072746	0.000000264096
8	41721454	42773822	192	14	0.0004298590	0.000000107364
8	42773823	46841314	43	7	0.0002005528	0.000000033541
8	46841315	50082469	395	14	0.0001915667	0.000000182199
8	50082470	53302929	785	14	0.0000886496	0.000000307128
8	53302930	54418043	344	14	0.0002770672	0.000000169877
8	54418044	55945580	475	14	0.0002447424	0.000000212461
8	55945581	56956382	353	14	0.0003415713	0.000000178869
8	56956383	59068650	664	14	0.0000984982	0.000000320758
8	59068651	59728099	275	14	0.0000244315	0.000000123527
8	59728100	62329098	790	14	0.0000101383	0.000000334057
8	62329099	63349305	328	14	0.0001684923	0.000000137704
8	63349306	65232871	516	14	0.0000549908	0.000000215715
8	65232872	66489089	361	14	0.0001731102	0.000000164881
8	66489090	69863056	863	14	0.0000520888	0.000000336907
8	69863057	70867978	405	14	0.0003023501	0.000000225394
8	70867979	72289453	440	14	0.0000303858	0.000000189049
8	72289454	73817198	689	14	0.0001562182	0.000000334680
8	73817199	75445063	616	14	0.0000879394	0.000000293500
8	75445064	76456541	291	14	0.0002907823	0.000000140753
8	76456542	79132860	688	14	0.0000852854	0.000000281375
8	79132861	81956394	804	14	0.0001851607	0.000000345951
8	81956395	82693738	218	14	0.0000617382	0.000000097558
8	82693739	84225588	416	14	-0.0000084382	0.000000152675
8	84225589	85955618	356	14	0.0002432917	0.000000161655
8	85955619	87411708	267	14	-0.0000564175	0.000000095892
8	87411709	89085480	483	14	0.0002943028	0.000000231161
8	89085481	90638161	394	14	0.0001404681	0.000000174717
8	90638162	93554385	674	14	0.0000348951	0.000000308801
8	93554386	95005526	387	14	0.0001224974	0.000000191142
8	95005527	96534805	625	14	0.0003982499	0.000000340339
8	96534806	99401580	1101	14	-0.0000780284	0.000000328065
8	99401581	101620957	505	14	0.0000134280	0.000000176301
8	101620958	104123305	986	14	0.0000847844	0.000000339129
8	104123306	104988751	249	14	0.0003153755	0.000000112051
8	104988752	107410753	819	14	-0.0000001199	0.000000333359
8	107410754	108648176	469	14	0.0001041114	0.000000202981
8	108648177	109248172	204	14	0.0004453571	0.000000102290
8	109248173	110484313	350	14	0.0000263422	0.000000117889
8	110484314	111850846	287	14	-0.0000292304	0.000000105268
8	111850847	113064319	233	14	0.0001979180	0.000000093688
8	113064320	116096494	781	14	0.0000529150	0.000000282902
8	116096495	119685456	1154	14	0.0002537890	0.000000350615
8	119685457	121201699	527	14	0.0001702961	0.000000230550
8	121201700	124861458	1338	14	0.0003079342	0.000000354294
8	124861459	125683718	333	14	0.0001595000	0.000000156684
8	125683719	126410916	254	14	0.0003548887	0.000000152155
8	126410917	128659110	912	14	0.0002153632	0.000000348003
8	128659111	130381138	672	14	0.0001012281	0.000000340247
8	130381139	131639624	465	14	0.0001111927	0.000000230814
8	131639625	133351143	759	14	-0.0000040243	0.000000333094
8	133351144	134570000	706	14	0.0000747948	0.000000338451
8	134570001	136035604	752	14	0.0002134632	0.000000347874
8	136035605	137524150	552	14	0.0001906793	0.000000267151
8	137524151	139254829	738	14	0.0002076776	0.000000346703
8	139254830	140725642	754	14	0.0001791359	0.000000345541
8	140725643	143044913	822	14	0.0000091015	0.000000333986
8	143044914	144236880	365	14	0.0001024723	0.000000178230
8	144236881	146303866	338	14	0.0001019005	0.000000184978
9	10023	1079706	575	14	0.0001058077	0.000000340558
9	1079707	1916876	600	14	0.0002363234	0.000000349428
9	1916877	3190063	765	14	-0.0000567936	0.000000329508
9	3190064	4495327	737	14	0.0000628539	0.000000337639
9	4495328	4884925	229	14	0.0004370166	0.000000158316
9	4884926	6557588	557	14	-0.0000469481	0.000000330177
9	6557589	7154922	294	14	0.0001022181	0.000000170129
9	7154923	8456298	927	14	0.0001136223	0.000000341089
9	8456299	9166402	400	14	0.0001896237	0.000000250410
9	9166403	10879252	839	14	-0.0000648321	0.000000328962
9	10879253	12276488	464	14	0.0000732875	0.000000247593
9	12276489	14836362	1265	14	0.0001627318	0.000000344427
9	14836363	16659654	803	14	0.0002244045	0.000000348618
9	16659655	18661050	938	14	0.0004777155	0.000000365832
9	18661051	20463533	823	14	0.0001608851	0.000000344301
9	20463534	22206558	686	14	0.0000774220	0.000000338629
9	22206559	24158517	603	14	0.0001682613	0.000000344024
9	24158518	25330809	295	14	0.0001787068	0.000000186750
9	25330810	26111756	272	14	0.0000171176	0.000000159720
9	26111757	28224282	949	14	0.0002004445	0.000000346989
9	28224283	28811583	251	14	0.0003226652	0.000000148050
9	28811584	30387391	550	14	0.0000333681	0.000000231253
9	30387392	31310382	245	14	0.0001842783	0.000000112016
9	31310383	32019367	206	14	0.0001292506	0.000000089095
9	32019368	33578333	587	14	0.0002105187	0.000000300309
9	33578334	34642242	285	14	0.0002352680	0.000000112925
9	34642243	36743282	583	14	0.0003708155	0.000000322477
9	36743283	38641598	720	14	0.0002624751	0.000000351205
9	38641599	65472189	102	14	-0.0000269349	0.000000052093
9	65472190	72512710	563	14	0.0003962670	0.000000300952
9	72512711	72753754	100	10	0.0000247550	0.000000040250
9	72753755	74253039	594	14	-0.0000115420	0.000000258588
9	74253040	76203945	571	14	0.0003200579	0.000000273715
9	76203946	76973080	180	14	0.0000051478	0.000000078343
9	76973081	78900182	803	14	-0.0000323483	0.000000331169
9	78900183	79471207	292	14	0.0000988852	0.000000164551
9	79471208	81079054	523	14	0.0001138482	0.000000296007
9	81079055	82590927	629	14	0.0000556880	0.000000337152
9	82590928	84211232	655	14	0.0003395482	0.000000356443
9	84211233	85440800	330	14	0.0000487095	0.000000178677
9	85440801	86938195	635	14	0.0003242186	0.000000338384
9	86938196	88109332	500	14	0.0002196352	0.000000248846
9	88109333	88590416	113	14	0.0000636382	0.000000046933
9	88590417	90136245	597	14	0.0002419469	0.000000326668
9	90136246	92528697	854	14	0.0003195638	0.000000355085
9	92528698	94167202	621	14	0.0000794013	0.000000326377
9	94167203	96671697	789	14	-0.0000245554	0.000000331699
9	96671698	98922039	666	14	0.0002649464	0.000000317570
9	98922040	101592858	860	14	0.0003634249	0.000000358065
9	101592859	104624436	964	14	0.0001211418	0.000000341600
9	104624437	105967975	568	14	-0.0000550136	0.000000251259
9	105967976	107581748	602	14	0.0000497370	0.000000242395
9	107581749	109298753	603	14	0.0000310704	0.000000303222
9	109298754	110695061	571	14	0.0004598397	0.000000334588
9	110695062	112778023	1099	14	0.0001001460	0.000000340173
9	112778024	114831081	909	14	0.0000296223	0.000000335381
9	114831082	115693144	314	14	0.0002242353	0.000000145980
9	115693145	117019800	643	14	0.0000478938	0.000000336622
9	117019801	117921959	466	14	0.0000369173	0.000000240809
9	117921960	121321536	1466	14	0.0000169045	0.000000334516
9	121321537	122260296	361	14	-0.0000015530	0.000000170552
9	122260297	124871321	774	14	-0.0000473544	0.000000330149
9	124871322	126971886	684	14	0.0000714826	0.000000338225
9	126971887	129059664	563	14	0.0000927580	0.000000278172
9	129059665	130055509	326	14	0.0001295066	0.000000165943
9	130055510	132165469	499	14	0.0002178044	0.000000266069
9	132165470	133223216	321	14	0.0001015776	0.000000171429
9	133223217	134127887	338	14	-0.0000030632	0.000000182001
9	134127888	135298841	434	14	0.0000591173	0.000000210386
9	135298842	137041121	659	14	0.0000388833	0.000000336010
9	137041122	137589363	208	14	0.0000860015	0.000000124449
9	137589364	138938977	628	14	-0.0000288176	0.000000331409
9	138938978	139500341	118	14	-0.0000510295	0.000000059439
9	139500342	141144795	243	14	0.0000429427	0.000000127987
10	60523	751338	125	14	-0.0001472509	0.000000056016
10	751339	1523543	343	14	0.0001486440	0.000000192219
10	1523544	2254499	440	14	0.0000326294	0.000000235493
10	2254500	3352698	674	14	0.0000537887	0.000000337023
10	3352699	4572273	615	14	0.0002900964	0.000000353082
10	4572274	5983761	710	14	0.0001026140	0.000000340341
10	5983762	7171483	745	14	0.0000730336	0.000000338331
10	7171484	8774664	872	14	0.0000360269	0.000000335816
10	8774665	10249395	565	14	0.0001845014	0.000000279947
10	10249396	12586796	1037	14	0.0003031013	0.000000353966
10	12586797	13321599	445	14	-0.0000164771	0.000000265603
10	13321600	15026067	951	14	0.0000358026	0.000000335801
10	15026068	16551766	563	14	-0.0000635166	0.000000325945
10	16551767	18537266	776	14	0.0003150379	0.000000354777
10	18537267	19716877	533	14	0.0000826886	0.000000267165
10	19716878	22772282	990	14	0.0001341933	0.000000342487
10	22772283	23175131	126	14	0.0001371332	0.000000072613
10	23175132	25578595	770	14	0.0000164643	0.000000334486
10	25578596	26888683	535	14	0.0006025923	0.000000251963
10	26888684	29323235	906	14	0.0000549695	0.000000337103
10	29323236	29783691	268	14	0.0001457181	0.000000138763
10	29783692	30458837	363	14	0.0000677632	0.000000202610
10	30458838	31907518	482	14	0.0001038168	0.000000230316
10	31907519	33707967	628	14	0.0001223450	0.000000269115
10	33707968	35109354	502	14	0.0000001248	0.000000244092
10	35109355	36572507	422	14	0.0000122048	0.000000187137
10	36572508	37790028	321	14	0.0002724289	0.000000153120
10	37790029	42372578	199	13	0.0001150990	0.000000055067
10	42372579	43894770	299	14	0.0001014966	0.000000138389
10	43894771	44730074	292	14	0.0000260510	0.000000123635
10	44730075	48760449	673	14	0.0001194825	0.000000341487
10	48760450	50840914	666	14	0.0002156083	0.000000304408
10	50840915	53616628	753	14	0.0001015255	0.000000340267
10	53616629	55103571	683	14	0.0002422079	0.000000349828
10	55103572	57031139	762	14	0.0000860569	0.000000339216
10	57031140	57662145	178	14	-0.0000444518	0.000000051517
10	57662146	58959527	381	14	0.0000192992	0.000000111688
10	58959528	60289986	422	14	0.0001906120	0.000000162078
10	60289987	61891408	586	14	0.0000710498	0.000000308211
10	61891409	62659678	303	14	-0.0000273839	0.000000130386
10	62659679	63341694	161	14	0.0001190320	0.000000078650
10	63341695	65794113	849	14	-0.0000557194	0.000000329581
10	65794114	67549614	481	14	-0.0000195139	0.000000193264
10	67549615	69900147	896	14	0.0000712590	0.000000338210
10	69900148	70195990	116	11	0.0001536563	0.000000054698
10	70195991	72220849	896	14	0.0002410405	0.000000349748
10	72220850	73508511	743	14	0.0002491755	0.000000350301
10	73508512	75422549	439	14	0.0000791834	0.000000152606
10	75422550	78706813	841	14	0.0000119611	0.000000334180
10	78706814	80876748	1017	14	-0.0001161626	0.000000325473
10	80876749	82414678	497	14	0.0002549310	0.000000267853
10	82414679	84383744	716	14	0.0000581718	0.000000337321
10	84383745	85458702	440	14	0.0001420595	0.000000180218
10	85458703	87937576	980	14	-0.0000718700	0.000000328483
10	87937577	89127063	272	14	0.0000497863	0.000000127802
10	89127064	91013380	729	14	0.0000813423	0.000000338895
10	91013381	92006580	376	14	0.0000523388	0.000000176886
10	92006581	93335046	446	14	0.0005074991	0.000000227403
10	93335047	95396367	666	14	0.0001983833	0.000000317611
10	95396368	96221242	264	14	0.0003258670	0.000000148912
10	96221243	97822356	583	14	0.0000694512	0.000000215286
10	97822357	100241301	921	14	0.0000417646	0.000000336206
10	100241302	100668399	148	14	0.0000010835	0.000000054558
10	100668400	102949238	767	14	0.0000661398	0.000000337862
10	102949239	104380409	306	14	0.0000870216	0.000000113692
10	104380410	106695047	764	14	0.0000710443	0.000000338196
10	106695048	108726685	673	14	0.0000683902	0.000000312598
10	108726686	110317704	641	14	0.0003536566	0.000000335780
10	110317705	112561492	662	14	-0.0000212278	0.000000309570
10	112561493	115328431	1026	14	0.0003280883	0.000000355664
10	115328432	116421405	494	14	0.0001724812	0.000000255745
10	116421406	119523933	1001	14	0.0001912066	0.000000346362
10	119523934	120591352	413	14	0.0001170959	0.000000224132
10	120591353	122407322	684	14	0.0005629036	0.000000371621
10	122407323	123231464	393	14	0.0000943111	0.000000200936
10	123231465	123900544	280	14	0.0000082652	0.000000144546
10	123900545	125869345	859	14	0.0000915457	0.000000339589
10	125869346	128001097	956	14	-0.0000866338	0.000000327480
10	128001098	129154361	528	14	0.0001390766	0.000000285018
10	129154362	130844283	936	14	-0.0000103415	0.000000332665
10	130844284	131741326	416	14	0.0001520472	0.000000218755
10	131741327	132580244	413	14	0.0001686689	0.000000210803
10	132580245	134336328	847	14	0.0000282765	0.000000335289
10	134336329	134494672	39	6	0.0001226620	0.000000024948
10	134494673	135523864	281	14	0.0002191954	0.000000154777
11	70855	1213589	254	14	0.0010598099	0.000000194929
11	1213590	3665480	799	14	0.0000190134	0.000000334660
11	3665481	4746708	425	14	-0.0000561329	0.000000220225
11	4746709	6322868	984	14	0.0002373845	0.000000349500
11	6322869	7436700	547	14	0.0001326311	0.000000263954
11	7436701	8333273	493	14	0.0001809143	0.000000299052
11	8333274	9087316	272	14	0.0000594752	0.000000138169
11	9087317	10952026	640	14	0.0005224632	0.000000368873
11	10952027	12564228	1101	14	0.0001795009	0.000000345566
11	12564229	13373123	399	14	0.0000729120	0.000000195352
11	13373124	15742551	770	14	0.0000944399	0.000000333577
11	15742552	17578401	599	14	0.0002614861	0.000000286637
11	17578402	19569534	783	14	0.0001726663	0.000000345102
11	19569535	21017137	786	14	-0.0000125244	0.000000332516
11	21017138	22374141	549	14	0.0001768216	0.000000298025
11	22374142	24088516	589	14	0.0003463301	0.000000294603
11	24088517	26045752	655	14	0.0000143722	0.000000334344
11	26045753	27020460	355	14	0.0002712107	0.000000165511
11	27020461	28481592	405	14	0.0001409344	0.000000168047
11	28481593	30141356	411	14	0.0000577455	0.000000192266
11	30141357	32276900	627	14	0.0002141606	0.000000252788
11	32276901	33958738	556	14	0.0003301973	0.000000278051
11	33958739	35502604	814	14	0.0000895018	0.000000339450
11	35502605	37116814	740	14	-0.0000253665	0.000000331644
11	37116815	39382002	418	14	0.0002988676	0.000000192804
11	39382003	42310002	914	14	0.0001954033	0.000000346647
11	42310003	44693798	961	14	0.0000131142	0.000000334259
11	44693799	47006136	708	14	-0.0000208279	0.000000331952
11	47006137	49866049	477	14	0.0000817555	0.000000150801
11	49866050	54695472	131	7	0.0000859198	0.000000034486
11	54695473	55082656	6	3	0.0001015553	0.000000010080
11	55082657	58457494	1056	14	0.0000693830	0.000000322619
11	58457495	58780548	67	6	0.0000723703	0.000000029567
11	58780549	62223770	986	14	0.0000781902	0.000000338681
11	62223771	63804568	303	14	0.0002493177	0.000000146365
11	63804569	65898630	492	14	0.0000786578	0.000000242191
11	65898631	68005824	316	14	0.0000400472	0.000000135564
11	68005825	69516129	460	14	0.0003092420	0.000000240639
11	69516130	70926291	466	14	0.0000326984	0.000000260849
11	70926292	72286016	305	14	0.0001040706	0.000000125021
11	72286017	74412350	596	14	0.0003565287	0.000000285699
11	74412351	76797208	762	14	0.0001171947	0.000000341332
11	76797209	78355057	416	14	0.0002383890	0.000000178618
11	78355058	80722372	1058	14	-0.0001160544	0.000000325481
11	80722373	81266711	259	14	0.0001312297	0.000000133267
11	81266712	84381271	1163	14	0.0000068151	0.000000333831
11	84381272	86619300	771	14	-0.0000345045	0.000000330245
11	86619301	87430234	309	14	0.0001362319	0.000000135539
11	87430235	89208935	566	14	0.0000962253	0.000000300833
11	89208936	90966489	379	14	-0.0000715752	0.000000139182
11	90966490	92077143	345	14	-0.0001159484	0.000000146776
11	92077144	93276156	396	14	0.0004883824	0.000000202174
11	93276157	94242259	269	14	0.0002406408	0.000000120196
11	94242260	95726040	590	14	0.0004351955	0.000000329876
11	95726041	97057057	500	14	0.0000156584	0.000000269254
11	97057058	98705064	555	14	0.0003396793	0.000000327197
11	98705065	100417168	763	14	0.0001426913	0.000000343065
11	100417169	101331120	404	14	0.0004002323	0.000000207113
11	101331121	103959635	1080	14	0.0000266216	0.000000335177
11	103959636	104873283	283	14	0.0002192072	0.000000098804
11	104873284	106520893	467	14	0.0000797369	0.000000195812
11	106520894	107844199	466	14	-0.0000003073	0.000000227552
11	107844200	108437036	135	11	0.0000152139	0.000000046635
11	108437037	109866115	343	14	-0.0000733205	0.000000154973
11	109866116	111114396	488	14	0.0002181278	0.000000226724
11	111114397	112459487	381	14	0.0003618375	0.000000184241
11	112459488	114257727	786	14	0.0000874111	0.000000339308
11	114257728	114830665	228	14	-0.0000232287	0.000000094986
11	114830666	116383347	653	14	0.0004338541	0.000000362851
11	116383348	117747109	599	14	-0.0000065904	0.000000332920
11	117747110	119215475	516	14	0.0002243845	0.000000273820
11	119215476	120766805	623	14	0.0001357367	0.000000342592
11	120766806	121175942	198	14	-0.0000235177	0.000000085029
11	121175943	122591909	465	14	0.0002628772	0.000000269118
11	122591910	123500116	417	14	0.0000370308	0.000000232929
11	123500117	124495527	479	14	-0.0000221332	0.000000175265
11	124495528	126311319	797	14	0.0001173624	0.000000341343
11	126311320	127316678	560	14	0.0001380417	0.000000273853
11	127316679	128188536	307	14	0.0004022857	0.000000169045
11	128188537	130342574	853	14	-0.0000047704	0.000000333043
11	130342575	131074611	366	14	-0.0001191057	0.000000182413
11	131074612	133000045	1095	14	0.0002022832	0.000000347114
11	133000046	134205992	547	14	0.0002200602	0.000000340563
11	134205993	134946451	399	14	0.0003040966	0.000000236048
12	61107	1080330	311	14	0.0000958129	0.000000175755
12	1080331	2544785	486	14	0.0002484248	0.000000273250
12	2544786	3677036	507	14	0.0002303849	0.000000305410
12	3677037	4417678	388	14	0.0002760062	0.000000228521
12	4417679	5321471	501	14	0.0000735481	0.000000278353
12	5321472	6419752	553	14	0.0002080122	0.000000314466
12	6419753	8377535	523	14	0.0005095855	0.000000324337
12	8377536	9031394	131	14	0.0002440184	0.000000083977
12	9031395	10481533	533	14	0.0000419542	0.000000260012
12	10481534	11754845	336	14	0.0001538562	0.000000151699
12	11754846	12733527	439	14	-0.0000520849	0.000000253649
12	12733528	15241483	1022	14	0.0000604293	0.000000337474
12	15241484	16310459	254	14	0.0001247277	0.000000127687
12	16310460	18087872	557	14	0.0000427508	0.000000294194
12	18087873	20863942	931	14	-0.0000284565	0.000000331434
12	20863943	23820633	1099	14	0.0000565859	0.000000337213
12	23820634	25371082	713	14	0.0000074746	0.000000333876
12	25371083	27799772	1020	14	0.0000232029	0.000000334944
12	27799773	29651254	694	14	0.0004143636	0.000000334550
12	29651255	30512405	461	14	0.0002408541	0.000000221945
12	30512406	32165591	630	14	0.0000807125	0.000000322619
12	32165592	33076988	378	14	0.0002209797	0.000000190954
12	33076989	37856716	355	14	-0.0000054193	0.000000121524
12	37856717	39227168	135	7	0.0000207684	0.000000051131
12	39227169	40816184	498	14	-0.0000176578	0.000000203112
12	40816185	41658585	352	14	0.0004261312	0.000000157585
12	41658586	43984473	898	14	0.0000583986	0.000000337336
12	43984474	46024228	475	14	0.0000277767	0.000000189559
12	46024229	47714792	466	14	0.0001260213	0.000000219103
12	47714793	49001865	541	14	0.0006735558	0.000000291074
12	49001866	51776493	630	14	0.0004500913	0.000000300147
12	51776494	53039003	634	14	0.0000502505	0.000000283467
12	53039004	54778822	588	14	0.0000200521	0.000000282913
12	54778823	55665836	273	14	0.0002588654	0.000000139898
12	55665837	57548859	422	14	0.0004561382	0.000000212246
12	57548860	59308665	464	14	0.0002838335	0.000000211637
12	59308666	61123728	451	14	0.0000045838	0.000000186624
12	61123729	64032460	946	14	0.0000102646	0.000000334065
12	64032461	65559694	376	14	0.0001705056	0.000000193008
12	65559695	67181143	514	14	0.0003808485	0.000000266218
12	67181144	67909728	322	14	0.0000595473	0.000000132979
12	67909729	69826541	813	14	-0.0000201128	0.000000332001
12	69826542	70957986	496	14	-0.0000847974	0.000000199979
12	70957987	72645074	566	14	0.0001178556	0.000000259309
12	72645075	73818453	302	14	0.0000487807	0.000000129024
12	73818454	76511313	764	14	0.0000602457	0.000000337462
12	76511314	78570569	755	14	0.0001682071	0.000000344799
12	78570570	80448149	405	14	0.0001409718	0.000000188971
12	80448150	81467766	307	14	0.0001291203	0.000000136354
12	81467767	83502665	560	14	0.0002426774	0.000000252557
12	83502666	84303843	230	14	0.0001952379	0.000000090446
12	84303844	85990425	392	14	0.0000438598	0.000000135169
12	85990426	89682121	750	14	0.0003538275	0.000000313026
12	89682122	92066154	643	14	0.0001075548	0.000000248466
12	92066155	94514566	905	14	0.0001463248	0.000000343312
12	94514567	96020784	692	14	0.0000513092	0.000000336854
12	96020785	97108838	454	14	0.0000387645	0.000000230191
12	97108839	99305986	927	14	0.0000732479	0.000000338345
12	99305987	101447640	654	14	0.0000196536	0.000000323861
12	101447641	101862689	148	14	0.0000846548	0.000000070309
12	101862690	102964985	334	14	-0.0000384831	0.000000159323
12	102964986	104848695	763	14	-0.0000670086	0.000000328814
12	104848696	106436212	845	14	-0.0000931103	0.000000327040
12	106436213	106958747	233	14	0.0000004086	0.000000110421
12	106958748	109025900	741	14	-0.0000689416	0.000000327129
12	109025901	110336718	399	14	0.0000358566	0.000000185306
12	110336719	113263517	462	14	0.0004650370	0.000000214900
12	113263518	113986708	217	14	0.0001684100	0.000000110326
12	113986709	115036601	539	14	0.0000015687	0.000000263144
12	115036602	115503215	194	14	-0.0000587447	0.000000095110
12	115503216	117087470	747	14	0.0000033343	0.000000333594
12	117087471	118135374	460	14	0.0003108782	0.000000271637
12	118135375	119754109	687	14	0.0001214757	0.000000341623
12	119754110	122007650	675	14	0.0000783227	0.000000330162
12	122007651	124977979	694	14	-0.0000715790	0.000000323847
12	124977980	126445504	622	14	-0.0000298059	0.000000331342
12	126445505	127875097	640	14	0.0001001469	0.000000325476
12	127875098	129237296	702	14	-0.0000417851	0.000000330528
12	129237297	130377920	680	14	0.0000575499	0.000000337279
12	130377921	131786750	736	14	0.0000878270	0.000000339336
12	131786751	132807033	289	14	0.0001781239	0.000000149399
12	132807034	133841510	169	14	0.0000637201	0.000000082872
13	19020013	20686719	290	14	0.0000808579	0.000000135057
13	20686720	22242173	583	14	0.0001265187	0.000000302133
13	22242174	23594701	670	14	0.0001285421	0.000000342103
13	23594702	24531936	508	14	0.0002822558	0.000000282879
13	24531937	25784361	644	14	0.0000903245	0.000000339506
13	25784362	27284361	544	14	0.0000173766	0.000000262011
13	27284362	29257550	853	14	-0.0000378175	0.000000330798
13	29257551	30483266	502	14	0.0001194376	0.000000247826
13	30483267	32301814	773	14	0.0000944102	0.000000339784
13	32301815	33776902	580	14	0.0001585859	0.000000276717
13	33776903	35026463	455	14	0.0000608647	0.000000223870
13	35026464	36046366	221	14	0.0000006925	0.000000107273
13	36046367	37498184	647	14	0.0000081333	0.000000333920
13	37498185	38878162	544	14	0.0001844326	0.000000235759
13	38878163	41069262	869	14	0.0000627573	0.000000337632
13	41069263	43101026	629	14	0.0001428250	0.000000292726
13	43101027	44901408	804	14	-0.0000461419	0.000000330232
13	44901409	46495213	530	14	0.0001439512	0.000000274989
13	46495214	47431078	363	14	0.0000968167	0.000000171780
13	47431079	49383961	616	14	0.0003071869	0.000000310616
13	49383962	51591090	743	14	-0.0000145741	0.000000332377
13	51591091	53339621	449	14	0.0000735962	0.000000226147
13	53339622	54682863	524	14	0.0000996443	0.000000262453
13	54682864	55817130	319	14	0.0002589977	0.000000143131
13	55817131	57554216	297	14	0.0002602643	0.000000109605
13	57554217	58410625	205	14	0.0000874789	0.000000074723
13	58410626	59302270	216	14	0.0000221254	0.000000078867
13	59302271	60854777	554	14	0.0002684286	0.000000269494
13	60854778	61591948	284	14	0.0004718294	0.000000157414
13	61591949	63971558	635	14	0.0001753837	0.000000313011
13	63971559	65200601	301	14	0.0001286433	0.000000111431
13	65200602	67844452	782	14	0.0000914111	0.000000339580
13	67844453	70724515	886	14	0.0001672994	0.000000344737
13	70724516	71526790	316	14	0.0000043361	0.000000154198
13	71526791	73934088	845	14	0.0000576754	0.000000337287
13	73934089	75670142	735	14	0.0001076865	0.000000340686
13	75670143	77410554	782	14	0.0000157569	0.000000334438
13	77410555	78808812	436	14	0.0001042135	0.000000187178
13	78808813	80585675	575	14	0.0001202674	0.000000268975
13	80585676	82581813	607	14	0.0001737756	0.000000307602
13	82581814	84133143	392	14	0.0000869576	0.000000132232
13	84133144	85610915	411	14	0.0002522223	0.000000191020
13	85610916	88559881	756	14	-0.0000460341	0.000000316319
13	88559882	90521310	466	14	-0.0001289425	0.000000172158
13	90521311	93129690	861	14	0.0000958912	0.000000339884
13	93129691	93586454	121	14	0.0000198058	0.000000060577
13	93586455	96087557	1201	14	-0.0000371008	0.000000330846
13	96087558	97519209	357	14	0.0003481990	0.000000192740
13	97519210	98938918	436	14	0.0001272334	0.000000247633
13	98938919	100574094	788	14	0.0003408171	0.000000356529
13	100574095	102300522	768	14	0.0000324319	0.000000335572
13	102300523	104066709	928	14	0.0002189046	0.000000348244
13	104066710	104844113	309	14	-0.0000351581	0.000000145582
13	104844114	106247553	623	14	0.0001217149	0.000000341639
13	106247554	106749999	273	14	0.0003219081	0.000000151238
13	106750000	108189876	608	14	0.0002804200	0.000000352424
13	108189877	109121209	438	14	-0.0000543641	0.000000231049
13	109121210	109815111	328	14	-0.0000165642	0.000000164152
13	109815112	111232072	756	14	0.0000804680	0.000000338836
13	111232073	112247591	461	14	0.0003717236	0.000000268492
13	112247592	113572487	462	14	0.0005768457	0.000000291814
13	113572488	115109852	408	14	0.0004237704	0.000000234983
14	19002084	21589401	591	14	0.0000270877	0.000000335208
14	21589402	23018664	710	14	0.0000613895	0.000000337540
14	23018665	24905122	703	14	-0.0000307009	0.000000331281
14	24905123	26135685	559	14	0.0002302930	0.000000254599
14	26135686	28466532	696	14	0.0000763606	0.000000338557
14	28466533	29972144	380	14	-0.0000541922	0.000000175147
14	29972145	32383264	590	14	0.0001679621	0.000000321646
14	32383265	34846250	1266	14	0.0001248848	0.000000341855
14	34846251	35859592	246	14	0.0002447916	0.000000127440
14	35859593	38667724	877	14	-0.0001165404	0.000000325448
14	38667725	40341989	543	14	0.0001356206	0.000000255426
14	40341990	41615501	347	14	-0.0000311751	0.000000119796
14	41615502	43137388	415	14	0.0000736514	0.000000174938
14	43137389	44543226	357	14	0.0000173107	0.000000179282
14	44543227	46081895	379	14	0.0003105374	0.000000184815
14	46081896	46749129	188	14	-0.0000177347	0.000000056875
14	46749130	48573585	586	14	-0.0000153546	0.000000290254
14	48573586	49005470	112	13	0.0000590114	0.000000047796
14	49005471	50507759	464	14	0.0001542124	0.000000243708
14	50507760	51493571	368	14	0.0001067640	0.000000192822
14	51493572	53474382	850	14	0.0000855157	0.000000339179
14	53474383	53997830	176	14	0.0001813141	0.000000085853
14	53997831	55233680	449	14	0.0000452252	0.000000242810
14	55233681	56216879	292	14	0.0000945964	0.000000128234
14	56216880	57481261	666	14	0.0002462570	0.000000350103
14	57481262	59448335	707	14	0.0001151529	0.000000341193
14	59448336	61680423	609	14	0.0003709914	0.000000279349
14	61680424	63790014	811	14	0.0004362450	0.000000363014
14	63790015	65220297	350	14	0.0003088517	0.000000184030
14	65220298	66399554	407	14	0.0001339575	0.000000200845
14	66399555	67992316	418	14	0.0000324126	0.000000130510
14	67992317	71131956	1239	14	0.0000337579	0.000000335662
14	71131957	72889614	681	14	0.0000681694	0.000000336446
14	72889615	76444766	1153	14	0.0002645035	0.000000351343
14	76444767	77229471	356	14	-0.0000442234	0.000000178546
14	77229472	78561944	639	14	-0.0000221187	0.000000324885
14	78561945	80186578	611	14	0.0000834216	0.000000316673
14	80186579	81579713	510	14	0.0000759613	0.000000252116
14	81579714	83138096	473	14	0.0001406008	0.000000232089
14	83138097	84241632	378	14	0.0001876925	0.000000188713
14	84241633	85746318	469	14	0.0000081274	0.000000238144
14	85746319	86647001	305	14	0.0003212831	0.000000166236
14	86647002	87635340	306	14	-0.0000808474	0.000000141852
14	87635341	89497642	607	14	0.0000605084	0.000000262731
14	89497643	91296859	699	14	0.0003093282	0.000000354389
14	91296860	93132298	676	14	-0.0000843067	0.000000327638
14	93132299	94325284	413	14	-0.0001006022	0.000000188489
14	94325285	95750866	876	14	0.0001655967	0.000000344621
14	95750867	96262414	379	14	-0.0000213505	0.000000184191
14	96262415	98341161	847	14	0.0000621509	0.000000337591
14	98341162	99138531	369	14	-0.0000078834	0.000000162052
14	99138532	101534306	899	14	0.0001266300	0.000000341973
14	101534307	103012101	436	14	0.0001733310	0.000000242136
14	103012102	105001722	476	14	0.0001391615	0.000000237686
14	105001723	106340357	159	14	-0.0000069264	0.000000080598
14	106340358	107289453	39	5	-0.0000154730	0.000000018017
15	20001200	21131603	6	2	-0.0000004532	0.000000003295
15	21131604	24195126	302	14	-0.0000655524	0.000000162873
15	24195127	25108589	194	14	-0.0000002498	0.000000092163
15	25108590	27298111	870	14	-0.0000413430	0.000000330558
15	27298112	29338501	474	14	-0.0000114243	0.000000247658
15	29338502	30165567	295	14	0.0001739496	0.000000158315
15	30165568	31591820	299	14	0.0000454638	0.000000158959
15	31591821	32441810	262	14	0.0001361767	0.000000131667
15	32441811	34015424	730	14	-0.0000808883	0.000000327871
15	34015425	35083250	402	14	0.0001034796	0.000000209887
15	35083251	37456501	933	14	0.0000599522	0.000000337442
15	37456502	38530776	347	14	0.0001268586	0.000000188021
15	38530777	40384131	782	14	0.0006516471	0.000000377652
15	40384132	41177513	235	14	0.0002534149	0.000000128654
15	41177514	42776398	430	14	0.0000225465	0.000000208618
15	42776399	44198048	273	14	0.0001137650	0.000000100419
15	44198049	46618786	498	14	0.0001061876	0.000000222691
15	46618787	48136047	585	14	0.0001499035	0.000000282783
15	48136048	50008042	446	14	0.0002747692	0.000000203454
15	50008043	51677559	611	14	0.0000367567	0.000000264057
15	51677560	53069095	404	14	0.0000458745	0.000000166338
15	53069096	54508527	630	14	0.0001925760	0.000000327144
15	54508528	55136268	253	14	-0.0000053041	0.000000139042
15	55136269	56901772	535	14	0.0003185751	0.000000313647
15	56901773	58441365	626	14	0.0000133290	0.000000334273
15	58441366	59694115	514	14	0.0000168692	0.000000309102
15	59694116	61265835	665	14	0.0000003732	0.000000333393
15	61265836	63215221	914	14	-0.0001248310	0.000000324884
15	63215222	65104667	490	14	0.0000709931	0.000000237369
15	65104668	67094766	618	14	0.0004388885	0.000000361637
15	67094767	69017998	747	14	0.0003017796	0.000000353876
15	69017999	70133340	297	14	-0.0000227311	0.000000146418
15	70133341	71922648	706	14	0.0001888759	0.000000346203
15	71922649	73628713	368	14	0.0000083506	0.000000143238
15	73628714	76398623	596	14	-0.0000289006	0.000000314410
15	76398624	78516052	528	14	0.0004954816	0.000000251795
15	78516053	80860977	984	14	0.0003439975	0.000000356745
15	80860978	84260467	913	14	0.0000542610	0.000000337055
15	84260468	86652904	772	14	0.0000068101	0.000000333830
15	86652905	88369942	765	14	0.0000852760	0.000000339163
15	88369943	90475550	722	14	0.0002631921	0.000000351254
15	90475551	92164391	626	14	-0.0000040696	0.000000333091
15	92164392	93780901	818	14	0.0002025521	0.000000347133
15	93780902	94924329	581	14	-0.0000381313	0.000000330776
15	94924330	96141595	587	14	0.0000327158	0.000000335591
15	96141596	98030909	748	14	0.0000060178	0.000000333777
15	98030910	99244058	569	14	0.0000596093	0.000000337419
15	99244059	100636846	547	14	0.0000566240	0.000000325601
15	100636847	101552693	405	14	0.0002463495	0.000000243499
15	101552694	102520965	434	14	-0.0000541770	0.000000251316
16	60054	1207205	294	14	0.0002261624	0.000000183177
16	1207206	2764828	363	14	0.0000604955	0.000000194516
16	2764829	4001195	298	14	0.0001689867	0.000000182707
16	4001196	5118344	377	14	0.0000472529	0.000000228628
16	5118345	5891579	348	14	0.0002275363	0.000000219649
16	5891580	6893550	702	14	0.0000519700	0.000000336899
16	6893551	7529120	482	14	0.0001904264	0.000000304206
16	7529121	8338518	536	14	0.0003548131	0.000000345081
16	8338519	9799418	711	14	0.0002089801	0.000000347569
16	9799419	10426031	370	14	0.0002848839	0.000000201395
16	10426032	11520160	443	14	0.0004760444	0.000000290850
16	11520161	12613097	398	14	0.0000932567	0.000000243178
16	12613098	13154436	309	14	0.0000989170	0.000000161222
16	13154437	14464001	559	14	0.0000829818	0.000000308261
16	14464002	16154059	314	14	0.0000955659	0.000000164328
16	16154060	17644748	396	14	0.0003383546	0.000000238360
16	17644749	18643606	176	14	0.0000018117	0.000000092301
16	18643607	20150570	421	14	0.0002749093	0.000000219358
16	20150571	22448903	437	14	0.0000173091	0.000000192294
16	22448904	24136874	513	14	0.0000866407	0.000000265232
16	24136875	25986861	749	14	0.0001096083	0.000000340816
16	25986862	27445754	652	14	0.0003020340	0.000000353893
16	27445755	29036612	335	14	0.0001239864	0.000000149693
16	29036613	31382942	268	14	0.0001095224	0.000000136334
16	31382943	46399472	122	14	0.0000800516	0.000000059831
16	46399473	49007925	299	14	0.0000830860	0.000000122973
16	49007926	52035822	1084	14	-0.0000615974	0.000000329182
16	52035823	53382571	454	14	0.0001736272	0.000000204209
16	53382572	55903773	1188	14	0.0003246978	0.000000355433
16	55903774	57664329	633	14	-0.0000925836	0.000000327076
16	57664330	59045404	508	14	0.0003351525	0.000000305011
16	59045405	60745693	500	14	0.0000471131	0.000000261092
16	60745694	62229848	361	14	-0.0000403664	0.000000145893
16	62229849	63691588	441	14	0.0003834674	0.000000248488
16	63691589	65938565	808	14	0.0000065185	0.000000333811
16	65938566	68841362	676	14	0.0001077040	0.000000325221
16	68841363	71054027	387	14	0.0001799536	0.000000198439
16	71054028	72935149	453	14	-0.0000401607	0.000000208592
16	72935150	74971502	790	14	0.0004653221	0.000000364990
16	74971503	75977953	227	14	0.0000171182	0.000000114720
16	75977954	77523677	681	14	0.0002059520	0.000000347364
16	77523678	78456291	644	14	0.0001314881	0.000000342303
16	78456292	79134814	566	14	0.0000410534	0.000000336158
16	79134815	80297373	783	14	-0.0000157281	0.000000332299
16	80297374	81772535	787	14	-0.0000159735	0.000000332282
16	81772536	82747727	585	14	0.0000243958	0.000000335025
16	82747728	83477207	604	14	0.0002606966	0.000000351084
16	83477208	84445882	718	14	-0.0000527516	0.000000329783
16	84445883	85148684	464	14	0.0001147734	0.000000298324
16	85148685	86156598	477	14	0.0002407865	0.000000317448
16	86156599	86815410	530	14	0.0000192128	0.000000334673
16	86815411	87647348	364	14	0.0001645486	0.000000230162
16	87647349	89041164	361	14	0.0003082652	0.000000235624
16	89041165	90292811	313	14	0.0002782336	0.000000192771
17	56	1172398	311	14	-0.0000995196	0.000000173458
17	1172399	1928730	252	14	0.0001480038	0.000000140862
17	1928731	3702311	646	14	0.0000252825	0.000000335086
17	3702312	4696260	362	14	0.0003781417	0.000000211791
17	4696261	5741333	389	14	0.0002942375	0.000000211647
17	5741334	7317397	629	14	-0.0000872112	0.000000327441
17	7317398	8306424	317	14	0.0001264685	0.000000182554
17	8306425	9965920	659	14	-0.0000195622	0.000000332038
17	9965921	11102814	476	14	-0.0000644083	0.000000243349
17	11102815	12534768	560	14	0.0003117401	0.000000342927
17	12534769	13180371	297	14	0.0000184325	0.000000163152
17	13180372	13894636	371	14	0.0000012101	0.000000210682
17	13894637	15019096	605	14	0.0001666345	0.000000344692
17	15019097	16412341	320	14	0.0001237478	0.000000168897
17	16412342	18856319	565	14	0.0005197954	0.000000296013
17	18856320	21290356	386	14	0.0002343321	0.000000199359
17	21290357	27334243	510	14	0.0001590154	0.000000276746
17	27334244	29786490	501	14	0.0002273425	0.000000187989
17	29786491	31538424	546	14	0.0000675895	0.000000291371
17	31538425	32912797	830	14	0.0000157660	0.000000334439
17	32912798	34469035	522	14	0.0001332490	0.000000267653
17	34469036	36809343	515	14	0.0000095986	0.000000268844
17	36809344	38877403	445	14	0.0001274774	0.000000218500
17	38877404	39899809	322	14	0.0001136088	0.000000126942
17	39899810	41772086	378	14	0.0002679898	0.000000158710
17	41772087	43056904	340	14	-0.0001236677	0.000000133712
17	43056905	45876021	601	14	-0.0000325466	0.000000241160
17	45876022	47517399	536	14	0.0003064007	0.000000254708
17	47517400	49898956	777	14	-0.0000608280	0.000000329234
17	49898957	50719054	285	14	0.0004857990	0.000000152550
17	50719055	51826117	308	14	0.0001045085	0.000000128256
17	51826118	53599431	615	14	0.0000512295	0.000000314488
17	53599432	55357540	612	14	0.0003492777	0.000000326327
17	55357541	57487511	687	14	0.0001712170	0.000000345003
17	57487512	59312754	246	14	0.0002877764	0.000000101544
17	59312755	61545588	445	14	0.0001215134	0.000000226550
17	61545589	63148127	306	14	-0.0000625879	0.000000117688
17	63148128	64800429	634	14	0.0000081527	0.000000305465
17	64800430	67858769	946	14	0.0000307027	0.000000335454
17	67858770	69387816	648	14	0.0002593693	0.000000333213
17	69387817	72672202	1433	14	0.0001249294	0.000000341858
17	72672203	74375559	409	14	0.0001497389	0.000000224925
17	74375560	76263412	738	14	0.0001778656	0.000000345455
17	76263413	77298635	471	14	0.0001445037	0.000000304107
17	77298636	78837587	544	14	-0.0000192333	0.000000303606
17	78837588	80034407	239	14	0.0001969514	0.000000142202
17	80034408	81194907	308	14	0.0025629931	0.000000312212
18	10644	912485	407	14	-0.0000553729	0.000000216023
18	912486	1942910	366	14	0.0000663903	0.000000168390
18	1942911	3891657	773	14	0.0000398280	0.000000336074
18	3891658	5834179	791	14	0.0001245740	0.000000341833
18	5834180	7090484	578	14	0.0000249627	0.000000318834
18	7090485	8498930	585	14	-0.0001174240	0.000000311472
18	8498931	11075912	1273	14	0.0001023081	0.000000340320
18	11075913	11905439	259	14	-0.0000245422	0.000000131227
18	11905440	14440798	750	14	0.0001129842	0.000000341046
18	14440799	19485843	159	14	0.0000253541	0.000000063343
18	19485844	20649471	300	14	-0.0000538108	0.000000132517
18	20649472	22996650	826	14	0.0001842770	0.000000345891
18	22996651	24026190	313	14	0.0001287984	0.000000165229
18	24026191	25927681	785	14	0.0003928970	0.000000360068
18	25927682	26875586	246	14	0.0001695805	0.000000113545
18	26875587	27866477	269	14	0.0001739603	0.000000118886
18	27866478	30264065	884	14	0.0000442045	0.000000336372
18	30264066	31780066	345	14	0.0003513195	0.000000168255
18	31780067	33861963	614	14	0.0005247207	0.000000308909
18	33861964	35075249	483	14	0.0001348610	0.000000247428
18	35075250	36365489	493	14	0.0001112093	0.000000206928
18	36365490	37684366	352	14	0.0000952528	0.000000141875
18	37684367	39892647	774	14	0.0001139382	0.000000333354
18	39892648	42922105	930	14	0.0001462986	0.000000343310
18	42922106	44299245	693	14	0.0005082569	0.000000367908
18	44299246	45939731	598	14	0.0000847695	0.000000313710
18	45939732	47730583	785	14	-0.0000120974	0.000000332545
18	47730584	51062184	1188	14	-0.0000420566	0.000000330510
18	51062185	51554174	174	14	0.0001658772	0.000000076942
18	51554175	55213837	1118	14	0.0002624644	0.000000351204
18	55213838	56530219	613	14	0.0001005797	0.000000335544
18	56530220	57630482	583	14	-0.0000008975	0.000000327100
18	57630483	59020750	436	14	0.0000759907	0.000000220653
18	59020751	60277714	544	14	0.0001505717	0.000000276175
18	60277715	61820251	579	14	0.0002140630	0.000000281949
18	61820252	63463401	522	14	0.0001635327	0.000000240760
18	63463402	64252800	242	14	0.0000010084	0.000000094114
18	64252801	66125816	732	14	0.0001006670	0.000000340209
18	66125817	67175819	329	14	0.0000784241	0.000000174584
18	67175820	68621178	465	14	0.0002263376	0.000000269563
18	68621179	69621617	384	14	0.0004154716	0.000000217748
18	69621618	71038473	564	14	0.0001450690	0.000000305655
18	71038474	71971461	495	14	0.0000582479	0.000000290738
18	71971462	73526986	664	14	0.0001101474	0.000000340853
18	73526987	74813814	594	14	-0.0000190285	0.000000332074
18	74813815	75976316	592	14	0.0002395780	0.000000344212
18	75976317	77149990	411	14	0.0001915332	0.000000199219
18	77149991	78017157	267	14	0.0004088818	0.000000157725
19	80840	610728	99	14	0.0002515478	0.000000070093
19	610729	2098395	291	14	0.0000686558	0.000000175954
19	2098396	3019659	237	14	0.0002530082	0.000000151816
19	3019660	4348966	319	14	-0.0000864113	0.000000180493
19	4348967	5811851	408	14	0.0001398359	0.000000250648
19	5811852	6684884	210	14	0.0000842220	0.000000118583
19	6684885	8347512	527	14	-0.0000364356	0.000000298643
19	8347513	9238392	262	14	0.0000695966	0.000000111259
19	9238393	11284027	497	14	0.0001553676	0.000000240923
19	11284028	13471126	419	14	0.0002851467	0.000000231246
19	13471127	14486346	205	14	0.0000619758	0.000000108224
19	14486347	15648609	373	14	0.0000486511	0.000000192341
19	15648610	16374415	363	14	0.0001173714	0.000000150562
19	16374416	18409861	557	14	0.0001408562	0.000000332865
19	18409862	19877470	328	14	0.0000980348	0.000000166498
19	19877471	20905756	131	14	0.0006365816	0.000000107191
19	20905757	22732895	311	14	0.0003087066	0.000000144531
19	22732896	23467745	127	13	0.0000562952	0.000000052322
19	23467746	28557892	277	14	-0.0000401934	0.000000100119
19	28557893	29790946	467	14	0.0003583296	0.000000250349
19	29790947	30727953	332	14	0.0003600351	0.000000190837
19	30727954	32746519	647	14	0.0000230988	0.000000334937
19	32746520	34262951	514	14	0.0000958136	0.000000272468
19	34262952	36469294	662	14	0.0000532471	0.000000336986
19	36469295	37527032	233	14	0.0001593487	0.000000091722
19	37527033	40170618	638	14	0.0001333228	0.000000318531
19	40170619	40984600	187	14	-0.0000181292	0.000000082307
19	40984601	42131572	302	14	0.0002522735	0.000000168211
19	42131573	43862454	167	14	0.0001568564	0.000000083609
19	43862455	44744107	301	14	0.0004198634	0.000000159762
19	44744108	46102696	361	14	-0.0000218543	0.000000193106
19	46102697	47150081	292	14	0.0001814924	0.000000166109
19	47150082	49282226	599	14	-0.0000043426	0.000000315310
19	49282227	51532566	637	14	-0.0000936787	0.000000327001
19	51532567	52985289	644	14	0.0003340893	0.000000356072
19	52985290	54602361	507	14	0.0001595109	0.000000310418
19	54602362	55728079	361	14	0.0001536730	0.000000209097
19	55728080	57521334	682	14	-0.0000187720	0.000000332092
19	57521335	59118838	544	14	0.0001483732	0.000000293850
20	60479	697599	270	14	0.0001014536	0.000000152784
20	697600	2469500	1012	14	0.0000739309	0.000000338392
20	2469501	3828412	499	14	0.0005870521	0.000000304985
20	3828413	5477849	808	14	0.0000597027	0.000000337425
20	5477850	7084072	743	14	0.0001667178	0.000000344697
20	7084073	8117010	409	14	0.0000508469	0.000000180179
20	8117011	9730920	778	14	0.0001400925	0.000000342888
20	9730921	11249535	739	14	0.0002279016	0.000000348855
20	11249536	12447498	500	14	0.0000492685	0.000000223796
20	12447499	13689863	552	14	0.0001623292	0.000000287337
20	13689864	15958358	990	14	0.0000068738	0.000000333835
20	15958359	17487231	946	14	0.0000727586	0.000000338312
20	17487232	18972202	617	14	0.0000369799	0.000000317348
20	18972203	20959709	891	14	-0.0000950069	0.000000326911
20	20959710	22491455	407	14	0.0000900847	0.000000161959
20	22491456	23293789	360	14	0.0000131527	0.000000164137
20	23293790	24717723	529	14	0.0000395291	0.000000249653
20	24717724	25344230	222	14	0.0001323774	0.000000090532
20	25344231	31614822	597	14	0.0001088658	0.000000247833
20	31614823	32813440	293	14	0.0000341160	0.000000126750
20	32813441	34960445	462	14	0.0000726107	0.000000151505
20	34960446	36909529	492	14	0.0002049588	0.000000224429
20	36909530	38436760	514	14	-0.0000008950	0.000000225377
20	38436761	39610855	469	14	0.0001968648	0.000000256670
20	39610856	40585688	290	14	0.0001458559	0.000000141367
20	40585689	41615459	583	14	-0.0001059461	0.000000323062
20	41615460	42680175	397	14	-0.0001234547	0.000000196674
20	42680176	44839055	786	14	0.0001417319	0.000000342999
20	44839056	47199979	1035	14	0.0000590262	0.000000337379
20	47199980	49239657	763	14	-0.0001365296	0.000000324089
20	49239658	52472548	1353	14	0.0002382059	0.000000349556
20	52472549	54055265	619	14	0.0000279776	0.000000335269
20	54055266	56447958	1148	14	0.0000263993	0.000000335162
20	56447959	58406571	889	14	0.0000238786	0.000000334990
20	58406572	59561723	543	14	0.0000015495	0.000000277189
20	59561724	61301854	758	14	0.0002116704	0.000000347752
20	61301855	62190179	295	14	0.0002885736	0.000000180653
20	62190180	62965162	235	14	0.0000725343	0.000000123546
21	9411243	15950981	286	14	0.0001387128	0.000000153969
21	15950982	18053164	663	14	0.0000792627	0.000000338754
21	18053165	19480374	441	14	0.0002173706	0.000000258057
21	19480375	20962338	610	14	0.0000279308	0.000000335266
21	20962339	22072763	357	14	0.0001077402	0.000000188781
21	22072764	23362874	528	14	0.0001468271	0.000000267840
21	23362875	24696230	354	14	0.0000163516	0.000000169733
21	24696231	26469121	654	14	-0.0000741519	0.000000324447
21	26469122	27271018	222	14	-0.0000288406	0.000000102769
21	27271019	29125225	875	14	0.0000021916	0.000000333517
21	29125226	31197024	692	14	0.0001372155	0.000000308906
21	31197025	32668641	455	14	0.0002902732	0.000000194940
21	32668642	34376998	664	14	0.0000629873	0.000000337648
21	34376999	35225464	289	14	0.0002131181	0.000000164253
21	35225465	36524372	570	14	-0.0000982985	0.000000326687
21	36524373	37870778	540	14	0.0003145998	0.000000283596
21	37870779	38711703	314	14	0.0001880132	0.000000142250
21	38711704	40482901	842	14	0.0000591007	0.000000337384
21	40482902	41389526	499	14	0.0002924119	0.000000243762
21	41389527	43321527	1014	14	0.0000681117	0.000000337996
21	43321528	44506267	693	14	0.0007764604	0.000000386134
21	44506268	46177104	575	14	0.0005943158	0.000000373756
21	46177105	47492225	505	14	0.0000198978	0.000000271018
21	47492226	48119751	241	14	0.0001975706	0.000000123004
22	16050408	17674294	216	14	0.0000545006	0.000000120417
22	17674295	18296087	261	14	0.0001020738	0.000000142333
22	18296088	19912357	538	14	0.0000781302	0.000000284610
22	19912358	22357324	601	14	0.0001516044	0.000000293321
22	22357325	23712646	336	14	-0.0000136894	0.000000164345
22	23712647	24984203	362	14	0.0002855391	0.000000171110
22	24984204	26791627	752	14	0.0000765315	0.000000338569
22	26791628	27834751	742	14	0.0002872280	0.000000352887
22	27834752	29651798	578	14	-0.0000332083	0.000000328780
22	29651799	31439917	552	14	0.0001369732	0.000000258420
22	31439918	32664985	357	14	0.0002254238	0.000000177075
22	32664986	34494913	933	14	-0.0000526952	0.000000329787
22	34494914	35530984	497	14	-0.0000694906	0.000000201710
22	35530985	37570268	845	14	0.0005923719	0.000000373624
22	37570269	39307893	535	14	0.0000937489	0.000000304443
22	39307894	40545796	336	14	0.0002062290	0.000000191322
22	40545797	42690817	464	14	0.0002228547	0.000000192441
22	42690818	43714199	408	14	0.0001260031	0.000000221210
22	43714200	44995307	708	14	0.0000303802	0.000000335432
22	44995308	46470494	626	14	0.0000842834	0.000000339095
22	46470495	47596317	455	14	0.0001860761	0.000000265381
22	47596318	48903702	743	14	-0.0000623850	0.000000329128
22	48903703	49824533	617	14	0.0003717594	0.000000358632
22	49824534	51243297	395	14	0.0002315074	0.000000225519
