chr	start	end	num_snp	k	local_h2g	var
1	10583	1892606	118	15	-0.0001295790	0.000000114632
1	1892607	3582735	472	15	0.0000679130	0.000000440821
1	3582736	4380810	293	15	0.0005347666	0.000000259338
1	4380811	5913892	907	15	0.0000929583	0.000000401755
1	5913893	7247334	447	15	-0.0001383843	0.000000262812
1	7247335	9365198	736	15	0.0000422828	0.000000400855
1	9365199	10806983	373	15	0.0000026289	0.000000220698
1	10806984	11777840	281	15	0.0003992086	0.000000239393
1	11777841	12779465	304	15	0.0000344921	0.000000239237
1	12779466	14891510	644	15	0.0000154298	0.000000404646
1	14891511	16897729	744	15	0.0002381674	0.000000441274
1	16897730	18662898	696	15	-0.0000030648	0.000000416652
1	18662899	20469148	767	15	0.0002243401	0.000000457227
1	20469149	21736587	478	15	0.0002004768	0.000000304315
1	21736588	23086882	544	15	-0.0001653448	0.000000359116
1	23086883	23920589	236	15	-0.0000034453	0.000000126889
1	23920590	25516844	547	15	0.0002873275	0.000000387383
1	25516845	27401866	433	15	-0.0000840697	0.000000200712
1	27401867	30161880	574	15	-0.0000908745	0.000000307099
1	30161881	32438684	981	15	0.0000258746	0.000000392569
1	32438685	34799757	713	15	-0.0000163873	0.000000393718
1	34799758	37549182	606	15	-0.0000257701	0.000000380549
1	37549183	38731846	391	15	0.0001737710	0.000000230413
1	38731847	40200566	461	15	0.0003154254	0.000000297956
1	40200567	41975326	572	15	0.0000625606	0.000000297557
1	41975327	43758456	585	15	0.0002147734	0.000000312471
1	43758457	44969182	388	15	0.0001784606	0.000000193606
1	44969183	46899500	474	15	0.0000225686	0.000000169542
1	46899501	48002575	318	15	-0.0000000902	0.000000149987
1	48002576	48978187	358	15	0.0000901434	0.000000195083
1	48978188	49894176	252	15	0.0002010613	0.000000138247
1	49894177	51713725	264	15	0.0000624475	0.000000095425
1	51713726	54226261	580	15	-0.0000075307	0.000000316495
1	54226262	56413116	889	15	-0.0000655591	0.000000400246
1	56413117	57021727	285	15	0.0003098604	0.000000148000
1	57021728	58865398	904	15	0.0001193211	0.000000410397
1	58865399	59890408	410	15	0.0001309199	0.000000218028
1	59890409	61922364	700	15	-0.0000634432	0.000000391929
1	61922365	63455088	578	15	-0.0000304422	0.000000366107
1	63455089	65041703	696	15	-0.0000653948	0.000000342423
1	65041704	66939403	667	15	-0.0000026496	0.000000319539
1	66939404	68477894	714	15	-0.0000013737	0.000000314485
1	68477895	69687615	400	15	0.0000607796	0.000000222853
1	69687616	71372469	556	15	0.0003107607	0.000000320910
1	71372470	71684404	86	10	0.0000299886	0.000000033210
1	71684405	74326906	580	15	0.0001483522	0.000000249062
1	74326907	76728134	753	15	0.0000826741	0.000000323989
1	76728135	79661197	983	15	0.0001046448	0.000000400243
1	79661198	81354190	496	15	-0.0001031194	0.000000247498
1	81354191	83991747	1016	15	0.0000510096	0.000000408373
1	83991748	84844494	325	15	0.0000927212	0.000000148020
1	84844495	86454750	676	15	0.0000981115	0.000000369712
1	86454751	88128630	605	15	0.0001463836	0.000000355775
1	88128631	90066302	547	15	0.0000003295	0.000000288290
1	90066303	91886316	584	15	0.0001133860	0.000000325686
1	91886317	93536458	530	15	0.0001326164	0.000000243537
1	93536459	94506190	266	15	-0.0000178053	0.000000110610
1	94506191	96150892	693	15	-0.0000767520	0.000000383663
1	96150893	97885248	634	15	0.0001771980	0.000000283861
1	97885249	99800603	668	15	0.0001437735	0.000000342354
1	99800604	100826404	346	15	0.0000931536	0.000000148037
1	100826405	102041015	467	15	0.0001822900	0.000000228633
1	102041016	102898744	290	15	0.0001529094	0.000000169270
1	102898745	103914210	211	15	0.0001573971	0.000000089639
1	103914211	106087841	474	15	0.0003494135	0.000000266863
1	106087842	108409664	766	15	0.0001230885	0.000000411334
1	108409665	110303930	596	15	0.0003099305	0.000000365504
1	110303931	111741736	611	15	0.0000162824	0.000000427090
1	111741737	113273305	754	15	0.0000023968	0.000000391575
1	113273306	114873844	537	15	-0.0000880546	0.000000301203
1	114873845	115880592	354	15	-0.0000790228	0.000000144902
1	115880593	118839066	911	15	-0.0000033789	0.000000418043
1	118839067	144977493	600	15	0.0001323504	0.000000301576
1	144977494	148361252	462	15	-0.0000333074	0.000000218011
1	148361253	151538880	360	15	0.0000135010	0.000000153697
1	151538881	153180828	512	15	-0.0000048083	0.000000212000
1	153180829	154770402	490	15	0.0000297770	0.000000256445
1	154770403	156336132	322	15	-0.0000249286	0.000000172187
1	156336133	158027411	642	15	0.0001815658	0.000000392794
1	158027412	159913047	734	15	0.0003729013	0.000000464264
1	159913048	162346720	935	15	0.0001393874	0.000000426998
1	162346721	165191701	1275	15	-0.0000604518	0.000000394576
1	165191702	166460516	580	15	0.0002384176	0.000000374184
1	166460517	169086323	1194	15	0.0000004556	0.000000420331
1	169086324	170557775	587	15	0.0000487823	0.000000239206
1	170557776	173097906	970	15	-0.0000290971	0.000000384496
1	173097907	175089767	444	15	-0.0000216264	0.000000139665
1	175089768	177433380	865	15	-0.0001147593	0.000000391849
1	177433381	178944308	541	15	0.0000337069	0.000000258065
1	178944309	178954469	2	1	0.0000469528	0.000000012119
1	178954470	181144120	806	15	0.0000695893	0.000000378772
1	181144121	182755355	663	15	-0.0001269732	0.000000381811
1	182755356	184595512	672	15	0.0000230990	0.000000338400
1	184595513	186810022	580	15	0.0001247894	0.000000292188
1	186810023	188759944	694	15	-0.0001266133	0.000000325930
1	188759945	189904129	240	15	0.0002061160	0.000000103442
1	189904130	191868929	582	15	-0.0001604134	0.000000199058
1	191868930	194107441	642	15	-0.0000478342	0.000000313399
1	194107442	196176200	621	15	0.0000656350	0.000000268529
1	196176201	197311513	203	15	0.0001213361	0.000000078834
1	197311514	199239883	539	15	-0.0000185774	0.000000270019
1	199239884	200137648	339	15	0.0000081515	0.000000171204
1	200137649	201589974	750	15	0.0000734430	0.000000422669
1	201589975	203334733	652	15	-0.0000807848	0.000000422791
1	203334734	204681067	535	15	0.0003437531	0.000000360706
1	204681068	206073264	604	15	0.0001350719	0.000000373327
1	206073265	208410363	693	15	-0.0000343881	0.000000404715
1	208410364	210787749	1009	15	-0.0000575668	0.000000396146
1	210787750	212842329	733	15	-0.0000306604	0.000000391800
1	212842330	214578265	641	15	-0.0000742760	0.000000396484
1	214578266	216243633	639	15	0.0000797064	0.000000334665
1	216243634	218705512	1140	15	-0.0001014543	0.000000368496
1	218705513	219590570	308	15	0.0000059656	0.000000143448
1	219590571	221858230	744	15	-0.0000352146	0.000000376907
1	221858231	222230219	183	15	0.0000859273	0.000000101106
1	222230220	224938519	629	15	-0.0000744086	0.000000464195
1	224938520	226810859	554	15	0.0001383932	0.000000317488
1	226810860	229156247	779	15	-0.0001349461	0.000000416495
1	229156248	230685254	594	15	0.0000930405	0.000000412668
1	230685255	232090251	623	15	0.0000928099	0.000000388455
1	232090252	233429283	648	15	-0.0000662756	0.000000431938
1	233429284	234599433	588	15	-0.0000767356	0.000000385177
1	234599434	235819435	415	15	0.0002127443	0.000000315112
1	235819436	237555627	785	15	-0.0000321900	0.000000416031
1	237555628	238567806	452	15	0.0000920043	0.000000280605
1	238567807	239925313	523	15	0.0002413840	0.000000328973
1	239925314	240564090	369	15	0.0001925196	0.000000232533
1	240564091	241582219	550	15	-0.0001942931	0.000000426255
1	241582220	242071601	236	15	0.0001836116	0.000000165890
1	242071602	244109498	670	15	0.0002617172	0.000000422473
1	244109499	245506745	550	15	-0.0001771600	0.000000416824
1	245506746	247344517	783	15	-0.0000847626	0.000000435277
1	247344518	249239465	429	15	0.0003076991	0.000000297156
2	10133	1781021	703	15	0.0000041770	0.000000384391
2	1781022	3973778	1021	15	0.0000177591	0.000000407306
2	3973779	5708336	657	15	0.0000236897	0.000000385723
2	5708337	6836253	589	15	0.0001561326	0.000000333872
2	6836254	8422146	670	15	0.0000071139	0.000000370276
2	8422147	10298468	720	15	0.0002241005	0.000000427236
2	10298469	12419149	1030	15	0.0001854797	0.000000433187
2	12419150	14335307	622	15	0.0001007023	0.000000342455
2	14335308	16329734	763	15	0.0002714938	0.000000376305
2	16329735	18647422	895	15	-0.0000065305	0.000000383224
2	18647423	19692403	394	15	0.0000405333	0.000000214018
2	19692404	21050489	659	15	0.0001243302	0.000000383490
2	21050490	23341382	636	15	0.0000263251	0.000000368760
2	23341383	24686917	456	15	-0.0000894295	0.000000226976
2	24686918	26894984	580	15	0.0000971336	0.000000325196
2	26894985	28598776	423	15	-0.0000295594	0.000000182726
2	28598777	29217558	254	15	0.0003332607	0.000000156674
2	29217559	30463710	647	15	0.0000680444	0.000000380939
2	30463711	31550449	552	15	0.0000763154	0.000000369644
2	31550450	33363776	516	15	0.0001448371	0.000000351062
2	33363777	35345027	839	15	-0.0000031533	0.000000372149
2	35345028	36122005	297	15	0.0002513348	0.000000161532
2	36122006	38132711	972	15	-0.0000478160	0.000000376650
2	38132712	39031336	342	15	0.0001174488	0.000000216576
2	39031337	40281482	315	15	0.0001553003	0.000000185040
2	40281483	43309589	1361	15	0.0002697562	0.000000368309
2	43309590	44313802	415	15	0.0001757569	0.000000271060
2	44313803	46482633	1118	15	-0.0001126182	0.000000387495
2	46482634	47318771	436	15	0.0000074731	0.000000334546
2	47318772	48213000	309	15	0.0000109860	0.000000241093
2	48213001	50022256	739	15	0.0002440140	0.000000378458
2	50022257	50818927	352	15	0.0001850342	0.000000200430
2	50818928	52491132	663	15	0.0001478228	0.000000365559
2	52491133	53508451	488	15	0.0001763378	0.000000278278
2	53508452	54685225	456	15	0.0000024303	0.000000259667
2	54685226	56203344	627	15	0.0001034479	0.000000351000
2	56203345	57429099	443	15	0.0000228836	0.000000248047
2	57429100	58297314	279	15	0.0002045559	0.000000158488
2	58297315	60291999	763	15	0.0001524710	0.000000363816
2	60292000	62429043	609	15	0.0000199875	0.000000351589
2	62429044	64625912	598	15	0.0003173427	0.000000354761
2	64625913	65933443	476	15	0.0001226022	0.000000296224
2	65933444	67226165	563	15	-0.0000097990	0.000000302540
2	67226166	68010175	429	15	0.0000558149	0.000000220013
2	68010176	69139563	498	15	-0.0000673876	0.000000258968
2	69139564	70755197	553	15	0.0001243646	0.000000274901
2	70755198	73174847	824	15	0.0003014715	0.000000411407
2	73174848	75630085	752	15	-0.0000157212	0.000000399323
2	75630086	76913660	531	15	-0.0000271366	0.000000294999
2	76913661	78079263	407	15	0.0000711088	0.000000289973
2	78079264	80050402	845	15	0.0000621910	0.000000358338
2	80050403	81620840	592	15	0.0000145935	0.000000372743
2	81620841	85140679	913	15	-0.0000261420	0.000000297482
2	85140680	88038506	653	15	0.0000104614	0.000000307954
2	88038507	89154525	251	15	-0.0000504049	0.000000107127
2	89154526	95326451	4	2	-0.0000035559	0.000000004060
2	95326452	98995200	437	15	0.0002033803	0.000000217421
2	98995201	101822328	924	15	-0.0000048811	0.000000337246
2	101822329	102688764	271	15	0.0000663001	0.000000120818
2	102688765	103588214	417	15	-0.0000303556	0.000000143183
2	103588215	105125033	311	15	0.0000841253	0.000000158062
2	105125034	106210057	417	15	-0.0000426532	0.000000226803
2	106210058	107408266	457	15	0.0000038061	0.000000241097
2	107408267	108429176	365	15	0.0001039001	0.000000162621
2	108429177	110572431	549	15	0.0001016676	0.000000280408
2	110572432	113921855	829	15	-0.0000770403	0.000000346934
2	113921856	116772469	787	15	-0.0001096849	0.000000366243
2	116772470	118367465	413	15	0.0000070744	0.000000170323
2	118367466	121303782	1030	15	0.0001490244	0.000000399589
2	121303783	123302905	609	15	0.0001100971	0.000000390212
2	123302906	124732249	446	15	0.0001402589	0.000000189612
2	124732250	125840920	398	15	0.0000247299	0.000000191351
2	125840921	127373763	426	15	-0.0000754333	0.000000155053
2	127373764	128034346	304	15	-0.0001361524	0.000000156549
2	128034347	129474440	447	15	-0.0000943419	0.000000231131
2	129474441	130067169	236	15	-0.0000142569	0.000000106438
2	130067170	130658084	216	15	-0.0001098916	0.000000094505
2	130658085	133042783	234	15	0.0000276175	0.000000170646
2	133042784	135158577	944	15	-0.0001033609	0.000000372014
2	135158578	137042793	474	15	0.0003757271	0.000000216195
2	137042794	138698116	625	15	-0.0000096463	0.000000328478
2	138698117	140100270	447	15	0.0000260481	0.000000168601
2	140100271	141805350	589	15	-0.0000065227	0.000000314532
2	141805351	142518601	311	15	0.0001571132	0.000000179464
2	142518602	144519483	677	15	0.0000414219	0.000000358614
2	144519484	146445569	460	15	0.0003169269	0.000000260660
2	146445570	147277161	158	15	0.0002108571	0.000000089306
2	147277162	150210291	681	15	-0.0000297680	0.000000307245
2	150210292	151731461	484	15	0.0002435827	0.000000267475
2	151731462	152486781	294	15	0.0003610434	0.000000151117
2	152486782	154005055	512	15	0.0001897034	0.000000267758
2	154005056	155391134	501	15	0.0001077695	0.000000279464
2	155391135	157560634	575	15	0.0000875808	0.000000297849
2	157560635	158533217	173	15	0.0000853790	0.000000112071
2	158533218	159577081	347	15	-0.0000453671	0.000000184774
2	159577082	161769732	743	15	-0.0000689065	0.000000351006
2	161769733	163503550	400	15	-0.0001077656	0.000000155142
2	163503551	164466637	202	15	0.0000409127	0.000000100665
2	164466638	165178839	184	15	0.0002098390	0.000000100721
2	165178840	167160269	656	15	-0.0000748163	0.000000301362
2	167160270	167355969	74	10	0.0000708612	0.000000036813
2	167355970	169968235	872	15	0.0003301360	0.000000390240
2	169968236	171226244	508	15	-0.0001143843	0.000000258942
2	171226245	173138904	603	15	-0.0000142022	0.000000359191
2	173138905	175588928	865	15	0.0000471041	0.000000381448
2	175588929	177363635	557	15	-0.0000272377	0.000000288100
2	177363636	178553182	482	15	0.0001612368	0.000000224027
2	178553183	181312738	1030	15	0.0001528616	0.000000373560
2	181312739	182266030	310	15	0.0001146511	0.000000144652
2	182266031	184357607	642	15	0.0003418000	0.000000382709
2	184357608	185280172	240	15	0.0000347400	0.000000107860
2	185280173	189882064	994	15	0.0000612192	0.000000376017
2	189882065	191973356	518	15	-0.0001073532	0.000000240693
2	191973357	195861163	735	15	-0.0000488427	0.000000401507
2	195861164	196447455	159	15	0.0000544655	0.000000085709
2	196447456	198078109	457	15	0.0002985811	0.000000205130
2	198078110	199311124	318	15	0.0002316478	0.000000126412
2	199311125	201576283	648	15	0.0000162598	0.000000310347
2	201576284	202818636	326	15	0.0003996285	0.000000187972
2	202818637	205799240	773	15	0.0001467584	0.000000392499
2	205799241	206735703	419	15	0.0002210937	0.000000307008
2	206735704	208645398	682	15	-0.0000539134	0.000000381416
2	208645399	209941528	349	15	0.0000008475	0.000000192564
2	209941529	212379517	763	15	0.0001261814	0.000000367349
2	212379518	214014281	650	15	0.0001239697	0.000000398769
2	214014282	215573794	455	15	0.0000338618	0.000000243761
2	215573795	217715660	842	15	-0.0000109882	0.000000400965
2	217715661	218395479	292	15	-0.0000503008	0.000000179709
2	218395480	220454550	612	15	0.0001163367	0.000000346248
2	220454551	222521175	886	15	-0.0000467906	0.000000390816
2	222521176	224859418	817	15	0.0002122941	0.000000419778
2	224859419	225840003	371	15	0.0001471892	0.000000162358
2	225840004	228119841	762	15	0.0002753591	0.000000394051
2	228119842	229370786	468	15	0.0000053877	0.000000232316
2	229370787	231843388	974	15	-0.0000115554	0.000000396209
2	231843389	233550002	499	15	-0.0000998861	0.000000293322
2	233550003	235150986	813	15	0.0000073804	0.000000378893
2	235150987	236043549	445	15	0.0002241250	0.000000352497
2	236043550	237449031	493	15	0.0002852823	0.000000303600
2	237449032	238760980	561	15	0.0001454205	0.000000338129
2	238760981	239952642	440	15	0.0000522420	0.000000277582
2	239952643	241560083	705	15	-0.0000272916	0.000000448122
2	241560084	242149920	232	15	0.0001248186	0.000000145912
2	242149921	243188919	143	15	0.0000807523	0.000000090571
3	60157	1441778	643	15	0.0003338953	0.000000433956
3	1441779	2992119	951	15	-0.0001966792	0.000000401805
3	2992120	4431646	808	15	0.0000748005	0.000000414420
3	4431647	6083182	828	15	-0.0000303294	0.000000432491
3	6083183	7083386	447	15	0.0003363098	0.000000334655
3	7083387	8648560	902	15	-0.0000059362	0.000000369190
3	8648561	9543182	516	15	-0.0000212933	0.000000396939
3	9543183	11019664	642	15	-0.0000287360	0.000000423217
3	11019665	13070798	779	15	0.0000529130	0.000000435517
3	13070799	14816899	831	15	0.0000379501	0.000000422794
3	14816900	16282441	549	15	0.0000705123	0.000000317466
3	16282442	17891117	518	15	0.0001243078	0.000000279747
3	17891118	19125143	354	15	-0.0000526978	0.000000192500
3	19125144	20091347	207	15	0.0000208383	0.000000132321
3	20091348	21643706	659	15	0.0003047299	0.000000390899
3	21643707	22204243	403	15	0.0000441618	0.000000267181
3	22204244	23804864	558	15	-0.0000138068	0.000000340036
3	23804865	25461557	779	15	0.0002464870	0.000000408093
3	25461558	26877768	486	15	0.0000132040	0.000000260723
3	26877769	27840909	280	15	0.0002455201	0.000000164065
3	27840910	29142259	461	15	0.0000812701	0.000000271521
3	29142260	30717954	713	15	0.0001134666	0.000000409694
3	30717955	32351714	679	15	-0.0000019697	0.000000390137
3	32351715	33255591	288	15	-0.0000426826	0.000000191263
3	33255592	35283457	604	15	0.0003151997	0.000000330655
3	35283458	36486841	424	15	-0.0001233983	0.000000212045
3	36486842	38356115	617	15	0.0000206443	0.000000342448
3	38356116	40221297	687	15	-0.0000963198	0.000000352143
3	40221298	41064527	157	15	-0.0000345807	0.000000074691
3	41064528	42540001	472	15	0.0003744816	0.000000277550
3	42540002	45165152	722	15	0.0002761209	0.000000386206
3	45165153	46657499	569	15	0.0001638919	0.000000306018
3	46657500	47727211	181	15	0.0005422277	0.000000120666
3	47727212	49316971	258	15	0.0000720595	0.000000071876
3	49316972	51832014	446	15	0.0002702887	0.000000131509
3	51832015	54081389	635	15	0.0001361397	0.000000345663
3	54081390	55348859	691	15	-0.0000112553	0.000000397088
3	55348860	56433906	387	15	-0.0000381866	0.000000223151
3	56433907	58157518	566	15	0.0000028560	0.000000274711
3	58157519	60272905	1017	15	-0.0000235060	0.000000386478
3	60272906	62355665	1031	15	0.0000163246	0.000000404503
3	62355666	63669285	701	15	-0.0001195296	0.000000401856
3	63669286	65273537	794	15	0.0000643094	0.000000384580
3	65273538	66270446	358	15	0.0000340660	0.000000260941
3	66270447	68286913	686	15	0.0003336407	0.000000418597
3	68286914	69276761	381	15	0.0000310353	0.000000241170
3	69276762	70449027	418	15	-0.0000381019	0.000000271588
3	70449028	72529328	817	15	-0.0000542669	0.000000393373
3	72529329	74321816	740	15	-0.0000752354	0.000000370964
3	74321817	75704948	281	15	0.0000225680	0.000000155309
3	75704949	77508834	519	15	-0.0000271578	0.000000311928
3	77508835	79024540	430	15	0.0000422243	0.000000253505
3	79024541	81427309	504	15	0.0002091303	0.000000203744
3	81427310	82643885	309	15	-0.0001511532	0.000000119859
3	82643886	84367478	337	15	0.0002156265	0.000000164626
3	84367479	85582230	263	15	-0.0000718524	0.000000102258
3	85582231	87409731	464	15	0.0003805574	0.000000220111
3	87409732	88298372	198	15	0.0001152700	0.000000079696
3	88298373	94255315	489	15	0.0001441859	0.000000228757
3	94255316	95311970	225	15	0.0001108353	0.000000086157
3	95311971	98215949	590	15	0.0002030764	0.000000266179
3	98215950	99373761	344	15	0.0000755484	0.000000158499
3	99373762	100592216	343	15	0.0000261067	0.000000133152
3	100592217	103084959	689	15	0.0003883410	0.000000354692
3	103084960	104581612	437	15	0.0001191979	0.000000215974
3	104581613	106982810	739	15	-0.0000603969	0.000000384022
3	106982811	109522394	795	15	0.0000094124	0.000000372645
3	109522395	110513769	264	15	-0.0000363080	0.000000091959
3	110513770	112815698	727	15	0.0005401519	0.000000408994
3	112815699	113947862	381	15	0.0000769946	0.000000191391
3	113947863	115447079	411	15	0.0000968191	0.000000266276
3	115447080	116800152	551	15	0.0003447602	0.000000330452
3	116800153	118530250	601	15	-0.0000042942	0.000000345877
3	118530251	120523054	714	15	0.0000889983	0.000000344003
3	120523055	121974096	400	15	0.0000323297	0.000000138080
3	121974097	123517767	538	15	0.0001035429	0.000000286820
3	123517768	124936641	645	15	0.0000060882	0.000000346541
3	124936642	126214942	407	15	0.0001580624	0.000000213229
3	126214943	128194860	698	15	-0.0000545297	0.000000388138
3	128194861	130244734	460	15	0.0001884481	0.000000237838
3	130244735	131836515	568	15	0.0000795552	0.000000266285
3	131836516	133252172	529	15	0.0000923166	0.000000250248
3	133252173	135456905	902	15	-0.0000513871	0.000000377342
3	135456906	137371082	458	15	0.0003056068	0.000000206598
3	137371083	139954596	865	15	0.0001164672	0.000000362740
3	139954597	141339096	493	15	0.0002776216	0.000000295726
3	141339097	143164627	643	15	0.0002269524	0.000000385215
3	143164628	144410815	405	15	0.0001691883	0.000000216635
3	144410816	145664618	375	15	-0.0000502775	0.000000155888
3	145664619	146726628	346	15	-0.0000561034	0.000000159950
3	146726629	149043236	713	15	0.0002554365	0.000000418115
3	149043237	150252003	442	15	-0.0001358302	0.000000258063
3	150252004	151348729	386	15	0.0002213690	0.000000248936
3	151348730	153256570	589	15	0.0002765825	0.000000328550
3	153256571	154714217	424	15	0.0001334471	0.000000187629
3	154714218	156008699	344	15	0.0003039425	0.000000207434
3	156008700	157312027	465	15	-0.0000108022	0.000000207719
3	157312028	159477889	667	15	0.0000446895	0.000000280630
3	159477890	161524503	579	15	-0.0000046913	0.000000220737
3	161524504	163253204	498	15	-0.0001477762	0.000000197190
3	163253205	165055468	452	15	0.0002890554	0.000000165577
3	165055469	167117428	466	15	0.0000966646	0.000000209560
3	167117429	168580959	383	15	0.0001542775	0.000000189032
3	168580960	170964908	746	15	0.0004112818	0.000000404455
3	170964909	172295730	543	15	0.0001015662	0.000000381067
3	172295731	173477284	398	15	0.0000901397	0.000000280759
3	173477285	175116538	623	15	0.0000668131	0.000000390355
3	175116539	176320286	358	15	-0.0000041069	0.000000176740
3	176320287	178107164	566	15	-0.0000296744	0.000000355625
3	178107165	179374585	401	15	0.0000742572	0.000000200577
3	179374586	181511165	486	15	-0.0000720340	0.000000243336
3	181511166	183769682	690	15	0.0001059809	0.000000381974
3	183769683	185068254	432	15	0.0000415782	0.000000302882
3	185068255	186890343	694	15	-0.0000220012	0.000000453185
3	186890344	188856213	829	15	-0.0000039967	0.000000411125
3	188856214	190226606	644	15	0.0002318118	0.000000395462
3	190226607	192343813	793	15	-0.0000675314	0.000000391886
3	192343814	194059670	579	15	-0.0000066243	0.000000445270
3	194059671	194786673	311	15	0.0001733240	0.000000269982
3	194786674	195971407	260	15	0.0001749059	0.000000220902
3	195971408	197075986	317	15	0.0002731828	0.000000240424
3	197075987	197946621	196	15	0.0002590641	0.000000146004
4	10240	694714	109	12	-0.0000192212	0.000000062057
4	694715	1478710	229	15	-0.0001815021	0.000000120473
4	1478711	2842978	291	15	0.0001304695	0.000000214520
4	2842979	3846039	278	15	-0.0000428886	0.000000200683
4	3846040	4684115	242	15	0.0000836722	0.000000174909
4	4684116	5502387	404	15	-0.0000869723	0.000000263317
4	5502388	6773042	722	15	0.0001252918	0.000000508072
4	6773043	7539691	431	15	0.0001755603	0.000000412249
4	7539692	8152234	374	15	-0.0001070527	0.000000301876
4	8152235	9326478	258	15	0.0001857181	0.000000209098
4	9326479	10699151	535	15	-0.0000857155	0.000000224266
4	10699152	12323033	689	15	-0.0000270187	0.000000383145
4	12323034	14272000	739	15	-0.0001097468	0.000000373065
4	14272001	15147445	389	15	0.0001112573	0.000000229775
4	15147446	15927008	264	15	0.0001302476	0.000000157176
4	15927009	17383321	700	15	0.0000138119	0.000000384944
4	17383322	18841873	436	15	0.0000307585	0.000000242310
4	18841874	20544556	496	15	0.0002411330	0.000000248475
4	20544557	22319346	691	15	-0.0000934238	0.000000377134
4	22319347	24135528	626	15	0.0000996064	0.000000360018
4	24135529	25609321	629	15	-0.0000854599	0.000000402322
4	25609322	27343721	586	15	-0.0001144692	0.000000413492
4	27343722	27965867	214	15	-0.0001221930	0.000000122273
4	27965868	29762207	550	15	0.0000519944	0.000000296244
4	29762208	30454534	164	15	-0.0000174601	0.000000083672
4	30454535	31782980	432	15	-0.0000586920	0.000000248855
4	31782981	33172765	332	15	-0.0000285350	0.000000173073
4	33172766	35151414	372	15	0.0000472268	0.000000147499
4	35151415	36020435	283	15	0.0000582339	0.000000126519
4	36020436	37255046	451	15	0.0000883255	0.000000214213
4	37255047	38907021	821	15	-0.0000745804	0.000000412154
4	38907022	40202608	408	15	0.0000043062	0.000000219082
4	40202609	42213057	745	15	-0.0000868714	0.000000417582
4	42213058	43965044	548	15	-0.0000659411	0.000000254852
4	43965045	45189156	354	15	0.0003419405	0.000000163075
4	45189157	47411895	476	15	-0.0000293982	0.000000213559
4	47411896	48123599	230	15	0.0001664103	0.000000100887
4	48123600	53877432	504	15	0.0001169710	0.000000212749
4	53877433	55429555	551	15	0.0002467626	0.000000286935
4	55429556	56547643	391	15	0.0001613911	0.000000240736
4	56547644	58935007	918	15	0.0000612571	0.000000397061
4	58935008	60741086	482	15	-0.0000042485	0.000000223992
4	60741087	62371762	446	15	-0.0000098928	0.000000220291
4	62371763	64341000	462	15	0.0002531648	0.000000279588
4	64341001	66600491	535	15	0.0000390721	0.000000255810
4	66600492	68059496	411	15	-0.0001091849	0.000000187361
4	68059497	68854764	260	15	-0.0000498403	0.000000119256
4	68854765	71049151	550	15	0.0002525784	0.000000230715
4	71049152	72140557	234	15	0.0001905297	0.000000120645
4	72140558	74592389	526	15	-0.0000071788	0.000000254412
4	74592390	77130706	759	15	0.0000647686	0.000000364347
4	77130707	79093978	766	15	-0.0000419065	0.000000394554
4	79093979	80990296	589	15	0.0000534153	0.000000256520
4	80990297	82125314	256	15	0.0000518629	0.000000135409
4	82125315	83372592	400	15	0.0000489535	0.000000238137
4	83372593	84799655	505	15	0.0001360559	0.000000295597
4	84799656	86930608	638	15	0.0000886196	0.000000316052
4	86930609	87534647	138	15	0.0000020408	0.000000062100
4	87534648	89238027	590	15	0.0000563525	0.000000308957
4	89238028	90231563	340	15	0.0002542692	0.000000217169
4	90231564	91560676	361	15	0.0001954776	0.000000196089
4	91560677	94233298	605	15	0.0000616304	0.000000352254
4	94233299	96182187	632	15	0.0001167305	0.000000375610
4	96182188	97540702	514	15	0.0000727950	0.000000294309
4	97540703	99424066	418	15	-0.0000065985	0.000000161136
4	99424067	100678359	440	15	-0.0000294028	0.000000220736
4	100678360	103221355	840	15	0.0001348534	0.000000412923
4	103221356	105305293	508	15	0.0001015494	0.000000237610
4	105305294	107501304	604	15	0.0003498265	0.000000305827
4	107501305	108815347	371	15	0.0001601678	0.000000173746
4	108815348	111256566	812	15	0.0000289063	0.000000385004
4	111256567	113870101	744	15	-0.0000465539	0.000000357497
4	113870102	115666245	637	15	0.0001036976	0.000000405941
4	115666246	117276928	355	15	-0.0000295957	0.000000139192
4	117276929	118479917	353	15	0.0001510434	0.000000177036
4	118479918	119933511	429	15	-0.0000087362	0.000000178624
4	119933512	120392683	156	15	0.0002164099	0.000000074966
4	120392684	122657986	754	15	0.0001149168	0.000000402891
4	122657987	124286480	392	15	-0.0000759185	0.000000163931
4	124286481	125210861	273	15	0.0000168341	0.000000144878
4	125210862	126480885	405	15	-0.0000288518	0.000000219027
4	126480886	127275476	237	15	0.0000721956	0.000000135508
4	127275477	127830292	170	15	-0.0001047616	0.000000078350
4	127830293	128996664	200	15	0.0000609702	0.000000085170
4	128996665	130591884	459	15	0.0000135231	0.000000227397
4	130591885	131283820	190	15	-0.0002071962	0.000000090018
4	131283821	132954032	371	15	0.0001251904	0.000000202710
4	132954033	134628433	390	15	0.0000539883	0.000000186879
4	134628434	136566406	443	15	-0.0000032355	0.000000205231
4	136566407	138541970	541	15	-0.0000687830	0.000000306854
4	138541971	139556510	363	15	0.0001320876	0.000000207431
4	139556511	141084630	531	15	0.0000943371	0.000000368726
4	141084631	143443264	746	15	-0.0000874670	0.000000372603
4	143443265	146178186	536	15	0.0000811381	0.000000229145
4	146178187	148521872	648	15	0.0001523229	0.000000369009
4	148521873	150683579	557	15	-0.0000984379	0.000000300084
4	150683580	152782183	537	15	0.0000753624	0.000000206328
4	152782184	154477640	522	15	0.0000258006	0.000000345846
4	154477641	155056125	216	15	-0.0000187627	0.000000119207
4	155056126	157485096	860	15	0.0000909428	0.000000426736
4	157485097	158743717	340	15	0.0001366061	0.000000197335
4	158743718	161058863	543	15	0.0002755923	0.000000270436
4	161058864	161826434	273	15	0.0001585864	0.000000160996
4	161826435	163243678	466	15	0.0000684745	0.000000258981
4	163243679	164478233	345	15	0.0003050094	0.000000214602
4	164478234	165823447	446	15	0.0002088833	0.000000300138
4	165823448	167018857	380	15	0.0000375251	0.000000254615
4	167018858	167852916	190	15	0.0001855097	0.000000109112
4	167852917	169676824	612	15	0.0001132409	0.000000378526
4	169676825	170776509	332	15	-0.0001256358	0.000000179177
4	170776510	172558634	436	15	-0.0000651039	0.000000223028
4	172558635	174264131	411	15	0.0001909269	0.000000233913
4	174264132	176570715	659	15	0.0000606277	0.000000431050
4	176570716	178991909	862	15	0.0001353226	0.000000423387
4	178991910	180122042	345	15	0.0005253104	0.000000262115
4	180122043	182066806	855	15	0.0000423139	0.000000423760
4	182066807	183371274	745	15	0.0000073751	0.000000406368
4	183371275	184929454	625	15	-0.0000689904	0.000000492055
4	184929455	186909089	918	15	0.0001182644	0.000000452310
4	186909090	188472980	645	15	-0.0001093338	0.000000415727
4	188472981	189693510	438	15	-0.0000144605	0.000000349684
4	189693511	191043593	339	15	-0.0000162015	0.000000242993
5	11940	982251	239	15	0.0001314357	0.000000146750
5	982252	2132441	482	15	-0.0000084517	0.000000397157
5	2132442	3361940	824	15	0.0002124775	0.000000440094
5	3361941	4632109	556	15	0.0000024126	0.000000342913
5	4632110	5973232	718	15	0.0002909479	0.000000407074
5	5973233	7143217	602	15	0.0001057793	0.000000369032
5	7143218	8446335	608	15	-0.0001479553	0.000000314544
5	8446336	9718831	624	15	0.0000187888	0.000000358092
5	9718832	11173270	764	15	0.0002004240	0.000000409893
5	11173271	13464831	611	15	0.0000283133	0.000000344559
5	13464832	14757803	612	15	0.0002931951	0.000000344445
5	14757804	16963612	776	15	0.0001295064	0.000000388381
5	16963613	18051591	285	15	0.0000880341	0.000000194849
5	18051592	19917715	571	15	0.0000330527	0.000000268789
5	19917716	22152072	466	15	0.0000251922	0.000000219198
5	22152073	23494323	415	15	-0.0000262714	0.000000184179
5	23494324	26184850	683	15	-0.0000190950	0.000000356515
5	26184851	26857603	155	15	-0.0000519589	0.000000071662
5	26857604	27984512	236	15	0.0000004966	0.000000123897
5	27984513	29714819	426	15	-0.0000056520	0.000000191006
5	29714820	31390248	592	15	0.0001970545	0.000000309820
5	31390249	33500179	849	15	-0.0000135298	0.000000390437
5	33500180	35048969	576	15	0.0002190183	0.000000370838
5	35048970	36433953	489	15	0.0000923599	0.000000225595
5	36433954	38802409	775	15	-0.0000826463	0.000000379188
5	38802410	40287728	548	15	0.0000375652	0.000000235100
5	40287729	41888709	551	15	0.0000322384	0.000000205322
5	41888710	43983498	421	15	0.0001337673	0.000000182716
5	43983499	50163397	428	15	-0.0000069897	0.000000146861
5	50163398	52134621	573	15	0.0001969348	0.000000282234
5	52134622	53703043	624	15	0.0001128656	0.000000328276
5	53703044	55417348	621	15	-0.0000799645	0.000000302177
5	55417349	56621101	511	15	-0.0000686180	0.000000282593
5	56621102	57340072	274	15	0.0000363652	0.000000123878
5	57340073	58524621	555	15	0.0002509865	0.000000289263
5	58524622	60935906	694	15	-0.0001583833	0.000000313565
5	60935907	61672994	274	15	0.0000366819	0.000000122571
5	61672995	63218986	494	15	0.0001195780	0.000000208651
5	63218987	63968303	177	15	-0.0000328154	0.000000072692
5	63968304	65911285	630	15	0.0003338528	0.000000315084
5	65911286	67850859	800	15	-0.0000299840	0.000000387575
5	67850860	71240455	460	15	-0.0000085784	0.000000239233
5	71240456	73759325	1005	15	0.0000168744	0.000000392577
5	73759326	75798865	707	15	0.0001136926	0.000000398888
5	75798866	77623331	741	15	0.0002691465	0.000000419130
5	77623332	79393143	668	15	0.0000076233	0.000000375676
5	79393144	80481470	459	15	0.0000398689	0.000000267608
5	80481471	82025647	509	15	-0.0000187613	0.000000290064
5	82025648	83972688	544	15	-0.0001177244	0.000000355610
5	83972689	85767289	526	15	-0.0000848541	0.000000247832
5	85767290	87389990	276	15	0.0001707546	0.000000155791
5	87389991	88891529	309	15	0.0001561697	0.000000152705
5	88891530	90422653	435	15	0.0002610184	0.000000224663
5	90422654	91840541	279	15	0.0001106482	0.000000157703
5	91840542	93809983	416	15	0.0000494876	0.000000193496
5	93809984	95963518	715	15	0.0000360400	0.000000379837
5	95963519	97315600	420	15	0.0002012472	0.000000196530
5	97315601	99260991	503	15	0.0000321549	0.000000228600
5	99260992	101578768	519	15	0.0003671037	0.000000256916
5	101578769	103320004	490	15	-0.0001628635	0.000000215289
5	103320005	104851482	420	15	0.0000812386	0.000000233972
5	104851483	105893054	176	15	0.0000267412	0.000000103158
5	105893055	107264195	561	15	-0.0000229112	0.000000360904
5	107264196	108633933	388	15	-0.0000265822	0.000000203136
5	108633934	110821143	653	15	0.0001726905	0.000000358655
5	110821144	111981561	425	15	0.0002059957	0.000000263683
5	111981562	113396284	551	15	0.0004045147	0.000000313915
5	113396285	114830369	538	15	0.0001624804	0.000000288577
5	114830370	115831046	436	15	0.0000624559	0.000000244656
5	115831047	117346212	556	15	0.0002236626	0.000000382480
5	117346213	118608819	380	15	-0.0000068057	0.000000227248
5	118608820	119669041	343	15	-0.0000354650	0.000000194767
5	119669042	120452165	239	15	-0.0000008632	0.000000136212
5	120452166	122556904	674	15	0.0001566144	0.000000365184
5	122556905	123798099	448	15	0.0000746142	0.000000240369
5	123798100	125785648	844	15	0.0001773282	0.000000374544
5	125785649	127344603	445	15	-0.0000041173	0.000000234820
5	127344604	129519024	679	15	0.0001128373	0.000000324739
5	129519025	132139648	622	15	0.0003030119	0.000000245749
5	132139649	134777400	927	15	0.0001423345	0.000000413870
5	134777401	136376049	603	15	0.0000115489	0.000000274867
5	136376050	139265071	709	15	0.0000631601	0.000000333762
5	139265072	140645970	359	15	0.0001032442	0.000000146103
5	140645971	142981247	947	15	-0.0000030543	0.000000414334
5	142981248	144943353	641	15	-0.0000296726	0.000000290850
5	144943354	147181997	757	15	-0.0000502504	0.000000379168
5	147181998	148662623	568	15	-0.0000023141	0.000000305124
5	148662624	150561297	871	15	-0.0000528374	0.000000416282
5	150561298	152867773	868	15	0.0002201369	0.000000381968
5	152867774	153773087	432	15	0.0003230706	0.000000206390
5	153773088	155373504	567	15	-0.0000884133	0.000000308520
5	155373505	156628699	390	15	0.0004230419	0.000000222143
5	156628700	158825697	888	15	-0.0000367112	0.000000360360
5	158825698	159973943	426	15	0.0000062322	0.000000263090
5	159973944	161482132	537	15	0.0000667812	0.000000248609
5	161482133	162743907	364	15	0.0000104355	0.000000193286
5	162743908	163771581	389	15	-0.0000829431	0.000000213925
5	163771582	165642394	559	15	0.0002767079	0.000000391338
5	165642395	166847739	423	15	0.0000477709	0.000000290478
5	166847740	168525317	786	15	0.0001822577	0.000000390902
5	168525318	169505663	488	15	0.0000009415	0.000000285365
5	169505664	171074291	673	15	-0.0000327948	0.000000395804
5	171074292	172678326	696	15	0.0001883729	0.000000407112
5	172678327	173642870	503	15	0.0001173336	0.000000307294
5	173642871	175450594	838	15	0.0001153782	0.000000435266
5	175450595	177251506	355	15	-0.0000427108	0.000000208462
5	177251507	178413463	448	15	-0.0000681726	0.000000305261
5	178413464	179401243	366	15	-0.0001026319	0.000000246468
5	179401244	180559932	361	15	0.0000941774	0.000000275749
5	180559933	180885155	43	9	0.0000040473	0.000000027671
6	73924	1452361	700	15	-0.0000453164	0.000000429133
6	1452362	2458935	446	15	0.0000215819	0.000000282000
6	2458936	3573592	606	15	0.0005544077	0.000000472271
6	3573593	4617816	537	15	0.0003624345	0.000000341102
6	4617817	5791471	612	15	-0.0000067935	0.000000398738
6	5791472	6785206	613	15	-0.0000286089	0.000000383850
6	6785207	7808935	532	15	0.0001244250	0.000000373473
6	7808936	9020025	514	15	0.0000325383	0.000000258818
6	9020026	10540316	628	15	0.0000824575	0.000000379478
6	10540317	11790815	573	15	0.0000134813	0.000000340170
6	11790816	13209387	613	15	0.0000140033	0.000000355389
6	13209388	14802923	710	15	0.0000552387	0.000000403910
6	14802924	17386404	1017	15	0.0002081505	0.000000410059
6	17386405	19207486	671	15	0.0001089259	0.000000329736
6	19207487	21684064	1041	15	-0.0001082412	0.000000385078
6	21684065	22748306	530	15	0.0001834330	0.000000362057
6	22748307	23936618	502	15	-0.0000325385	0.000000329451
6	23936619	24852274	408	15	0.0000172426	0.000000273523
6	24852275	25684586	465	15	0.0004342205	0.000000293020
6	25684587	26791232	494	15	0.0006283843	0.000000223945
6	26791233	28017818	286	15	-0.0000758092	0.000000096555
6	28017819	28917607	320	15	0.0002581631	0.000000106691
6	28917608	29737970	535	15	0.0000991072	0.000000181214
6	29737971	30798167	925	15	0.0003551406	0.000000278733
6	30798168	31571217	824	15	0.0000078415	0.000000297835
6	31571218	32682663	713	15	0.0001919482	0.000000302141
6	32682664	33236496	647	15	0.0001560158	0.000000279600
6	33236497	35455755	769	15	0.0003865394	0.000000414359
6	35455756	37572595	840	15	0.0004700896	0.000000419644
6	37572596	39295676	775	15	0.0001290799	0.000000385376
6	39295677	40345114	419	15	0.0000876822	0.000000239742
6	40345115	42038720	748	15	0.0002181079	0.000000413475
6	42038721	43756168	464	15	-0.0000071581	0.000000292307
6	43756169	45406562	599	15	0.0001069880	0.000000401518
6	45406563	47311897	782	15	0.0001522990	0.000000374633
6	47311898	48391124	366	15	-0.0000343585	0.000000150456
6	48391125	50386144	517	15	0.0001758840	0.000000199224
6	50386145	52210475	648	15	0.0000851771	0.000000315973
6	52210476	53279101	445	15	0.0000363447	0.000000228417
6	53279102	55468269	878	15	0.0003137477	0.000000372793
6	55468270	56105312	218	15	-0.0000160329	0.000000076092
6	56105313	57599464	379	15	-0.0000253533	0.000000172459
6	57599465	61880511	136	10	0.0002473554	0.000000071894
6	61880512	63552887	347	15	0.0002735369	0.000000129583
6	63552888	65765741	460	15	-0.0000051477	0.000000201388
6	65765742	67329214	506	15	-0.0000133744	0.000000240217
6	67329215	68849482	477	15	-0.0000893257	0.000000216795
6	68849483	69523447	226	15	0.0002167689	0.000000128639
6	69523448	71609509	761	15	0.0000640192	0.000000354939
6	71609510	73450096	653	15	0.0001519133	0.000000337841
6	73450097	75462002	601	15	0.0002659458	0.000000310088
6	75462003	77414880	460	15	0.0003504449	0.000000227544
6	77414881	78957727	499	15	0.0000231658	0.000000175097
6	78957728	80691169	599	15	0.0001903948	0.000000306464
6	80691170	81929221	387	15	-0.0000023553	0.000000127557
6	81929222	83127148	359	15	0.0001835267	0.000000177441
6	83127149	85209988	575	15	0.0001431063	0.000000275327
6	85209989	87069499	617	15	-0.0000790327	0.000000236750
6	87069500	88822139	566	15	0.0000234698	0.000000275621
6	88822140	89973051	442	15	0.0000837038	0.000000254525
6	89973052	91843195	757	15	0.0000141499	0.000000392948
6	91843196	93428643	477	15	0.0004965026	0.000000285040
6	93428644	94118141	295	15	0.0000486804	0.000000147167
6	94118142	94441174	86	8	-0.0000905358	0.000000029834
6	94441175	97093510	638	15	0.0001362948	0.000000325234
6	97093511	97842283	243	15	0.0001934473	0.000000128371
6	97842284	100630145	820	15	0.0000535656	0.000000359588
6	100630146	102636771	506	15	0.0000528877	0.000000257646
6	102636772	103983394	347	15	-0.0001663637	0.000000137429
6	103983395	106056732	680	15	0.0000147224	0.000000348294
6	106056733	107450305	643	15	0.0000068994	0.000000398529
6	107450306	108464379	362	15	-0.0001276019	0.000000194162
6	108464380	110304246	555	15	0.0001072132	0.000000248488
6	110304247	112345013	628	15	0.0001960988	0.000000351900
6	112345014	114220832	650	15	0.0000013398	0.000000303338
6	114220833	116131395	510	15	-0.0000415878	0.000000205077
6	116131396	117672971	485	15	0.0003215486	0.000000243299
6	117672972	118963114	389	15	-0.0000128896	0.000000175001
6	118963115	119963277	333	15	-0.0000397263	0.000000157091
6	119963278	120512127	171	15	0.0001188812	0.000000073862
6	120512128	121905675	387	15	0.0001357651	0.000000157214
6	121905676	123856180	627	15	0.0001217267	0.000000293072
6	123856181	125424382	613	15	0.0002707012	0.000000422579
6	125424383	127540460	471	15	0.0002073595	0.000000252392
6	127540461	129861030	620	15	-0.0000293122	0.000000319579
6	129861031	130935453	503	15	0.0001207703	0.000000296511
6	130935454	132765668	618	15	0.0000678908	0.000000327218
6	132765669	134244242	608	15	0.0000871679	0.000000319796
6	134244243	136224176	602	15	0.0003819279	0.000000415544
6	136224177	137614217	352	15	-0.0000197703	0.000000210089
6	137614218	138822628	487	15	-0.0000041504	0.000000267454
6	138822629	139845435	402	15	0.0000056441	0.000000264019
6	139845436	142288478	546	15	0.0002967835	0.000000275907
6	142288479	145319809	1061	15	0.0001236178	0.000000371343
6	145319810	146665423	319	15	0.0000384075	0.000000107681
6	146665424	148920351	942	15	0.0001012619	0.000000394213
6	148920352	150253403	530	15	0.0000222785	0.000000269664
6	150253404	151912702	905	15	0.0000001847	0.000000396546
6	151912703	153094495	581	15	0.0001520170	0.000000335458
6	153094496	154974119	821	15	-0.0000458732	0.000000375058
6	154974120	156763325	754	15	0.0000369494	0.000000411463
6	156763326	158218718	445	15	0.0000738895	0.000000354669
6	158218719	160580496	1058	15	0.0001278374	0.000000403529
6	160580497	162169563	781	15	0.0000733958	0.000000379452
6	162169564	162931202	387	15	0.0001103991	0.000000260625
6	162931203	164383520	698	15	0.0000981007	0.000000400061
6	164383521	165586863	560	15	0.0001231293	0.000000322752
6	165586864	167024732	831	15	0.0000951133	0.000000393784
6	167024733	168042834	435	15	0.0001492897	0.000000271970
6	168042835	169382049	659	15	0.0000202130	0.000000454698
6	169382050	170330172	414	15	0.0001702897	0.000000211053
6	170330173	171051269	247	15	0.0000560160	0.000000139495
7	16161	972751	107	15	0.0005921326	0.000000148238
7	972752	1353066	113	15	0.0000650817	0.000000097791
7	1353067	2062397	158	15	0.0000680969	0.000000145466
7	2062398	2772226	236	15	-0.0000578326	0.000000167373
7	2772227	4573427	885	15	0.0000214025	0.000000406066
7	4573428	5416231	225	15	0.0001753290	0.000000226067
7	5416232	5854525	108	15	-0.0000757060	0.000000076559
7	5854526	6573856	146	15	0.0002781842	0.000000125403
7	6573857	7808751	439	15	-0.0001013704	0.000000292191
7	7808752	9123422	755	15	-0.0000610886	0.000000434960
7	9123423	9987498	379	15	0.0002377853	0.000000295624
7	9987499	11299197	503	15	0.0002638087	0.000000341210
7	11299198	12635460	727	15	0.0000263473	0.000000381723
7	12635461	13884201	594	15	0.0001026664	0.000000415666
7	13884202	15143656	581	15	0.0003131726	0.000000426836
7	15143657	16902068	778	15	0.0000479278	0.000000382116
7	16902069	19481546	1059	15	0.0001320516	0.000000404325
7	19481547	20124907	239	15	0.0000137008	0.000000145441
7	20124908	22507628	1227	15	0.0000905017	0.000000392548
7	22507629	23471441	321	15	0.0001604338	0.000000214261
7	23471442	25077258	728	15	0.0002089296	0.000000404319
7	25077259	25909554	459	15	0.0000496989	0.000000270184
7	25909555	28360308	911	15	0.0003301752	0.000000422775
7	28360309	31137288	1306	15	-0.0000751466	0.000000421547
7	31137289	33555767	1035	15	0.0000454583	0.000000384535
7	33555768	36213537	1047	15	-0.0000919083	0.000000370886
7	36213538	37555183	653	15	0.0001400205	0.000000425986
7	37555184	38966702	667	15	-0.0000803840	0.000000335562
7	38966703	39862669	331	15	-0.0000664124	0.000000149236
7	39862670	42001810	635	15	0.0002013284	0.000000357420
7	42001811	43159073	412	15	0.0001342986	0.000000241181
7	43159074	44763827	483	15	0.0001118732	0.000000269863
7	44763828	45952921	371	15	-0.0000523924	0.000000231388
7	45952922	46986719	420	15	0.0000031704	0.000000197652
7	46986720	49212277	930	15	-0.0000874675	0.000000365725
7	49212278	51675321	929	15	0.0000223236	0.000000363159
7	51675322	53176311	667	15	-0.0001488098	0.000000315967
7	53176312	54222975	385	15	0.0003151778	0.000000184747
7	54222976	55691583	571	15	0.0000004401	0.000000324335
7	55691584	57382637	259	15	0.0001407655	0.000000134259
7	57382638	63307358	143	15	0.0005233161	0.000000113511
7	63307359	63641124	54	6	0.0000398168	0.000000029369
7	63641125	65689808	328	15	0.0001584049	0.000000143293
7	65689809	68234073	732	15	0.0000195768	0.000000388018
7	68234074	69085363	283	15	0.0002443720	0.000000186017
7	69085364	71874884	876	15	0.0001942256	0.000000407816
7	71874885	73334601	157	15	0.0003334835	0.000000112290
7	73334602	76458563	368	15	-0.0000646866	0.000000241225
7	76458564	78093858	641	15	0.0000744299	0.000000386939
7	78093859	79888068	669	15	0.0003334023	0.000000402135
7	79888069	82022685	752	15	-0.0001155476	0.000000409420
7	82022686	83801202	661	15	0.0003300329	0.000000407054
7	83801203	85572181	415	15	-0.0000647077	0.000000172883
7	85572182	87825003	580	15	0.0001381472	0.000000248520
7	87825004	90661783	982	15	0.0000271682	0.000000372405
7	90661784	92493751	442	15	0.0000207574	0.000000220880
7	92493752	93966600	365	15	0.0004987296	0.000000271291
7	93966601	96073507	719	15	0.0001962082	0.000000359157
7	96073508	97099569	324	15	0.0000841517	0.000000173325
7	97099570	98715473	445	15	0.0003576896	0.000000270897
7	98715474	100196650	254	15	0.0002273641	0.000000116395
7	100196651	101199252	251	15	0.0005868086	0.000000191433
7	101199253	103197509	401	15	0.0001500177	0.000000244784
7	103197510	104159524	486	15	-0.0000435191	0.000000250443
7	104159525	105682904	554	15	0.0001355135	0.000000333158
7	105682905	107780177	783	15	0.0001844985	0.000000430033
7	107780178	109647593	574	15	0.0000818703	0.000000302762
7	109647594	112618683	862	15	0.0000290954	0.000000387959
7	112618684	113712386	229	15	0.0001406091	0.000000124791
7	113712387	116780177	738	15	0.0000869265	0.000000365948
7	116780178	118351580	384	15	0.0001404589	0.000000159257
7	118351581	121045272	456	15	-0.0001103160	0.000000196151
7	121045273	121933629	248	15	-0.0000978654	0.000000109599
7	121933630	124156804	675	15	-0.0000096172	0.000000298071
7	124156805	124167551	6	2	0.0000747295	0.000000008196
7	124167552	126519169	696	15	0.0003331953	0.000000306804
7	126519170	126869220	141	15	0.0004071409	0.000000087332
7	126869221	128778385	611	15	0.0001072392	0.000000305176
7	128778386	130422413	488	15	0.0000145733	0.000000280467
7	130422414	132805847	958	15	0.0001506563	0.000000420534
7	132805848	134307595	455	15	0.0000727591	0.000000196029
7	134307596	135591082	514	15	0.0001764754	0.000000282463
7	135591083	136876561	423	15	0.0002219998	0.000000241202
7	136876562	138744678	639	15	-0.0000182824	0.000000460286
7	138744679	139933176	341	15	0.0001866727	0.000000224315
7	139933177	140235209	126	15	0.0002460860	0.000000134722
7	140235210	141226556	287	15	0.0000475275	0.000000141205
7	141226557	142656309	463	15	-0.0000166478	0.000000210254
7	142656310	144968288	579	15	0.0002451088	0.000000325443
7	144968289	146427959	395	15	0.0001892859	0.000000219040
7	146427960	147815317	587	15	-0.0000059509	0.000000324588
7	147815318	149840657	645	15	-0.0000117690	0.000000446380
7	149840658	150711504	332	15	0.0001195094	0.000000172472
7	150711505	152249805	485	15	0.0000285459	0.000000434848
7	152249806	153674018	496	15	0.0001525846	0.000000395763
7	153674019	154964729	585	15	0.0001385907	0.000000474135
7	154964730	156065249	513	15	0.0000035408	0.000000452306
7	156065250	157634596	560	15	0.0000515909	0.000000394821
7	157634597	159128574	512	15	0.0001199703	0.000000342052
8	10422	1044216	419	15	-0.0001263697	0.000000299772
8	1044217	1163244	75	13	0.0004487575	0.000000084930
8	1163245	2042941	502	15	-0.0000149210	0.000000454260
8	2042942	2573278	269	15	0.0000333385	0.000000186220
8	2573279	3392925	619	15	0.0000175566	0.000000395423
8	3392926	3783016	438	15	0.0000171985	0.000000316031
8	3783017	4480475	687	15	0.0001037248	0.000000440261
8	4480476	5146926	506	15	0.0000856996	0.000000401021
8	5146927	6142796	776	15	0.0003239927	0.000000433597
8	6142797	7153078	569	15	0.0000017462	0.000000453420
8	7153079	9154693	575	15	-0.0001033131	0.000000381762
8	9154694	9640786	242	15	0.0002108926	0.000000163240
8	9640787	10463196	487	15	-0.0000454530	0.000000361540
8	10463197	11278997	406	15	0.0000443402	0.000000265124
8	11278998	13491774	852	15	0.0000680716	0.000000406502
8	13491775	13944991	268	15	-0.0000493702	0.000000159355
8	13944992	15991659	1123	15	0.0001713569	0.000000366867
8	15991660	17387875	575	15	0.0000910017	0.000000407674
8	17387876	17836398	287	15	0.0000021977	0.000000187184
8	17836399	19492839	1005	15	0.0001789516	0.000000389004
8	19492840	20060855	341	15	0.0000832688	0.000000211279
8	20060856	21661736	776	15	0.0001526064	0.000000387864
8	21661737	22897056	487	15	-0.0001489680	0.000000390475
8	22897057	24674717	686	15	-0.0000185807	0.000000392661
8	24674718	25483453	296	15	0.0001472356	0.000000155972
8	25483454	26682524	646	15	-0.0000944703	0.000000383341
8	26682525	28162391	759	15	0.0000846561	0.000000370056
8	28162392	29327895	382	15	0.0003477480	0.000000239851
8	29327896	31133728	559	15	0.0002115567	0.000000324931
8	31133729	31548359	129	15	-0.0000496557	0.000000059780
8	31548360	32977217	495	15	-0.0000620124	0.000000233504
8	32977218	35317231	550	15	0.0001806220	0.000000214145
8	35317232	37379388	373	15	0.0000777722	0.000000197038
8	37379389	38938805	305	15	0.0001492274	0.000000223192
8	38938806	40703336	613	15	0.0000074760	0.000000321447
8	40703337	41721453	399	15	0.0004102607	0.000000283724
8	41721454	42773822	197	15	0.0005468575	0.000000139904
8	42773823	46841314	49	8	0.0001096180	0.000000037716
8	46841315	50082469	412	15	-0.0000483211	0.000000172225
8	50082470	53302929	800	15	0.0001721396	0.000000326561
8	53302930	54418043	357	15	0.0001779659	0.000000190211
8	54418044	55945580	483	15	0.0000574901	0.000000216420
8	55945581	56956382	361	15	0.0000420292	0.000000170555
8	56956383	59068650	685	15	0.0000991730	0.000000363362
8	59068651	59728099	284	15	-0.0001363402	0.000000127621
8	59728100	62329098	813	15	-0.0000012204	0.000000361135
8	62329099	63349305	340	15	-0.0000578135	0.000000133427
8	63349306	65232871	532	15	0.0003904388	0.000000241140
8	65232872	66489089	370	15	0.0000551280	0.000000177377
8	66489090	69863056	894	15	0.0000914053	0.000000389576
8	69863057	70867978	418	15	0.0001195694	0.000000248282
8	70867979	72289453	448	15	-0.0000046147	0.000000202785
8	72289454	73817198	708	15	-0.0001100021	0.000000354481
8	73817199	75445063	637	15	0.0001191297	0.000000342683
8	75445064	76456541	301	15	0.0003197815	0.000000153974
8	76456542	79132860	716	15	0.0002083729	0.000000320764
8	79132861	81956394	825	15	-0.0000191360	0.000000367054
8	81956395	82693738	223	15	0.0003153182	0.000000137136
8	82693739	84225588	425	15	0.0001026750	0.000000173064
8	84225589	85955618	366	15	0.0003265668	0.000000187952
8	85955619	87411708	276	15	0.0003002671	0.000000120506
8	87411709	89085480	493	15	-0.0000286206	0.000000223159
8	89085481	90638161	412	15	0.0002494664	0.000000195803
8	90638162	93554385	708	15	0.0000847514	0.000000329879
8	93554386	95005526	392	15	0.0001950458	0.000000206521
8	95005527	96534805	649	15	0.0003522302	0.000000393573
8	96534806	99401580	1136	15	0.0000682262	0.000000371978
8	99401581	101620957	513	15	0.0001703856	0.000000200677
8	101620958	104123305	1012	15	-0.0001026570	0.000000388304
8	104123306	104988751	260	15	0.0001355697	0.000000107180
8	104988752	107410753	836	15	0.0000516486	0.000000346795
8	107410754	108648176	485	15	-0.0000255801	0.000000204475
8	108648177	109248172	207	15	-0.0000243621	0.000000074767
8	109248173	110484313	356	15	0.0003399424	0.000000150485
8	110484314	111850846	293	15	0.0000660362	0.000000117947
8	111850847	113064319	245	15	0.0000305681	0.000000088410
8	113064320	116096494	811	15	0.0000434530	0.000000295354
8	116096495	119685456	1185	15	-0.0000000568	0.000000360478
8	119685457	121201699	538	15	0.0000483351	0.000000238258
8	121201700	124861458	1377	15	-0.0000330661	0.000000370095
8	124861459	125683718	347	15	0.0002208572	0.000000183178
8	125683719	126410916	272	15	0.0001376842	0.000000168709
8	126410917	128659110	943	15	0.0000261109	0.000000393743
8	128659111	130381138	701	15	-0.0000013286	0.000000372734
8	130381139	131639624	489	15	0.0002457233	0.000000277517
8	131639625	133351143	781	15	0.0002213646	0.000000387120
8	133351144	134570000	720	15	0.0000604356	0.000000371761
8	134570001	136035604	779	15	0.0000368970	0.000000366213
8	136035605	137524150	568	15	0.0001009414	0.000000282943
8	137524151	139254829	769	15	0.0000601593	0.000000369571
8	139254830	140725642	782	15	0.0000440011	0.000000394749
8	140725643	143044913	874	15	0.0000581696	0.000000417418
8	143044914	144236880	391	15	0.0000258979	0.000000230599
8	144236881	146303866	358	15	-0.0000053200	0.000000253952
9	10023	1079706	608	15	0.0001173840	0.000000411439
9	1079707	1916876	614	15	0.0000508851	0.000000383879
9	1916877	3190063	804	15	-0.0001441985	0.000000410158
9	3190064	4495327	760	15	0.0001019608	0.000000416071
9	4495328	4884925	237	15	0.0000517871	0.000000172514
9	4884926	6557588	586	15	0.0000842893	0.000000379285
9	6557589	7154922	302	15	0.0003106010	0.000000219693
9	7154923	8456298	945	15	0.0003470009	0.000000448952
9	8456299	9166402	411	15	0.0001540577	0.000000350508
9	9166403	10879252	853	15	0.0002361940	0.000000446555
9	10879253	12276488	483	15	0.0002407554	0.000000311251
9	12276489	14836362	1305	15	0.0000169288	0.000000437729
9	14836363	16659654	823	15	-0.0001522362	0.000000382754
9	16659655	18661050	963	15	0.0002175477	0.000000390710
9	18661051	20463533	863	15	0.0001011467	0.000000415944
9	20463534	22206558	699	15	-0.0000110538	0.000000374933
9	22206559	24158517	634	15	0.0000724392	0.000000415600
9	24158518	25330809	310	15	0.0000782968	0.000000236078
9	25330810	26111756	288	15	0.0001767571	0.000000234827
9	26111757	28224282	986	15	0.0000836408	0.000000387605
9	28224283	28811583	259	15	0.0001231021	0.000000189564
9	28811584	30387391	572	15	0.0000146653	0.000000255729
9	30387392	31310382	259	15	0.0001450326	0.000000137644
9	31310383	32019367	215	15	0.0001502482	0.000000106056
9	32019368	33578333	614	15	0.0003762311	0.000000370663
9	33578334	34642242	295	15	0.0000070066	0.000000105574
9	34642243	36743282	606	15	0.0000987939	0.000000362196
9	36743283	38641598	753	15	-0.0000498485	0.000000387134
9	38641599	65472189	107	15	-0.0000474516	0.000000081057
9	65472190	72512710	608	15	0.0001551742	0.000000333311
9	72512711	72753754	112	11	0.0001417546	0.000000056267
9	72753755	74253039	626	15	0.0000457859	0.000000294407
9	74253040	76203945	599	15	0.0001853845	0.000000289329
9	76203946	76973080	188	15	0.0001432191	0.000000097179
9	76973081	78900182	840	15	-0.0000366942	0.000000396137
9	78900183	79471207	309	15	0.0001687893	0.000000212812
9	79471208	81079054	552	15	-0.0000375932	0.000000345669
9	81079055	82590927	661	15	0.0000702224	0.000000379012
9	82590928	84211232	698	15	0.0001712906	0.000000388012
9	84211233	85440800	340	15	-0.0000933355	0.000000223273
9	85440801	86938195	656	15	0.0001826227	0.000000369402
9	86938196	88109332	525	15	0.0000021965	0.000000258640
9	88109333	88590416	115	14	0.0000059142	0.000000053903
9	88590417	90136245	634	15	0.0000813921	0.000000373000
9	90136246	92528697	910	15	0.0000272705	0.000000410353
9	92528698	94167202	669	15	0.0001676594	0.000000425745
9	94167203	96671697	843	15	-0.0001211816	0.000000371782
9	96671698	98922039	716	15	0.0001770581	0.000000371573
9	98922040	101592858	920	15	-0.0000892703	0.000000377038
9	101592859	104624436	1019	15	-0.0001096649	0.000000377061
9	104624437	105967975	597	15	-0.0000130101	0.000000298106
9	105967976	107581748	642	15	0.0001460400	0.000000279275
9	107581749	109298753	641	15	-0.0000214260	0.000000402168
9	109298754	110695061	602	15	0.0000586210	0.000000414518
9	110695062	112778023	1149	15	0.0001832888	0.000000384316
9	112778024	114831081	958	15	-0.0000010189	0.000000394127
9	114831082	115693144	330	15	0.0001947931	0.000000159570
9	115693145	117019800	665	15	0.0002707462	0.000000458883
9	117019801	117921959	490	15	0.0000728097	0.000000302380
9	117921960	121321536	1556	15	-0.0000279251	0.000000377638
9	121321537	122260296	376	15	0.0001734496	0.000000214636
9	122260297	124871321	818	15	0.0003819265	0.000000419138
9	124871322	126971886	717	15	0.0000237125	0.000000441622
9	126971887	129059664	583	15	0.0000100525	0.000000304190
9	129059665	130055509	350	15	0.0001600826	0.000000217484
9	130055510	132165469	518	15	0.0000680255	0.000000322875
9	132165470	133223216	328	15	0.0000514254	0.000000222011
9	133223217	134127887	358	15	0.0002063979	0.000000288872
9	134127888	135298841	460	15	-0.0000839706	0.000000260032
9	135298842	137041121	706	15	-0.0000898552	0.000000474462
9	137041122	137589363	218	15	0.0001665635	0.000000221695
9	137589364	138938977	667	15	-0.0000346766	0.000000484714
9	138938978	139500341	130	15	0.0000774017	0.000000112407
9	139500342	141144795	276	15	0.0000480819	0.000000234807
10	60523	751338	137	15	-0.0000053555	0.000000095173
10	751339	1523543	355	15	0.0000999151	0.000000232465
10	1523544	2254499	466	15	-0.0000190523	0.000000298299
10	2254500	3352698	704	15	-0.0000098117	0.000000411800
10	3352699	4572273	638	15	-0.0000382085	0.000000385000
10	4572274	5983761	744	15	0.0000619790	0.000000411078
10	5983762	7171483	776	15	0.0000103644	0.000000431473
10	7171484	8774664	914	15	-0.0000310589	0.000000413586
10	8774665	10249395	596	15	-0.0000133426	0.000000320097
10	10249396	12586796	1087	15	0.0000176226	0.000000405755
10	12586797	13321599	464	15	0.0002193704	0.000000388643
10	13321600	15026067	984	15	0.0001181610	0.000000404462
10	15026068	16551766	592	15	0.0001577915	0.000000405297
10	16551767	18537266	811	15	0.0002188067	0.000000432958
10	18537267	19716877	555	15	0.0002058931	0.000000336796
10	19716878	22772282	1035	15	-0.0000490761	0.000000394824
10	22772283	23175131	130	15	0.0000295758	0.000000079559
10	23175132	25578595	795	15	0.0001257975	0.000000411112
10	25578596	26888683	566	15	0.0001372845	0.000000277556
10	26888684	29323235	955	15	0.0000273515	0.000000393229
10	29323236	29783691	280	15	0.0000196051	0.000000168769
10	29783692	30458837	377	15	0.0001132446	0.000000249376
10	30458838	31907518	493	15	0.0001527806	0.000000262509
10	31907519	33707967	655	15	0.0000204966	0.000000293421
10	33707968	35109354	516	15	-0.0001034112	0.000000273669
10	35109355	36572507	439	15	0.0000196059	0.000000214647
10	36572508	37790028	333	15	0.0001620378	0.000000153539
10	37790029	42372578	205	13	0.0000101109	0.000000049836
10	42372579	43894770	316	15	0.0000406847	0.000000161485
10	43894771	44730074	308	15	0.0000931483	0.000000146568
10	44730075	48760449	714	15	0.0000389752	0.000000396641
10	48760450	50840914	695	15	0.0000357591	0.000000377347
10	50840915	53616628	782	15	0.0000940321	0.000000416611
10	53616629	55103571	712	15	0.0002744207	0.000000425817
10	55103572	57031139	788	15	-0.0001203130	0.000000389054
10	57031140	57662145	192	15	-0.0001164718	0.000000063130
10	57662146	58959527	394	15	-0.0000595079	0.000000114309
10	58959528	60289986	447	15	-0.0000147281	0.000000180415
10	60289987	61891408	614	15	-0.0000562763	0.000000364763
10	61891409	62659678	316	15	-0.0000354615	0.000000164326
10	62659679	63341694	168	15	0.0000506684	0.000000086663
10	63341695	65794113	880	15	-0.0000666173	0.000000377799
10	65794114	67549614	507	15	0.0000077436	0.000000225227
10	67549615	69900147	921	15	-0.0001093962	0.000000358371
10	69900148	70195990	119	11	-0.0000389696	0.000000053072
10	70195991	72220849	935	15	0.0000266823	0.000000422928
10	72220850	73508511	773	15	0.0000168225	0.000000431517
10	73508512	75422549	458	15	0.0003480192	0.000000210240
10	75422550	78706813	869	15	-0.0000446109	0.000000360354
10	78706814	80876748	1060	15	0.0001747182	0.000000407113
10	80876749	82414678	530	15	-0.0000376772	0.000000323771
10	82414679	84383744	741	15	0.0000497071	0.000000368329
10	84383745	85458702	457	15	0.0000610460	0.000000192272
10	85458703	87937576	1008	15	-0.0000932884	0.000000355197
10	87937577	89127063	291	15	-0.0000907696	0.000000151147
10	89127064	91013380	750	15	0.0000158015	0.000000385178
10	91013381	92006580	386	15	0.0002713530	0.000000218561
10	92006581	93335046	457	15	0.0000101296	0.000000213461
10	93335047	95396367	690	15	0.0001724263	0.000000375408
10	95396368	96221242	276	15	-0.0000270765	0.000000151237
10	96221243	97822356	602	15	-0.0000885174	0.000000233625
10	97822357	100241301	946	15	-0.0000582563	0.000000401629
10	100241302	100668399	156	15	0.0001926373	0.000000080987
10	100668400	102949238	805	15	0.0001276626	0.000000402112
10	102949239	104380409	314	15	0.0002477046	0.000000133461
10	104380410	106695047	788	15	-0.0000385963	0.000000345397
10	106695048	108726685	694	15	0.0000547606	0.000000345193
10	108726686	110317704	661	15	0.0001780867	0.000000364207
10	110317705	112561492	680	15	0.0001524335	0.000000365316
10	112561493	115328431	1062	15	0.0000523598	0.000000404440
10	115328432	116421405	514	15	-0.0000665646	0.000000302393
10	116421406	119523933	1046	15	0.0001367837	0.000000400284
10	119523934	120591352	438	15	0.0000567100	0.000000280908
10	120591353	122407322	729	15	-0.0000298798	0.000000394490
10	122407323	123231464	404	15	0.0001188434	0.000000233177
10	123231465	123900544	295	15	0.0002755895	0.000000218359
10	123900545	125869345	924	15	0.0002894860	0.000000425181
10	125869346	128001097	996	15	0.0002439670	0.000000412412
10	128001098	129154361	547	15	0.0000691978	0.000000343991
10	129154362	130844283	991	15	-0.0000267255	0.000000450399
10	130844284	131741326	448	15	-0.0000078506	0.000000290925
10	131741327	132580244	428	15	0.0000458722	0.000000265102
10	132580245	134336328	900	15	0.0000108506	0.000000435198
10	134336329	134494672	39	6	-0.0000208157	0.000000020360
10	134494673	135523864	292	15	0.0006498728	0.000000265706
11	70855	1213589	285	15	0.0001429140	0.000000243764
11	1213590	3665480	848	15	0.0002931912	0.000000511160
11	3665481	4746708	448	15	-0.0000117659	0.000000279739
11	4746709	6322868	1020	15	0.0001329244	0.000000397417
11	6322869	7436700	567	15	-0.0000077648	0.000000297442
11	7436701	8333273	523	15	0.0000393598	0.000000380959
11	8333274	9087316	287	15	0.0001482818	0.000000171106
11	9087317	10952026	667	15	0.0001154031	0.000000375039
11	10952027	12564228	1139	15	-0.0001245514	0.000000385541
11	12564229	13373123	420	15	0.0000629114	0.000000217261
11	13373124	15742551	791	15	0.0000696098	0.000000358207
11	15742552	17578401	632	15	-0.0000072596	0.000000300595
11	17578402	19569534	820	15	-0.0000321022	0.000000385485
11	19569535	21017137	821	15	0.0001666206	0.000000407370
11	21017138	22374141	580	15	-0.0000167181	0.000000365230
11	22374142	24088516	616	15	0.0001183943	0.000000310611
11	24088517	26045752	700	15	0.0001139487	0.000000415044
11	26045753	27020460	368	15	0.0002121890	0.000000190344
11	27020461	28481592	416	15	0.0000918026	0.000000172831
11	28481593	30141356	425	15	0.0001836310	0.000000222918
11	30141357	32276900	652	15	0.0000226755	0.000000265718
11	32276901	33958738	577	15	-0.0001463523	0.000000290832
11	33958739	35502604	839	15	0.0000436976	0.000000379061
11	35502605	37116814	759	15	-0.0000681655	0.000000368054
11	37116815	39382002	441	15	-0.0000555682	0.000000195928
11	39382003	42310002	947	15	0.0001103857	0.000000363777
11	42310003	44693798	1006	15	-0.0000906827	0.000000370488
11	44693799	47006136	737	15	0.0001809057	0.000000386089
11	47006137	49866049	504	15	0.0001743689	0.000000181530
11	49866050	54695472	153	8	0.0002526290	0.000000060713
11	54695473	55082656	10	3	-0.0000054197	0.000000008527
11	55082657	58457494	1082	15	0.0001610300	0.000000332224
11	58457495	58780548	69	6	0.0001457504	0.000000036877
11	58780549	62223770	1030	15	0.0001178032	0.000000402114
11	62223771	63804568	313	15	0.0000181582	0.000000175970
11	63804569	65898630	515	15	0.0001965883	0.000000306436
11	65898631	68005824	331	15	0.0001388730	0.000000165403
11	68005825	69516129	490	15	0.0000116235	0.000000298249
11	69516130	70926291	491	15	-0.0000146376	0.000000354157
11	70926292	72286016	324	15	0.0000083305	0.000000156324
11	72286017	74412350	607	15	0.0001737274	0.000000301453
11	74412351	76797208	796	15	0.0000841694	0.000000396695
11	76797209	78355057	445	15	0.0000534948	0.000000214204
11	78355058	80722372	1094	15	-0.0000402646	0.000000385478
11	80722373	81266711	272	15	0.0000583610	0.000000155637
11	81266712	84381271	1198	15	0.0001036695	0.000000372124
11	84381272	86619300	799	15	-0.0000528173	0.000000350913
11	86619301	87430234	323	15	0.0002605596	0.000000164052
11	87430235	89208935	594	15	0.0000129645	0.000000344930
11	89208936	90966489	402	15	0.0001409488	0.000000167056
11	90966490	92077143	361	15	0.0000141850	0.000000169987
11	92077144	93276156	415	15	0.0000506690	0.000000192491
11	93276157	94242259	295	15	0.0000226112	0.000000125154
11	94242260	95726040	602	15	0.0001659933	0.000000370921
11	95726041	97057057	523	15	-0.0000321796	0.000000340430
11	97057058	98705064	583	15	0.0000088899	0.000000350441
11	98705065	100417168	790	15	0.0000341896	0.000000372891
11	100417169	101331120	415	15	0.0000632039	0.000000210737
11	101331121	103959635	1107	15	-0.0000716164	0.000000357565
11	103959636	104873283	295	15	-0.0000282774	0.000000084882
11	104873284	106520893	483	15	0.0000887440	0.000000224468
11	106520894	107844199	482	15	0.0000204573	0.000000281228
11	107844200	108437036	135	11	0.0000366159	0.000000047726
11	108437037	109866115	357	15	-0.0000817591	0.000000182990
11	109866116	111114396	503	15	0.0001673502	0.000000252867
11	111114397	112459487	398	15	0.0000383419	0.000000183688
11	112459488	114257727	817	15	0.0000204076	0.000000399389
11	114257728	114830665	236	15	0.0000303558	0.000000118627
11	114830666	116383347	677	15	0.0000890180	0.000000386222
11	116383348	117747109	641	15	-0.0000004137	0.000000438668
11	117747110	119215475	535	15	-0.0001128032	0.000000304317
11	119215476	120766805	666	15	0.0001644031	0.000000436830
11	120766806	121175942	206	15	-0.0000302787	0.000000093067
11	121175943	122591909	484	15	0.0001434627	0.000000305657
11	122591910	123500116	438	15	0.0000059347	0.000000300514
11	123500117	124495527	495	15	0.0000339177	0.000000192996
11	124495528	126311319	827	15	0.0000603234	0.000000379299
11	126311320	127316678	575	15	0.0000362412	0.000000309897
11	127316679	128188536	322	15	0.0000602445	0.000000166798
11	128188537	130342574	905	15	0.0000107958	0.000000409093
11	130342575	131074611	390	15	0.0002454885	0.000000269617
11	131074612	133000045	1145	15	-0.0001408621	0.000000395134
11	133000046	134205992	566	15	-0.0001324005	0.000000397376
11	134205993	134946451	424	15	0.0000402990	0.000000309798
12	61107	1080330	336	15	0.0000781860	0.000000260061
12	1080331	2544785	520	15	-0.0000361066	0.000000363300
12	2544786	3677036	532	15	-0.0000435249	0.000000395041
12	3677037	4417678	413	15	0.0000692063	0.000000320913
12	4417679	5321471	515	15	-0.0000409720	0.000000317923
12	5321472	6419752	578	15	-0.0000376312	0.000000367787
12	6419753	8377535	181	15	0.0001248612	0.000000132325
12	8377536	9031394	0	0	-0.0000873667	0.000000000000
12	9031395	10481533	228	15	0.0000705529	0.000000129141
12	10481534	11754845	359	15	-0.0000768233	0.000000182533
12	11754846	12733527	454	15	0.0000467190	0.000000322011
12	12733528	15241483	1066	15	-0.0000429294	0.000000378426
12	15241484	16310459	264	15	-0.0001178529	0.000000130566
12	16310460	18087872	584	15	0.0001129524	0.000000338442
12	18087873	20863942	977	15	0.0000302079	0.000000380040
12	20863943	23820633	1131	15	0.0000507882	0.000000370626
12	23820634	25371082	744	15	-0.0001270373	0.000000374026
12	25371083	27799772	1065	15	0.0001168393	0.000000382554
12	27799773	29651254	728	15	-0.0001318617	0.000000350476
12	29651255	30512405	477	15	0.0000091305	0.000000237306
12	30512406	32165591	665	15	-0.0001323600	0.000000374625
12	32165592	33076988	396	15	-0.0000240317	0.000000203956
12	33076989	37856716	368	15	0.0003892494	0.000000156673
12	37856717	39227168	143	7	0.0001133917	0.000000061059
12	39227169	40816184	501	15	0.0002247437	0.000000220228
12	40816185	41658585	367	15	0.0000430086	0.000000144251
12	41658586	43984473	930	15	-0.0000120968	0.000000352220
12	43984474	46024228	494	15	0.0001522599	0.000000214853
12	46024229	47714792	487	15	0.0000739641	0.000000250326
12	47714793	49001865	566	15	0.0002129561	0.000000311731
12	49001866	51776493	665	15	0.0000823458	0.000000351324
12	51776494	53039003	658	15	0.0000081629	0.000000350093
12	53039004	54778822	608	15	-0.0000529493	0.000000355248
12	54778823	55665836	289	15	0.0000210164	0.000000173792
12	55665837	57548859	443	15	0.0001371023	0.000000271822
12	57548860	59308665	482	15	0.0001676466	0.000000247361
12	59308666	61123728	470	15	-0.0000762251	0.000000198595
12	61123729	64032460	988	15	0.0000491469	0.000000394015
12	64032461	65559694	389	15	0.0001600913	0.000000235299
12	65559695	67181143	541	15	0.0001753306	0.000000293844
12	67181144	67909728	330	15	0.0000310926	0.000000144201
12	67909729	69826541	843	15	-0.0000971398	0.000000409117
12	69826542	70957986	513	15	0.0000197143	0.000000238608
12	70957987	72645074	582	15	-0.0000425905	0.000000307110
12	72645075	73818453	316	15	0.0001609356	0.000000161632
12	73818454	76511313	799	15	-0.0000102625	0.000000386017
12	76511314	78570569	784	15	-0.0000047779	0.000000395383
12	78570570	80448149	425	15	0.0000424578	0.000000243160
12	80448150	81467766	315	15	-0.0000077259	0.000000142198
12	81467767	83502665	592	15	0.0000369352	0.000000289228
12	83502666	84303843	240	15	-0.0001117000	0.000000078734
12	84303844	85990425	412	15	-0.0000592500	0.000000145404
12	85990426	89682121	770	15	0.0001744156	0.000000329995
12	89682122	92066154	667	15	0.0001366440	0.000000292474
12	92066155	94514566	939	15	0.0000572646	0.000000418581
12	94514567	96020784	731	15	-0.0000065808	0.000000395791
12	96020785	97108838	479	15	0.0005017776	0.000000330186
12	97108839	99305986	956	15	-0.0000231783	0.000000383761
12	99305987	101447640	677	15	0.0003207093	0.000000422853
12	101447641	101862689	158	15	0.0003163212	0.000000110226
12	101862690	102964985	350	15	-0.0001199817	0.000000193192
12	102964986	104848695	816	15	0.0000198592	0.000000390385
12	104848696	106436212	884	15	-0.0001448776	0.000000374129
12	106436213	106958747	238	15	0.0001046700	0.000000140404
12	106958748	109025900	785	15	-0.0001114049	0.000000379793
12	109025901	110336718	414	15	0.0000108239	0.000000211044
12	110336719	113263517	476	15	-0.0000352102	0.000000202952
12	113263518	113986708	226	15	-0.0001169160	0.000000141401
12	113986709	115036601	566	15	-0.0000708840	0.000000309908
12	115036602	115503215	203	15	0.0001197275	0.000000142899
12	115503216	117087470	776	15	0.0000458574	0.000000395217
12	117087471	118135374	481	15	0.0000869431	0.000000327632
12	118135375	119754109	710	15	-0.0000242502	0.000000405053
12	119754110	122007650	708	15	-0.0000275062	0.000000389133
12	122007651	124977979	725	15	0.0000158586	0.000000399354
12	124977980	126445504	669	15	-0.0001421612	0.000000459954
12	126445505	127875097	691	15	0.0001954862	0.000000426197
12	127875098	129237296	736	15	-0.0001001721	0.000000475505
12	129237297	130377920	700	15	0.0000930321	0.000000425048
12	130377921	131786750	786	15	0.0000194868	0.000000465213
12	131786751	132807033	312	15	-0.0000077749	0.000000193867
12	132807034	133841510	179	15	0.0002104550	0.000000134695
13	19020013	20686719	320	15	0.0001680811	0.000000198854
13	20686720	22242173	616	15	-0.0000392190	0.000000373839
13	22242174	23594701	703	15	-0.0000074894	0.000000440478
13	23594702	24531936	536	15	0.0002969087	0.000000354421
13	24531937	25784361	675	15	0.0000617453	0.000000414806
13	25784362	27284361	570	15	-0.0000273403	0.000000319569
13	27284362	29257550	905	15	-0.0000676810	0.000000415462
13	29257551	30483266	527	15	0.0000010561	0.000000296402
13	30483267	32301814	817	15	-0.0001781449	0.000000426475
13	32301815	33776902	610	15	-0.0000076170	0.000000318295
13	33776903	35026463	468	15	0.0000896478	0.000000265729
13	35026464	36046366	230	15	0.0000082824	0.000000128371
13	36046367	37498184	678	15	0.0000468082	0.000000395908
13	37498185	38878162	560	15	-0.0000960168	0.000000236680
13	38878163	41069262	916	15	0.0000185509	0.000000403283
13	41069263	43101026	649	15	0.0001662177	0.000000328023
13	43101027	44901408	832	15	0.0001284093	0.000000382283
13	44901409	46495213	539	15	0.0000381875	0.000000327075
13	46495214	47431078	375	15	0.0001464904	0.000000200995
13	47431079	49383961	631	15	0.0000505965	0.000000322120
13	49383962	51591090	769	15	0.0000356666	0.000000380878
13	51591091	53339621	464	15	0.0000431673	0.000000272380
13	53339622	54682863	547	15	0.0001527365	0.000000308881
13	54682864	55817130	333	15	0.0000033133	0.000000147246
13	55817131	57554216	304	15	0.0003075116	0.000000117174
13	57554217	58410625	210	15	0.0003920332	0.000000102899
13	58410626	59302270	225	15	0.0000231374	0.000000089548
13	59302271	60854777	567	15	0.0000594276	0.000000289555
13	60854778	61591948	298	15	0.0001037935	0.000000158927
13	61591949	63971558	668	15	0.0000472579	0.000000363976
13	63971559	65200601	312	15	0.0001708278	0.000000138150
13	65200602	67844452	813	15	-0.0000695611	0.000000361308
13	67844453	70724515	916	15	0.0000157670	0.000000371622
13	70724516	71526790	331	15	-0.0000693372	0.000000192486
13	71526791	73934088	887	15	0.0001512729	0.000000417315
13	73934089	75670142	757	15	0.0000195835	0.000000400998
13	75670143	77410554	810	15	0.0001383056	0.000000373370
13	77410555	78808812	450	15	0.0001326419	0.000000218775
13	78808813	80585675	601	15	0.0001654483	0.000000321267
13	80585676	82581813	641	15	-0.0000390481	0.000000345447
13	82581814	84133143	402	15	-0.0000053937	0.000000134169
13	84133144	85610915	434	15	0.0004465617	0.000000236384
13	85610916	88559881	795	15	0.0000989684	0.000000377478
13	88559882	90521310	484	15	0.0000365840	0.000000196503
13	90521311	93129690	903	15	0.0000625317	0.000000380580
13	93129691	93586454	130	15	0.0002621185	0.000000094179
13	93586455	96087557	1250	15	0.0000269602	0.000000411312
13	96087558	97519209	376	15	-0.0000301663	0.000000197592
13	97519210	98938918	455	15	0.0000876328	0.000000305508
13	98938919	100574094	818	15	0.0000285075	0.000000379171
13	100574095	102300522	792	15	0.0001543556	0.000000381282
13	102300523	104066709	961	15	-0.0000427097	0.000000376939
13	104066710	104844113	317	15	0.0000191313	0.000000173352
13	104844114	106247553	645	15	0.0000130429	0.000000404598
13	106247554	106749999	278	15	0.0000271710	0.000000156854
13	106750000	108189876	628	15	0.0000552826	0.000000422085
13	108189877	109121209	451	15	0.0000310014	0.000000308815
13	109121210	109815111	338	15	0.0001169684	0.000000211550
13	109815112	111232072	807	15	-0.0000279558	0.000000436273
13	111232073	112247591	491	15	0.0000777874	0.000000327000
13	112247592	113572487	495	15	0.0002094694	0.000000380297
13	113572488	115109852	446	15	0.0002259567	0.000000350446
14	19002084	21589401	621	15	0.0000147844	0.000000477094
14	21589402	23018664	735	15	-0.0001517241	0.000000390697
14	23018665	24905122	724	15	-0.0000995093	0.000000455384
14	24905123	26135685	580	15	0.0000755486	0.000000277666
14	26135686	28466532	718	15	-0.0000540049	0.000000391667
14	28466533	29972144	394	15	0.0000262765	0.000000205777
14	29972145	32383264	615	15	0.0000835825	0.000000387407
14	32383265	34846250	1313	15	0.0001069560	0.000000436883
14	34846251	35859592	258	15	0.0001501292	0.000000138510
14	35859593	38667724	907	15	-0.0000143524	0.000000374990
14	38667725	40341989	571	15	-0.0001081510	0.000000266557
14	40341990	41615501	362	15	0.0001647894	0.000000140197
14	41615502	43137388	433	15	0.0002461900	0.000000205780
14	43137389	44543226	368	15	0.0002541185	0.000000221938
14	44543227	46081895	390	15	0.0000682058	0.000000195844
14	46081896	46749129	189	15	0.0000070946	0.000000065281
14	46749130	48573585	609	15	0.0001074029	0.000000326262
14	48573586	49005470	113	13	0.0002379518	0.000000064620
14	49005471	50507759	482	15	0.0000065208	0.000000256005
14	50507760	51493571	375	15	0.0002468227	0.000000223066
14	51493572	53474382	885	15	-0.0000164381	0.000000368832
14	53474383	53997830	181	15	0.0002001816	0.000000092878
14	53997831	55233680	461	15	0.0002919229	0.000000299089
14	55233681	56216879	301	15	0.0000350081	0.000000127061
14	56216880	57481261	697	15	0.0002168174	0.000000390198
14	57481262	59448335	724	15	0.0000601577	0.000000364773
14	59448336	61680423	630	15	0.0002810806	0.000000287111
14	61680424	63790014	832	15	0.0000625018	0.000000358867
14	63790015	65220297	373	15	0.0001092482	0.000000192833
14	65220298	66399554	420	15	0.0002540330	0.000000238707
14	66399555	67992316	427	15	-0.0000340812	0.000000142185
14	67992317	71131956	1277	15	0.0000174395	0.000000382828
14	71131957	72889614	709	15	0.0001243872	0.000000379357
14	72889615	76444766	1202	15	-0.0000580740	0.000000382825
14	76444767	77229471	365	15	-0.0001239586	0.000000231965
14	77229472	78561944	656	15	0.0001820875	0.000000391866
14	78561945	80186578	625	15	0.0001895437	0.000000359389
14	80186579	81579713	523	15	0.0001476464	0.000000274104
14	81579714	83138096	490	15	0.0001083880	0.000000283443
14	83138097	84241632	394	15	0.0001323320	0.000000224889
14	84241633	85746318	483	15	-0.0000180223	0.000000262599
14	85746319	86647001	325	15	0.0002645797	0.000000197452
14	86647002	87635340	316	15	0.0000371707	0.000000169469
14	87635341	89497642	627	15	-0.0000723972	0.000000286399
14	89497643	91296859	720	15	0.0000663636	0.000000397109
14	91296860	93132298	702	15	0.0000444081	0.000000397510
14	93132299	94325284	437	15	0.0002480947	0.000000273484
14	94325285	95750866	911	15	0.0002411519	0.000000427197
14	95750867	96262414	393	15	0.0004479639	0.000000288870
14	96262415	98341161	875	15	-0.0001368667	0.000000409968
14	98341162	99138531	389	15	-0.0000031317	0.000000184841
14	99138532	101534306	933	15	0.0004534193	0.000000456307
14	101534307	103012101	454	15	-0.0001278177	0.000000310370
14	103012102	105001722	498	15	0.0000359133	0.000000296007
14	105001723	106340357	178	15	0.0003397284	0.000000158734
14	106340358	107289453	40	5	0.0000201755	0.000000025211
15	20001200	21131603	7	2	0.0001708151	0.000000025740
15	21131604	24195126	325	15	-0.0000765482	0.000000235247
15	24195127	25108589	199	15	0.0000577400	0.000000106818
15	25108590	27298111	923	15	0.0000591622	0.000000448895
15	27298112	29338501	505	15	-0.0000138321	0.000000317287
15	29338502	30165567	308	15	0.0001807172	0.000000197851
15	30165568	31591820	313	15	0.0002252766	0.000000209679
15	31591821	32441810	272	15	0.0000928722	0.000000143636
15	32441811	34015424	747	15	0.0000841200	0.000000392228
15	34015425	35083250	420	15	0.0001441252	0.000000262326
15	35083251	37456501	964	15	0.0001122861	0.000000405299
15	37456502	38530776	364	15	-0.0000947729	0.000000219562
15	38530777	40384131	811	15	0.0001025217	0.000000390334
15	40384132	41177513	243	15	0.0000149862	0.000000141907
15	41177514	42776398	442	15	-0.0000762732	0.000000240377
15	42776399	44198048	277	15	0.0000876674	0.000000106362
15	44198049	46618786	524	15	0.0002414347	0.000000272683
15	46618787	48136047	608	15	0.0000830293	0.000000291900
15	48136048	50008042	459	15	0.0000954162	0.000000208380
15	50008043	51677559	625	15	0.0001901850	0.000000289787
15	51677560	53069095	416	15	0.0002513725	0.000000204691
15	53069096	54508527	645	15	0.0000997145	0.000000337134
15	54508528	55136268	261	15	0.0000890970	0.000000162528
15	55136269	56901772	546	15	0.0000731604	0.000000342912
15	56901773	58441365	642	15	-0.0000436648	0.000000390890
15	58441366	59694115	537	15	0.0003963224	0.000000415508
15	59694116	61265835	699	15	0.0002043948	0.000000418425
15	61265836	63215221	946	15	0.0000209950	0.000000397015
15	63215222	65104667	501	15	0.0001228196	0.000000282336
15	65104668	67094766	643	15	0.0001686883	0.000000416988
15	67094767	69017998	777	15	0.0001053505	0.000000384179
15	69017999	70133340	309	15	0.0004264854	0.000000228374
15	70133341	71922648	735	15	0.0002537884	0.000000415920
15	71922649	73628713	377	15	0.0002143689	0.000000170199
15	73628714	76398623	621	15	0.0003738194	0.000000395614
15	76398624	78516052	546	15	0.0001821301	0.000000250550
15	78516053	80860977	1017	15	0.0000075996	0.000000367814
15	80860978	84260467	930	15	-0.0000332398	0.000000372761
15	84260468	86652904	806	15	-0.0000259477	0.000000368548
15	86652905	88369942	793	15	0.0002934663	0.000000386205
15	88369943	90475550	753	15	0.0001167373	0.000000413149
15	90475551	92164391	654	15	0.0001323971	0.000000408073
15	92164392	93780901	863	15	0.0002423576	0.000000430122
15	93780902	94924329	611	15	0.0000302367	0.000000453193
15	94924330	96141595	608	15	-0.0000260085	0.000000404738
15	96141596	98030909	782	15	0.0001909319	0.000000443690
15	98030910	99244058	589	15	-0.0001127263	0.000000422369
15	99244059	100636846	580	15	0.0001538501	0.000000439511
15	100636847	101552693	430	15	0.0001827710	0.000000326221
15	101552694	102520965	457	15	-0.0000243990	0.000000367896
16	60054	1207205	315	15	-0.0001015766	0.000000305518
16	1207206	2764828	389	15	0.0002494166	0.000000312798
16	2764829	4001195	324	15	-0.0000738603	0.000000257317
16	4001196	5118344	396	15	-0.0000141420	0.000000338072
16	5118345	5891579	377	15	0.0002100320	0.000000301066
16	5891580	6893550	737	15	-0.0001780509	0.000000403908
16	6893551	7529120	504	15	0.0004585653	0.000000388195
16	7529121	8338518	562	15	-0.0000477088	0.000000405328
16	8338519	9799418	742	15	0.0001324954	0.000000412119
16	9799419	10426031	382	15	0.0002392708	0.000000216593
16	10426032	11520160	474	15	0.0002365941	0.000000374822
16	11520161	12613097	417	15	-0.0000979017	0.000000292161
16	12613098	13154436	325	15	-0.0000800168	0.000000182931
16	13154437	14464001	579	15	0.0001603384	0.000000360621
16	14464002	16154059	324	15	0.0002617814	0.000000222389
16	16154060	17644748	410	15	0.0002956809	0.000000314026
16	17644749	18643606	185	15	0.0001958390	0.000000130537
16	18643607	20150570	442	15	-0.0001071820	0.000000269804
16	20150571	22448903	453	15	-0.0000074090	0.000000233443
16	22448904	24136874	545	15	0.0001780636	0.000000358028
16	24136875	25986861	785	15	-0.0000591955	0.000000403914
16	25986862	27445754	681	15	-0.0000772143	0.000000395622
16	27445755	29036612	356	15	0.0000691278	0.000000182343
16	29036613	31382942	294	15	0.0000187966	0.000000192982
16	31382943	46399472	129	15	0.0001547363	0.000000079144
16	46399473	49007925	306	15	0.0000887285	0.000000135701
16	49007926	52035822	1126	15	0.0000795997	0.000000394484
16	52035823	53382571	473	15	-0.0000131465	0.000000229459
16	53382572	55903773	1224	15	0.0000424604	0.000000408932
16	55903774	57664329	657	15	0.0000255561	0.000000411166
16	57664330	59045404	541	15	0.0000332761	0.000000382288
16	59045405	60745693	528	15	-0.0000339033	0.000000308612
16	60745694	62229848	374	15	-0.0000830566	0.000000170514
16	62229849	63691588	467	15	0.0001952724	0.000000289276
16	63691589	65938565	840	15	0.0001774717	0.000000388871
16	65938566	68841362	699	15	-0.0001278912	0.000000371877
16	68841363	71054027	396	15	0.0001974828	0.000000237321
16	71054028	72935149	471	15	0.0002463775	0.000000260757
16	72935150	74971502	818	15	-0.0000356144	0.000000438248
16	74971503	75977953	241	15	0.0000913964	0.000000154944
16	75977954	77523677	732	15	0.0001695280	0.000000398227
16	77523678	78456291	675	15	-0.0001388311	0.000000388559
16	78456292	79134814	591	15	0.0003056039	0.000000442136
16	79134815	80297373	805	15	-0.0000262195	0.000000387877
16	80297374	81772535	832	15	-0.0000402979	0.000000419250
16	81772536	82747727	616	15	0.0000539526	0.000000447858
16	82747728	83477207	631	15	-0.0000375665	0.000000384877
16	83477208	84445882	747	15	-0.0000316805	0.000000441762
16	84445883	85148684	488	15	0.0001203062	0.000000458782
16	85148685	86156598	506	15	0.0000047915	0.000000509005
16	86156599	86815410	548	15	0.0001672424	0.000000456053
16	86815411	87647348	392	15	0.0000340843	0.000000337881
16	87647349	89041164	403	15	0.0000696521	0.000000437343
16	89041165	90292811	333	15	0.0001703604	0.000000244852
17	56	1172398	358	15	0.0003648492	0.000000490475
17	1172399	1928730	269	15	0.0001696120	0.000000237615
17	1928731	3702311	671	15	-0.0000257088	0.000000431566
17	3702312	4696260	386	15	-0.0000612825	0.000000337529
17	4696261	5741333	407	15	0.0003163103	0.000000263208
17	5741334	7317397	677	15	0.0000081982	0.000000506438
17	7317398	8306424	334	15	0.0000680662	0.000000240184
17	8306425	9965920	690	15	0.0000504729	0.000000448673
17	9965921	11102814	499	15	0.0001065509	0.000000337696
17	11102815	12534768	593	15	0.0002068317	0.000000433264
17	12534769	13180371	309	15	0.0001098902	0.000000209395
17	13180372	13894636	383	15	0.0001601088	0.000000301313
17	13894637	15019096	630	15	0.0000308217	0.000000407576
17	15019097	16412341	336	15	-0.0001354139	0.000000199861
17	16412342	18856319	604	15	0.0002266842	0.000000342666
17	18856320	21290356	398	15	0.0002087545	0.000000237066
17	21290357	27334243	526	15	0.0002138138	0.000000331710
17	27334244	29786490	519	15	0.0000102253	0.000000202055
17	29786491	31538424	562	15	0.0001103769	0.000000350231
17	31538425	32912797	857	15	-0.0000515514	0.000000368926
17	32912798	34469035	542	15	-0.0000233437	0.000000317286
17	34469036	36809343	553	15	0.0000381610	0.000000376648
17	36809344	38877403	470	15	0.0000790580	0.000000282496
17	38877404	39899809	397	15	-0.0000168452	0.000000211999
17	39899810	41772086	388	15	-0.0000022464	0.000000162405
17	41772087	43056904	354	15	0.0008002865	0.000000224404
17	43056905	45876021	616	15	0.0000090164	0.000000271941
17	45876022	47517399	557	15	0.0000472239	0.000000269080
17	47517400	49898956	817	15	0.0001906915	0.000000441218
17	49898957	50719054	294	15	-0.0000596688	0.000000124131
17	50719055	51826117	331	15	0.0002271143	0.000000163566
17	51826118	53599431	634	15	0.0001483821	0.000000378504
17	53599432	55357540	648	15	-0.0000588258	0.000000393514
17	55357541	57487511	706	15	-0.0000172181	0.000000412908
17	57487512	59312754	252	15	0.0000816051	0.000000098936
17	59312755	61545588	461	15	0.0001519427	0.000000294265
17	61545589	63148127	318	15	-0.0000020884	0.000000159609
17	63148128	64800429	665	15	0.0000540484	0.000000379855
17	64800430	67858769	1005	15	-0.0000423800	0.000000428791
17	67858770	69387816	670	15	0.0001773773	0.000000368838
17	69387817	72672202	1510	15	-0.0001124425	0.000000434066
17	72672203	74375559	431	15	0.0002619063	0.000000310974
17	74375560	76263412	793	15	-0.0001530319	0.000000492487
17	76263413	77298635	496	15	0.0000288163	0.000000479212
17	77298636	78837587	587	15	0.0000925911	0.000000484886
17	78837588	80034407	254	15	0.0000391625	0.000000225992
17	80034408	81194907	324	15	0.0002407715	0.000000198625
18	10644	912485	426	15	0.0001043316	0.000000327182
18	912486	1942910	385	15	-0.0000203233	0.000000193836
18	1942911	3891657	817	15	-0.0000934259	0.000000440821
18	3891658	5834179	827	15	-0.0000868792	0.000000426945
18	5834180	7090484	602	15	0.0000755581	0.000000447852
18	7090485	8498930	604	15	0.0000102758	0.000000409954
18	8498931	11075912	1336	15	-0.0000603715	0.000000429539
18	11075913	11905439	282	15	-0.0000137002	0.000000197909
18	11905440	14440798	795	15	-0.0000563458	0.000000409146
18	14440799	19485843	169	15	-0.0000518517	0.000000075735
18	19485844	20649471	311	15	0.0000942222	0.000000154216
18	20649472	22996650	844	15	-0.0000365532	0.000000365992
18	22996651	24026190	328	15	0.0000198513	0.000000173877
18	24026191	25927681	823	15	0.0000279494	0.000000388831
18	25927682	26875586	257	15	0.0001158025	0.000000113067
18	26875587	27866477	280	15	0.0000564382	0.000000127326
18	27866478	30264065	916	15	0.0001688765	0.000000390380
18	30264066	31780066	356	15	0.0000912581	0.000000174213
18	31780067	33861963	639	15	-0.0000679921	0.000000315057
18	33861964	35075249	493	15	-0.0000445459	0.000000281978
18	35075250	36365489	512	15	0.0002394050	0.000000236328
18	36365490	37684366	361	15	0.0002135381	0.000000159033
18	37684367	39892647	786	15	0.0000704919	0.000000352834
18	39892648	42922105	961	15	-0.0000018528	0.000000364288
18	42922106	44299245	715	15	-0.0000209523	0.000000392838
18	44299246	45939731	632	15	0.0001943458	0.000000399292
18	45939732	47730583	810	15	0.0002089524	0.000000421387
18	47730584	51062184	1232	15	-0.0000268410	0.000000366731
18	51062185	51554174	183	15	0.0000948357	0.000000077820
18	51554175	55213837	1168	15	0.0000391149	0.000000377378
18	55213838	56530219	637	15	0.0001235861	0.000000421903
18	56530220	57630482	601	15	0.0001456875	0.000000394737
18	57630483	59020750	451	15	0.0003265690	0.000000269650
18	59020751	60277714	560	15	0.0000043817	0.000000320441
18	60277715	61820251	591	15	-0.0000978214	0.000000318024
18	61820252	63463401	529	15	0.0000301949	0.000000250057
18	63463402	64252800	249	15	0.0001693980	0.000000116409
18	64252801	66125816	762	15	0.0002705723	0.000000392798
18	66125817	67175819	336	15	0.0000267401	0.000000214492
18	67175820	68621178	493	15	0.0000704973	0.000000364784
18	68621179	69621617	400	15	0.0003163315	0.000000254980
18	69621618	71038473	584	15	0.0001644211	0.000000387476
18	71038474	71971461	518	15	-0.0000399877	0.000000405211
18	71971462	73526986	687	15	0.0001657303	0.000000410085
18	73526987	74813814	618	15	-0.0001172019	0.000000414308
18	74813815	75976316	614	15	0.0000229923	0.000000418779
18	75976317	77149990	436	15	0.0001143311	0.000000262112
18	77149991	78017157	281	15	0.0001928693	0.000000202141
19	80840	610728	110	15	0.0002042178	0.000000193420
19	610729	2098395	349	15	-0.0001230531	0.000000639453
19	2098396	3019659	263	15	-0.0001457046	0.000000254172
19	3019660	4348966	347	15	-0.0001487896	0.000000429740
19	4348967	5811851	433	15	-0.0000109318	0.000000428738
19	5811852	6684884	226	15	-0.0000029425	0.000000211451
19	6684885	8347512	565	15	0.0000397319	0.000000547791
19	8347513	9238392	279	15	-0.0000490683	0.000000160305
19	9238393	11284027	531	15	0.0003029011	0.000000356315
19	11284028	13471126	438	15	0.0001711201	0.000000300712
19	13471127	14486346	220	15	0.0000103177	0.000000179858
19	14486347	15648609	393	15	-0.0000514318	0.000000269693
19	15648610	16374415	386	15	-0.0000247221	0.000000182402
19	16374416	18409861	602	15	-0.0000312786	0.000000505202
19	18409862	19877470	349	15	0.0001637187	0.000000236548
19	19877471	20905756	144	15	0.0000629742	0.000000096866
19	20905757	22732895	345	15	0.0000320857	0.000000160437
19	22732896	23467745	142	13	-0.0000946837	0.000000056361
19	23467746	28557892	302	15	-0.0000984314	0.000000115741
19	28557893	29790946	501	15	0.0000057385	0.000000254869
19	29790947	30727953	354	15	-0.0001217819	0.000000205652
19	30727954	32746519	670	15	0.0003156807	0.000000412459
19	32746520	34262951	535	15	0.0002841610	0.000000368921
19	34262952	36469294	695	15	-0.0000580131	0.000000456957
19	36469295	37527032	242	15	0.0000948822	0.000000100041
19	37527033	40170618	672	15	-0.0000239505	0.000000396794
19	40170619	40984600	195	15	0.0000013929	0.000000111020
19	40984601	42131572	322	15	0.0004312631	0.000000271897
19	42131573	43862454	174	15	0.0000837076	0.000000113580
19	43862455	44744107	311	15	0.0000824040	0.000000165368
19	44744108	46102696	386	15	-0.0001576057	0.000000283238
19	46102697	47150081	306	15	0.0003757288	0.000000294337
19	47150082	49282226	630	15	-0.0000554994	0.000000503490
19	49282227	51532566	682	15	-0.0000420145	0.000000589521
19	51532567	52985289	675	15	0.0001159670	0.000000489347
19	52985290	54602361	550	15	-0.0001046538	0.000000637159
19	54602362	55728079	392	15	0.0000943480	0.000000401466
19	55728080	57521334	735	15	0.0001031680	0.000000535636
19	57521335	59118838	574	15	0.0000149590	0.000000351551
20	60479	697599	285	15	-0.0001736718	0.000000232952
20	697600	2469500	1048	15	0.0000388021	0.000000428572
20	2469501	3828412	522	15	0.0001353645	0.000000354365
20	3828413	5477849	850	15	0.0000733116	0.000000444006
20	5477850	7084072	777	15	0.0000134259	0.000000409603
20	7084073	8117010	421	15	0.0002589408	0.000000208670
20	8117011	9730920	807	15	0.0001467950	0.000000395360
20	9730921	11249535	761	15	0.0002493504	0.000000445755
20	11249536	12447498	519	15	-0.0000408471	0.000000265658
20	12447499	13689863	573	15	0.0004233281	0.000000393491
20	13689864	15958358	1012	15	-0.0001235780	0.000000405699
20	15958359	17487231	978	15	-0.0001507910	0.000000393193
20	17487232	18972202	639	15	0.0001358516	0.000000432090
20	18972203	20959709	914	15	0.0000566029	0.000000432233
20	20959710	22491455	424	15	-0.0000383868	0.000000189754
20	22491456	23293789	372	15	-0.0000516533	0.000000187004
20	23293790	24717723	556	15	-0.0000278813	0.000000304576
20	24717724	25344230	234	15	0.0003556958	0.000000126593
20	25344231	31614822	614	15	0.0003364568	0.000000314993
20	31614823	32813440	305	15	-0.0000565336	0.000000149423
20	32813441	34960445	479	15	0.0001348535	0.000000205516
20	34960446	36909529	515	15	0.0000839717	0.000000288394
20	36909530	38436760	531	15	-0.0001141845	0.000000269956
20	38436761	39610855	489	15	0.0003197603	0.000000339177
20	39610856	40585688	292	15	0.0002618975	0.000000180799
20	40585689	41615459	596	15	0.0000024386	0.000000416670
20	41615460	42680175	413	15	-0.0000760377	0.000000275048
20	42680176	44839055	814	15	-0.0000892194	0.000000400473
20	44839056	47199979	1058	15	-0.0000494326	0.000000420735
20	47199980	49239657	791	15	-0.0000782521	0.000000407756
20	49239658	52472548	1380	15	0.0001338167	0.000000439234
20	52472549	54055265	650	15	0.0000331319	0.000000429435
20	54055266	56447958	1189	15	0.0000364095	0.000000458705
20	56447959	58406571	925	15	0.0001135477	0.000000478007
20	58406572	59561723	554	15	-0.0000280639	0.000000351907
20	59561724	61301854	800	15	0.0001255242	0.000000555945
20	61301855	62190179	317	15	0.0001272437	0.000000321769
20	62190180	62965162	244	15	-0.0000152851	0.000000185955
21	9411243	15950981	315	15	-0.0001268666	0.000000206103
21	15950982	18053164	696	15	-0.0000492797	0.000000406572
21	18053165	19480374	479	15	-0.0000742221	0.000000330074
21	19480375	20962338	651	15	0.0000379441	0.000000413455
21	20962339	22072763	378	15	0.0000742115	0.000000241525
21	22072764	23362874	564	15	0.0001552470	0.000000342479
21	23362875	24696230	383	15	0.0002516479	0.000000237877
21	24696231	26469121	695	15	-0.0000727852	0.000000381084
21	26469122	27271018	232	15	0.0002334627	0.000000138935
21	27271019	29125225	923	15	0.0000731611	0.000000392305
21	29125226	31197024	728	15	0.0001811989	0.000000347583
21	31197025	32668641	477	15	-0.0000720671	0.000000199179
21	32668642	34376998	708	15	0.0000019942	0.000000391835
21	34376999	35225464	293	15	0.0002171485	0.000000192002
21	35225465	36524372	607	15	-0.0001210689	0.000000406028
21	36524373	37870778	572	15	0.0000635750	0.000000309293
21	37870779	38711703	329	15	0.0000669826	0.000000170252
21	38711704	40482901	891	15	0.0002857425	0.000000417015
21	40482902	41389526	531	15	0.0001204250	0.000000296868
21	41389527	43321527	1087	15	0.0001663743	0.000000453096
21	43321528	44506267	727	15	0.0000457863	0.000000446915
21	44506268	46177104	598	15	-0.0000042402	0.000000455509
21	46177105	47492225	540	15	0.0002010903	0.000000391902
21	47492226	48119751	252	15	0.0000884821	0.000000137754
22	16050408	17674294	230	15	0.0002607552	0.000000184602
22	17674295	18296087	276	15	0.0001910043	0.000000223172
22	18296088	19912357	568	15	0.0001224421	0.000000401914
22	19912358	22357324	640	15	0.0001726846	0.000000426646
22	22357325	23712646	354	15	0.0000564182	0.000000232058
22	23712647	24984203	381	15	0.0000963929	0.000000215567
22	24984204	26791627	792	15	-0.0000274189	0.000000437276
22	26791628	27834751	767	15	0.0000667901	0.000000441461
22	27834752	29651798	596	15	0.0001368990	0.000000409575
22	29651799	31439917	576	15	0.0000484056	0.000000284663
22	31439918	32664985	364	15	0.0002151298	0.000000185424
22	32664986	34494913	968	15	0.0000463325	0.000000410803
22	34494914	35530984	513	15	0.0003232329	0.000000261893
22	35530985	37570268	881	15	0.0002870654	0.000000475637
22	37570269	39307893	573	15	0.0001373965	0.000000418470
22	39307894	40545796	359	15	0.0000772162	0.000000246343
22	40545797	42690817	472	15	-0.0000536360	0.000000177480
22	42690818	43714199	428	15	-0.0000761120	0.000000283523
22	43714200	44995307	748	15	0.0000788262	0.000000419679
22	44995308	46470494	660	15	0.0001415373	0.000000477465
22	46470495	47596317	474	15	0.0000571823	0.000000337990
22	47596318	48903702	779	15	-0.0000039976	0.000000431020
22	48903703	49824533	644	15	-0.0000592324	0.000000462655
22	49824534	51243297	425	15	0.0000473402	0.000000311968
