chr	start	end	num_snp	k	local_h2g	var
1	10583	1892606	92	17	0.0002591670	0.000000018000
1	1892607	3582735	405	28	0.0002225607	0.000000047545
1	3582736	4380810	262	28	0.0002642340	0.000000032895
1	4380811	5913892	862	28	0.0000454199	0.000000056445
1	5913893	7247334	409	28	0.0000528508	0.000000035594
1	7247335	9365198	680	28	0.0000425174	0.000000054267
1	9365199	10806983	338	28	0.0000641139	0.000000026253
1	10806984	11777840	246	28	0.0000142452	0.000000023289
1	11777841	12779465	276	28	0.0001786153	0.000000020425
1	12779466	14891510	607	28	0.0001312432	0.000000058483
1	14891511	16897729	656	28	0.0000875036	0.000000056286
1	16897730	18662898	637	28	0.0000318438	0.000000054404
1	18662899	20469148	684	28	0.0000923271	0.000000057497
1	20469149	21736587	450	28	0.0002715659	0.000000044448
1	21736588	23086882	506	28	0.0001990763	0.000000051847
1	23086883	23920589	214	27	0.0001543239	0.000000020001
1	23920590	25516844	499	28	0.0003980532	0.000000056053
1	25516845	27401866	386	28	0.0006494818	0.000000042425
1	27401867	30161880	523	28	-0.0000135734	0.000000039180
1	30161881	32438684	902	28	0.0002126351	0.000000060605
1	32438685	34799757	644	28	0.0001238034	0.000000057896
1	34799758	37549182	526	28	0.0001100389	0.000000045333
1	37549183	38731846	358	28	0.0001486192	0.000000032057
1	38731847	40200566	424	28	0.0002757084	0.000000040349
1	40200567	41975326	540	28	0.0002387811	0.000000048419
1	41975327	43758456	531	28	0.0001470307	0.000000041431
1	43758457	44969182	351	28	0.0001393982	0.000000029363
1	44969183	46899500	440	28	0.0001187651	0.000000027664
1	46899501	48002575	280	28	0.0002502215	0.000000027706
1	48002576	48978187	339	28	0.0001665755	0.000000033703
1	48978188	49894176	237	28	0.0000271780	0.000000020356
1	49894177	51713725	252	25	0.0002018434	0.000000019373
1	51713726	54226261	546	28	0.0003576059	0.000000052048
1	54226262	56413116	812	28	0.0001727098	0.000000054608
1	56413117	57021727	265	28	0.0001479407	0.000000019070
1	57021728	58865398	824	28	0.0001564175	0.000000059846
1	58865399	59890408	371	28	0.0002201645	0.000000033804
1	59890409	61922364	660	28	0.0001319837	0.000000056662
1	61922365	63455088	522	28	0.0027247222	0.000000098862
1	63455089	65041703	642	28	0.0000514939	0.000000047586
1	65041704	66939403	634	28	0.0001271929	0.000000050350
1	66939404	68477894	663	28	0.0002816232	0.000000053484
1	68477895	69687615	382	28	0.0001388241	0.000000035026
1	69687616	71372469	506	28	0.0000083352	0.000000039827
1	71372470	71684404	81	10	0.0000760952	0.000000006902
1	71684405	74326906	558	28	0.0001477908	0.000000031309
1	74326907	76728134	711	28	0.0001691231	0.000000047350
1	76728135	79661197	923	28	0.0001297480	0.000000055952
1	79661198	81354190	470	28	0.0000682241	0.000000039150
1	81354191	83991747	965	28	0.0002120279	0.000000059584
1	83991748	84844494	305	28	0.0001917882	0.000000027052
1	84844495	86454750	634	28	0.0001077557	0.000000051963
1	86454751	88128630	551	28	0.0001477508	0.000000047155
1	88128631	90066302	515	28	0.0000927309	0.000000040353
1	90066303	91886316	552	28	0.0003244543	0.000000051878
1	91886317	93536458	500	28	0.0002805061	0.000000038508
1	93536459	94506190	245	26	0.0000615389	0.000000016652
1	94506191	96150892	640	28	0.0000245041	0.000000051150
1	96150893	97885248	598	28	0.0001863355	0.000000042140
1	97885249	99800603	632	28	0.0001037672	0.000000047817
1	99800604	100826404	329	28	0.0001688846	0.000000027446
1	100826405	102041015	439	28	0.0001641340	0.000000038416
1	102041016	102898744	271	28	0.0002336215	0.000000028323
1	102898745	103914210	196	21	0.0000303828	0.000000014075
1	103914211	106087841	452	28	0.0000268272	0.000000036145
1	106087842	108409664	721	28	0.0000757037	0.000000056024
1	108409665	110303930	551	28	0.0003925701	0.000000036291
1	110303931	111741736	560	28	0.0000761816	0.000000050246
1	111741737	113273305	691	28	0.0002923103	0.000000059272
1	113273306	114873844	497	28	0.0002483026	0.000000046411
1	114873845	115880592	338	28	0.0000583542	0.000000023375
1	115880593	118839066	806	28	0.0003042505	0.000000062348
1	118839067	144977493	557	28	0.0002190003	0.000000034270
1	144977494	148361252	425	28	0.0003667637	0.000000042937
1	148361253	151538880	332	28	-0.0000033380	0.000000021689
1	151538881	153180828	450	28	0.0000802753	0.000000032422
1	153180829	154770402	444	28	0.0004939363	0.000000047037
1	154770403	156336132	280	28	0.0003244750	0.000000030572
1	156336133	158027411	576	28	0.0002143520	0.000000054151
1	158027412	159913047	665	28	0.0000981163	0.000000054577
1	159913048	162346720	859	28	0.0000543818	0.000000040895
1	162346721	165191701	1171	28	0.0000133465	0.000000052363
1	165191702	166460516	514	28	0.0001249852	0.000000048691
1	166460517	169086323	1078	28	0.0001176278	0.000000056834
1	169086324	170557775	547	28	0.0000797621	0.000000033051
1	170557776	173097906	893	28	0.0003075894	0.000000055717
1	173097907	175089767	399	28	0.0002490517	0.000000027289
1	175089768	177433380	764	28	0.0002107838	0.000000059473
1	177433381	178944308	494	28	0.0001068987	0.000000030075
1	178944309	178954469	2	1	0.0000073562	0.000000000579
1	178954470	181144120	711	28	0.0001339672	0.000000055412
1	181144121	182755355	577	28	0.0002827541	0.000000056731
1	182755356	184595512	607	28	0.0003016397	0.000000051086
1	184595513	186810022	499	28	0.0001918051	0.000000040452
1	186810023	188759944	616	28	0.0001072907	0.000000047391
1	188759945	189904129	216	17	0.0000549873	0.000000014143
1	189904130	191868929	537	28	0.0001219071	0.000000035601
1	191868930	194107441	576	28	0.0001062895	0.000000044769
1	194107442	196176200	577	28	0.0001796258	0.000000041772
1	196176201	197311513	188	16	0.0000958585	0.000000013092
1	197311514	199239883	501	28	0.0001060329	0.000000040327
1	199239884	200137648	296	28	0.0003450938	0.000000032333
1	200137649	201589974	685	28	0.0001249136	0.000000057509
1	201589975	203334733	591	28	0.0000429210	0.000000052445
1	203334734	204681067	471	28	0.0002383996	0.000000046016
1	204681068	206073264	558	28	0.0001589351	0.000000048687
1	206073265	208410363	603	28	0.0000711221	0.000000052008
1	208410364	210787749	907	28	0.0002645931	0.000000060267
1	210787750	212842329	685	28	0.0001287396	0.000000055578
1	212842330	214578265	605	28	0.0000390248	0.000000049727
1	214578266	216243633	578	28	0.0000992988	0.000000050945
1	216243634	218705512	1069	28	0.0001485801	0.000000056678
1	218705513	219590570	279	28	0.0001695494	0.000000023365
1	219590571	221858230	678	28	0.0005181836	0.000000057150
1	221858231	222230219	171	21	0.0002190458	0.000000021321
1	222230220	224938519	462	28	0.0001914577	0.000000040953
1	224938520	226810859	498	28	0.0002055134	0.000000043636
1	226810860	229156247	654	28	0.0002405176	0.000000055204
1	229156248	230685254	520	28	0.0010014196	0.000000060226
1	230685255	232090251	573	28	0.0002068232	0.000000050360
1	232090252	233429283	598	28	0.0001782573	0.000000058920
1	233429284	234599433	519	28	0.0001980152	0.000000051459
1	234599434	235819435	369	28	0.0000682748	0.000000033594
1	235819436	237555627	690	28	0.0002491090	0.000000062303
1	237555628	238567806	419	28	0.0002103087	0.000000043989
1	238567807	239925313	487	28	0.0002215143	0.000000049065
1	239925314	240564090	335	28	-0.0000283537	0.000000028269
1	240564091	241582219	504	28	0.0001452574	0.000000054881
1	241582220	242071601	207	28	0.0000119080	0.000000019815
1	242071602	244109498	599	28	0.0000353638	0.000000052922
1	244109499	245506745	497	28	0.0000151976	0.000000046622
1	245506746	247344517	667	28	0.0003168273	0.000000062067
1	247344518	249239465	386	28	0.0002282449	0.000000039980
2	10133	1781021	655	28	0.0001903845	0.000000046813
2	1781022	3973778	950	28	0.0000694088	0.000000056464
2	3973779	5708336	623	28	0.0001007141	0.000000056232
2	5708337	6836253	558	28	0.0001769959	0.000000049377
2	6836254	8422146	644	28	-0.0000336145	0.000000054842
2	8422147	10298468	660	28	0.0002045638	0.000000061376
2	10298469	12419149	953	28	0.0000896713	0.000000056480
2	12419150	14335307	589	28	0.0004522886	0.000000060771
2	14335308	16329734	733	28	0.0001667186	0.000000059507
2	16329735	18647422	854	28	0.0001843480	0.000000059454
2	18647423	19692403	381	28	0.0001475651	0.000000036117
2	19692404	21050489	626	28	0.0004888408	0.000000061455
2	21050490	23341382	623	28	0.0022382954	0.000000096217
2	23341383	24686917	437	28	0.0000349202	0.000000033938
2	24686918	26894984	541	28	0.0003415531	0.000000048347
2	26894985	28598776	409	28	0.0070481194	0.000000147894
2	28598777	29217558	246	28	0.0004741633	0.000000029933
2	29217559	30463710	625	28	0.0003955910	0.000000065407
2	30463711	31550449	522	28	0.0000738519	0.000000050014
2	31550450	33363776	482	28	0.0000766537	0.000000047065
2	33363777	35345027	796	28	0.0000233280	0.000000054380
2	35345028	36122005	290	28	0.0000013041	0.000000023529
2	36122006	38132711	917	28	0.0000392030	0.000000054002
2	38132712	39031336	320	28	0.0002423171	0.000000038134
2	39031337	40281482	300	28	0.0000942593	0.000000029880
2	40281483	43309589	1285	28	0.0002482567	0.000000055498
2	43309590	44313802	398	28	0.0003867258	0.000000027690
2	44313803	46482633	1055	28	0.0001264329	0.000000053927
2	46482634	47318771	410	28	-0.0000085993	0.000000040960
2	47318772	48213000	295	28	0.0001659408	0.000000034108
2	48213001	50022256	700	28	0.0001201046	0.000000057095
2	50022257	50818927	341	28	0.0002332953	0.000000036467
2	50818928	52491132	646	28	0.0000290235	0.000000053644
2	52491133	53508451	461	28	0.0000690702	0.000000042443
2	53508452	54685225	427	28	0.0001308562	0.000000042176
2	54685226	56203344	602	28	0.0001293401	0.000000051367
2	56203345	57429099	425	28	0.0001487528	0.000000042405
2	57429100	58297314	270	28	0.0002120844	0.000000029573
2	58297315	60291999	737	28	0.0002833518	0.000000059817
2	60292000	62429043	585	28	0.0004801484	0.000000061650
2	62429044	64625912	577	28	0.0000123460	0.000000048508
2	64625913	65933443	456	28	0.0002545545	0.000000045190
2	65933444	67226165	548	28	0.0002354183	0.000000050452
2	67226166	68010175	419	28	0.0001967479	0.000000038098
2	68010176	69139563	467	28	0.0001362605	0.000000040470
2	69139564	70755197	522	28	0.0001188483	0.000000043563
2	70755198	73174847	784	28	0.0001195745	0.000000058094
2	73174848	75630085	699	28	0.0001367931	0.000000058956
2	75630086	76913660	514	28	0.0002064743	0.000000049597
2	76913661	78079263	391	28	0.0001972309	0.000000043735
2	78079264	80050402	818	28	0.0002084493	0.000000059387
2	80050403	81620840	574	28	0.0001967042	0.000000057653
2	81620841	85140679	889	28	0.0000736692	0.000000050398
2	85140680	88038506	617	28	0.0000771153	0.000000045103
2	88038507	89154525	243	28	0.0001601343	0.000000022804
2	89154526	95326451	4	2	0.0000031209	0.000000001131
2	95326452	98995200	420	28	0.0001436641	0.000000034011
2	98995201	101822328	887	28	0.0001065013	0.000000058679
2	101822329	102688764	256	28	0.0001230057	0.000000021385
2	102688765	103588214	396	28	0.0001539742	0.000000027932
2	103588215	105125033	305	28	0.0002391933	0.000000031678
2	105125034	106210057	398	28	0.0000725853	0.000000035875
2	106210058	107408266	439	28	0.0002006471	0.000000039786
2	107408267	108429176	351	28	0.0000496873	0.000000026239
2	108429177	110572431	520	28	0.0000705367	0.000000041580
2	110572432	113921855	762	28	0.0002832408	0.000000061120
2	113921856	116772469	742	28	-0.0000329451	0.000000053387
2	116772470	118367465	394	28	0.0000884099	0.000000028425
2	118367466	121303782	985	28	0.0000886754	0.000000056621
2	121303783	123302905	570	28	0.0001321216	0.000000050609
2	123302906	124732249	428	28	0.0000052958	0.000000028851
2	124732250	125840920	378	28	0.0002614983	0.000000037716
2	125840921	127373763	408	28	0.0001183431	0.000000028653
2	127373764	128034346	256	28	0.0002177115	0.000000026977
2	128034347	129474440	423	28	0.0001735332	0.000000036046
2	129474441	130067169	220	26	0.0001155803	0.000000018178
2	130067170	130658084	201	26	0.0003874342	0.000000026685
2	130658085	133042783	204	28	0.0001303972	0.000000022178
2	133042784	135158577	901	28	0.0000741057	0.000000056817
2	135158578	137042793	442	28	0.0001026424	0.000000029377
2	137042794	138698116	589	28	0.0003024934	0.000000054058
2	138698117	140100270	430	28	0.0002074793	0.000000032962
2	140100271	141805350	561	28	0.0002033473	0.000000052193
2	141805351	142518601	295	28	0.0000805917	0.000000027936
2	142518602	144519483	645	28	0.0001003815	0.000000051787
2	144519484	146445569	438	28	0.0001920618	0.000000039081
2	146445570	147277161	152	15	0.0001299865	0.000000014897
2	147277162	150210291	650	28	0.0002339953	0.000000052380
2	150210292	151731461	467	28	0.0000554023	0.000000037681
2	151731462	152486781	279	28	0.0002485963	0.000000026529
2	152486782	154005055	467	28	0.0000345942	0.000000038790
2	154005056	155391134	484	28	0.0001588288	0.000000043528
2	155391135	157560634	546	28	0.0001236084	0.000000045682
2	157560635	158533217	171	25	0.0003090017	0.000000024886
2	158533218	159577081	329	28	0.0002994584	0.000000034906
2	159577082	161769732	706	28	0.0003085784	0.000000057082
2	161769733	163503550	387	28	0.0000659347	0.000000026365
2	163503551	164466637	191	23	0.0000176245	0.000000015838
2	164466638	165178839	173	21	0.0001120032	0.000000015354
2	165178840	167160269	616	28	0.0003291780	0.000000049919
2	167160270	167355969	72	10	0.0000368935	0.000000006942
2	167355970	169968235	819	28	0.0000695480	0.000000048611
2	169968236	171226244	475	28	0.0000829741	0.000000041012
2	171226245	173138904	560	28	0.0002412708	0.000000054107
2	173138905	175588928	823	28	0.0002038566	0.000000059090
2	175588929	177363635	521	28	0.0001015950	0.000000043294
2	177363636	178553182	460	28	0.0002173936	0.000000039269
2	178553183	181312738	995	28	0.0001601865	0.000000056771
2	181312739	182266030	297	28	0.0001344736	0.000000025454
2	182266031	184357607	601	28	0.0001424076	0.000000052111
2	184357608	185280172	232	25	0.0000134687	0.000000017438
2	185280173	189882064	943	28	0.0002860490	0.000000061641
2	189882065	191973356	485	28	0.0002670629	0.000000041981
2	191973357	195861163	699	28	0.0002516777	0.000000060698
2	195861164	196447455	151	19	0.0002430851	0.000000019141
2	196447456	198078109	437	28	0.0001745664	0.000000034778
2	198078110	199311124	301	26	0.0001155107	0.000000021182
2	199311125	201576283	618	28	0.0001771110	0.000000052437
2	201576284	202818636	306	28	0.0003129256	0.000000032569
2	202818637	205799240	742	28	0.0002747712	0.000000048487
2	205799241	206735703	395	28	0.0002166753	0.000000044006
2	206735704	208645398	636	28	0.0000713561	0.000000054906
2	208645399	209941528	325	28	0.0001588088	0.000000031612
2	209941529	212379517	734	28	0.0002113417	0.000000058615
2	212379518	214014281	619	28	0.0003112854	0.000000061528
2	214014282	215573794	436	28	0.0002949814	0.000000044460
2	215573795	217715660	777	28	0.0001314652	0.000000057572
2	217715661	218395479	273	28	0.0001406759	0.000000028350
2	218395480	220454550	563	28	0.0004007105	0.000000051572
2	220454551	222521175	842	28	0.0002615486	0.000000061487
2	222521176	224859418	775	28	0.0001885987	0.000000060346
2	224859419	225840003	346	28	0.0001902954	0.000000028906
2	225840004	228119841	719	28	0.0005690747	0.000000060085
2	228119842	229370786	438	28	0.0001753549	0.000000037289
2	229370787	231843388	911	28	0.0000547443	0.000000056339
2	231843389	233550002	455	28	0.0001669059	0.000000039062
2	233550003	235150986	766	28	0.0000711951	0.000000055871
2	235150987	236043549	418	28	0.0000962039	0.000000044150
2	236043550	237449031	451	28	0.0002546508	0.000000046531
2	237449032	238760980	526	28	0.0001487210	0.000000049066
2	238760981	239952642	403	28	0.0001532416	0.000000039497
2	239952643	241560083	629	28	0.0000528187	0.000000056622
2	241560084	242149920	197	28	0.0000452708	0.000000017000
2	242149921	243188919	121	14	0.0000305118	0.000000010616
3	60157	1441778	616	28	0.0000891922	0.000000056441
3	1441779	2992119	880	28	0.0001351287	0.000000057970
3	2992120	4431646	764	28	0.0001074333	0.000000058611
3	4431647	6083182	753	28	0.0000889956	0.000000058153
3	6083183	7083386	426	28	0.0000592681	0.000000042745
3	7083387	8648560	850	28	0.0000373505	0.000000054003
3	8648561	9543182	470	28	0.0000865810	0.000000047817
3	9543183	11019664	556	28	0.0000899162	0.000000056320
3	11019665	13070798	718	28	0.0005849393	0.000000059497
3	13070799	14816899	778	28	0.0001503916	0.000000059735
3	14816900	16282441	522	28	0.0001801369	0.000000034751
3	16282442	17891117	490	28	0.0003207163	0.000000047364
3	17891118	19125143	338	28	0.0001597345	0.000000032561
3	19125144	20091347	190	24	0.0000619956	0.000000019561
3	20091348	21643706	632	28	0.0000202180	0.000000053378
3	21643707	22204243	378	28	0.0002099874	0.000000040847
3	22204244	23804864	525	28	0.0001047955	0.000000050030
3	23804865	25461557	738	28	0.0003678276	0.000000062957
3	25461558	26877768	464	28	0.0003279264	0.000000046259
3	26877769	27840909	263	28	0.0001959699	0.000000026916
3	27840910	29142259	440	28	0.0000984251	0.000000044112
3	29142260	30717954	673	28	0.0003551501	0.000000060863
3	30717955	32351714	648	28	0.0001483646	0.000000057048
3	32351715	33255591	269	28	0.0001014825	0.000000027741
3	33255592	35283457	573	28	0.0003785420	0.000000055055
3	35283458	36486841	401	28	0.0002109060	0.000000039155
3	36486842	38356115	578	28	0.0002434066	0.000000051371
3	38356116	40221297	638	28	0.0001404530	0.000000039764
3	40221298	41064527	144	15	0.0000231293	0.000000012344
3	41064528	42540001	446	28	0.0000421613	0.000000035439
3	42540002	45165152	685	28	0.0003044958	0.000000057657
3	45165153	46657499	495	28	0.0002521667	0.000000043843
3	46657500	47727211	170	17	0.0001540989	0.000000014259
3	47727212	49316971	241	15	0.0000738706	0.000000011707
3	49316972	51832014	422	24	0.0001893389	0.000000021845
3	51832015	54081389	588	28	0.0002663700	0.000000036785
3	54081390	55348859	650	28	0.0001034623	0.000000056275
3	55348860	56433906	362	28	0.0002500445	0.000000039017
3	56433907	58157518	524	28	0.0002140131	0.000000043498
3	58157519	60272905	959	28	-0.0000237779	0.000000052773
3	60272906	62355665	967	28	0.0001118676	0.000000056970
3	62355666	63669285	659	28	0.0000528025	0.000000054142
3	63669286	65273537	750	28	0.0001643521	0.000000055268
3	65273538	66270446	343	28	0.0002660281	0.000000041969
3	66270447	68286913	632	28	0.0002145919	0.000000059775
3	68286914	69276761	358	28	0.0000439464	0.000000035064
3	69276762	70449027	386	28	0.0002074766	0.000000041143
3	70449028	72529328	781	28	0.0001503451	0.000000056510
3	72529329	74321816	713	28	0.0000539327	0.000000055986
3	74321817	75704948	268	28	0.0000860998	0.000000023963
3	75704949	77508834	480	28	0.0001256034	0.000000045970
3	77508835	79024540	397	28	0.0000315022	0.000000032031
3	79024541	81427309	487	28	0.0002613139	0.000000038127
3	81427310	82643885	294	27	0.0001649214	0.000000023521
3	82643886	84367478	315	28	0.0000755188	0.000000024033
3	84367479	85582230	252	22	-0.0000014929	0.000000016904
3	85582231	87409731	446	28	0.0000921309	0.000000029205
3	87409732	88298372	184	18	0.0000806207	0.000000013820
3	88298373	94255315	456	28	0.0000014065	0.000000031369
3	94255316	95311970	216	18	0.0000977208	0.000000016885
3	95311971	98215949	558	28	0.0000877489	0.000000040901
3	98215950	99373761	323	28	0.0003257611	0.000000031760
3	99373762	100592216	322	28	0.0002882814	0.000000027256
3	100592217	103084959	648	28	0.0001437025	0.000000049128
3	103084960	104581612	411	28	0.0001403763	0.000000033869
3	104581613	106982810	701	28	0.0001513765	0.000000060188
3	106982811	109522394	748	28	0.0001419093	0.000000057808
3	109522395	110513769	248	25	0.0001923031	0.000000020504
3	110513770	112815698	678	28	0.0000655672	0.000000052054
3	112815699	113947862	363	28	0.0002614763	0.000000035146
3	113947863	115447079	396	28	0.0001339579	0.000000038595
3	115447080	116800152	513	28	0.0002722392	0.000000049807
3	116800153	118530250	564	28	0.0001377654	0.000000052861
3	118530251	120523054	656	28	0.0001252128	0.000000046281
3	120523055	121974096	362	28	0.0000533932	0.000000022244
3	121974097	123517767	513	28	0.0001727246	0.000000037996
3	123517768	124936641	614	28	0.0002515649	0.000000055219
3	124936642	126214942	374	28	0.0000264866	0.000000029232
3	126214943	128194860	654	28	0.0001002663	0.000000053133
3	128194861	130244734	413	28	0.0000878155	0.000000032657
3	130244735	131836515	537	28	0.0000409325	0.000000038697
3	131836516	133252172	506	28	0.0002265719	0.000000042447
3	133252173	135456905	852	28	0.0001730612	0.000000058006
3	135456906	137371082	430	28	0.0005099676	0.000000039352
3	137371083	139954596	835	28	0.0000921288	0.000000051974
3	139954597	141339096	468	28	0.0002084039	0.000000042832
3	141339097	143164627	611	28	0.0004394875	0.000000062881
3	143164628	144410815	387	28	0.0001564128	0.000000035318
3	144410816	145664618	353	28	0.0002715438	0.000000032668
3	145664619	146726628	330	28	0.0002066581	0.000000030656
3	146726629	149043236	676	28	0.0001019095	0.000000057416
3	149043237	150252003	421	28	0.0003712512	0.000000045268
3	150252004	151348729	362	28	0.0002914440	0.000000036995
3	151348730	153256570	559	28	0.0001724125	0.000000049034
3	153256571	154714217	400	28	0.0000012638	0.000000025431
3	154714218	156008699	325	28	0.0001862368	0.000000032013
3	156008700	157312027	439	28	0.0002238366	0.000000036375
3	157312028	159477889	634	28	0.0000399409	0.000000041366
3	159477890	161524503	563	28	0.0002566429	0.000000042081
3	161524504	163253204	470	28	0.0001297911	0.000000034243
3	163253205	165055468	434	28	0.0000421033	0.000000024719
3	165055469	167117428	448	28	0.0003081242	0.000000040260
3	167117429	168580959	355	28	0.0001845731	0.000000031042
3	168580960	170964908	713	28	0.0003485944	0.000000051754
3	170964909	172295730	504	28	0.0000863231	0.000000047039
3	172295731	173477284	374	28	0.0000311024	0.000000034357
3	173477285	175116538	593	28	0.0000987256	0.000000057471
3	175116539	176320286	336	28	0.0003008229	0.000000035086
3	176320287	178107164	536	28	0.0003424658	0.000000054457
3	178107165	179374585	381	28	0.0000205505	0.000000030031
3	179374586	181511165	458	28	0.0001226819	0.000000038121
3	181511166	183769682	649	28	0.0001574328	0.000000054331
3	183769683	185068254	402	28	0.0002668880	0.000000042929
3	185068255	186890343	650	28	0.0002059683	0.000000049337
3	186890344	188856213	795	28	0.0000538873	0.000000055540
3	188856214	190226606	611	28	0.0000974987	0.000000056370
3	190226607	192343813	732	28	0.0001322373	0.000000057057
3	192343814	194059670	495	28	0.0002261992	0.000000053002
3	194059671	194786673	251	28	-0.0000076188	0.000000021806
3	194786674	195971407	214	28	0.0001929070	0.000000024164
3	195971408	197075986	271	28	0.0002266198	0.000000029162
3	197075987	197946621	174	27	0.0001997639	0.000000023310
4	10240	694714	98	12	0.0000681725	0.000000011206
4	694715	1478710	204	24	0.0003130227	0.000000023117
4	1478711	2842978	238	28	0.0001352114	0.000000025699
4	2842979	3846039	244	28	0.0007028761	0.000000041806
4	3846040	4684115	220	28	0.0000543618	0.000000023075
4	4684116	5502387	386	28	0.0000531612	0.000000038931
4	5502388	6773042	666	28	0.0000897662	0.000000054048
4	6773043	7539691	401	28	0.0000044493	0.000000043675
4	7539692	8152234	339	28	0.0000711398	0.000000037189
4	8152235	9326478	233	28	0.0000585517	0.000000023552
4	9326479	10699151	497	28	0.0001668832	0.000000039765
4	10699152	12323033	637	28	0.0001880347	0.000000058840
4	12323034	14272000	707	28	-0.0000074124	0.000000054088
4	14272001	15147445	376	28	0.0000341367	0.000000033721
4	15147446	15927008	246	28	0.0000449670	0.000000022340
4	15927009	17383321	653	28	-0.0001078456	0.000000051429
4	17383322	18841873	410	28	0.0001319148	0.000000034966
4	18841874	20544556	463	28	0.0002580338	0.000000039816
4	20544557	22319346	663	28	0.0002772166	0.000000060263
4	22319347	24135528	596	28	0.0000994775	0.000000051052
4	24135529	25609321	589	28	0.0001041693	0.000000055794
4	25609322	27343721	557	28	0.0002044726	0.000000055192
4	27343722	27965867	201	28	0.0001735461	0.000000022983
4	27965868	29762207	525	28	0.0004219855	0.000000053128
4	29762208	30454534	157	24	0.0001638790	0.000000017501
4	30454535	31782980	401	28	0.0002558145	0.000000041484
4	31782981	33172765	312	28	0.0001167974	0.000000029294
4	33172766	35151414	359	28	0.0001441079	0.000000026290
4	35151415	36020435	273	28	0.0000420930	0.000000020583
4	36020436	37255046	423	28	0.0000389528	0.000000031471
4	37255047	38907021	777	28	0.0000768493	0.000000054550
4	38907022	40202608	377	28	0.0004106119	0.000000038804
4	40202609	42213057	702	28	0.0000326172	0.000000055755
4	42213058	43965044	522	28	0.0003560827	0.000000049165
4	43965045	45189156	339	28	0.0003220550	0.000000027179
4	45189157	47411895	448	28	0.0003215878	0.000000040010
4	47411896	48123599	213	25	0.0000619571	0.000000016555
4	48123600	53877432	469	28	0.0001730784	0.000000036773
4	53877433	55429555	524	28	0.0002328537	0.000000046110
4	55429556	56547643	355	28	0.0001475857	0.000000033273
4	56547644	58935007	830	28	0.0000436857	0.000000055341
4	58935008	60741086	453	28	0.0000721145	0.000000034957
4	60741087	62371762	424	28	0.0000289992	0.000000034210
4	62371763	64341000	428	28	0.0002271241	0.000000040978
4	64341001	66600491	498	28	0.0000886205	0.000000038314
4	66600492	68059496	384	28	0.0001888235	0.000000032927
4	68059497	68854764	233	28	0.0001254290	0.000000020237
4	68854765	71049151	512	28	0.0003047877	0.000000039593
4	71049152	72140557	212	27	0.0001018173	0.000000017325
4	72140558	74592389	484	28	0.0002656157	0.000000042452
4	74592390	77130706	710	28	0.0000422942	0.000000051204
4	77130707	79093978	710	28	0.0002137210	0.000000060103
4	79093979	80990296	543	28	0.0000830796	0.000000039418
4	80990297	82125314	240	28	0.0000324019	0.000000017916
4	82125315	83372592	354	28	0.0002546376	0.000000035539
4	83372593	84799655	470	28	0.0001223401	0.000000039211
4	84799656	86930608	574	28	0.0000623910	0.000000043301
4	86930609	87534647	134	17	0.0003316964	0.000000017872
4	87534648	89238027	560	28	0.0009817019	0.000000060058
4	89238028	90231563	314	28	0.0003209952	0.000000033403
4	90231564	91560676	334	28	0.0001908766	0.000000029508
4	91560677	94233298	559	28	0.0000655994	0.000000047002
4	94233299	96182187	596	28	0.0002847453	0.000000058881
4	96182188	97540702	486	28	0.0000896813	0.000000041864
4	97540703	99424066	398	28	0.0000963893	0.000000026963
4	99424067	100678359	400	28	0.0003017616	0.000000036100
4	100678360	103221355	782	28	0.0001671933	0.000000054267
4	103221356	105305293	472	28	0.0003322952	0.000000039746
4	105305294	107501304	570	28	0.0002127201	0.000000045295
4	107501305	108815347	356	28	-0.0000244546	0.000000024204
4	108815348	111256566	748	28	0.0001755933	0.000000059039
4	111256567	113870101	708	28	-0.0000111609	0.000000052360
4	113870102	115666245	598	28	0.0000885400	0.000000053305
4	115666246	117276928	330	28	0.0000975594	0.000000025190
4	117276929	118479917	335	28	0.0000549016	0.000000025985
4	118479918	119933511	406	28	0.0000457535	0.000000029103
4	119933512	120392683	147	16	0.0000877043	0.000000011797
4	120392684	122657986	686	28	0.0001887841	0.000000058955
4	122657987	124286480	377	28	0.0002601205	0.000000032454
4	124286481	125210861	257	28	0.0002536533	0.000000026845
4	125210862	126480885	385	28	0.0000677239	0.000000032790
4	126480886	127275476	219	28	0.0000803136	0.000000020354
4	127275477	127830292	161	22	0.0000265301	0.000000013369
4	127830293	128996664	190	15	0.0001096323	0.000000018461
4	128996665	130591884	439	28	0.0001630820	0.000000037998
4	130591885	131283820	183	22	0.0001114616	0.000000018382
4	131283821	132954032	349	28	0.0002485861	0.000000036156
4	132954033	134628433	369	28	0.0001538146	0.000000031585
4	134628434	136566406	422	28	0.0004362451	0.000000042393
4	136566407	138541970	508	28	0.0001190016	0.000000044475
4	138541971	139556510	350	28	0.0001195103	0.000000033931
4	139556511	141084630	489	28	0.0000303478	0.000000043693
4	141084631	143443264	697	28	0.0001652493	0.000000058767
4	143443265	146178186	502	28	-0.0000678799	0.000000027347
4	146178187	148521872	607	28	0.0002491735	0.000000051143
4	148521873	150683579	516	28	0.0001163238	0.000000044939
4	150683580	152782183	496	28	0.0001430779	0.000000033978
4	152782184	154477640	492	28	0.0002496096	0.000000048432
4	154477641	155056125	199	27	0.0002320720	0.000000023612
4	155056126	157485096	782	28	0.0001783598	0.000000056237
4	157485097	158743717	314	28	0.0000609221	0.000000026904
4	158743718	161058863	512	28	-0.0000140331	0.000000035817
4	161058864	161826434	264	28	0.0001707169	0.000000027388
4	161826435	163243678	433	28	0.0001729486	0.000000038526
4	163243679	164478233	322	28	0.0002911077	0.000000034760
4	164478234	165823447	407	28	0.0001337703	0.000000040844
4	165823448	167018857	355	28	0.0000753312	0.000000032900
4	167018858	167852916	182	25	0.0001436464	0.000000018182
4	167852917	169676824	569	28	0.0000332706	0.000000048956
4	169676825	170776509	307	28	-0.0000129522	0.000000024418
4	170776510	172558634	407	28	0.0001905773	0.000000035587
4	172558635	174264131	387	28	0.0001198989	0.000000032811
4	174264132	176570715	620	28	0.0004566568	0.000000067738
4	176570716	178991909	807	28	0.0001553863	0.000000057386
4	178991910	180122042	316	28	0.0001686611	0.000000034755
4	180122043	182066806	800	28	0.0002185227	0.000000058264
4	182066807	183371274	701	28	0.0000567906	0.000000056151
4	183371275	184929454	570	28	0.0001071077	0.000000059784
4	184929455	186909089	844	28	0.0001911933	0.000000061186
4	186909090	188472980	599	28	0.0001155017	0.000000055683
4	188472981	189693510	398	28	0.0001397381	0.000000042366
4	189693511	191043593	288	28	0.0002652871	0.000000032203
5	11940	982251	211	24	0.0000464097	0.000000018497
5	982252	2132441	438	28	0.0001180325	0.000000047496
5	2132442	3361940	776	28	-0.0000383640	0.000000055641
5	3361941	4632109	522	28	0.0001769603	0.000000049883
5	4632110	5973232	682	28	0.0000943104	0.000000056279
5	5973233	7143217	562	28	0.0000906288	0.000000049328
5	7143218	8446335	572	28	0.0002556707	0.000000053997
5	8446336	9718831	587	28	0.0001961575	0.000000054626
5	9718832	11173270	714	28	0.0001773662	0.000000059428
5	11173271	13464831	558	28	0.0001532002	0.000000049547
5	13464832	14757803	574	28	0.0002069017	0.000000053954
5	14757804	16963612	736	28	0.0001168722	0.000000055909
5	16963613	18051591	263	28	0.0001750415	0.000000028447
5	18051592	19917715	536	28	0.0001451050	0.000000042787
5	19917716	22152072	440	28	0.0001088231	0.000000035797
5	22152073	23494323	396	28	0.0002580390	0.000000036902
5	23494324	26184850	639	28	0.0000099216	0.000000049573
5	26184851	26857603	150	22	0.0001692698	0.000000017638
5	26857604	27984512	216	28	0.0004086343	0.000000029571
5	27984513	29714819	396	28	0.0002082095	0.000000033522
5	29714820	31390248	562	28	0.0001873273	0.000000047734
5	31390249	33500179	799	28	0.0002202138	0.000000052720
5	33500180	35048969	534	28	0.0001326875	0.000000050489
5	35048970	36433953	469	28	0.0001133592	0.000000038114
5	36433954	38802409	735	28	0.0001120945	0.000000057128
5	38802410	40287728	526	28	0.0002625466	0.000000043725
5	40287729	41888709	524	28	0.0001370327	0.000000035860
5	41888710	43983498	392	28	0.0000725176	0.000000028131
5	43983499	50163397	410	28	0.0001701917	0.000000029164
5	50163398	52134621	553	28	0.0000344467	0.000000040983
5	52134622	53703043	594	28	0.0003541709	0.000000055195
5	53703044	55417348	575	28	0.0000676477	0.000000044080
5	55417349	56621101	489	28	0.0006075066	0.000000052746
5	56621102	57340072	262	28	0.0001250341	0.000000022068
5	57340073	58524621	520	28	0.0002340717	0.000000046658
5	58524622	60935906	674	28	0.0003819971	0.000000060345
5	60935907	61672994	260	27	-0.0000432372	0.000000017937
5	61672995	63218986	471	28	0.0000765436	0.000000033524
5	63218987	63968303	174	19	0.0000757625	0.000000015424
5	63968304	65911285	594	28	0.0000862404	0.000000044608
5	65911286	67850859	761	28	0.0002557851	0.000000061115
5	67850860	71240455	428	28	0.0002364721	0.000000039017
5	71240456	73759325	938	28	0.0002352771	0.000000059529
5	73759326	75798865	668	28	0.0001287383	0.000000042009
5	75798866	77623331	694	28	0.0000219580	0.000000052397
5	77623332	79393143	631	28	0.0002135897	0.000000059623
5	79393144	80481470	437	28	-0.0000775914	0.000000034663
5	80481471	82025647	484	28	0.0001639751	0.000000045566
5	82025648	83972688	514	28	0.0001166475	0.000000051452
5	83972689	85767289	486	28	0.0002697198	0.000000045825
5	85767290	87389990	268	28	-0.0000196522	0.000000020177
5	87389991	88891529	299	28	0.0002130486	0.000000025969
5	88891530	90422653	414	28	0.0002091456	0.000000037059
5	90422654	91840541	260	28	0.0001770161	0.000000026508
5	91840542	93809983	402	28	0.0001973043	0.000000033241
5	93809984	95963518	669	28	0.0001522769	0.000000058296
5	95963519	97315600	400	28	0.0000011360	0.000000027780
5	97315601	99260991	468	28	0.0002290420	0.000000039238
5	99260992	101578768	492	28	0.0004000446	0.000000046867
5	101578769	103320004	461	28	0.0002067661	0.000000039067
5	103320005	104851482	403	28	0.0003032125	0.000000040627
5	104851483	105893054	164	21	0.0001393055	0.000000019340
5	105893055	107264195	548	28	0.0002170799	0.000000057324
5	107264196	108633933	376	28	0.0001878070	0.000000035628
5	108633934	110821143	606	28	0.0000557125	0.000000051023
5	110821144	111981561	410	28	0.0001683412	0.000000040961
5	111981562	113396284	523	28	0.0002925890	0.000000051518
5	113396285	114830369	505	28	0.0000674401	0.000000040919
5	114830370	115831046	420	28	0.0000820147	0.000000037896
5	115831047	117346212	538	28	0.0000554312	0.000000050210
5	117346213	118608819	362	28	0.0001644792	0.000000036765
5	118608820	119669041	326	28	0.0003399388	0.000000037114
5	119669042	120452165	223	24	0.0000832918	0.000000022133
5	120452166	122556904	645	28	0.0000722690	0.000000056047
5	122556905	123798099	427	28	0.0000899386	0.000000036796
5	123798100	125785648	809	28	0.0000465655	0.000000056038
5	125785649	127344603	418	28	0.0000380193	0.000000034001
5	127344604	129519024	628	28	0.0000161221	0.000000043483
5	129519025	132139648	592	28	0.0001764453	0.000000037673
5	132139649	134777400	870	28	0.0001339126	0.000000056031
5	134777401	136376049	571	28	0.0000525611	0.000000044012
5	136376050	139265071	670	28	0.0001996625	0.000000049888
5	139265072	140645970	336	28	-0.0000129067	0.000000020095
5	140645971	142981247	885	28	0.0000372619	0.000000053671
5	142981248	144943353	614	28	0.0000006264	0.000000045366
5	144943354	147181997	708	28	0.0000866663	0.000000057478
5	147181998	148662623	534	28	0.0001238619	0.000000045358
5	148662624	150561297	809	28	0.0003925547	0.000000063492
5	150561298	152867773	810	28	0.0000367828	0.000000053939
5	152867774	153773087	420	28	0.0000062315	0.000000027986
5	153773088	155373504	548	28	0.0002142929	0.000000050756
5	155373505	156628699	369	28	0.0009416928	0.000000046304
5	156628700	158825697	853	28	0.0003462912	0.000000055043
5	158825698	159973943	407	28	0.0000570286	0.000000037781
5	159973944	161482132	500	28	0.0001270742	0.000000040320
5	161482133	162743907	347	28	-0.0000192426	0.000000028721
5	162743908	163771581	371	28	0.0001118257	0.000000035247
5	163771582	165642394	530	28	0.0002258240	0.000000057136
5	165642395	166847739	412	28	0.0002034413	0.000000046606
5	166847740	168525317	742	28	0.0002873056	0.000000060790
5	168525318	169505663	469	28	0.0000734820	0.000000044067
5	169505664	171074291	637	28	0.0001685051	0.000000058324
5	171074292	172678326	650	28	0.0000404390	0.000000053941
5	172678327	173642870	484	28	0.0002672035	0.000000043327
5	173642871	175450594	791	28	0.0002259583	0.000000064466
5	175450595	177251506	322	28	0.0001767678	0.000000030311
5	177251507	178413463	419	28	0.0001612069	0.000000043715
5	178413464	179401243	330	28	-0.0000661150	0.000000030645
5	179401244	180559932	306	28	0.0002667924	0.000000033449
5	180559933	180885155	41	9	-0.0000203633	0.000000003791
6	73924	1452361	653	28	0.0001468277	0.000000057294
6	1452362	2458935	427	28	0.0000622763	0.000000037296
6	2458936	3573592	552	28	0.0000028055	0.000000051524
6	3573593	4617816	503	28	0.0001248765	0.000000046819
6	4617817	5791471	571	28	0.0001743774	0.000000056960
6	5791472	6785206	579	28	0.0002548058	0.000000057510
6	6785207	7808935	496	28	0.0001718658	0.000000045008
6	7808936	9020025	492	28	0.0002569340	0.000000044686
6	9020026	10540316	599	28	0.0000561358	0.000000053417
6	10540317	11790815	532	28	0.0002567172	0.000000053628
6	11790816	13209387	589	28	0.0000899081	0.000000036039
6	13209388	14802923	663	28	0.0002417837	0.000000055016
6	14802924	17386404	964	28	0.0002309908	0.000000057585
6	17386405	19207486	623	28	0.0003153097	0.000000052224
6	19207487	21684064	1010	28	0.0002098094	0.000000040615
6	21684065	22748306	509	28	0.0003295982	0.000000055610
6	22748307	23936618	483	28	0.0001997578	0.000000050277
6	23936619	24852274	389	28	0.0001386576	0.000000038936
6	24852275	25684586	452	28	0.0003506373	0.000000032021
6	25684587	26791232	471	28	0.0001415770	0.000000016095
6	26791233	28017818	272	19	0.0001148721	0.000000011600
6	28017819	28917607	306	20	0.0001876817	0.000000013457
6	28917608	29737970	500	28	0.0003214337	0.000000023829
6	29737971	30798167	861	28	0.0004332781	0.000000033571
6	30798168	31571217	747	28	0.0014290818	0.000000052317
6	31571218	32682663	668	28	0.0014619602	0.000000048790
6	32682664	33236496	597	28	0.0007964269	0.000000037650
6	33236497	35455755	730	28	0.0002676904	0.000000048598
6	35455756	37572595	784	28	0.0003561800	0.000000059184
6	37572596	39295676	742	28	0.0001069193	0.000000053984
6	39295677	40345114	390	28	0.0000977198	0.000000035365
6	40345115	42038720	701	28	0.0001798280	0.000000059037
6	42038721	43756168	421	28	0.0000617908	0.000000034824
6	43756169	45406562	554	28	0.0002818742	0.000000055886
6	45406563	47311897	744	28	0.0001034169	0.000000057953
6	47311898	48391124	338	28	0.0000867636	0.000000025233
6	48391125	50386144	483	28	0.0002957328	0.000000037110
6	50386145	52210475	608	28	0.0001348402	0.000000034730
6	52210476	53279101	419	28	0.0002279116	0.000000038066
6	53279102	55468269	839	28	0.0002511002	0.000000059909
6	55468270	56105312	204	20	0.0003094399	0.000000021362
6	56105313	57599464	359	28	0.0001476026	0.000000030346
6	57599465	61880511	116	9	0.0001109078	0.000000009796
6	61880512	63552887	328	22	0.0003308747	0.000000030312
6	63552888	65765741	441	28	0.0001574314	0.000000034253
6	65765742	67329214	476	28	0.0002734011	0.000000042689
6	67329215	68849482	455	28	0.0002814815	0.000000040708
6	68849483	69523447	212	26	0.0000141281	0.000000016504
6	69523448	71609509	720	28	-0.0000017871	0.000000050986
6	71609510	73450096	622	28	0.0000646420	0.000000038682
6	73450097	75462002	557	28	0.0000405234	0.000000041148
6	75462003	77414880	441	28	0.0000697362	0.000000030446
6	77414881	78957727	481	28	0.0000996167	0.000000031013
6	78957728	80691169	572	28	0.0004034204	0.000000052160
6	80691170	81929221	360	27	0.0000641751	0.000000022190
6	81929222	83127148	342	28	0.0000931707	0.000000028320
6	83127149	85209988	544	28	0.0001342448	0.000000041469
6	85209989	87069499	588	28	0.0003569182	0.000000043522
6	87069500	88822139	529	28	0.0001166210	0.000000040311
6	88822140	89973051	424	28	0.0001257826	0.000000038396
6	89973052	91843195	714	28	0.0000671011	0.000000056869
6	91843196	93428643	461	28	0.0003023753	0.000000046043
6	93428644	94118141	279	28	0.0001024123	0.000000024468
6	94118142	94441174	81	8	0.0000462396	0.000000006400
6	94441175	97093510	608	28	0.0001011524	0.000000046478
6	97093511	97842283	226	26	0.0000283413	0.000000016704
6	97842284	100630145	778	28	0.0002753751	0.000000061086
6	100630146	102636771	480	28	0.0001146439	0.000000040136
6	102636772	103983394	329	28	0.0001400959	0.000000026816
6	103983395	106056732	647	28	0.0000370605	0.000000049561
6	106056733	107450305	603	28	0.0001827422	0.000000057813
6	107450306	108464379	335	28	0.0000232352	0.000000029419
6	108464380	110304246	508	28	0.0003824099	0.000000044079
6	110304247	112345013	594	28	0.0002092758	0.000000051927
6	112345014	114220832	613	28	0.0001329573	0.000000048930
6	114220833	116131395	470	28	0.0002700460	0.000000037326
6	116131396	117672971	451	28	0.0001780034	0.000000034597
6	117672972	118963114	364	28	0.0000899215	0.000000018034
6	118963115	119963277	307	28	0.0000503213	0.000000019273
6	119963278	120512127	164	18	0.0000155405	0.000000011769
6	120512128	121905675	365	28	-0.0000395916	0.000000022767
6	121905676	123856180	576	28	0.0000932852	0.000000042820
6	123856181	125424382	583	28	0.0001228855	0.000000057724
6	125424383	127540460	453	28	0.0002900479	0.000000034253
6	127540461	129861030	588	28	0.0000099774	0.000000046596
6	129861031	130935453	484	28	0.0003615422	0.000000050180
6	130935454	132765668	588	28	0.0002346890	0.000000052968
6	132765669	134244242	572	28	0.0002342443	0.000000045017
6	134244243	136224176	573	28	0.0001181119	0.000000055236
6	136224177	137614217	327	28	0.0002338111	0.000000037225
6	137614218	138822628	460	28	0.0001361578	0.000000044946
6	138822629	139845435	375	28	0.0007294863	0.000000053317
6	139845436	142288478	520	28	0.0001986822	0.000000044553
6	142288479	145319809	1017	28	0.0000882158	0.000000054358
6	145319810	146665423	302	25	0.0000258044	0.000000018152
6	146665424	148920351	903	28	0.0000427947	0.000000055168
6	148920352	150253403	501	28	0.0001188476	0.000000042361
6	150253404	151912702	865	28	0.0000889268	0.000000056901
6	151912703	153094495	537	28	0.0002686840	0.000000047773
6	153094496	154974119	781	28	0.0003805044	0.000000063176
6	154974120	156763325	712	28	0.0000040799	0.000000053902
6	156763326	158218718	369	28	0.0002324925	0.000000037816
6	158218719	160580496	998	28	0.0002455376	0.000000057075
6	160580497	162169563	752	28	0.0005352613	0.000000052323
6	162169564	162931202	360	28	0.0000274356	0.000000033854
6	162931203	164383520	662	28	0.0000744830	0.000000055115
6	164383521	165586863	531	28	0.0000539625	0.000000046025
6	165586864	167024732	778	28	0.0003286143	0.000000062467
6	167024733	168042834	412	28	0.0002028560	0.000000042498
6	168042835	169382049	565	28	0.0001527950	0.000000053179
6	169382050	170330172	379	28	0.0001763441	0.000000033392
6	170330173	171051269	224	28	0.0001232348	0.000000023066
7	16161	972751	85	14	0.0002195231	0.000000014625
7	972752	1353066	87	16	0.0001365485	0.000000012870
7	1353067	2062397	124	21	0.0001334196	0.000000016337
7	2062398	2772226	193	28	0.0000806642	0.000000019477
7	2772227	4573427	823	28	0.0000452953	0.000000055685
7	4573428	5416231	192	28	0.0001186277	0.000000024867
7	5416232	5854525	94	16	0.0001788559	0.000000013870
7	5854526	6573856	132	21	0.0001606713	0.000000015774
7	6573857	7808751	408	28	0.0002098878	0.000000044676
7	7808752	9123422	712	28	0.0001485513	0.000000059560
7	9123423	9987498	354	28	0.0002032098	0.000000040723
7	9987499	11299197	461	28	0.0001158064	0.000000048434
7	11299198	12635460	681	28	0.0001289394	0.000000056842
7	12635461	13884201	560	28	0.0000471744	0.000000056420
7	13884202	15143656	578	28	0.0000571378	0.000000023924
7	15143657	16902068	740	28	0.0003282203	0.000000062781
7	16902069	19481546	1009	28	0.0001286891	0.000000056470
7	19481547	20124907	225	28	0.0001363095	0.000000024836
7	20124908	22507628	1175	28	0.0000517838	0.000000055093
7	22507629	23471441	302	28	0.0003728440	0.000000038433
7	23471442	25077258	689	28	0.0000967878	0.000000056868
7	25077259	25909554	441	28	0.0002716934	0.000000042032
7	25909555	28360308	874	28	0.0002869531	0.000000045478
7	28360309	31137288	1208	28	0.0000050477	0.000000053464
7	31137289	33555767	968	28	0.0003368010	0.000000064182
7	33555768	36213537	992	28	0.0000217067	0.000000054433
7	36213538	37555183	618	28	0.0000586244	0.000000056945
7	37555184	38966702	613	28	0.0001335118	0.000000049253
7	38966703	39862669	310	28	0.0003114485	0.000000032731
7	39862670	42001810	601	28	0.0000756838	0.000000048647
7	42001811	43159073	392	28	0.0000779961	0.000000035341
7	43159074	44763827	452	28	0.0004771870	0.000000040088
7	44763828	45952921	337	28	0.0003751122	0.000000039296
7	45952922	46986719	404	28	0.0001229643	0.000000032963
7	46986720	49212277	876	28	0.0002648424	0.000000060482
7	49212278	51675321	872	28	0.0002143620	0.000000058619
7	51675322	53176311	628	28	0.0002722905	0.000000055011
7	53176312	54222975	365	28	0.0002230218	0.000000030784
7	54222976	55691583	519	28	0.0002781417	0.000000051025
7	55691584	57382637	235	27	0.0001350484	0.000000019991
7	57382638	63307358	124	14	0.0000153799	0.000000010708
7	63307359	63641124	52	6	0.0000081542	0.000000004019
7	63641125	65689808	293	25	0.0002986673	0.000000028742
7	65689809	68234073	692	28	0.0001751016	0.000000055634
7	68234074	69085363	261	28	0.0002465079	0.000000027947
7	69085364	71874884	823	28	0.0001602657	0.000000057883
7	71874885	73334601	145	23	0.0040537296	0.000000094393
7	73334602	76458563	329	28	0.0003166380	0.000000034533
7	76458564	78093858	597	28	0.0001938150	0.000000056970
7	78093859	79888068	635	28	0.0000475372	0.000000054067
7	79888069	82022685	702	28	0.0000476860	0.000000055134
7	82022686	83801202	611	28	0.0000632452	0.000000053243
7	83801203	85572181	398	28	0.0003693002	0.000000038681
7	85572182	87825003	555	28	0.0002690023	0.000000043748
7	87825004	90661783	949	28	0.0000282034	0.000000055033
7	90661784	92493751	411	28	0.0002782853	0.000000036398
7	92493752	93966600	343	28	0.0000348425	0.000000031668
7	93966601	96073507	683	28	0.0001780042	0.000000059156
7	96073508	97099569	305	28	0.0001607531	0.000000029263
7	97099570	98715473	406	28	0.0001549138	0.000000036175
7	98715474	100196650	233	25	0.0000963396	0.000000018612
7	100196651	101199252	230	28	0.0001046876	0.000000021924
7	101199253	103197509	377	28	0.0001326483	0.000000034123
7	103197510	104159524	463	28	0.0000985176	0.000000040745
7	104159525	105682904	523	28	0.0001488075	0.000000046426
7	105682905	107780177	727	28	0.0004828078	0.000000065219
7	107780178	109647593	547	28	0.0001085126	0.000000042955
7	109647594	112618683	816	28	0.0001484176	0.000000057956
7	112618684	113712386	216	26	0.0001208806	0.000000020454
7	113712387	116780177	705	28	0.0003600429	0.000000051658
7	116780178	118351580	368	28	0.0002165394	0.000000028377
7	118351581	121045272	427	28	0.0002050907	0.000000035519
7	121045273	121933629	224	28	0.0003696736	0.000000026093
7	121933630	124156804	655	28	0.0002466450	0.000000052533
7	124156805	124167551	6	2	0.0000210607	0.000000001207
7	124167552	126519169	657	28	0.0000227625	0.000000042280
7	126519170	126869220	138	18	0.0000394601	0.000000010851
7	126869221	128778385	577	28	0.0003838847	0.000000049031
7	128778386	130422413	453	28	0.0004396360	0.000000047572
7	130422414	132805847	907	28	0.0000867502	0.000000056036
7	132805848	134307595	427	28	0.0000958092	0.000000033956
7	134307596	135591082	493	28	0.0002132968	0.000000043538
7	135591083	136876561	404	28	0.0001765380	0.000000036723
7	136876562	138744678	598	28	0.0003307995	0.000000062999
7	138744679	139933176	322	28	0.0001374300	0.000000030786
7	139933177	140235209	116	25	0.0000402691	0.000000011462
7	140235210	141226556	278	28	0.0001663219	0.000000026016
7	141226557	142656309	347	28	0.0001321168	0.000000025033
7	142656310	144968288	537	28	0.0001813437	0.000000044993
7	144968289	146427959	376	28	0.0000897536	0.000000033129
7	146427960	147815317	561	28	0.0003050175	0.000000053976
7	147815318	149840657	604	28	0.0002783577	0.000000062175
7	149840658	150711504	299	28	0.0002229754	0.000000023462
7	150711505	152249805	443	28	0.0002118038	0.000000051316
7	152249806	153674018	455	28	0.0000338160	0.000000045238
7	153674019	154964729	531	28	0.0001453776	0.000000056756
7	154964730	156065249	461	28	0.0001176346	0.000000050170
7	156065250	157634596	509	28	0.0000185475	0.000000044522
7	157634597	159128574	443	28	0.0003301128	0.000000046143
8	10422	1044216	388	28	-0.0000229616	0.000000039159
8	1044217	1163244	70	12	0.0001074553	0.000000009712
8	1163245	2042941	443	28	0.0001333507	0.000000048908
8	2042942	2573278	254	28	0.0001432520	0.000000028814
8	2573279	3392925	590	28	0.0001141959	0.000000056353
8	3392926	3783016	422	28	0.0001455488	0.000000046932
8	3783017	4480475	660	28	0.0002226806	0.000000058055
8	4480476	5146926	488	28	0.0000458343	0.000000051225
8	5146927	6142796	751	28	0.0000412272	0.000000054392
8	6142797	7153078	529	28	0.0002649255	0.000000061985
8	7153079	9154693	550	28	0.0003490790	0.000000056015
8	9154694	9640786	232	24	0.0004543429	0.000000018671
8	9640787	10463196	460	28	0.0005077512	0.000000055369
8	10463197	11278997	386	28	0.0004889351	0.000000034726
8	11278998	13491774	782	28	0.0004961146	0.000000063271
8	13491775	13944991	252	28	0.0001423231	0.000000027651
8	13944992	15991659	1073	28	0.0000992150	0.000000056204
8	15991660	17387875	541	28	0.0000616504	0.000000055533
8	17387876	17836398	266	28	0.0001305838	0.000000028559
8	17836399	19492839	960	28	0.0006545857	0.000000068370
8	19492840	20060855	334	28	0.0081751793	0.000000195795
8	20060856	21661736	744	28	-0.0000038983	0.000000054637
8	21661737	22897056	438	28	0.0001841366	0.000000046696
8	22897057	24674717	638	28	0.0002131859	0.000000056956
8	24674718	25483453	283	28	0.0003093731	0.000000030856
8	25483454	26682524	610	28	0.0004678510	0.000000060059
8	26682525	28162391	722	28	0.0001652737	0.000000058254
8	28162392	29327895	360	28	0.0000311147	0.000000028359
8	29327896	31133728	535	28	0.0001294347	0.000000045924
8	31133729	31548359	124	20	0.0002963802	0.000000018205
8	31548360	32977217	479	28	0.0002190817	0.000000040824
8	32977218	35317231	530	28	0.0004331046	0.000000043096
8	35317232	37379388	357	28	0.0004589546	0.000000040646
8	37379389	38938805	282	28	0.0001047728	0.000000027852
8	38938806	40703336	574	28	0.0002016650	0.000000048028
8	40703337	41721453	373	28	0.0001207792	0.000000036489
8	41721454	42773822	187	22	0.0000991918	0.000000016871
8	42773823	46841314	43	7	0.0000211274	0.000000004658
8	46841315	50082469	391	28	0.0001939136	0.000000034437
8	50082470	53302929	770	28	0.0001547764	0.000000054142
8	53302930	54418043	339	28	0.0001161971	0.000000029660
8	54418044	55945580	467	28	0.0002978057	0.000000040677
8	55945581	56956382	345	28	0.0001857443	0.000000031826
8	56956383	59068650	658	28	0.0002257955	0.000000056079
8	59068651	59728099	275	28	0.0002630900	0.000000028188
8	59728100	62329098	778	28	0.0001492447	0.000000059253
8	62329099	63349305	324	28	0.0001006762	0.000000025082
8	63349306	65232871	513	28	0.0001053607	0.000000039013
8	65232872	66489089	358	28	0.0001819540	0.000000030569
8	66489090	69863056	852	28	0.0002215110	0.000000059683
8	69863057	70867978	399	28	0.0001872085	0.000000039444
8	70867979	72289453	435	28	0.0002952122	0.000000038718
8	72289454	73817198	683	28	0.0002333825	0.000000058286
8	73817199	75445063	604	28	0.0002769233	0.000000053357
8	75445064	76456541	288	28	0.0001960199	0.000000026637
8	76456542	79132860	683	28	0.0003455705	0.000000053994
8	79132861	81956394	792	28	0.0001803679	0.000000060029
8	81956395	82693738	215	28	0.0003037955	0.000000024683
8	82693739	84225588	413	28	0.0000687823	0.000000028269
8	84225589	85955618	351	28	0.0001530608	0.000000028801
8	85955619	87411708	264	24	0.0000049131	0.000000017792
8	87411709	89085480	476	28	0.0000575764	0.000000035119
8	89085481	90638161	391	28	0.0001370921	0.000000030395
8	90638162	93554385	664	28	0.0002350211	0.000000058291
8	93554386	95005526	381	28	0.0003012409	0.000000039516
8	95005527	96534805	616	28	0.0003103224	0.000000055291
8	96534806	99401580	1083	28	0.0001475530	0.000000057331
8	99401581	101620957	499	28	0.0001870190	0.000000034436
8	101620958	104123305	978	28	0.0000684265	0.000000055102
8	104123306	104988751	247	24	-0.0000112084	0.000000016442
8	104988752	107410753	814	28	0.0000560681	0.000000055073
8	107410754	108648176	462	28	0.0000958926	0.000000036620
8	108648177	109248172	204	23	0.0001780939	0.000000018893
8	109248173	110484313	347	28	0.0000313967	0.000000021600
8	110484314	111850846	286	28	0.0001336821	0.000000023361
8	111850847	113064319	230	19	0.0002393974	0.000000021279
8	113064320	116096494	772	28	0.0000395717	0.000000048054
8	116096495	119685456	1139	28	-0.0000073554	0.000000051657
8	119685457	121201699	516	28	0.0001327884	0.000000039674
8	121201700	124861458	1325	28	0.0000561598	0.000000054880
8	124861459	125683718	322	28	0.0002996261	0.000000033467
8	125683719	126410916	253	28	0.0002651244	0.000000029499
8	126410917	128659110	906	28	0.0032015587	0.000000134586
8	128659111	130381138	662	28	0.0000451404	0.000000054316
8	130381139	131639624	462	28	0.0002742591	0.000000043865
8	131639625	133351143	753	28	0.0003011619	0.000000063783
8	133351144	134570000	698	28	0.0002469498	0.000000060713
8	134570001	136035604	747	28	0.0001550251	0.000000056108
8	136035605	137524150	547	28	-0.0000011681	0.000000042508
8	137524151	139254829	728	28	0.0000806926	0.000000059219
8	139254830	140725642	736	28	0.0001542232	0.000000060116
8	140725643	143044913	795	28	0.0001412914	0.000000058038
8	143044914	144236880	337	28	0.0001873309	0.000000034137
8	144236881	146303866	314	28	0.0001723934	0.000000037087
9	10023	1079706	559	28	0.0000261379	0.000000053975
9	1079707	1916876	595	28	0.0002458765	0.000000060230
9	1916877	3190063	754	28	0.0000588745	0.000000056420
9	3190064	4495327	733	28	0.0000332152	0.000000047152
9	4495328	4884925	222	28	-0.0000531661	0.000000017967
9	4884926	6557588	543	28	-0.0000135584	0.000000051433
9	6557589	7154922	287	28	0.0000410597	0.000000028306
9	7154923	8456298	911	28	0.0000869004	0.000000057570
9	8456299	9166402	395	28	0.0001159634	0.000000042683
9	9166403	10879252	826	28	0.0001406474	0.000000058455
9	10879253	12276488	460	28	0.0000628471	0.000000042714
9	12276489	14836362	1247	28	0.0000805862	0.000000056424
9	14836363	16659654	789	28	0.0002457737	0.000000055558
9	16659655	18661050	925	28	0.0005055946	0.000000067273
9	18661051	20463533	813	28	0.0001298756	0.000000057739
9	20463534	22206558	682	28	0.0001898330	0.000000050321
9	22206559	24158517	592	28	0.0001322175	0.000000057315
9	24158518	25330809	292	28	0.0001434910	0.000000033652
9	25330810	26111756	270	28	0.0000591577	0.000000028880
9	26111757	28224282	939	28	0.0000967641	0.000000057143
9	28224283	28811583	243	28	0.0001009322	0.000000019589
9	28811584	30387391	551	28	0.0000766356	0.000000039985
9	30387392	31310382	243	23	0.0001174947	0.000000021741
9	31310383	32019367	205	24	0.0000656947	0.000000016187
9	32019368	33578333	576	28	0.0000924958	0.000000049495
9	33578334	34642242	279	27	0.0003823779	0.000000027176
9	34642243	36743282	568	28	0.0003864591	0.000000057420
9	36743283	38641598	710	28	0.0000032808	0.000000053509
9	38641599	65472189	100	20	0.0000125897	0.000000009945
9	65472190	72512710	554	28	0.0001155291	0.000000045354
9	72512711	72753754	100	10	0.0000388073	0.000000008076
9	72753755	74253039	588	28	0.0000649455	0.000000043404
9	74253040	76203945	564	28	0.0000886116	0.000000044042
9	76203946	76973080	177	22	0.0000553825	0.000000015781
9	76973081	78900182	798	28	0.0001435064	0.000000050575
9	78900183	79471207	283	28	0.0001365521	0.000000030936
9	79471208	81079054	519	28	0.0001238114	0.000000049918
9	81079055	82590927	625	28	0.0001109724	0.000000055958
9	82590928	84211232	647	28	0.0002661351	0.000000062513
9	84211233	85440800	324	28	0.0002045918	0.000000036593
9	85440801	86938195	627	28	0.0003375798	0.000000060919
9	86938196	88109332	489	28	0.0000936525	0.000000040675
9	88109333	88590416	111	14	0.0000466605	0.000000009567
9	88590417	90136245	589	28	0.0001453716	0.000000053621
9	90136246	92528697	833	28	0.0002173356	0.000000060685
9	92528698	94167202	616	28	0.0003915611	0.000000063473
9	94167203	96671697	777	28	0.0002231633	0.000000060468
9	96671698	98922039	658	28	0.0001467413	0.000000050235
9	98922040	101592858	828	28	0.0002187809	0.000000058039
9	101592859	104624436	950	28	0.0002785171	0.000000062481
9	104624437	105967975	567	28	0.0000914116	0.000000044845
9	105967976	107581748	598	28	0.0001215961	0.000000043445
9	107581749	109298753	590	28	0.0001862747	0.000000047614
9	109298754	110695061	562	28	0.0000749937	0.000000050607
9	110695062	112778023	1080	28	0.0002791632	0.000000060541
9	112778024	114831081	891	28	0.0001584832	0.000000057961
9	114831082	115693144	310	28	0.0002597222	0.000000030655
9	115693145	117019800	624	28	0.0000423370	0.000000055549
9	117019801	117921959	459	28	0.0001671294	0.000000042731
9	117921960	121321536	1447	28	0.0001225727	0.000000057845
9	121321537	122260296	354	28	0.0000465704	0.000000030698
9	122260297	124871321	762	28	0.0001371006	0.000000057869
9	124871322	126971886	673	28	0.0001675411	0.000000056408
9	126971887	129059664	554	28	0.0000785018	0.000000045696
9	129059665	130055509	325	28	0.0001739495	0.000000030166
9	130055510	132165469	468	28	0.0003730903	0.000000048730
9	132165470	133223216	314	28	0.0002936506	0.000000035900
9	133223217	134127887	326	28	0.0001651815	0.000000036790
9	134127888	135298841	425	28	-0.0000168184	0.000000033968
9	135298842	137041121	646	28	0.0000728492	0.000000048073
9	137041122	137589363	198	28	0.0000705237	0.000000024709
9	137589364	138938977	615	28	0.0002596048	0.000000065992
9	138938978	139500341	106	20	0.0001312047	0.000000014055
9	139500342	141144795	214	28	0.0003312109	0.000000031136
10	60523	751338	115	15	0.0000648119	0.000000013318
10	751339	1523543	335	28	0.0000858432	0.000000031697
10	1523544	2254499	435	28	0.0000291618	0.000000040709
10	2254500	3352698	658	28	-0.0000094859	0.000000055665
10	3352699	4572273	603	28	0.0002204480	0.000000060074
10	4572274	5983761	687	28	0.0004095053	0.000000064320
10	5983762	7171483	739	28	0.0000630097	0.000000055546
10	7171484	8774664	837	28	-0.0000291661	0.000000054059
10	8774665	10249395	563	28	0.0000418546	0.000000046151
10	10249396	12586796	1015	28	0.0001036501	0.000000052814
10	12586797	13321599	430	28	0.0001106498	0.000000045621
10	13321600	15026067	931	28	0.0000318034	0.000000054671
10	15026068	16551766	549	28	0.0001811863	0.000000059606
10	16551767	18537266	762	28	0.0001485015	0.000000056546
10	18537267	19716877	527	28	0.0002725266	0.000000047892
10	19716878	22772282	974	28	0.0000740617	0.000000055922
10	22772283	23175131	122	14	0.0000029865	0.000000011223
10	23175132	25578595	756	28	0.0001964166	0.000000059306
10	25578596	26888683	522	28	0.0000203940	0.000000033208
10	26888684	29323235	889	28	0.0000546697	0.000000054762
10	29323236	29783691	264	28	0.0002513608	0.000000029029
10	29783692	30458837	360	28	0.0001320566	0.000000036750
10	30458838	31907518	477	28	0.0001683423	0.000000042712
10	31907519	33707967	607	28	0.0004024748	0.000000052837
10	33707968	35109354	488	28	0.0001091071	0.000000041669
10	35109355	36572507	415	28	0.0001906481	0.000000036528
10	36572508	37790028	316	28	0.0002240222	0.000000029120
10	37790029	42372578	198	13	0.0000530054	0.000000010506
10	42372579	43894770	292	28	0.0002113509	0.000000028628
10	43894771	44730074	285	28	0.0002925047	0.000000018713
10	44730075	48760449	661	28	0.0000127348	0.000000045757
10	48760450	50840914	641	28	0.0003517948	0.000000056038
10	50840915	53616628	743	28	0.0002797893	0.000000061467
10	53616629	55103571	674	28	0.0003007966	0.000000063171
10	55103572	57031139	752	28	0.0001309822	0.000000059286
10	57031140	57662145	177	18	0.0000780031	0.000000012763
10	57662146	58959527	380	25	0.0001099338	0.000000023139
10	58959528	60289986	412	28	0.0001658999	0.000000030146
10	60289987	61891408	581	28	0.0000376618	0.000000049715
10	61891409	62659678	297	28	0.0001813994	0.000000025337
10	62659679	63341694	160	18	0.0000241180	0.000000013151
10	63341695	65794113	828	28	0.0006308718	0.000000062212
10	65794114	67549614	474	28	0.0001680631	0.000000037204
10	67549615	69900147	880	28	0.0001649917	0.000000059072
10	69900148	70195990	107	11	0.0001114962	0.000000010020
10	70195991	72220849	862	28	0.0001458260	0.000000053995
10	72220850	73508511	726	28	0.0001250349	0.000000058548
10	73508512	75422549	414	28	0.0002524057	0.000000032295
10	75422550	78706813	819	28	0.0001879231	0.000000057927
10	78706814	80876748	995	28	0.0001901655	0.000000059184
10	80876749	82414678	477	28	0.0001826505	0.000000043088
10	82414679	84383744	709	28	-0.0000004527	0.000000055285
10	84383745	85458702	437	28	0.0001624560	0.000000034307
10	85458703	87937576	957	28	0.0000775178	0.000000057194
10	87937577	89127063	264	28	0.0002606713	0.000000027446
10	89127064	91013380	715	28	0.0001590211	0.000000056339
10	91013381	92006580	370	28	0.0000484701	0.000000030816
10	92006581	93335046	443	28	0.0000832860	0.000000034977
10	93335047	95396367	643	28	0.0008049498	0.000000061874
10	95396368	96221242	259	28	0.0002576799	0.000000026417
10	96221243	97822356	565	28	0.0001016199	0.000000036537
10	97822357	100241301	886	28	0.0001738028	0.000000058459
10	100241302	100668399	146	14	0.0000957888	0.000000012060
10	100668400	102949238	747	28	0.0001877589	0.000000055536
10	102949239	104380409	296	28	0.0001370289	0.000000017404
10	104380410	106695047	746	28	0.0001524069	0.000000041582
10	106695048	108726685	660	28	0.0002724290	0.000000058851
10	108726686	110317704	632	28	-0.0000497498	0.000000049452
10	110317705	112561492	652	28	0.0002169592	0.000000058287
10	112561493	115328431	1015	28	0.0002293031	0.000000054948
10	115328432	116421405	480	28	0.0002762387	0.000000047344
10	116421406	119523933	965	28	0.0001775387	0.000000059779
10	119523934	120591352	395	28	0.0002582528	0.000000041658
10	120591353	122407322	650	28	0.0000403141	0.000000054061
10	122407323	123231464	382	28	0.0000225113	0.000000033780
10	123231465	123900544	268	28	0.0001059407	0.000000026560
10	123900545	125869345	831	28	0.0000183410	0.000000051315
10	125869346	128001097	917	28	0.0000668883	0.000000055148
10	128001098	129154361	512	28	0.0001383204	0.000000048837
10	129154362	130844283	905	28	0.0001658825	0.000000058209
10	130844284	131741326	401	28	0.0001643655	0.000000039637
10	131741327	132580244	410	28	0.0000669449	0.000000035141
10	132580245	134336328	817	28	0.0002132624	0.000000060461
10	134336329	134494672	39	6	0.0001163013	0.000000006114
10	134494673	135523864	247	28	0.0000910992	0.000000027000
11	70855	1213589	222	28	0.0002208496	0.000000024618
11	1213590	3665480	784	28	0.0000208946	0.000000039595
11	3665481	4746708	414	28	0.0000982776	0.000000037753
11	4746709	6322868	955	28	0.0002165531	0.000000061081
11	6322869	7436700	529	28	0.0002261336	0.000000047392
11	7436701	8333273	473	28	0.0002769373	0.000000051627
11	8333274	9087316	271	28	0.0000361909	0.000000015940
11	9087317	10952026	624	28	0.0003265645	0.000000048238
11	10952027	12564228	1076	28	0.0002259401	0.000000060168
11	12564229	13373123	394	28	0.0004723705	0.000000044456
11	13373124	15742551	755	28	-0.0000092120	0.000000052576
11	15742552	17578401	594	28	0.0001502842	0.000000035359
11	17578402	19569534	762	28	0.0001103614	0.000000056465
11	19569535	21017137	769	28	0.0001833312	0.000000060430
11	21017138	22374141	536	28	0.0001355650	0.000000049199
11	22374142	24088516	581	28	0.0001087897	0.000000048593
11	24088517	26045752	655	28	0.0002384351	0.000000062919
11	26045753	27020460	347	28	0.0000737366	0.000000027673
11	27020461	28481592	405	28	0.0005067470	0.000000033740
11	28481593	30141356	410	28	0.0004426177	0.000000043894
11	30141357	32276900	612	28	0.0003236945	0.000000048251
11	32276901	33958738	542	28	0.0000928187	0.000000044115
11	33958739	35502604	798	28	0.0002236600	0.000000060161
11	35502605	37116814	730	28	0.0000348532	0.000000054245
11	37116815	39382002	415	28	0.0001670437	0.000000035962
11	39382003	42310002	910	28	0.0000617063	0.000000056866
11	42310003	44693798	953	28	0.0001996078	0.000000057934
11	44693799	47006136	706	28	0.0003029212	0.000000044121
11	47006137	49866049	470	26	0.0004708923	0.000000021941
11	49866050	54695472	130	7	0.0000984885	0.000000007585
11	54695473	55082656	7	3	0.0000455092	0.000000002036
11	55082657	58457494	1028	28	0.0002993871	0.000000059960
11	58457495	58780548	65	6	0.0001314043	0.000000008075
11	58780549	62223770	947	28	0.0013555554	0.000000085033
11	62223771	63804568	291	28	0.0001194241	0.000000026259
11	63804569	65898630	445	28	0.0005388022	0.000000049218
11	65898631	68005824	292	28	0.0002845631	0.000000028894
11	68005825	69516129	438	28	0.0003761319	0.000000043718
11	69516130	70926291	447	28	0.0001792833	0.000000046878
11	70926292	72286016	290	28	0.0001017286	0.000000022757
11	72286017	74412350	574	28	0.0000950731	0.000000039104
11	74412351	76797208	733	28	0.0001949106	0.000000057905
11	76797209	78355057	402	28	0.0003163841	0.000000033519
11	78355058	80722372	1048	28	0.0000734639	0.000000056825
11	80722373	81266711	258	28	0.0000871514	0.000000024917
11	81266712	84381271	1153	28	0.0000816392	0.000000057224
11	84381272	86619300	760	28	0.0002218499	0.000000060376
11	86619301	87430234	301	28	0.0002471270	0.000000028859
11	87430235	89208935	557	28	0.0002804289	0.000000055632
11	89208936	90966489	373	28	0.0001624248	0.000000030105
11	90966490	92077143	344	28	0.0000758699	0.000000029555
11	92077144	93276156	389	28	0.0002251922	0.000000032191
11	93276157	94242259	265	25	0.0001371625	0.000000022716
11	94242260	95726040	587	28	0.0001397973	0.000000053832
11	95726041	97057057	491	28	-0.0000436810	0.000000042986
11	97057058	98705064	551	28	0.0002098258	0.000000054641
11	98705065	100417168	750	28	0.0000028369	0.000000053575
11	100417169	101331120	401	28	0.0000771885	0.000000024364
11	101331121	103959635	1058	28	0.0001942356	0.000000058645
11	103959636	104873283	282	23	0.0001928890	0.000000020882
11	104873284	106520893	457	28	0.0000908946	0.000000035140
11	106520894	107844199	454	28	0.0000251619	0.000000038338
11	107844200	108437036	127	11	0.0001412040	0.000000012007
11	108437037	109866115	338	28	0.0001132275	0.000000030403
11	109866116	111114396	480	28	0.0002837517	0.000000044026
11	111114397	112459487	366	28	0.0003161631	0.000000035058
11	112459488	114257727	774	28	0.0003504487	0.000000062662
11	114257728	114830665	221	26	0.0001166605	0.000000020717
11	114830666	116383347	643	28	0.0001181096	0.000000057405
11	116383348	117747109	590	28	0.0127465659	0.000000354654
11	117747110	119215475	488	28	0.0002036395	0.000000045945
11	119215476	120766805	604	28	0.0002617333	0.000000060921
11	120766806	121175942	196	22	-0.0000136413	0.000000014910
11	121175943	122591909	458	28	0.0002306066	0.000000047578
11	122591910	123500116	411	28	0.0000128436	0.000000038136
11	123500117	124495527	460	28	0.0001746651	0.000000035671
11	124495528	126311319	767	28	0.0002082233	0.000000055629
11	126311320	127316678	550	28	0.0002284231	0.000000049187
11	127316679	128188536	305	28	0.0002261139	0.000000030485
11	128188537	130342574	829	28	0.0002015869	0.000000059379
11	130342575	131074611	359	28	0.0001228664	0.000000036282
11	131074612	133000045	1078	28	0.0000783748	0.000000057912
11	133000046	134205992	534	28	0.0000417536	0.000000052985
11	134205993	134946451	397	28	0.0002489798	0.000000041789
12	61107	1080330	299	28	0.0003055016	0.000000032830
12	1080331	2544785	474	28	0.0002398042	0.000000050470
12	2544786	3677036	492	28	0.0000557651	0.000000047805
12	3677037	4417678	379	28	0.0000479711	0.000000036465
12	4417679	5321471	492	28	0.0002637739	0.000000052176
12	5321472	6419752	545	28	0.0001954176	0.000000052709
12	6419753	8377535	495	28	0.0001399899	0.000000048225
12	8377536	9031394	126	22	-0.0000332960	0.000000011135
12	9031395	10481533	521	28	0.0001852021	0.000000047428
12	10481534	11754845	321	28	0.0000044665	0.000000024542
12	11754846	12733527	426	28	0.0000439867	0.000000042669
12	12733528	15241483	1012	28	0.0000908133	0.000000057415
12	15241484	16310459	247	28	0.0000889742	0.000000023221
12	16310460	18087872	552	28	0.0002470097	0.000000053482
12	18087873	20863942	921	28	0.0000911306	0.000000053538
12	20863943	23820633	1078	28	0.0004213446	0.000000062943
12	23820634	25371082	703	28	0.0000603066	0.000000055574
12	25371083	27799772	1010	28	0.0003073523	0.000000058502
12	27799773	29651254	687	28	0.0002952116	0.000000057010
12	29651255	30512405	454	28	0.0001409621	0.000000038577
12	30512406	32165591	625	28	0.0001425881	0.000000052641
12	32165592	33076988	372	28	0.0001330870	0.000000033185
12	33076989	37856716	351	24	0.0002010388	0.000000026855
12	37856717	39227168	134	7	0.0001369700	0.000000012174
12	39227169	40816184	493	28	0.0001895711	0.000000039089
12	40816185	41658585	350	28	0.0000147127	0.000000023474
12	41658586	43984473	884	28	0.0000572691	0.000000056838
12	43984474	46024228	468	28	0.0001307662	0.000000035786
12	46024229	47714792	457	28	0.0002263563	0.000000041567
12	47714793	49001865	517	28	0.0000453056	0.000000040441
12	49001866	51776493	592	28	0.0003537766	0.000000048655
12	51776494	53039003	606	28	0.0001880592	0.000000049595
12	53039004	54778822	560	28	0.0002734849	0.000000050182
12	54778823	55665836	258	28	0.0003084998	0.000000029240
12	55665837	57548859	398	28	0.0003527625	0.000000035133
12	57548860	59308665	443	28	0.0004077468	0.000000040535
12	59308666	61123728	451	28	0.0001594543	0.000000036083
12	61123729	64032460	936	28	0.0001976096	0.000000060234
12	64032461	65559694	364	28	0.0002147492	0.000000035812
12	65559695	67181143	505	28	0.0001805216	0.000000042262
12	67181144	67909728	318	28	0.0002375453	0.000000029214
12	67909729	69826541	799	28	0.0001771273	0.000000059730
12	69826542	70957986	487	28	0.0001609335	0.000000038135
12	70957987	72645074	553	28	0.0000960096	0.000000040650
12	72645075	73818453	297	28	0.0002392194	0.000000029143
12	73818454	76511313	748	28	0.0001118443	0.000000057669
12	76511314	78570569	743	28	0.0001170070	0.000000057615
12	78570570	80448149	399	28	0.0001005912	0.000000034916
12	80448150	81467766	304	28	0.0002795203	0.000000030174
12	81467767	83502665	553	28	0.0001402060	0.000000043056
12	83502666	84303843	229	27	0.0001364961	0.000000017837
12	84303844	85990425	388	28	0.0000336400	0.000000023826
12	85990426	89682121	740	28	0.0001430149	0.000000052831
12	89682122	92066154	633	28	0.0001808336	0.000000037282
12	92066155	94514566	896	28	0.0000428657	0.000000054441
12	94514567	96020784	682	28	0.0000830755	0.000000055279
12	96020785	97108838	443	28	0.0000068138	0.000000037410
12	97108839	99305986	918	28	0.0000686148	0.000000055579
12	99305987	101447640	647	28	-0.0000088497	0.000000050940
12	101447641	101862689	140	16	0.0000727990	0.000000013149
12	101862690	102964985	332	28	0.0001293871	0.000000020237
12	102964986	104848695	750	28	0.0001387926	0.000000057518
12	104848696	106436212	836	28	0.0000854119	0.000000058201
12	106436213	106958747	225	28	0.0002786283	0.000000026968
12	106958748	109025900	728	28	0.0003283023	0.000000061048
12	109025901	110336718	388	28	0.0003194783	0.000000027785
12	110336719	113263517	467	28	0.0004163590	0.000000019942
12	113263518	113986708	199	27	0.0001466446	0.000000020729
12	113986709	115036601	531	28	0.0002241970	0.000000048349
12	115036602	115503215	192	28	0.0001294813	0.000000014250
12	115503216	117087470	743	28	0.0001951562	0.000000058052
12	117087471	118135374	442	28	0.0001664934	0.000000046216
12	118135375	119754109	674	28	0.0002122383	0.000000060076
12	119754110	122007650	643	28	0.0001642507	0.000000044980
12	122007651	124977979	646	28	0.0007408575	0.000000063314
12	124977980	126445504	596	28	0.0002314521	0.000000059578
12	126445505	127875097	634	28	0.0003640670	0.000000061841
12	127875098	129237296	689	28	0.0001701531	0.000000060691
12	129237297	130377920	666	28	0.0002665314	0.000000062178
12	130377921	131786750	709	28	0.0000164845	0.000000055196
12	131786751	132807033	280	28	0.0002183448	0.000000030771
12	132807034	133841510	162	23	0.0003278143	0.000000022695
13	19020013	20686719	273	28	0.0000022691	0.000000022620
13	20686720	22242173	565	28	0.0000642446	0.000000051619
13	22242174	23594701	662	28	0.0000276322	0.000000059942
13	23594702	24531936	493	28	0.0001952307	0.000000048551
13	24531937	25784361	628	28	0.0000543732	0.000000057888
13	25784362	27284361	531	28	0.0003513290	0.000000052771
13	27284362	29257550	831	28	0.0002496755	0.000000063198
13	29257551	30483266	495	28	0.0001245339	0.000000044980
13	30483267	32301814	751	28	0.0000847618	0.000000058719
13	32301815	33776902	559	28	0.0001187471	0.000000044487
13	33776903	35026463	450	28	0.0002769843	0.000000046637
13	35026464	36046366	210	28	0.0000444260	0.000000019846
13	36046367	37498184	627	28	0.0000751470	0.000000057454
13	37498185	38878162	530	28	0.0001533367	0.000000042289
13	38878163	41069262	856	28	0.0002007045	0.000000062777
13	41069263	43101026	608	28	0.0001074832	0.000000047927
13	43101027	44901408	782	28	0.0004192342	0.000000068624
13	44901409	46495213	519	28	0.0000648265	0.000000046768
13	46495214	47431078	351	28	0.0002620434	0.000000036634
13	47431079	49383961	609	28	0.0001588846	0.000000053325
13	49383962	51591090	721	28	0.0004308543	0.000000061743
13	51591091	53339621	434	28	0.0000784397	0.000000039958
13	53339622	54682863	516	28	0.0002472489	0.000000050619
13	54682864	55817130	318	28	0.0001729517	0.000000026376
13	55817131	57554216	295	22	0.0001549735	0.000000022340
13	57554217	58410625	202	21	0.0000776728	0.000000013613
13	58410626	59302270	214	22	0.0001547670	0.000000017992
13	59302271	60854777	547	28	0.0001900256	0.000000048431
13	60854778	61591948	281	28	0.0001776644	0.000000026968
13	61591949	63971558	629	28	0.0001103473	0.000000053902
13	63971559	65200601	294	28	0.0001249476	0.000000023568
13	65200602	67844452	778	28	0.0000926533	0.000000058673
13	67844453	70724515	870	28	0.0002617244	0.000000064098
13	70724516	71526790	312	28	0.0001616889	0.000000032184
13	71526791	73934088	828	28	0.0001406463	0.000000058241
13	73934089	75670142	724	28	0.0000226304	0.000000055054
13	75670143	77410554	763	28	0.0003370899	0.000000064511
13	77410555	78808812	419	28	0.0001033453	0.000000033037
13	78808813	80585675	566	28	-0.0000178109	0.000000043404
13	80585676	82581813	599	28	-0.0000097004	0.000000049921
13	82581814	84133143	392	28	0.0000850874	0.000000024676
13	84133144	85610915	407	28	0.0001510472	0.000000035373
13	85610916	88559881	741	28	0.0000138764	0.000000053260
13	88559882	90521310	459	28	0.0000548659	0.000000034453
13	90521311	93129690	840	28	0.0000501847	0.000000057343
13	93129691	93586454	121	16	0.0001593310	0.000000015236
13	93586455	96087557	1168	28	0.0002618579	0.000000062091
13	96087558	97519209	345	28	0.0000913143	0.000000031446
13	97519210	98938918	424	28	0.0003567312	0.000000049219
13	98938919	100574094	766	28	0.0000340245	0.000000058010
13	100574095	102300522	751	28	0.0000872619	0.000000058792
13	102300523	104066709	911	28	-0.0000029578	0.000000055654
13	104066710	104844113	304	28	0.0001869214	0.000000031795
13	104844114	106247553	616	28	0.0000744139	0.000000059358
13	106247554	106749999	267	28	0.0001183450	0.000000026706
13	106750000	108189876	598	28	0.0001273004	0.000000058344
13	108189877	109121209	429	28	0.0001786951	0.000000046571
13	109121210	109815111	321	28	0.0000994535	0.000000031529
13	109815112	111232072	746	28	0.0001386887	0.000000041431
13	111232073	112247591	443	28	0.0003404082	0.000000048269
13	112247592	113572487	451	28	0.0001035826	0.000000046897
13	113572488	115109852	317	28	0.0001301341	0.000000031760
14	19002084	21589401	565	28	0.0001722467	0.000000058343
14	21589402	23018664	694	28	0.0002006304	0.000000058887
14	23018665	24905122	669	28	0.0000525459	0.000000056416
14	24905123	26135685	547	28	0.0001333065	0.000000043701
14	26135686	28466532	687	28	0.0001064496	0.000000059587
14	28466533	29972144	380	28	0.0001451828	0.000000035355
14	29972145	32383264	578	28	0.0001643744	0.000000050738
14	32383265	34846250	1239	28	0.0001572707	0.000000059778
14	34846251	35859592	240	28	0.0002258057	0.000000024112
14	35859593	38667724	859	28	0.0001505502	0.000000058294
14	38667725	40341989	532	28	0.0002108415	0.000000047613
14	40341990	41615501	349	28	0.0000732645	0.000000024194
14	41615502	43137388	413	28	0.0001918853	0.000000034485
14	43137389	44543226	356	28	-0.0000113690	0.000000030623
14	44543227	46081895	373	28	0.0001708588	0.000000032847
14	46081896	46749129	188	16	0.0000477819	0.000000012495
14	46749130	48573585	578	28	0.0000479886	0.000000049024
14	48573586	49005470	112	13	0.0000661457	0.000000009586
14	49005471	50507759	450	28	0.0002477966	0.000000045837
14	50507760	51493571	357	28	0.0003487985	0.000000040869
14	51493572	53474382	832	28	0.0003247554	0.000000061865
14	53474383	53997830	172	19	0.0002171592	0.000000019378
14	53997831	55233680	447	28	0.0001878281	0.000000044551
14	55233681	56216879	283	27	0.0001915379	0.000000026992
14	56216880	57481261	661	28	0.0001525941	0.000000059834
14	57481262	59448335	702	28	0.0001959159	0.000000060366
14	59448336	61680423	597	28	0.0001555524	0.000000045550
14	61680424	63790014	797	28	0.0002000431	0.000000058848
14	63790015	65220297	338	28	0.0003170151	0.000000035602
14	65220298	66399554	398	28	0.0000738568	0.000000035400
14	66399555	67992316	404	28	0.0001864980	0.000000028201
14	67992317	71131956	1218	28	0.0002688628	0.000000060053
14	71131957	72889614	669	28	0.0000702882	0.000000055118
14	72889615	76444766	1127	28	0.0002782260	0.000000059811
14	76444767	77229471	346	28	0.0002837444	0.000000038592
14	77229472	78561944	622	28	0.0004324693	0.000000062619
14	78561945	80186578	606	28	0.0003822339	0.000000060090
14	80186579	81579713	506	28	0.0001652921	0.000000045169
14	81579714	83138096	466	28	-0.0000462716	0.000000036429
14	83138097	84241632	378	28	0.0000360733	0.000000031180
14	84241633	85746318	467	28	0.0002752006	0.000000047133
14	85746319	86647001	304	28	0.0000464059	0.000000026907
14	86647002	87635340	302	28	0.0001328776	0.000000028698
14	87635341	89497642	594	28	0.0001816282	0.000000048631
14	89497643	91296859	685	28	0.0001443070	0.000000057430
14	91296860	93132298	653	28	0.0001341670	0.000000055166
14	93132299	94325284	393	28	0.0002710596	0.000000040271
14	94325285	95750866	852	28	0.0001562197	0.000000058435
14	95750867	96262414	366	28	-0.0000286544	0.000000030570
14	96262415	98341161	834	28	0.0002849718	0.000000064263
14	98341162	99138531	368	28	0.0001402883	0.000000031579
14	99138532	101534306	885	28	0.0002952524	0.000000060840
14	101534307	103012101	424	28	0.0000553642	0.000000038743
14	103012102	105001722	458	28	0.0001291300	0.000000040714
14	105001723	106340357	145	26	0.0001100871	0.000000016972
14	106340358	107289453	35	5	-0.0000158326	0.000000002940
15	20001200	21131603	4	1	-0.0000086901	0.000000000320
15	21131604	24195126	293	28	0.0001622164	0.000000034237
15	24195127	25108589	192	28	0.0001962372	0.000000021792
15	25108590	27298111	848	28	0.0002164266	0.000000063121
15	27298112	29338501	465	28	0.0000131391	0.000000042454
15	29338502	30165567	288	28	0.0003446447	0.000000036498
15	30165568	31591820	295	28	0.0001431561	0.000000030542
15	31591821	32441810	254	28	0.0001289061	0.000000022743
15	32441811	34015424	721	28	0.0001159315	0.000000059966
15	34015425	35083250	394	28	-0.0000021689	0.000000033879
15	35083251	37456501	918	28	0.0001950632	0.000000061344
15	37456502	38530776	343	28	0.0000021680	0.000000031624
15	38530777	40384131	761	28	0.0001480926	0.000000059994
15	40384132	41177513	221	28	0.0004588617	0.000000032253
15	41177514	42776398	412	28	0.0003374546	0.000000040684
15	42776399	44198048	254	16	0.0006299012	0.000000032173
15	44198049	46618786	483	28	0.0003768989	0.000000046372
15	46618787	48136047	578	28	0.0002178438	0.000000052027
15	48136048	50008042	437	28	0.0001991339	0.000000038702
15	50008043	51677559	603	28	0.0001731496	0.000000041118
15	51677560	53069095	390	28	0.0003358009	0.000000035920
15	53069096	54508527	624	28	0.0002926111	0.000000061273
15	54508528	55136268	246	28	0.0001816810	0.000000029190
15	55136269	56901772	529	28	0.0002407486	0.000000055916
15	56901773	58441365	616	28	0.0002321951	0.000000058058
15	58441366	59694115	506	28	0.0017721401	0.000000090396
15	59694116	61265835	659	28	0.0001495950	0.000000059684
15	61265836	63215221	903	28	0.0001026697	0.000000050038
15	63215222	65104667	476	28	0.0006032670	0.000000047894
15	65104668	67094766	598	28	0.0004249805	0.000000065503
15	67094767	69017998	742	28	0.0001435010	0.000000040778
15	69017999	70133340	291	28	0.0001829566	0.000000031719
15	70133341	71922648	699	28	0.0001416419	0.000000060981
15	71922649	73628713	353	28	0.0005102451	0.000000038205
15	73628714	76398623	591	28	0.0001887309	0.000000041136
15	76398624	78516052	511	28	0.0000174997	0.000000035760
15	78516053	80860977	969	28	0.0000139157	0.000000049482
15	80860978	84260467	885	28	0.0001295430	0.000000057265
15	84260468	86652904	761	28	0.0000986695	0.000000051561
15	86652905	88369942	761	28	0.0000896652	0.000000058364
15	88369943	90475550	693	28	0.0001588696	0.000000061665
15	90475551	92164391	611	28	0.0003632656	0.000000058102
15	92164392	93780901	802	28	0.0001512533	0.000000061555
15	93780902	94924329	566	28	0.0000392782	0.000000057491
15	94924330	96141595	576	28	0.0002985356	0.000000063778
15	96141596	98030909	741	28	0.0000336729	0.000000056968
15	98030910	99244058	559	28	0.0001448038	0.000000061790
15	99244059	100636846	535	28	0.0002908360	0.000000062132
15	100636847	101552693	387	28	0.0000508586	0.000000037903
15	101552694	102520965	412	28	0.0004431886	0.000000055519
16	60054	1207205	269	28	0.0001276389	0.000000033657
16	1207206	2764828	339	28	0.0003912008	0.000000041900
16	2764829	4001195	285	28	0.0001389213	0.000000032541
16	4001196	5118344	352	28	0.0001824119	0.000000037857
16	5118345	5891579	338	28	0.0001949039	0.000000039971
16	5891580	6893550	696	28	0.0001302718	0.000000059812
16	6893551	7529120	476	28	0.0002118289	0.000000055161
16	7529121	8338518	525	28	0.0002516915	0.000000061649
16	8338519	9799418	695	28	0.0000983343	0.000000058839
16	9799419	10426031	367	28	0.0002664878	0.000000038841
16	10426032	11520160	426	28	0.0001730558	0.000000046740
16	11520161	12613097	390	28	0.0002636314	0.000000046985
16	12613098	13154436	300	28	0.0000285938	0.000000026951
16	13154437	14464001	547	28	0.0002682103	0.000000057278
16	14464002	16154059	304	28	0.0003467047	0.000000035085
16	16154060	17644748	390	28	0.0002493085	0.000000044097
16	17644749	18643606	173	28	0.0000619927	0.000000018669
16	18643607	20150570	416	28	0.0002045886	0.000000033888
16	20150571	22448903	419	28	0.0000316355	0.000000032960
16	22448904	24136874	495	28	0.0000239455	0.000000044659
16	24136875	25986861	732	28	0.0000777717	0.000000057678
16	25986862	27445754	634	28	0.0002378120	0.000000061292
16	27445755	29036612	335	28	0.0000969814	0.000000023298
16	29036613	31382942	248	28	0.0004161206	0.000000029373
16	31382943	46399472	114	16	0.0001385374	0.000000013285
16	46399473	49007925	292	28	0.0002210609	0.000000027780
16	49007926	52035822	1059	28	0.0000788010	0.000000056975
16	52035823	53382571	448	28	0.0000789212	0.000000035647
16	53382572	55903773	1175	28	0.0001714093	0.000000047055
16	55903774	57664329	613	28	0.0006919917	0.000000063973
16	57664330	59045404	491	28	0.0001362344	0.000000044083
16	59045405	60745693	495	28	0.0001833949	0.000000050455
16	60745694	62229848	358	28	0.0000288281	0.000000028792
16	62229849	63691588	440	28	0.0001687382	0.000000044992
16	63691589	65938565	806	28	0.0001695365	0.000000060480
16	65938566	68841362	660	28	0.0001755803	0.000000047989
16	68841363	71054027	366	28	0.0003508957	0.000000040535
16	71054028	72935149	447	28	0.0002952026	0.000000035333
16	72935150	74971502	783	28	0.0002253335	0.000000061105
16	74971503	75977953	221	28	0.0002983471	0.000000026732
16	75977954	77523677	669	28	0.0000636437	0.000000055757
16	77523678	78456291	632	28	0.0001790033	0.000000060779
16	78456292	79134814	557	28	0.0002953607	0.000000064660
16	79134815	80297373	779	28	0.0000553937	0.000000056634
16	80297374	81772535	763	28	0.0002451595	0.000000061592
16	81772536	82747727	574	28	0.0000284310	0.000000056230
16	82747728	83477207	604	28	0.0001710543	0.000000059123
16	83477208	84445882	702	28	0.0000351834	0.000000058049
16	84445883	85148684	448	28	0.0001162775	0.000000051060
16	85148685	86156598	470	28	0.0003044027	0.000000060732
16	86156599	86815410	522	28	0.0001383123	0.000000061077
16	86815411	87647348	355	28	0.0000208089	0.000000037923
16	87647349	89041164	333	28	0.0002537563	0.000000040803
16	89041165	90292811	288	28	0.0002413438	0.000000029740
17	56	1172398	294	28	0.0001735828	0.000000041242
17	1172399	1928730	244	28	0.0001880268	0.000000030452
17	1928731	3702311	612	28	0.0000741931	0.000000058564
17	3702312	4696260	347	28	0.0002503534	0.000000042111
17	4696261	5741333	370	28	0.0001079219	0.000000034000
17	5741334	7317397	607	28	0.0000146189	0.000000057571
17	7317398	8306424	290	28	0.0003679980	0.000000036534
17	8306425	9965920	636	28	0.0001645416	0.000000061687
17	9965921	11102814	466	28	0.0002795293	0.000000050593
17	11102815	12534768	546	28	0.0000185076	0.000000054925
17	12534769	13180371	295	28	0.0002400058	0.000000034491
17	13180372	13894636	361	28	0.0000816272	0.000000038572
17	13894637	15019096	599	28	0.0000388744	0.000000058636
17	15019097	16412341	300	28	0.0001088803	0.000000029763
17	16412342	18856319	537	28	0.0003156047	0.000000049631
17	18856320	21290356	368	28	0.0003661138	0.000000040289
17	21290357	27334243	490	28	0.0000532149	0.000000044188
17	27334244	29786490	482	28	0.0001772788	0.000000029126
17	29786491	31538424	534	28	0.0000624500	0.000000049915
17	31538425	32912797	818	28	0.0001173024	0.000000058751
17	32912798	34469035	495	28	0.0002574633	0.000000040745
17	34469036	36809343	501	28	0.0000676764	0.000000045395
17	36809344	38877403	434	28	0.0001370050	0.000000028911
17	38877404	39899809	308	28	0.0000772640	0.000000023687
17	39899810	41772086	351	28	0.0003057070	0.000000031041
17	41772087	43056904	326	28	0.0005983380	0.000000038776
17	43056905	45876021	583	28	0.0004336222	0.000000039990
17	45876022	47517399	521	28	0.0003343855	0.000000043174
17	47517400	49898956	742	28	0.0002370545	0.000000062574
17	49898957	50719054	284	27	0.0001835391	0.000000027778
17	50719055	51826117	307	28	0.0000925864	0.000000024594
17	51826118	53599431	607	28	0.0000916204	0.000000055367
17	53599432	55357540	608	28	0.0001455720	0.000000054525
17	55357541	57487511	668	28	-0.0000108915	0.000000052640
17	57487512	59312754	237	22	0.0001007874	0.000000017285
17	59312755	61545588	434	28	0.0000715288	0.000000038324
17	61545589	63148127	291	28	0.0000909726	0.000000023100
17	63148128	64800429	629	28	0.0001869979	0.000000049957
17	64800430	67858769	922	28	0.0002476727	0.000000058414
17	67858770	69387816	646	28	0.0000876759	0.000000042963
17	69387817	72672202	1411	28	-0.0000251756	0.000000056857
17	72672203	74375559	386	28	0.0001553110	0.000000040135
17	74375560	76263412	710	28	0.0002616748	0.000000064966
17	76263413	77298635	448	28	0.0003611624	0.000000059248
17	77298636	78837587	527	28	0.0001035627	0.000000054530
17	78837588	80034407	212	28	0.0001898067	0.000000027794
17	80034408	81194907	294	28	0.0002130773	0.000000022512
18	10644	912485	392	28	0.0000686717	0.000000040774
18	912486	1942910	365	28	0.0002382174	0.000000036541
18	1942911	3891657	752	28	0.0000931678	0.000000059015
18	3891658	5834179	769	28	0.0002020940	0.000000063152
18	5834180	7090484	563	28	0.0001905747	0.000000059317
18	7090485	8498930	566	28	0.0001598189	0.000000056833
18	8498931	11075912	1239	28	0.0000666241	0.000000057795
18	11075913	11905439	255	28	0.0001183516	0.000000027807
18	11905440	14440798	724	28	0.0004203486	0.000000067693
18	14440799	19485843	157	16	0.0003052168	0.000000019980
18	19485844	20649471	300	28	0.0005366160	0.000000038721
18	20649472	22996650	808	28	0.0002006671	0.000000058220
18	22996651	24026190	309	28	0.0001949526	0.000000033534
18	24026191	25927681	780	28	0.0001714631	0.000000060852
18	25927682	26875586	244	26	0.0002257486	0.000000025411
18	26875587	27866477	269	27	0.0002221316	0.000000026385
18	27866478	30264065	868	28	0.0001857709	0.000000061467
18	30264066	31780066	342	28	0.0001482366	0.000000030300
18	31780067	33861963	610	28	0.0001245292	0.000000051259
18	33861964	35075249	474	28	0.0000941769	0.000000044034
18	35075250	36365489	487	28	0.0000372600	0.000000035902
18	36365490	37684366	346	28	0.0002850539	0.000000031221
18	37684367	39892647	765	28	0.0002334056	0.000000060171
18	39892648	42922105	928	28	0.0000890690	0.000000055524
18	42922106	44299245	679	28	0.0002192366	0.000000062275
18	44299246	45939731	586	28	0.0003210541	0.000000060464
18	45939732	47730583	772	28	0.0001743529	0.000000051002
18	47730584	51062184	1162	28	0.0000358584	0.000000056601
18	51062185	51554174	173	15	0.0000478423	0.000000013611
18	51554175	55213837	1097	28	0.0001521899	0.000000059635
18	55213838	56530219	602	28	0.0000523461	0.000000056160
18	56530220	57630482	576	28	0.0001118016	0.000000058292
18	57630483	59020750	437	28	0.0002419694	0.000000032291
18	59020751	60277714	537	28	0.0001408305	0.000000049232
18	60277715	61820251	569	28	0.0000693852	0.000000046643
18	61820252	63463401	515	28	0.0003558144	0.000000050847
18	63463402	64252800	237	22	0.0000454336	0.000000017553
18	64252801	66125816	728	28	0.0001720858	0.000000059592
18	66125817	67175819	319	28	0.0002489206	0.000000036106
18	67175820	68621178	454	28	0.0001199293	0.000000045454
18	68621179	69621617	381	28	0.0000829996	0.000000036929
18	69621618	71038473	558	28	0.0000850564	0.000000053681
18	71038474	71971461	489	28	0.0002837760	0.000000059506
18	71971462	73526986	653	28	0.0002464431	0.000000063405
18	73526987	74813814	585	28	0.0000394306	0.000000057941
18	74813815	75976316	587	28	0.0002446803	0.000000062376
18	75976317	77149990	408	28	0.0000345761	0.000000035146
18	77149991	78017157	255	28	0.0001483816	0.000000028479
19	80840	610728	89	23	-0.0000133751	0.000000012276
19	610729	2098395	270	28	0.0003197357	0.000000051481
19	2098396	3019659	221	28	0.0000865356	0.000000027321
19	3019660	4348966	293	28	0.0001273171	0.000000041552
19	4348967	5811851	377	28	0.0001064595	0.000000044725
19	5811852	6684884	191	28	0.0000992212	0.000000024843
19	6684885	8347512	493	28	0.0005297374	0.000000065137
19	8347513	9238392	247	28	0.0003051014	0.000000026773
19	9238393	11284027	472	28	0.0001411789	0.000000035728
19	11284028	13471126	394	28	0.0002027642	0.000000038523
19	13471127	14486346	197	28	0.0000714889	0.000000022454
19	14486347	15648609	355	28	0.0002001907	0.000000038344
19	15648610	16374415	348	28	0.0001618660	0.000000030472
19	16374416	18409861	527	28	0.0000363283	0.000000053077
19	18409862	19877470	316	28	0.0020335950	0.000000064163
19	19877471	20905756	132	20	0.0001679028	0.000000015698
19	20905757	22732895	308	28	0.0005776518	0.000000038328
19	22732896	23467745	127	13	-0.0000355584	0.000000008033
19	23467746	28557892	271	27	0.0001382235	0.000000022431
19	28557893	29790946	466	28	0.0001491982	0.000000042796
19	29790947	30727953	328	28	0.0001054393	0.000000031834
19	30727954	32746519	639	28	0.0000817164	0.000000057666
19	32746520	34262951	493	28	0.0004970118	0.000000056394
19	34262952	36469294	638	28	0.0001560240	0.000000059055
19	36469295	37527032	220	20	-0.0000086610	0.000000014187
19	37527033	40170618	589	28	0.0002567173	0.000000055268
19	40170619	40984600	175	24	0.0000134649	0.000000015089
19	40984601	42131572	283	28	-0.0000420353	0.000000022609
19	42131573	43862454	156	21	0.0002879765	0.000000022081
19	43862455	44744107	279	28	0.0000068774	0.000000022492
19	44744108	46102696	348	28	0.0014304651	0.000000062124
19	46102697	47150081	283	28	0.0002519763	0.000000026210
19	47150082	49282226	567	28	0.0006902489	0.000000070483
19	49282227	51532566	582	28	0.0001953604	0.000000066169
19	51532567	52985289	618	28	-0.0000063791	0.000000054735
19	52985290	54602361	473	28	0.0000299064	0.000000056099
19	54602362	55728079	344	28	0.0000527828	0.000000035532
19	55728080	57521334	663	28	0.0001883219	0.000000066916
19	57521335	59118838	523	28	0.0002370450	0.000000053058
20	60479	697599	259	28	0.0001713550	0.000000033032
20	697600	2469500	993	28	-0.0000233006	0.000000055353
20	2469501	3828412	480	28	0.0001656208	0.000000050063
20	3828413	5477849	784	28	0.0000580800	0.000000058385
20	5477850	7084072	727	28	0.0000979359	0.000000058142
20	7084073	8117010	400	28	0.0000653397	0.000000033138
20	8117011	9730920	764	28	0.0000036120	0.000000055071
20	9730921	11249535	730	28	0.0001297560	0.000000056720
20	11249536	12447498	498	28	0.0000974047	0.000000040925
20	12447499	13689863	548	28	0.0001740553	0.000000053017
20	13689864	15958358	974	28	0.0003103082	0.000000065774
20	15958359	17487231	937	28	0.0001757602	0.000000060441
20	17487232	18972202	599	28	0.0002188099	0.000000057203
20	18972203	20959709	886	28	0.0000971339	0.000000060355
20	20959710	22491455	401	28	0.0001566674	0.000000032822
20	22491456	23293789	355	28	0.0001407572	0.000000032524
20	23293790	24717723	523	28	0.0001137507	0.000000045938
20	24717724	25344230	211	21	0.0001505042	0.000000018876
20	25344231	31614822	561	28	0.0003515143	0.000000048270
20	31614823	32813440	282	28	0.0002615491	0.000000027202
20	32813441	34960445	437	28	0.0003610111	0.000000029381
20	34960446	36909529	476	28	0.0002628173	0.000000043632
20	36909530	38436760	504	28	0.0002164875	0.000000045452
20	38436761	39610855	462	28	0.0002292275	0.000000044040
20	39610856	40585688	285	28	0.0001769070	0.000000021313
20	40585689	41615459	576	28	0.0001277986	0.000000060215
20	41615460	42680175	386	28	0.0003108482	0.000000042661
20	42680176	44839055	757	28	0.0009630198	0.000000073912
20	44839056	47199979	1009	28	0.0000503514	0.000000056761
20	47199980	49239657	737	28	0.0001891936	0.000000059288
20	49239658	52472548	1323	28	0.0001881329	0.000000059456
20	52472549	54055265	601	28	0.0001514456	0.000000059933
20	54055266	56447958	1126	28	0.0002333827	0.000000062451
20	56447959	58406571	867	28	0.0000399859	0.000000056574
20	58406572	59561723	537	28	0.0001625247	0.000000053877
20	59561724	61301854	728	28	0.0001537045	0.000000062137
20	61301855	62190179	274	28	0.0001348905	0.000000032596
20	62190180	62965162	217	28	0.0002048594	0.000000024779
21	9411243	15950981	268	28	0.0002188315	0.000000030335
21	15950982	18053164	651	28	0.0001212310	0.000000060374
21	18053165	19480374	435	28	-0.0000323870	0.000000040976
21	19480375	20962338	603	28	0.0000821963	0.000000059474
21	20962339	22072763	352	28	0.0000782002	0.000000034097
21	22072764	23362874	522	28	0.0001766262	0.000000049147
21	23362875	24696230	357	28	0.0001585407	0.000000034441
21	24696231	26469121	645	28	0.0002225915	0.000000061406
21	26469122	27271018	218	25	0.0002422622	0.000000025756
21	27271019	29125225	866	28	-0.0000176192	0.000000055758
21	29125226	31197024	680	28	0.0001583689	0.000000053996
21	31197025	32668641	445	28	0.0000185500	0.000000031236
21	32668642	34376998	637	28	0.0000726673	0.000000056165
21	34376999	35225464	283	28	0.0004501671	0.000000038516
21	35225465	36524372	557	28	0.0001317553	0.000000052270
21	36524373	37870778	525	28	0.0001431968	0.000000046850
21	37870779	38711703	304	28	0.0002541757	0.000000030388
21	38711704	40482901	830	28	0.0003269251	0.000000063240
21	40482902	41389526	489	28	0.0000676275	0.000000039895
21	41389527	43321527	985	28	0.0001211341	0.000000058748
21	43321528	44506267	675	28	0.0001561685	0.000000061058
21	44506268	46177104	544	28	0.0001548406	0.000000053882
21	46177105	47492225	483	28	0.0001999407	0.000000046518
21	47492226	48119751	228	26	0.0000115784	0.000000018068
22	16050408	17674294	201	28	0.0002698630	0.000000030722
22	17674295	18296087	253	28	0.0001273940	0.000000030320
22	18296088	19912357	519	28	0.0002488945	0.000000056560
22	19912358	22357324	573	28	0.0000585737	0.000000049566
22	22357325	23712646	319	28	0.0000588055	0.000000030794
22	23712647	24984203	348	28	0.0002201172	0.000000033204
22	24984204	26791627	730	28	0.0000835077	0.000000056714
22	26791628	27834751	731	28	0.0000820780	0.000000059081
22	27834752	29651798	569	28	0.0001198078	0.000000053426
22	29651799	31439917	525	28	-0.0000035875	0.000000040059
22	31439918	32664985	342	28	0.0000168862	0.000000026636
22	32664986	34494913	921	28	0.0002520243	0.000000062545
22	34494914	35530984	490	28	0.0003306693	0.000000046226
22	35530985	37570268	816	28	0.0001051420	0.000000057727
22	37570269	39307893	511	28	0.0007586953	0.000000068586
22	39307894	40545796	321	28	0.0001502837	0.000000033701
22	40545797	42690817	446	28	0.0002318731	0.000000036312
22	42690818	43714199	387	28	0.0001975823	0.000000041208
22	43714200	44995307	686	28	-0.0000167527	0.000000055265
22	44995308	46470494	595	28	0.0000188916	0.000000058690
22	46470495	47596317	444	28	0.0001070006	0.000000046914
22	47596318	48903702	736	28	0.0001517867	0.000000060088
22	48903703	49824533	603	28	0.0001261174	0.000000059177
22	49824534	51243297	365	28	0.0002465982	0.000000043067
