chr	start	end	num_snp	k	local_h2g	var
1	10583	1892606	111	14	0.0000120391	0.000000056039
1	1892607	3582735	458	14	0.0002845687	0.000000282699
1	3582736	4380810	288	14	0.0005802946	0.000000189164
1	4380811	5913892	898	14	0.0000922886	0.000000348679
1	5913893	7247334	441	14	0.0000936932	0.000000239209
1	7247335	9365198	729	14	-0.0000323294	0.000000340108
1	9365199	10806983	370	14	0.0000416531	0.000000174431
1	10806984	11777840	275	14	-0.0000256659	0.000000140542
1	11777841	12779465	300	14	0.0000918246	0.000000166153
1	12779466	14891510	637	14	0.0000987338	0.000000349122
1	14891511	16897729	728	14	-0.0000064014	0.000000341892
1	16897730	18662898	690	14	-0.0000614385	0.000000338106
1	18662899	20469148	760	14	-0.0000491829	0.000000338949
1	20469149	21736587	471	14	0.0000198012	0.000000237825
1	21736588	23086882	540	14	0.0003752541	0.000000332573
1	23086883	23920589	234	14	0.0001354695	0.000000119124
1	23920590	25516844	546	14	0.0001001943	0.000000313692
1	25516845	27401866	431	14	0.0002928938	0.000000203379
1	27401867	30161880	571	14	0.0001823553	0.000000277205
1	30161881	32438684	970	14	0.0002035549	0.000000356331
1	32438685	34799757	703	14	0.0003135595	0.000000363897
1	34799758	37549182	592	14	0.0000447695	0.000000306777
1	37549183	38731846	387	14	0.0002247344	0.000000202944
1	38731847	40200566	454	14	0.0002107744	0.000000241366
1	40200567	41975326	568	14	0.0002407927	0.000000284223
1	41975327	43758456	574	14	-0.0001294626	0.000000249852
1	43758457	44969182	386	14	0.0000545266	0.000000162931
1	44969183	46899500	468	14	0.0003283337	0.000000183617
1	46899501	48002575	316	14	0.0001464717	0.000000142880
1	48002576	48978187	357	14	0.0002299587	0.000000194200
1	48978188	49894176	250	14	-0.0000304754	0.000000118965
1	49894177	51713725	262	14	0.0004074110	0.000000118912
1	51713726	54226261	579	14	0.0000714897	0.000000293170
1	54226262	56413116	872	14	0.0001894292	0.000000355360
1	56413117	57021727	285	14	0.0002791029	0.000000136697
1	57021728	58865398	887	14	0.0001392229	0.000000351907
1	58865399	59890408	407	14	0.0000080771	0.000000181873
1	59890409	61922364	691	14	0.0000030764	0.000000342543
1	61922365	63455088	564	14	-0.0000652062	0.000000286099
1	63455089	65041703	688	14	-0.0001171343	0.000000293339
1	65041704	66939403	664	14	0.0000712476	0.000000310927
1	66939404	68477894	708	14	0.0000366533	0.000000295393
1	68477895	69687615	399	14	0.0000776808	0.000000193623
1	69687616	71372469	553	14	-0.0000015499	0.000000249660
1	71372470	71684404	86	10	0.0002001619	0.000000044146
1	71684405	74326906	578	14	-0.0000358396	0.000000215090
1	74326907	76728134	750	14	0.0000409291	0.000000291842
1	76728135	79661197	975	14	0.0000577670	0.000000346305
1	79661198	81354190	495	14	-0.0000100666	0.000000227005
1	81354191	83991747	1008	14	0.0000545849	0.000000346086
1	83991748	84844494	325	14	0.0002777081	0.000000145821
1	84844495	86454750	673	14	-0.0000627486	0.000000321325
1	86454751	88128630	605	14	0.0003617798	0.000000315382
1	88128631	90066302	541	14	0.0002574259	0.000000268867
1	90066303	91886316	582	14	0.0004264709	0.000000299208
1	91886317	93536458	528	14	0.0000520637	0.000000213177
1	93536459	94506190	265	14	0.0001303292	0.000000105243
1	94506191	96150892	691	14	0.0002116749	0.000000352892
1	96150893	97885248	635	14	-0.0000985153	0.000000238579
1	97885249	99800603	658	14	0.0001458111	0.000000292142
1	99800604	100826404	345	14	0.0002110687	0.000000147934
1	100826405	102041015	463	14	0.0002292781	0.000000218121
1	102041016	102898744	290	14	0.0000646566	0.000000126079
1	102898745	103914210	211	14	0.0000147169	0.000000076564
1	103914211	106087841	474	14	0.0003444635	0.000000237451
1	106087842	108409664	757	14	0.0001596458	0.000000353311
1	108409665	110303930	594	14	0.0000552528	0.000000270007
1	110303931	111741736	611	14	-0.0000263918	0.000000340517
1	111741737	113273305	747	14	0.0000777669	0.000000347680
1	113273306	114873844	528	14	-0.0000609953	0.000000252296
1	114873845	115880592	353	14	0.0001233066	0.000000149996
1	115880593	118839066	898	14	0.0000403586	0.000000345107
1	118839067	144977493	593	14	-0.0000705509	0.000000258383
1	144977494	148361252	455	14	0.0001468341	0.000000218212
1	148361253	151538880	360	14	0.0001667480	0.000000156312
1	151538881	153180828	505	14	0.0002508045	0.000000207537
1	153180829	154770402	484	14	0.0000463314	0.000000218537
1	154770403	156336132	320	14	0.0001786922	0.000000161176
1	156336133	158027411	635	14	0.0001527162	0.000000321980
1	158027412	159913047	723	14	0.0008765935	0.000000402619
1	159913048	162346720	921	14	0.0000495300	0.000000345738
1	162346721	165191701	1267	14	0.0000127083	0.000000343206
1	165191702	166460516	572	14	0.0000720317	0.000000299361
1	166460517	169086323	1176	14	-0.0000152850	0.000000341281
1	169086324	170557775	585	14	0.0001524591	0.000000235198
1	170557776	173097906	963	14	0.0002506642	0.000000359571
1	173097907	175089767	440	14	0.0003078243	0.000000147866
1	175089768	177433380	856	14	0.0001369809	0.000000351753
1	177433381	178944308	535	14	-0.0000089031	0.000000227085
1	178944309	178954469	2	1	0.0000260854	0.000000002889
1	178954470	181144120	801	14	-0.0000181802	0.000000341081
1	181144121	182755355	657	14	-0.0000718639	0.000000327826
1	182755356	184595512	667	14	0.0000501828	0.000000281775
1	184595513	186810022	571	14	0.0000065051	0.000000232518
1	186810023	188759944	679	14	0.0000880455	0.000000286656
1	188759945	189904129	242	14	0.0001213287	0.000000084403
1	189904130	191868929	579	14	0.0002719994	0.000000219611
1	191868930	194107441	632	14	0.0001600875	0.000000276433
1	194107442	196176200	615	14	0.0000163491	0.000000236855
1	196176201	197311513	202	14	0.0002317579	0.000000079465
1	197311514	199239883	533	14	0.0000728778	0.000000244396
1	199239884	200137648	334	14	0.0001633894	0.000000153392
1	200137649	201589974	747	14	0.0000404454	0.000000345113
1	201589975	203334733	645	14	0.0000750371	0.000000347492
1	203334734	204681067	508	14	0.0000845040	0.000000259269
1	204681068	206073264	600	14	0.0004252802	0.000000335227
1	206073265	208410363	683	14	0.0004934266	0.000000376267
1	208410364	210787749	1000	14	0.0000812097	0.000000347917
1	210787750	212842329	729	14	0.0001517262	0.000000352767
1	212842330	214578265	637	14	0.0004358240	0.000000369104
1	214578266	216243633	638	14	0.0000148181	0.000000298524
1	216243634	218705512	1131	14	-0.0000355698	0.000000339886
1	218705513	219590570	306	14	0.0001064048	0.000000134188
1	219590571	221858230	740	14	0.0000240093	0.000000343983
1	221858231	222230219	182	14	0.0000108087	0.000000090774
1	222230220	224938519	578	14	-0.0000748936	0.000000285435
1	224938520	226810859	552	14	0.0000259712	0.000000258996
1	226810860	229156247	768	14	-0.0000559087	0.000000338487
1	229156248	230685254	586	14	0.0001574584	0.000000319182
1	230685255	232090251	621	14	0.0001364728	0.000000323995
1	232090252	233429283	638	14	0.0001358830	0.000000351677
1	233429284	234599433	581	14	0.0001232710	0.000000316835
1	234599434	235819435	409	14	0.0000325648	0.000000215437
1	235819436	237555627	777	14	0.0000338178	0.000000344658
1	237555628	238567806	449	14	0.0003302235	0.000000259047
1	238567807	239925313	517	14	-0.0000311392	0.000000267862
1	239925314	240564090	365	14	0.0001735132	0.000000195944
1	240564091	241582219	545	14	0.0001053414	0.000000335248
1	241582220	242071601	232	14	0.0004561235	0.000000151337
1	242071602	244109498	663	14	0.0001918700	0.000000355528
1	244109499	245506745	548	14	0.0002808089	0.000000329211
1	245506746	247344517	774	14	-0.0000245414	0.000000340644
1	247344518	249239465	423	14	0.0004416220	0.000000243364
2	10133	1781021	701	14	0.0000972947	0.000000349023
2	1781022	3973778	1014	14	0.0000081763	0.000000342894
2	3973779	5708336	650	14	0.0002804234	0.000000361618
2	5708337	6836253	582	14	0.0000386803	0.000000291688
2	6836254	8422146	668	14	0.0001603898	0.000000353363
2	8422147	10298468	702	14	0.0000217435	0.000000343827
2	10298469	12419149	1014	14	-0.0001059217	0.000000335047
2	12419150	14335307	614	14	0.0002732678	0.000000324014
2	14335308	16329734	763	14	0.0000184111	0.000000343598
2	16329735	18647422	891	14	0.0002592113	0.000000360159
2	18647423	19692403	394	14	0.0001833217	0.000000210717
2	19692404	21050489	661	14	0.0000543975	0.000000346073
2	21050490	23341382	637	14	-0.0000025809	0.000000342154
2	23341383	24686917	455	14	0.0004425785	0.000000247761
2	24686918	26894984	580	14	0.0002639809	0.000000304068
2	26894985	28598776	423	14	0.0001020327	0.000000184093
2	28598777	29217558	254	14	-0.0001154815	0.000000113195
2	29217559	30463710	647	14	0.0003225304	0.000000364514
2	30463711	31550449	550	14	-0.0000418886	0.000000315669
2	31550450	33363776	514	14	0.0001946250	0.000000319395
2	33363777	35345027	836	14	0.0002088071	0.000000356692
2	35345028	36122005	297	14	0.0001860916	0.000000154263
2	36122006	38132711	969	14	0.0001881488	0.000000355272
2	38132712	39031336	342	14	0.0002889573	0.000000218633
2	39031337	40281482	315	14	0.0000979761	0.000000178266
2	40281483	43309589	1358	14	0.0002044415	0.000000356392
2	43309590	44313802	410	14	0.0004758637	0.000000262402
2	44313803	46482633	1108	14	0.0001023472	0.000000349371
2	46482634	47318771	434	14	0.0001836671	0.000000292447
2	47318772	48213000	306	14	0.0002111333	0.000000199209
2	48213001	50022256	734	14	0.0001041419	0.000000349494
2	50022257	50818927	352	14	0.0001979057	0.000000196206
2	50818928	52491132	662	14	0.0002863108	0.000000362023
2	52491133	53508451	485	14	0.0001880735	0.000000270091
2	53508452	54685225	455	14	-0.0000429805	0.000000243858
2	54685226	56203344	625	14	0.0002408938	0.000000358899
2	56203345	57429099	440	14	0.0000144568	0.000000243350
2	57429100	58297314	279	14	0.0001856849	0.000000155580
2	58297315	60291999	762	14	0.0001665774	0.000000353788
2	60292000	62429043	608	14	0.0002461281	0.000000359259
2	62429044	64625912	598	14	0.0000886727	0.000000331729
2	64625913	65933443	475	14	0.0000070401	0.000000257700
2	65933444	67226165	561	14	0.0002599372	0.000000303791
2	67226166	68010175	427	14	-0.0000106291	0.000000210332
2	68010176	69139563	492	14	0.0000607112	0.000000238420
2	69139564	70755197	550	14	-0.0000217446	0.000000258723
2	70755198	73174847	821	14	0.0001125186	0.000000350070
2	73174848	75630085	748	14	0.0003898680	0.000000369145
2	75630086	76913660	529	14	0.0001059231	0.000000292465
2	76913661	78079263	406	14	0.0002061835	0.000000250567
2	78079264	80050402	842	14	0.0001124486	0.000000350065
2	80050403	81620840	591	14	0.0003786765	0.000000368375
2	81620841	85140679	910	14	0.0000236812	0.000000299905
2	85140680	88038506	653	14	-0.0000067503	0.000000290108
2	88038507	89154525	251	14	0.0000791759	0.000000115955
2	89154526	95326451	4	2	-0.0000057637	0.000000001880
2	95326452	98995200	435	14	0.0001940770	0.000000209323
2	98995201	101822328	924	14	-0.0000488608	0.000000338971
2	101822329	102688764	270	14	-0.0000241136	0.000000112201
2	102688765	103588214	416	14	0.0001101837	0.000000150448
2	103588215	105125033	311	14	0.0000628402	0.000000149248
2	105125034	106210057	415	14	-0.0000129903	0.000000208020
2	106210058	107408266	454	14	0.0000784135	0.000000221449
2	107408267	108429176	365	14	-0.0000335969	0.000000140002
2	108429177	110572431	546	14	0.0001796117	0.000000262798
2	110572432	113921855	824	14	0.0002029130	0.000000356287
2	113921856	116772469	781	14	-0.0000963439	0.000000335706
2	116772470	118367465	407	14	0.0001613167	0.000000169514
2	118367466	121303782	1019	14	0.0002269684	0.000000357942
2	121303783	123302905	603	14	0.0001159686	0.000000320239
2	123302906	124732249	444	14	0.0001781953	0.000000183729
2	124732250	125840920	397	14	0.0002194133	0.000000194876
2	125840921	127373763	422	14	0.0001954895	0.000000168429
2	127373764	128034346	300	14	0.0000594331	0.000000146998
2	128034347	129474440	442	14	-0.0000660925	0.000000196545
2	129474441	130067169	235	14	0.0001388104	0.000000103263
2	130067170	130658084	213	14	0.0000461846	0.000000095077
2	130658085	133042783	228	14	0.0000760556	0.000000113797
2	133042784	135158577	936	14	0.0000376916	0.000000344924
2	135158578	137042793	470	14	0.0001456343	0.000000191246
2	137042794	138698116	623	14	0.0000230503	0.000000297544
2	138698117	140100270	448	14	-0.0001268723	0.000000151954
2	140100271	141805350	586	14	0.0001889034	0.000000298920
2	141805351	142518601	305	14	0.0002306003	0.000000170136
2	142518602	144519483	674	14	0.0000476370	0.000000326542
2	144519484	146445569	459	14	0.0003812080	0.000000245742
2	146445570	147277161	157	14	-0.0000477471	0.000000066741
2	147277162	150210291	678	14	0.0002669260	0.000000310416
2	150210292	151731461	483	14	-0.0000963662	0.000000218198
2	151731462	152486781	294	14	0.0001434090	0.000000130768
2	152486782	154005055	509	14	0.0001255874	0.000000245057
2	154005056	155391134	500	14	0.0000458101	0.000000251415
2	155391135	157560634	574	14	0.0003749474	0.000000291901
2	157560635	158533217	173	14	0.0002564189	0.000000111870
2	158533218	159577081	346	14	0.0000743738	0.000000170451
2	159577082	161769732	739	14	0.0000317335	0.000000334947
2	161769733	163503550	399	14	0.0002070946	0.000000163785
2	163503551	164466637	201	14	0.0000213632	0.000000093395
2	164466638	165178839	185	14	0.0000960607	0.000000090224
2	165178840	167160269	654	14	0.0002301407	0.000000314844
2	167160270	167355969	73	10	-0.0000144814	0.000000030257
2	167355970	169968235	865	14	0.0017233610	0.000000460855
2	169968236	171226244	506	14	-0.0000219210	0.000000239387
2	171226245	173138904	598	14	0.0001078306	0.000000332256
2	173138905	175588928	862	14	0.0001329735	0.000000351477
2	175588929	177363635	554	14	-0.0000942108	0.000000252265
2	177363636	178553182	480	14	0.0003492447	0.000000227019
2	178553183	181312738	1028	14	0.0000720866	0.000000347290
2	181312739	182266030	310	14	0.0001920467	0.000000142653
2	182266031	184357607	635	14	0.0000676313	0.000000314576
2	184357608	185280172	240	14	0.0002956258	0.000000122869
2	185280173	189882064	985	14	0.0000939425	0.000000348793
2	189882065	191973356	518	14	0.0001800196	0.000000245843
2	191973357	195861163	730	14	0.0001817139	0.000000354829
2	195861164	196447455	160	14	-0.0000277400	0.000000068714
2	196447456	198078109	459	14	0.0001509167	0.000000186032
2	198078110	199311124	316	14	-0.0000075014	0.000000108130
2	199311125	201576283	647	14	0.0000141891	0.000000305455
2	201576284	202818636	325	14	0.0000436046	0.000000153344
2	202818637	205799240	769	14	0.0000241354	0.000000343992
2	205799241	206735703	415	14	0.0002132097	0.000000253255
2	206735704	208645398	679	14	0.0001737269	0.000000354280
2	208645399	209941528	350	14	0.0001133642	0.000000174482
2	209941529	212379517	761	14	0.0000902172	0.000000348536
2	212379518	214014281	647	14	0.0000551203	0.000000346123
2	214014282	215573794	454	14	-0.0000621852	0.000000221260
2	215573795	217715660	842	14	0.0001971736	0.000000355892
2	217715661	218395479	289	14	0.0001283780	0.000000155727
2	218395480	220454550	612	14	0.0001124286	0.000000287565
2	220454551	222521175	883	14	0.0001792823	0.000000354662
2	222521176	224859418	816	14	0.0000321060	0.000000344540
2	224859419	225840003	370	14	0.0001725685	0.000000158057
2	225840004	228119841	757	14	-0.0000956541	0.000000320644
2	228119842	229370786	470	14	0.0001055455	0.000000214678
2	229370787	231843388	965	14	0.0002350986	0.000000358501
2	231843389	233550002	490	14	0.0002427351	0.000000253801
2	233550003	235150986	813	14	0.0001156386	0.000000350285
2	235150987	236043549	437	14	-0.0000781620	0.000000252615
2	236043550	237449031	491	14	0.0000976013	0.000000262404
2	237449032	238760980	557	14	0.0000822084	0.000000300059
2	238760981	239952642	437	14	0.0001500916	0.000000233583
2	239952643	241560083	692	14	0.0000345641	0.000000344709
2	241560084	242149920	233	14	0.0000348666	0.000000111004
2	242149921	243188919	136	14	0.0002292609	0.000000076222
3	60157	1441778	640	14	0.0002017435	0.000000356207
3	1441779	2992119	944	14	0.0002084018	0.000000356665
3	2992120	4431646	801	14	0.0001236978	0.000000350839
3	4431647	6083182	819	14	0.0000162016	0.000000343446
3	6083183	7083386	447	14	0.0000375405	0.000000263532
3	7083387	8648560	899	14	0.0005965868	0.000000383362
3	8648561	9543182	509	14	0.0000613066	0.000000296314
3	9543183	11019664	636	14	0.0000889415	0.000000348449
3	11019665	13070798	771	14	0.0003734007	0.000000368012
3	13070799	14816899	828	14	0.0004190358	0.000000371151
3	14816900	16282441	547	14	0.0000924126	0.000000263544
3	16282442	17891117	516	14	0.0000030807	0.000000247750
3	17891118	19125143	356	14	0.0001305785	0.000000179103
3	19125144	20091347	205	14	0.0003740157	0.000000130766
3	20091348	21643706	655	14	0.0002287695	0.000000358065
3	21643707	22204243	399	14	0.0000651718	0.000000218383
3	22204244	23804864	554	14	0.0000752905	0.000000306543
3	23804865	25461557	778	14	0.0002028101	0.000000356280
3	25461558	26877768	486	14	0.0000504479	0.000000235522
3	26877769	27840909	279	14	0.0000797200	0.000000143014
3	27840910	29142259	458	14	0.0001931649	0.000000263726
3	29142260	30717954	712	14	0.0001896164	0.000000355373
3	30717955	32351714	678	14	0.0001445934	0.000000352276
3	32351715	33255591	287	14	0.0001424007	0.000000170964
3	33255592	35283457	602	14	-0.0000107421	0.000000279885
3	35283458	36486841	423	14	0.0000996983	0.000000214279
3	36486842	38356115	614	14	-0.0000489216	0.000000291064
3	38356116	40221297	684	14	0.0001975974	0.000000321937
3	40221298	41064527	157	14	0.0001026208	0.000000075054
3	41064528	42540001	468	14	0.0002345105	0.000000240804
3	42540002	45165152	720	14	0.0001985195	0.000000342443
3	45165153	46657499	567	14	0.0001184979	0.000000262341
3	46657500	47727211	180	14	0.0001876609	0.000000085151
3	47727212	49316971	258	14	0.0002608048	0.000000083280
3	49316972	51832014	445	14	0.0006973406	0.000000155285
3	51832015	54081389	628	14	0.0000808522	0.000000296885
3	54081390	55348859	688	14	0.0001203689	0.000000350610
3	55348860	56433906	382	14	0.0001788577	0.000000208994
3	56433907	58157518	563	14	0.0000346570	0.000000256603
3	58157519	60272905	1014	14	0.0000987843	0.000000349126
3	60272906	62355665	1022	14	0.0000694363	0.000000347107
3	62355666	63669285	697	14	0.0000076372	0.000000342857
3	63669286	65273537	789	14	0.0000839255	0.000000348104
3	65273538	66270446	352	14	0.0000721048	0.000000215262
3	66270447	68286913	678	14	-0.0000123825	0.000000341480
3	68286914	69276761	378	14	0.0000779007	0.000000214224
3	69276762	70449027	413	14	0.0001930102	0.000000239424
3	70449028	72529328	816	14	0.0000975915	0.000000349044
3	72529329	74321816	738	14	0.0001627177	0.000000353523
3	74321817	75704948	279	14	0.0000966690	0.000000137502
3	75704949	77508834	515	14	-0.0000300280	0.000000263414
3	77508835	79024540	428	14	0.0001461359	0.000000221752
3	79024541	81427309	501	14	0.0002214384	0.000000195713
3	81427310	82643885	303	14	0.0002059811	0.000000130425
3	82643886	84367478	334	14	-0.0000494944	0.000000136240
3	84367479	85582230	263	14	0.0000086492	0.000000105346
3	85582231	87409731	462	14	0.0000506274	0.000000192482
3	87409732	88298372	194	14	0.0002982669	0.000000090147
3	88298373	94255315	481	14	0.0001727423	0.000000219980
3	94255316	95311970	225	14	0.0000984510	0.000000087240
3	95311971	98215949	587	14	0.0003077350	0.000000257510
3	98215950	99373761	341	14	0.0004675362	0.000000168697
3	99373762	100592216	340	14	0.0002162634	0.000000140326
3	100592217	103084959	683	14	0.0000432542	0.000000295076
3	103084960	104581612	434	14	0.0001079649	0.000000188679
3	104581613	106982810	739	14	-0.0001737262	0.000000330384
3	106982811	109522394	788	14	0.0001610657	0.000000353409
3	109522395	110513769	262	14	-0.0000388842	0.000000086774
3	110513770	112815698	724	14	0.0000719472	0.000000334537
3	112815699	113947862	382	14	0.0001937671	0.000000178579
3	113947863	115447079	412	14	0.0001492668	0.000000234253
3	115447080	116800152	549	14	-0.0000767141	0.000000257961
3	116800153	118530250	599	14	0.0000081344	0.000000315182
3	118530251	120523054	707	14	0.0002544374	0.000000311873
3	120523055	121974096	400	14	-0.0000737640	0.000000123276
3	121974097	123517767	537	14	0.0002901446	0.000000268874
3	123517768	124936641	642	14	0.0000785185	0.000000319232
3	124936642	126214942	402	14	0.0002789983	0.000000196844
3	126214943	128194860	692	14	-0.0000167537	0.000000333204
3	128194861	130244734	454	14	0.0001749234	0.000000209435
3	130244735	131836515	563	14	0.0002128206	0.000000251756
3	131836516	133252172	526	14	0.0000740332	0.000000232752
3	133252173	135456905	896	14	0.0001567692	0.000000353114
3	135456906	137371082	458	14	-0.0000122272	0.000000179094
3	137371083	139954596	862	14	0.0001466925	0.000000352421
3	139954597	141339096	493	14	0.0001294287	0.000000263089
3	141339097	143164627	644	14	0.0000688431	0.000000333531
3	143164628	144410815	402	14	0.0003680727	0.000000210607
3	144410816	145664618	366	14	0.0000505490	0.000000147739
3	145664619	146726628	346	14	0.0002126852	0.000000169599
3	146726629	149043236	709	14	0.0000190216	0.000000343640
3	149043237	150252003	440	14	0.0001749052	0.000000243296
3	150252004	151348729	383	14	-0.0000261861	0.000000192179
3	151348730	153256570	585	14	0.0004207218	0.000000311751
3	153256571	154714217	421	14	0.0000844912	0.000000163604
3	154714218	156008699	344	14	0.0000988067	0.000000172115
3	156008700	157312027	464	14	-0.0000823074	0.000000189059
3	157312028	159477889	663	14	-0.0000427970	0.000000257282
3	159477890	161524503	578	14	0.0002376523	0.000000230159
3	161524504	163253204	497	14	-0.0000373157	0.000000191420
3	163253205	165055468	451	14	0.0001413572	0.000000152567
3	165055469	167117428	466	14	0.0002124838	0.000000202812
3	167117429	168580959	379	14	0.0000351741	0.000000156163
3	168580960	170964908	737	14	0.0004544394	0.000000373586
3	170964909	172295730	531	14	0.0004149008	0.000000318255
3	172295731	173477284	394	14	0.0000403632	0.000000213813
3	173477285	175116538	620	14	0.0002510328	0.000000359597
3	175116539	176320286	354	14	0.0002178358	0.000000169949
3	176320287	178107164	563	14	0.0001968841	0.000000306383
3	178107165	179374585	400	14	0.0000432924	0.000000182180
3	179374586	181511165	481	14	0.0001646822	0.000000238946
3	181511166	183769682	689	14	-0.0000494551	0.000000326986
3	183769683	185068254	426	14	0.0000135462	0.000000232999
3	185068255	186890343	686	14	0.0003239709	0.000000364613
3	186890344	188856213	826	14	0.0000091667	0.000000342962
3	188856214	190226606	638	14	-0.0000934033	0.000000335908
3	190226607	192343813	786	14	-0.0000829970	0.000000336624
3	192343814	194059670	567	14	-0.0000883596	0.000000314049
3	194059671	194786673	300	14	0.0000507517	0.000000165411
3	194786674	195971407	249	14	0.0002792382	0.000000151233
3	195971408	197075986	308	14	0.0004587500	0.000000190437
3	197075987	197946621	192	14	0.0001168004	0.000000104966
4	10240	694714	109	13	0.0002307154	0.000000070207
4	694715	1478710	229	14	0.0001147426	0.000000116421
4	1478711	2842978	291	14	0.0003334550	0.000000174413
4	2842979	3846039	277	14	-0.0001111081	0.000000144177
4	3846040	4684115	242	14	0.0000187177	0.000000133536
4	4684116	5502387	405	14	-0.0001194677	0.000000231243
4	5502388	6773042	716	14	0.0002583513	0.000000360100
4	6773043	7539691	426	14	0.0002815187	0.000000283996
4	7539692	8152234	369	14	0.0001756504	0.000000234603
4	8152235	9326478	252	14	0.0001064160	0.000000145497
4	9326479	10699151	528	14	-0.0000586621	0.000000218597
4	10699152	12323033	684	14	0.0000535816	0.000000346017
4	12323034	14272000	737	14	0.0001392203	0.000000351907
4	14272001	15147445	389	14	-0.0000800550	0.000000197016
4	15147446	15927008	261	14	-0.0000095806	0.000000128959
4	15927009	17383321	701	14	0.0000022604	0.000000342487
4	17383322	18841873	434	14	0.0001744332	0.000000215805
4	18841874	20544556	494	14	-0.0000275268	0.000000207028
4	20544557	22319346	689	14	0.0001077164	0.000000349740
4	22319347	24135528	625	14	0.0001529205	0.000000327478
4	24135529	25609321	623	14	-0.0000169525	0.000000341166
4	25609322	27343721	585	14	-0.0000425576	0.000000336209
4	27343722	27965867	209	14	-0.0000183440	0.000000103516
4	27965868	29762207	546	14	0.0002639640	0.000000276784
4	29762208	30454534	163	14	0.0003509331	0.000000094331
4	30454535	31782980	428	14	0.0000951000	0.000000219706
4	31782981	33172765	331	14	0.0000392963	0.000000164632
4	33172766	35151414	373	14	0.0002594127	0.000000149886
4	35151415	36020435	281	14	0.0002125929	0.000000125005
4	36020436	37255046	448	14	0.0002923001	0.000000208957
4	37255047	38907021	819	14	0.0001203783	0.000000350611
4	38907022	40202608	406	14	0.0000098238	0.000000180596
4	40202609	42213057	735	14	0.0001142923	0.000000350192
4	42213058	43965044	547	14	0.0001485734	0.000000262908
4	43965045	45189156	352	14	0.0002166406	0.000000150313
4	45189157	47411895	474	14	0.0002157186	0.000000214348
4	47411896	48123599	230	14	-0.0000143323	0.000000085904
4	48123600	53877432	500	14	0.0001343282	0.000000212355
4	53877433	55429555	548	14	0.0000391378	0.000000264392
4	55429556	56547643	386	14	0.0000748894	0.000000192027
4	56547644	58935007	912	14	0.0001413610	0.000000352054
4	58935008	60741086	480	14	0.0000545377	0.000000209052
4	60741087	62371762	443	14	0.0002853855	0.000000219100
4	62371763	64341000	456	14	0.0001113485	0.000000227311
4	64341001	66600491	531	14	0.0002111442	0.000000238480
4	66600492	68059496	409	14	0.0001266270	0.000000180909
4	68059497	68854764	256	14	-0.0000342376	0.000000099218
4	68854765	71049151	547	14	0.0001272236	0.000000196297
4	71049152	72140557	233	14	-0.0000026141	0.000000092407
4	72140558	74592389	522	14	0.0002793271	0.000000243138
4	74592390	77130706	755	14	0.0001916377	0.000000335646
4	77130707	79093978	765	14	0.0001754161	0.000000354396
4	79093979	80990296	582	14	-0.0000427719	0.000000224042
4	80990297	82125314	255	14	0.0002949963	0.000000135158
4	82125315	83372592	395	14	0.0000024607	0.000000185687
4	83372593	84799655	501	14	0.0002048598	0.000000244612
4	84799656	86930608	636	14	0.0001091703	0.000000276718
4	86930609	87534647	139	14	-0.0000076133	0.000000057150
4	87534648	89238027	587	14	0.0000708375	0.000000283191
4	89238028	90231563	339	14	-0.0000068736	0.000000160805
4	90231564	91560676	361	14	0.0000794273	0.000000156458
4	91560677	94233298	598	14	-0.0000135409	0.000000301223
4	94233299	96182187	629	14	0.0000240669	0.000000330454
4	96182188	97540702	513	14	0.0002164606	0.000000269045
4	97540703	99424066	417	14	0.0001248267	0.000000154811
4	99424067	100678359	437	14	0.0002836281	0.000000210480
4	100678360	103221355	833	14	0.0000384739	0.000000344978
4	103221356	105305293	506	14	0.0000246219	0.000000209871
4	105305294	107501304	603	14	0.0002832555	0.000000273617
4	107501305	108815347	369	14	0.0001486314	0.000000165241
4	108815348	111256566	806	14	0.0002577530	0.000000360059
4	111256567	113870101	743	14	0.0003284292	0.000000364919
4	113870102	115666245	631	14	0.0001071369	0.000000343313
4	115666246	117276928	354	14	0.0002492371	0.000000148530
4	117276929	118479917	351	14	-0.0000006754	0.000000153045
4	118479918	119933511	430	14	0.0003783098	0.000000198049
4	119933512	120392683	156	14	-0.0000271895	0.000000056438
4	120392684	122657986	749	14	0.0005544803	0.000000380466
4	122657987	124286480	392	14	0.0000098899	0.000000153763
4	124286481	125210861	273	14	0.0001078400	0.000000132304
4	125210862	126480885	405	14	0.0002006859	0.000000208358
4	126480886	127275476	236	14	0.0003069908	0.000000130759
4	127275477	127830292	170	14	0.0001506791	0.000000090148
4	127830293	128996664	199	14	-0.0001041607	0.000000078558
4	128996665	130591884	456	14	-0.0000800734	0.000000202010
4	130591885	131283820	190	14	0.0001748239	0.000000103156
4	131283821	132954032	368	14	0.0000094203	0.000000181964
4	132954033	134628433	389	14	0.0003562642	0.000000187577
4	134628434	136566406	441	14	-0.0000346615	0.000000183858
4	136566407	138541970	537	14	0.0004643117	0.000000301044
4	138541971	139556510	360	14	0.0004135018	0.000000210898
4	139556511	141084630	525	14	-0.0000020109	0.000000287363
4	141084631	143443264	744	14	-0.0000572922	0.000000338392
4	143443265	146178186	534	14	0.0006693461	0.000000248146
4	146178187	148521872	646	14	0.0000471928	0.000000316299
4	148521873	150683579	555	14	0.0000906768	0.000000264173
4	150683580	152782183	536	14	0.0001693134	0.000000198463
4	152782184	154477640	522	14	-0.0000133444	0.000000289656
4	154477641	155056125	213	14	0.0001650115	0.000000112726
4	155056126	157485096	851	14	-0.0000338754	0.000000340002
4	157485097	158743717	340	14	0.0001363276	0.000000171235
4	158743718	161058863	543	14	0.0000535090	0.000000232808
4	161058864	161826434	270	14	0.0001403861	0.000000149815
4	161826435	163243678	461	14	0.0001571032	0.000000226101
4	163243679	164478233	343	14	0.0000274041	0.000000163822
4	164478234	165823447	439	14	-0.0000372300	0.000000231725
4	165823448	167018857	379	14	0.0000767242	0.000000209138
4	167018858	167852916	190	14	-0.0000485096	0.000000080435
4	167852917	169676824	607	14	0.0001147321	0.000000325641
4	169676825	170776509	331	14	-0.0001071305	0.000000147842
4	170776510	172558634	434	14	0.0002234746	0.000000218438
4	172558635	174264131	408	14	0.0000639973	0.000000189181
4	174264132	176570715	654	14	0.0002182571	0.000000357342
4	176570716	178991909	855	14	0.0000193917	0.000000343665
4	178991910	180122042	340	14	0.0002194807	0.000000192790
4	180122043	182066806	848	14	0.0000638780	0.000000346725
4	182066807	183371274	738	14	0.0000349835	0.000000344738
4	183371275	184929454	615	14	0.0000435330	0.000000345326
4	184929455	186909089	911	14	0.0003027146	0.000000363151
4	186909090	188472980	634	14	0.0001701869	0.000000354036
4	188472981	189693510	432	14	0.0000850847	0.000000255587
4	189693511	191043593	329	14	0.0000697898	0.000000172204
5	11940	982251	238	14	0.0001598910	0.000000120781
5	982252	2132441	479	14	0.0004901678	0.000000329588
5	2132442	3361940	817	14	-0.0000631935	0.000000337986
5	3361941	4632109	550	14	0.0000724595	0.000000284063
5	4632110	5973232	712	14	0.0002047605	0.000000356414
5	5973233	7143217	596	14	0.0001676524	0.000000323787
5	7143218	8446335	607	14	0.0001040047	0.000000303869
5	8446336	9718831	620	14	0.0001393309	0.000000315600
5	9718832	11173270	760	14	-0.0000346527	0.000000339949
5	11173271	13464831	606	14	-0.0001032472	0.000000292743
5	13464832	14757803	608	14	-0.0000461682	0.000000297434
5	14757804	16963612	774	14	0.0000622679	0.000000346614
5	16963613	18051591	282	14	0.0000889013	0.000000155071
5	18051592	19917715	560	14	-0.0000375400	0.000000242010
5	19917716	22152072	459	14	0.0000281711	0.000000201554
5	22152073	23494323	413	14	0.0000412611	0.000000179257
5	23494324	26184850	679	14	0.0000692145	0.000000337523
5	26184851	26857603	155	14	0.0000408228	0.000000073353
5	26857604	27984512	233	14	0.0001614285	0.000000120236
5	27984513	29714819	417	14	0.0002097901	0.000000188653
5	29714820	31390248	588	14	0.0001009417	0.000000281454
5	31390249	33500179	845	14	0.0001770167	0.000000354506
5	33500180	35048969	574	14	0.0001051638	0.000000309369
5	35048970	36433953	488	14	-0.0000420733	0.000000212501
5	36433954	38802409	775	14	0.0001423479	0.000000352122
5	38802410	40287728	546	14	-0.0000469725	0.000000220121
5	40287729	41888709	550	14	0.0002140391	0.000000209268
5	41888710	43983498	417	14	0.0003984583	0.000000186334
5	43983499	50163397	428	14	0.0001696098	0.000000158531
5	50163398	52134621	570	14	-0.0000345731	0.000000259345
5	52134622	53703043	621	14	0.0002966212	0.000000328735
5	53703044	55417348	615	14	0.0002971892	0.000000294141
5	55417349	56621101	510	14	0.0000855847	0.000000254136
5	56621102	57340072	273	14	0.0004009141	0.000000142998
5	57340073	58524621	554	14	0.0002180443	0.000000273640
5	58524622	60935906	694	14	0.0001090523	0.000000321329
5	60935907	61672994	272	14	0.0001215754	0.000000125352
5	61672995	63218986	492	14	0.0003496112	0.000000220640
5	63218987	63968303	177	14	0.0002190659	0.000000091018
5	63968304	65911285	627	14	-0.0001039853	0.000000268172
5	65911286	67850859	796	14	0.0000756872	0.000000347537
5	67850860	71240455	457	14	0.0000372956	0.000000210736
5	71240456	73759325	995	14	-0.0000537398	0.000000338636
5	73759326	75798865	705	14	0.0000624370	0.000000344227
5	75798866	77623331	737	14	0.0001009502	0.000000349275
5	77623332	79393143	663	14	0.0001802560	0.000000354729
5	79393144	80481470	457	14	0.0001436454	0.000000246292
5	80481471	82025647	507	14	-0.0000025553	0.000000268310
5	82025648	83972688	543	14	0.0001398181	0.000000317971
5	83972689	85767289	522	14	-0.0000947485	0.000000229993
5	85767290	87389990	274	14	0.0003231171	0.000000152883
5	87389991	88891529	308	14	0.0003592936	0.000000153349
5	88891530	90422653	433	14	-0.0000255758	0.000000186584
5	90422654	91840541	273	14	0.0000550727	0.000000128721
5	91840542	93809983	415	14	0.0000923154	0.000000180652
5	93809984	95963518	713	14	0.0000476133	0.000000345606
5	95963519	97315600	418	14	0.0000505661	0.000000173655
5	97315601	99260991	505	14	0.0003208558	0.000000243070
5	99260992	101578768	517	14	0.0001695626	0.000000230563
5	101578769	103320004	490	14	-0.0000695659	0.000000204158
5	103320005	104851482	419	14	0.0000814326	0.000000208746
5	104851483	105893054	175	14	0.0002504636	0.000000111467
5	105893055	107264195	560	14	0.0000875392	0.000000339578
5	107264196	108633933	388	14	0.0000866283	0.000000201995
5	108633934	110821143	649	14	0.0001903894	0.000000329267
5	110821144	111981561	423	14	0.0000812379	0.000000235433
5	111981562	113396284	548	14	0.0003862613	0.000000301763
5	113396285	114830369	535	14	0.0003155437	0.000000275826
5	114830370	115831046	435	14	0.0002208146	0.000000235512
5	115831047	117346212	553	14	0.0002087467	0.000000335245
5	117346213	118608819	379	14	0.0002376741	0.000000221549
5	118608820	119669041	342	14	0.0001081670	0.000000180345
5	119669042	120452165	239	14	0.0002236317	0.000000135556
5	120452166	122556904	669	14	0.0002809325	0.000000361653
5	122556905	123798099	448	14	0.0000585285	0.000000234611
5	123798100	125785648	840	14	0.0000068042	0.000000342800
5	125785649	127344603	440	14	0.0000033940	0.000000204135
5	127344604	129519024	676	14	0.0000854068	0.000000291825
5	129519025	132139648	617	14	-0.0000519266	0.000000213270
5	132139649	134777400	918	14	0.0000844742	0.000000348142
5	134777401	136376049	601	14	0.0001204076	0.000000272963
5	136376050	139265071	705	14	0.0001503114	0.000000302418
5	139265072	140645970	358	14	0.0002282902	0.000000146443
5	140645971	142981247	943	14	0.0002394724	0.000000358801
5	142981248	144943353	638	14	-0.0000051422	0.000000285616
5	144943354	147181997	752	14	0.0000483708	0.000000345659
5	147181998	148662623	567	14	0.0000729273	0.000000274991
5	148662624	150561297	865	14	-0.0000274133	0.000000340446
5	150561298	152867773	863	14	0.0001372225	0.000000350969
5	152867774	153773087	432	14	-0.0000473167	0.000000169064
5	153773088	155373504	564	14	0.0002146125	0.000000293044
5	155373505	156628699	386	14	0.0002083835	0.000000187170
5	156628700	158825697	885	14	0.0001925283	0.000000355573
5	158825698	159973943	427	14	0.0000067735	0.000000228885
5	159973944	161482132	536	14	0.0001414078	0.000000238815
5	161482133	162743907	365	14	-0.0000560563	0.000000172628
5	162743908	163771581	389	14	0.0002300215	0.000000211775
5	163771582	165642394	559	14	0.0001501776	0.000000332009
5	165642395	166847739	421	14	-0.0000442449	0.000000252696
5	166847740	168525317	782	14	-0.0000041918	0.000000342044
5	168525318	169505663	488	14	0.0001347400	0.000000276205
5	169505664	171074291	664	14	0.0000356154	0.000000344781
5	171074292	172678326	693	14	0.0000149829	0.000000343362
5	172678327	173642870	505	14	0.0001710610	0.000000280957
5	173642871	175450594	829	14	-0.0000040319	0.000000342055
5	175450595	177251506	355	14	-0.0000801482	0.000000161996
5	177251507	178413463	447	14	0.0000878537	0.000000264728
5	178413464	179401243	367	14	0.0003001425	0.000000225097
5	179401244	180559932	354	14	0.0000835030	0.000000190510
5	180559933	180885155	42	9	0.0002662698	0.000000039208
6	73924	1452361	696	14	0.0002375481	0.000000358669
6	1452362	2458935	444	14	0.0004054195	0.000000262718
6	2458936	3573592	602	14	0.0002442175	0.000000355130
6	3573593	4617816	534	14	0.0001457529	0.000000292138
6	4617817	5791471	612	14	0.0000090024	0.000000342951
6	5791472	6785206	610	14	-0.0000287759	0.000000340353
6	6785207	7808935	524	14	0.0001418913	0.000000301841
6	7808936	9020025	510	14	0.0001031995	0.000000248681
6	9020026	10540316	625	14	-0.0000004091	0.000000338309
6	10540317	11790815	573	14	0.0003713169	0.000000337771
6	11790816	13209387	607	14	0.0002362615	0.000000329281
6	13209388	14802923	705	14	0.0001339303	0.000000351543
6	14802924	17386404	1010	14	-0.0000054254	0.000000341959
6	17386405	19207486	660	14	0.0000227346	0.000000284469
6	19207487	21684064	1042	14	0.0002962777	0.000000362708
6	21684065	22748306	526	14	0.0001157656	0.000000301590
6	22748307	23936618	498	14	0.0000607116	0.000000290131
6	23936619	24852274	408	14	0.0000912526	0.000000241975
6	24852275	25684586	460	14	0.0008638429	0.000000287452
6	25684587	26791232	494	14	0.0007488675	0.000000212924
6	26791233	28017818	285	14	0.0003766712	0.000000121937
6	28017819	28917607	320	14	0.0006155403	0.000000129831
6	28917608	29737970	532	14	0.0005345574	0.000000195595
6	29737971	30798167	918	14	0.0002989987	0.000000237234
6	30798168	31571217	816	14	0.0004570567	0.000000266248
6	31571218	32682663	709	14	0.0004309323	0.000000262260
6	32682664	33236496	640	14	0.0002786988	0.000000240190
6	33236497	35455755	763	14	0.0005390371	0.000000379404
6	35455756	37572595	837	14	0.0004837188	0.000000375599
6	37572596	39295676	772	14	0.0001886042	0.000000355303
6	39295677	40345114	416	14	0.0002188500	0.000000218122
6	40345115	42038720	739	14	-0.0000517499	0.000000338773
6	42038721	43756168	460	14	0.0002522308	0.000000245658
6	43756169	45406562	598	14	0.0000828625	0.000000328173
6	45406563	47311897	782	14	0.0003648833	0.000000367427
6	47311898	48391124	366	14	0.0001196868	0.000000147738
6	48391125	50386144	511	14	0.0001974079	0.000000191286
6	50386145	52210475	643	14	-0.0000563113	0.000000280578
6	52210476	53279101	444	14	0.0000146306	0.000000204901
6	53279102	55468269	878	14	0.0000221422	0.000000343055
6	55468270	56105312	217	14	0.0000120943	0.000000073272
6	56105313	57599464	377	14	0.0001932841	0.000000169642
6	57599465	61880511	133	10	0.0002273367	0.000000053699
6	61880512	63552887	347	14	0.0001034215	0.000000120202
6	63552888	65765741	457	14	0.0000173956	0.000000184604
6	65765742	67329214	503	14	-0.0000466389	0.000000218693
6	67329215	68849482	475	14	0.0004363008	0.000000229395
6	68849483	69523447	224	14	0.0000752590	0.000000100233
6	69523448	71609509	758	14	0.0003051550	0.000000342656
6	71609510	73450096	650	14	0.0002641556	0.000000321056
6	73450097	75462002	598	14	0.0001020590	0.000000268700
6	75462003	77414880	457	14	0.0003643758	0.000000206850
6	77414881	78957727	499	14	0.0001250050	0.000000178724
6	78957728	80691169	598	14	0.0001296235	0.000000283419
6	80691170	81929221	385	14	0.0000187711	0.000000124280
6	81929222	83127148	358	14	0.0003897010	0.000000185054
6	83127149	85209988	574	14	0.0001237950	0.000000249351
6	85209989	87069499	613	14	0.0002869738	0.000000247302
6	87069500	88822139	562	14	-0.0001019947	0.000000224371
6	88822140	89973051	439	14	0.0000332608	0.000000221254
6	89973052	91843195	754	14	0.0000991990	0.000000349154
6	91843196	93428643	473	14	0.0001646437	0.000000243327
6	93428644	94118141	295	14	0.0001280645	0.000000133677
6	94118142	94441174	86	8	-0.0000780827	0.000000024198
6	94441175	97093510	633	14	0.0002078600	0.000000297159
6	97093511	97842283	240	14	0.0000625413	0.000000099372
6	97842284	100630145	814	14	0.0001282896	0.000000351155
6	100630146	102636771	504	14	0.0001948762	0.000000249059
6	102636772	103983394	344	14	0.0003828039	0.000000166290
6	103983395	106056732	678	14	0.0003605984	0.000000340956
6	106056733	107450305	639	14	0.0001273782	0.000000351092
6	107450306	108464379	359	14	-0.0000410820	0.000000177128
6	108464380	110304246	555	14	0.0008076047	0.000000283609
6	110304247	112345013	628	14	0.0002583033	0.000000317551
6	112345014	114220832	648	14	0.0002083323	0.000000299486
6	114220833	116131395	508	14	0.0000419548	0.000000197533
6	116131396	117672971	480	14	0.0001107711	0.000000205059
6	117672972	118963114	388	14	-0.0000134156	0.000000158991
6	118963115	119963277	331	14	-0.0000751581	0.000000137849
6	119963278	120512127	170	14	-0.0000092100	0.000000065637
6	120512128	121905675	386	14	0.0000786526	0.000000147632
6	121905676	123856180	620	14	0.0002232038	0.000000268015
6	123856181	125424382	611	14	0.0000252986	0.000000344072
6	125424383	127540460	469	14	0.0003936911	0.000000237933
6	127540461	129861030	620	14	0.0002647505	0.000000312580
6	129861031	130935453	499	14	0.0002265167	0.000000271975
6	130935454	132765668	615	14	-0.0000677523	0.000000295953
6	132765669	134244242	606	14	0.0000969260	0.000000297987
6	134244243	136224176	597	14	0.0003711694	0.000000363859
6	136224177	137614217	353	14	0.0001942632	0.000000198760
6	137614218	138822628	484	14	0.0001151583	0.000000254676
6	138822629	139845435	397	14	0.0002196545	0.000000228210
6	139845436	142288478	543	14	-0.0000392642	0.000000239676
6	142288479	145319809	1057	14	0.0001085109	0.000000349795
6	145319810	146665423	319	14	0.0003080652	0.000000126294
6	146665424	148920351	938	14	0.0000224578	0.000000343876
6	148920352	150253403	529	14	-0.0000000184	0.000000242360
6	150253404	151912702	904	14	0.0000720460	0.000000347287
6	151912703	153094495	581	14	0.0001857413	0.000000300237
6	153094496	154974119	817	14	0.0001305715	0.000000351312
6	154974120	156763325	753	14	0.0001088695	0.000000349819
6	156763326	158218718	422	14	0.0001206379	0.000000235936
6	158218719	160580496	1052	14	-0.0000644797	0.000000337897
6	160580497	162169563	779	14	0.0000140514	0.000000343298
6	162169564	162931202	387	14	0.0000364283	0.000000218582
6	162931203	164383520	692	14	0.0003178301	0.000000364190
6	164383521	165586863	552	14	-0.0001545960	0.000000257896
6	165586864	167024732	829	14	0.0001363636	0.000000351710
6	167024733	168042834	431	14	0.0002972465	0.000000239283
6	168042835	169382049	632	14	0.0000265267	0.000000329040
6	169382050	170330172	409	14	0.0000782869	0.000000186657
6	170330173	171051269	244	14	0.0000387381	0.000000120384
7	16161	972751	100	14	0.0002944869	0.000000073907
7	972752	1353066	113	14	0.0000034213	0.000000059118
7	1353067	2062397	152	14	-0.0000247919	0.000000082041
7	2062398	2772226	235	14	0.0003555108	0.000000154419
7	2772227	4573427	879	14	0.0001075630	0.000000349729
7	4573428	5416231	219	14	0.0000207177	0.000000133008
7	5416232	5854525	105	14	-0.0000830729	0.000000051440
7	5854526	6573856	142	14	0.0003293799	0.000000099735
7	6573857	7808751	433	14	0.0000298420	0.000000248840
7	7808752	9123422	756	14	0.0001295767	0.000000351243
7	9123423	9987498	372	14	0.0001698486	0.000000225530
7	9987499	11299197	499	14	-0.0000379897	0.000000285663
7	11299198	12635460	723	14	-0.0000397466	0.000000339598
7	12635461	13884201	587	14	-0.0000462920	0.000000339148
7	13884202	15143656	580	14	0.0005684222	0.000000381425
7	15143657	16902068	775	14	0.0001789156	0.000000354637
7	16902069	19481546	1053	14	0.0001861517	0.000000355134
7	19481547	20124907	237	14	0.0000708737	0.000000130454
7	20124908	22507628	1222	14	0.0000790805	0.000000347771
7	22507629	23471441	318	14	0.0001410973	0.000000183974
7	23471442	25077258	723	14	0.0000571416	0.000000346262
7	25077259	25909554	456	14	0.0000577245	0.000000231637
7	25909555	28360308	902	14	-0.0000056155	0.000000341946
7	28360309	31137288	1294	14	-0.0001279989	0.000000333529
7	31137289	33555767	1035	14	0.0000533949	0.000000346004
7	33555768	36213537	1044	14	0.0001785927	0.000000354614
7	36213538	37555183	659	14	0.0001695958	0.000000353996
7	37555184	38966702	663	14	0.0001501821	0.000000315566
7	38966703	39862669	328	14	0.0001848661	0.000000154852
7	39862670	42001810	635	14	-0.0000835289	0.000000298749
7	42001811	43159073	409	14	0.0001715709	0.000000217753
7	43159074	44763827	478	14	0.0009685975	0.000000288041
7	44763828	45952921	369	14	0.0001322645	0.000000197344
7	45952922	46986719	416	14	0.0004825755	0.000000222634
7	46986720	49212277	922	14	-0.0000561637	0.000000338469
7	49212278	51675321	921	14	0.0001043577	0.000000349509
7	51675322	53176311	664	14	0.0000627591	0.000000309566
7	53176312	54222975	383	14	0.0002719308	0.000000170229
7	54222976	55691583	563	14	0.0000395776	0.000000278768
7	55691584	57382637	254	14	0.0005673559	0.000000144524
7	57382638	63307358	137	14	0.0003087116	0.000000080366
7	63307359	63641124	54	6	0.0001499218	0.000000032532
7	63641125	65689808	325	14	0.0002948844	0.000000141050
7	65689809	68234073	725	14	0.0001834345	0.000000348558
7	68234074	69085363	280	14	0.0001205363	0.000000144451
7	69085364	71874884	871	14	0.0000886884	0.000000348431
7	71874885	73334601	158	14	0.0000999320	0.000000078593
7	73334602	76458563	361	14	0.0002525723	0.000000197136
7	76458564	78093858	632	14	0.0000952383	0.000000348882
7	78093859	79888068	670	14	0.0000208819	0.000000343768
7	79888069	82022685	746	14	-0.0000541735	0.000000338606
7	82022686	83801202	659	14	0.0000665674	0.000000344511
7	83801203	85572181	415	14	0.0000891141	0.000000171455
7	85572182	87825003	577	14	0.0000379708	0.000000226650
7	87825004	90661783	975	14	0.0000330904	0.000000344608
7	90661784	92493751	439	14	0.0001770744	0.000000201102
7	92493752	93966600	366	14	0.0001251246	0.000000203205
7	93966601	96073507	718	14	0.0003128021	0.000000363845
7	96073508	97099569	317	14	0.0000350721	0.000000148034
7	97099570	98715473	436	14	0.0001231215	0.000000218745
7	98715474	100196650	252	14	0.0004296367	0.000000126808
7	100196651	101199252	248	14	0.0002061253	0.000000142284
7	101199253	103197509	398	14	0.0002794931	0.000000217988
7	103197510	104159524	485	14	-0.0000706109	0.000000234584
7	104159525	105682904	554	14	0.0001222714	0.000000292821
7	105682905	107780177	778	14	0.0003210930	0.000000364415
7	107780178	109647593	571	14	-0.0000783260	0.000000260106
7	109647594	112618683	857	14	0.0001393841	0.000000351918
7	112618684	113712386	226	14	0.0001603096	0.000000110479
7	113712387	116780177	736	14	0.0001997329	0.000000335414
7	116780178	118351580	384	14	-0.0000605486	0.000000141533
7	118351581	121045272	454	14	0.0001853480	0.000000198153
7	121045273	121933629	238	14	0.0000698173	0.000000101142
7	121933630	124156804	674	14	0.0001372212	0.000000292317
7	124156805	124167551	6	2	0.0000328039	0.000000005045
7	124167552	126519169	691	14	0.0000427733	0.000000263140
7	126519170	126869220	140	14	0.0003510453	0.000000081391
7	126869221	128778385	609	14	0.0005727316	0.000000298671
7	128778386	130422413	486	14	0.0001714544	0.000000247458
7	130422414	132805847	948	14	0.0000920677	0.000000348664
7	132805848	134307595	455	14	0.0000984410	0.000000197149
7	134307596	135591082	510	14	0.0000244892	0.000000238880
7	135591083	136876561	418	14	0.0002352703	0.000000215682
7	136876562	138744678	630	14	-0.0000155516	0.000000341262
7	138744679	139933176	342	14	0.0007574930	0.000000218333
7	139933177	140235209	124	14	0.0001935273	0.000000075650
7	140235210	141226556	285	14	0.0002637230	0.000000139592
7	141226557	142656309	460	14	0.0000263924	0.000000178940
7	142656310	144968288	575	14	0.0001603243	0.000000270438
7	144968289	146427959	394	14	0.0003866044	0.000000209065
7	146427960	147815317	588	14	0.0000290486	0.000000297955
7	147815318	149840657	643	14	0.0002024413	0.000000356255
7	149840658	150711504	325	14	0.0000530590	0.000000139866
7	150711505	152249805	480	14	0.0000157856	0.000000290886
7	152249806	153674018	483	14	0.0000907715	0.000000283796
7	153674019	154964729	571	14	-0.0000110183	0.000000335189
7	154964730	156065249	502	14	0.0000558071	0.000000287500
7	156065250	157634596	550	14	0.0000190775	0.000000315934
7	157634597	159128574	496	14	-0.0000885831	0.000000239258
8	10422	1044216	414	14	-0.0000421463	0.000000261079
8	1044217	1163244	75	13	0.0000643105	0.000000045683
8	1163245	2042941	490	14	-0.0000951054	0.000000308876
8	2042942	2573278	269	14	-0.0000247623	0.000000154807
8	2573279	3392925	612	14	0.0000868385	0.000000348304
8	3392926	3783016	437	14	0.0001348109	0.000000279230
8	3783017	4480475	690	14	-0.0000274502	0.000000340444
8	4480476	5146926	506	14	0.0001060605	0.000000332134
8	5146927	6142796	772	14	-0.0001421272	0.000000332557
8	6142797	7153078	568	14	-0.0000971552	0.000000335650
8	7153079	9154693	574	14	0.0003238359	0.000000364604
8	9154694	9640786	242	14	0.0001218271	0.000000141871
8	9640787	10463196	489	14	0.0000102088	0.000000315325
8	10463197	11278997	404	14	0.0001861268	0.000000249196
8	11278998	13491774	845	14	-0.0000352189	0.000000339910
8	13491775	13944991	267	14	0.0002199720	0.000000155224
8	13944992	15991659	1120	14	0.0000035747	0.000000342578
8	15991660	17387875	570	14	-0.0001001763	0.000000335442
8	17387876	17836398	285	14	0.0001629457	0.000000173047
8	17836399	19492839	995	14	0.0004180235	0.000000371081
8	19492840	20060855	340	14	-0.0000388683	0.000000185678
8	20060856	21661736	770	14	0.0001432764	0.000000352186
8	21661737	22897056	479	14	0.0001173377	0.000000291718
8	22897057	24674717	681	14	0.0001659590	0.000000353746
8	24674718	25483453	293	14	-0.0000456565	0.000000129828
8	25483454	26682524	642	14	0.0001539452	0.000000342553
8	26682525	28162391	754	14	0.0000917564	0.000000348642
8	28162392	29327895	378	14	0.0004005615	0.000000214226
8	29327896	31133728	556	14	0.0001483530	0.000000290789
8	31133729	31548359	129	14	0.0001708287	0.000000070434
8	31548360	32977217	495	14	0.0003409253	0.000000245166
8	32977218	35317231	550	14	0.0000197880	0.000000192491
8	35317232	37379388	370	14	0.0002186872	0.000000183031
8	37379389	38938805	301	14	0.0001294126	0.000000168027
8	38938806	40703336	611	14	0.0000779004	0.000000285960
8	40703337	41721453	396	14	0.0008989165	0.000000277476
8	41721454	42773822	197	14	0.0004409949	0.000000111687
8	42773823	46841314	49	8	0.0002308021	0.000000039155
8	46841315	50082469	408	14	0.0001834760	0.000000188250
8	50082470	53302929	799	14	0.0000962247	0.000000321231
8	53302930	54418043	349	14	0.0002796779	0.000000177568
8	54418044	55945580	483	14	0.0002489964	0.000000221607
8	55945581	56956382	359	14	0.0004191449	0.000000191170
8	56956383	59068650	684	14	0.0000715844	0.000000334512
8	59068651	59728099	282	14	0.0000372511	0.000000128831
8	59728100	62329098	810	14	0.0000192319	0.000000343654
8	62329099	63349305	337	14	0.0001803292	0.000000143185
8	63349306	65232871	531	14	0.0000542887	0.000000223414
8	65232872	66489089	366	14	0.0001770835	0.000000170587
8	66489090	69863056	887	14	0.0000419140	0.000000345214
8	69863057	70867978	419	14	0.0002687099	0.000000235888
8	70867979	72289453	447	14	0.0000452922	0.000000197053
8	72289454	73817198	704	14	0.0001622788	0.000000349496
8	73817199	75445063	631	14	0.0000773752	0.000000305137
8	75445064	76456541	297	14	0.0002989425	0.000000146601
8	76456542	79132860	712	14	0.0000749408	0.000000295711
8	79132861	81956394	820	14	0.0001909892	0.000000355467
8	81956395	82693738	223	14	0.0000772382	0.000000102925
8	82693739	84225588	423	14	0.0000000685	0.000000159225
8	84225589	85955618	363	14	0.0002556767	0.000000169802
8	85955619	87411708	272	14	-0.0000636696	0.000000098509
8	87411709	89085480	489	14	0.0003108583	0.000000240213
8	89085481	90638161	407	14	0.0001239200	0.000000183499
8	90638162	93554385	701	14	0.0000335064	0.000000325571
8	93554386	95005526	392	14	0.0001604171	0.000000199966
8	95005527	96534805	642	14	0.0003899382	0.000000354013
8	96534806	99401580	1129	14	-0.0000807244	0.000000336780
8	99401581	101620957	511	14	0.0000270738	0.000000183167
8	101620958	104123305	1006	14	0.0000781231	0.000000347705
8	104123306	104988751	258	14	0.0002921992	0.000000114934
8	104988752	107410753	833	14	-0.0000068231	0.000000341863
8	107410754	108648176	481	14	0.0001062487	0.000000210440
8	108648177	109248172	206	14	0.0004551795	0.000000105746
8	109248173	110484313	354	14	0.0000376332	0.000000122275
8	110484314	111850846	291	14	-0.0000264068	0.000000108794
8	111850847	113064319	244	14	0.0002289880	0.000000099855
8	113064320	116096494	805	14	0.0000449913	0.000000294426
8	116096495	119685456	1173	14	0.0002763455	0.000000361337
8	119685457	121201699	533	14	0.0001822889	0.000000239420
8	121201700	124861458	1366	14	0.0003071376	0.000000363455
8	124861459	125683718	346	14	0.0001523331	0.000000165493
8	125683719	126410916	268	14	0.0003388124	0.000000159282
8	126410917	128659110	932	14	0.0002059723	0.000000356498
8	128659111	130381138	691	14	0.0000981239	0.000000349080
8	130381139	131639624	486	14	0.0000893617	0.000000246997
8	131639625	133351143	775	14	0.0000786409	0.000000347740
8	133351144	134570000	716	14	0.0000858987	0.000000348239
8	134570001	136035604	769	14	0.0002168896	0.000000357248
8	136035605	137524150	565	14	0.0001897314	0.000000277710
8	137524151	139254829	760	14	0.0002073825	0.000000356594
8	139254830	140725642	779	14	0.0001516656	0.000000352763
8	140725643	143044913	867	14	-0.0000034891	0.000000342092
8	143044914	144236880	387	14	0.0000743969	0.000000191292
8	144236881	146303866	356	14	0.0001039397	0.000000200346
9	10023	1079706	603	14	-0.0000044577	0.000000342025
9	1079707	1916876	608	14	0.0002327305	0.000000358338
9	1916877	3190063	791	14	-0.0000321828	0.000000340118
9	3190064	4495327	753	14	0.0000559940	0.000000346183
9	4495328	4884925	233	14	0.0004060867	0.000000161849
9	4884926	6557588	582	14	-0.0000562934	0.000000338460
9	6557589	7154922	302	14	0.0000592163	0.000000177011
9	7154923	8456298	946	14	0.0001175832	0.000000350419
9	8456299	9166402	411	14	0.0002038990	0.000000264460
9	9166403	10879252	859	14	-0.0000810563	0.000000336757
9	10879253	12276488	484	14	0.0000699338	0.000000256782
9	12276489	14836362	1302	14	0.0001489773	0.000000352578
9	14836363	16659654	825	14	0.0002195066	0.000000357428
9	16659655	18661050	957	14	0.0004776716	0.000000375184
9	18661051	20463533	854	14	0.0001421246	0.000000352106
9	20463534	22206558	698	14	0.0000857882	0.000000348232
9	22206559	24158517	633	14	0.0000522089	0.000000345123
9	24158518	25330809	310	14	0.0001779237	0.000000201160
9	25330810	26111756	285	14	0.0000388181	0.000000174238
9	26111757	28224282	977	14	0.0002052312	0.000000356447
9	28224283	28811583	258	14	0.0003166881	0.000000153777
9	28811584	30387391	571	14	0.0000522901	0.000000244461
9	30387392	31310382	257	14	0.0001813150	0.000000119640
9	31310383	32019367	214	14	0.0000313275	0.000000085841
9	32019368	33578333	607	14	0.0001788265	0.000000312098
9	33578334	34642242	294	14	0.0002031378	0.000000115310
9	34642243	36743282	602	14	0.0003535236	0.000000337333
9	36743283	38641598	744	14	0.0002553207	0.000000359891
9	38641599	65472189	106	14	-0.0000201600	0.000000056302
9	65472190	72512710	604	14	0.0003622872	0.000000317727
9	72512711	72753754	112	11	0.0000012607	0.000000041427
9	72753755	74253039	620	14	-0.0000232855	0.000000269156
9	74253040	76203945	592	14	0.0002806785	0.000000282433
9	76203946	76973080	187	14	-0.0000026026	0.000000082284
9	76973081	78900182	832	14	-0.0000231649	0.000000340739
9	78900183	79471207	305	14	0.0000786696	0.000000170744
9	79471208	81079054	544	14	0.0000971370	0.000000314261
9	81079055	82590927	656	14	0.0000612038	0.000000346541
9	82590928	84211232	694	14	0.0003068117	0.000000363433
9	84211233	85440800	341	14	0.0000324553	0.000000187732
9	85440801	86938195	652	14	0.0003223913	0.000000350956
9	86938196	88109332	523	14	0.0002035419	0.000000260722
9	88109333	88590416	114	14	0.0000584537	0.000000048286
9	88590417	90136245	628	14	0.0002796294	0.000000351192
9	90136246	92528697	899	14	0.0003133366	0.000000363881
9	92528698	94167202	651	14	0.0000714828	0.000000345648
9	94167203	96671697	829	14	-0.0000535237	0.000000338651
9	96671698	98922039	706	14	0.0002842716	0.000000342799
9	98922040	101592858	907	14	0.0003354958	0.000000365405
9	101592859	104624436	1003	14	0.0001310103	0.000000351342
9	104624437	105967975	599	14	-0.0000708317	0.000000260619
9	105967976	107581748	634	14	0.0000300575	0.000000255543
9	107581749	109298753	632	14	0.0000302599	0.000000322197
9	109298754	110695061	597	14	0.0004720420	0.000000354121
9	110695062	112778023	1128	14	0.0000887692	0.000000348437
9	112778024	114831081	945	14	0.0000191431	0.000000343648
9	114831082	115693144	326	14	0.0002369444	0.000000153029
9	115693145	117019800	658	14	0.0000521338	0.000000345917
9	117019801	117921959	485	14	0.0000415326	0.000000253351
9	117921960	121321536	1538	14	0.0000069099	0.000000342807
9	121321537	122260296	377	14	-0.0000081771	0.000000179370
9	122260297	124871321	805	14	-0.0000389116	0.000000339656
9	124871322	126971886	708	14	0.0000381914	0.000000344958
9	126971887	129059664	582	14	0.0000958363	0.000000292540
9	129059665	130055509	346	14	0.0001259306	0.000000179478
9	130055510	132165469	515	14	0.0002569527	0.000000283067
9	132165470	133223216	329	14	0.0001082279	0.000000181042
9	133223217	134127887	359	14	-0.0000170802	0.000000195630
9	134127888	135298841	452	14	0.0000612440	0.000000224613
9	135298842	137041121	697	14	0.0000197567	0.000000343691
9	137041122	137589363	216	14	0.0000967651	0.000000132212
9	137589364	138938977	658	14	-0.0000372737	0.000000339768
9	138938978	139500341	126	14	-0.0000109537	0.000000068610
9	139500342	141144795	275	14	-0.0000069876	0.000000143155
10	60523	751338	136	14	-0.0001440918	0.000000063949
10	751339	1523543	356	14	0.0001443547	0.000000203809
10	1523544	2254499	462	14	-0.0000064605	0.000000245616
10	2254500	3352698	700	14	0.0000499311	0.000000345766
10	3352699	4572273	637	14	0.0002904938	0.000000362310
10	4572274	5983761	737	14	0.0000875560	0.000000348353
10	5983762	7171483	769	14	0.0000446416	0.000000345402
10	7171484	8774664	910	14	0.0000478778	0.000000345625
10	8774665	10249395	592	14	0.0001759175	0.000000294969
10	10249396	12586796	1081	14	0.0002938953	0.000000362544
10	12586797	13321599	460	14	-0.0000531637	0.000000280030
10	13321600	15026067	982	14	0.0000379699	0.000000344943
10	15026068	16551766	588	14	-0.0000623655	0.000000338043
10	16551767	18537266	806	14	0.0002938308	0.000000362540
10	18537267	19716877	555	14	0.0000890049	0.000000286722
10	19716878	22772282	1021	14	0.0001395820	0.000000351932
10	22772283	23175131	130	14	0.0000921893	0.000000072494
10	23175132	25578595	792	14	0.0000229322	0.000000343909
10	25578596	26888683	562	14	0.0004760137	0.000000259490
10	26888684	29323235	951	14	0.0000226338	0.000000343888
10	29323236	29783691	276	14	0.0001168694	0.000000142867
10	29783692	30458837	375	14	0.0000950024	0.000000215391
10	30458838	31907518	494	14	0.0000973583	0.000000240192
10	31907519	33707967	653	14	0.0000937537	0.000000280962
10	33707968	35109354	516	14	0.0000209544	0.000000257158
10	35109355	36572507	435	14	0.0000161412	0.000000198605
10	36572508	37790028	332	14	0.0002491948	0.000000159897
10	37790029	42372578	205	13	0.0000737247	0.000000054744
10	42372579	43894770	311	14	0.0000993598	0.000000145686
10	43894771	44730074	306	14	0.0000352093	0.000000131339
10	44730075	48760449	708	14	0.0000953967	0.000000348893
10	48760450	50840914	691	14	0.0001993241	0.000000319718
10	50840915	53616628	777	14	0.0001156101	0.000000350283
10	53616629	55103571	709	14	0.0002339746	0.000000358423
10	55103572	57031139	783	14	0.0000687198	0.000000347058
10	57031140	57662145	192	14	-0.0000500448	0.000000056116
10	57662146	58959527	394	14	0.0000174217	0.000000116976
10	58959528	60289986	442	14	0.0002078291	0.000000171996
10	60289987	61891408	612	14	0.0000811741	0.000000329635
10	61891409	62659678	313	14	-0.0000251255	0.000000138566
10	62659679	63341694	166	14	0.0001315648	0.000000081355
10	63341695	65794113	877	14	-0.0000497435	0.000000338911
10	65794114	67549614	505	14	-0.0000151173	0.000000202871
10	67549615	69900147	917	14	0.0000767940	0.000000347613
10	69900148	70195990	119	11	0.0001473857	0.000000057302
10	70195991	72220849	930	14	0.0002247949	0.000000357792
10	72220850	73508511	767	14	0.0002360705	0.000000358567
10	73508512	75422549	456	14	0.0000697392	0.000000162600
10	75422550	78706813	862	14	0.0000105616	0.000000343058
10	78706814	80876748	1054	14	-0.0001307850	0.000000333337
10	80876749	82414678	525	14	0.0002119582	0.000000285271
10	82414679	84383744	741	14	0.0000450948	0.000000345433
10	84383745	85458702	456	14	0.0001396249	0.000000185958
10	85458703	87937576	1000	14	-0.0000750655	0.000000337169
10	87937577	89127063	287	14	0.0000915958	0.000000138487
10	89127064	91013380	748	14	0.0000770051	0.000000347628
10	91013381	92006580	383	14	0.0000681889	0.000000184573
10	92006581	93335046	456	14	0.0005192468	0.000000236478
10	93335047	95396367	687	14	0.0002005498	0.000000334682
10	95396368	96221242	274	14	0.0003304996	0.000000155381
10	96221243	97822356	600	14	0.0000543776	0.000000225593
10	97822357	100241301	943	14	0.0000503644	0.000000345796
10	100241302	100668399	156	14	-0.0000405851	0.000000056144
10	100668400	102949238	799	14	0.0000806320	0.000000347877
10	102949239	104380409	313	14	0.0000855447	0.000000118989
10	104380410	106695047	784	14	0.0000637003	0.000000346713
10	106695048	108726685	690	14	0.0000647030	0.000000324563
10	108726686	110317704	658	14	0.0003601757	0.000000348014
10	110317705	112561492	676	14	0.0000008795	0.000000324118
10	112561493	115328431	1055	14	0.0003487089	0.000000366314
10	115328432	116421405	510	14	0.0001364840	0.000000265812
10	116421406	119523933	1045	14	0.0001826886	0.000000354896
10	119523934	120591352	434	14	0.0001017591	0.000000239029
10	120591353	122407322	720	14	0.0005280559	0.000000378649
10	122407323	123231464	405	14	0.0000979657	0.000000211301
10	123231465	123900544	296	14	-0.0000128823	0.000000156297
10	123900545	125869345	895	14	0.0001033480	0.000000349440
10	125869346	128001097	990	14	-0.0000855877	0.000000336446
10	128001098	129154361	540	14	0.0001283674	0.000000297070
10	129154362	130844283	983	14	-0.0000204086	0.000000340928
10	130844284	131741326	441	14	0.0002386335	0.000000242541
10	131741327	132580244	426	14	0.0001523761	0.000000222897
10	132580245	134336328	885	14	-0.0000047234	0.000000342007
10	134336329	134494672	39	6	0.0001314407	0.000000026047
10	134494673	135523864	290	14	0.0002005634	0.000000161311
11	70855	1213589	276	14	0.0009527811	0.000000204355
11	1213590	3665480	835	14	0.0000298435	0.000000344384
11	3665481	4746708	445	14	-0.0000321151	0.000000237953
11	4746709	6322868	1014	14	0.0002364948	0.000000358597
11	6322869	7436700	568	14	0.0001310399	0.000000276706
11	7436701	8333273	524	14	0.0002973059	0.000000335040
11	8333274	9087316	287	14	0.0000577461	0.000000148229
11	9087317	10952026	664	14	0.0005931616	0.000000383126
11	10952027	12564228	1137	14	0.0001738202	0.000000354286
11	12564229	13373123	418	14	0.0000619030	0.000000205989
11	13373124	15742551	783	14	0.0001001970	0.000000346824
11	15742552	17578401	630	14	0.0002693044	0.000000302136
11	17578402	19569534	817	14	0.0001406223	0.000000352003
11	19569535	21017137	816	14	-0.0000229618	0.000000340753
11	21017138	22374141	580	14	0.0001658770	0.000000322883
11	22374142	24088516	616	14	0.0003270417	0.000000307625
11	24088517	26045752	698	14	0.0000198561	0.000000343697
11	26045753	27020460	368	14	0.0002643287	0.000000173112
11	27020461	28481592	416	14	0.0001373665	0.000000174052
11	28481593	30141356	423	14	0.0000678699	0.000000199300
11	30141357	32276900	649	14	0.0002254337	0.000000265190
11	32276901	33958738	577	14	0.0003462759	0.000000297504
11	33958739	35502604	834	14	0.0000868647	0.000000348306
11	35502605	37116814	755	14	-0.0000321121	0.000000340123
11	37116815	39382002	436	14	0.0003001024	0.000000201771
11	39382003	42310002	941	14	0.0001908851	0.000000355460
11	42310003	44693798	997	14	0.0000027371	0.000000342520
11	44693799	47006136	734	14	-0.0000230398	0.000000340747
11	47006137	49866049	501	14	0.0001072193	0.000000161743
11	49866050	54695472	147	8	0.0000536296	0.000000037812
11	54695473	55082656	9	3	0.0000538818	0.000000008172
11	55082657	58457494	1081	14	0.0000426786	0.000000332526
11	58457495	58780548	68	6	0.0000731967	0.000000030286
11	58780549	62223770	1028	14	0.0000442574	0.000000345376
11	62223771	63804568	312	14	0.0002541805	0.000000154869
11	63804569	65898630	512	14	0.0000895411	0.000000256636
11	65898631	68005824	329	14	0.0000265601	0.000000144091
11	68005825	69516129	484	14	0.0002890151	0.000000254027
11	69516130	70926291	483	14	0.0000188493	0.000000277347
11	70926292	72286016	319	14	0.0001099536	0.000000133768
11	72286017	74412350	604	14	0.0003832011	0.000000298517
11	74412351	76797208	795	14	0.0001328880	0.000000351471
11	76797209	78355057	444	14	0.0001966701	0.000000189844
11	78355058	80722372	1087	14	-0.0001323673	0.000000333228
11	80722373	81266711	271	14	0.0001287746	0.000000141677
11	81266712	84381271	1194	14	0.0000038150	0.000000342594
11	84381272	86619300	796	14	-0.0000566799	0.000000337634
11	86619301	87430234	323	14	0.0001329778	0.000000143961
11	87430235	89208935	592	14	0.0000716277	0.000000317976
11	89208936	90966489	397	14	-0.0000771847	0.000000144453
11	90966490	92077143	359	14	-0.0001163735	0.000000154037
11	92077144	93276156	413	14	0.0004644366	0.000000210175
11	93276157	94242259	292	14	0.0002415469	0.000000130225
11	94242260	95726040	602	14	0.0004407041	0.000000344103
11	95726041	97057057	523	14	0.0000097073	0.000000285869
11	97057058	98705064	583	14	0.0003305303	0.000000347557
11	98705065	100417168	789	14	0.0001259557	0.000000350994
11	100417169	101331120	414	14	0.0003887169	0.000000214122
11	101331121	103959635	1104	14	0.0000330236	0.000000344603
11	103959636	104873283	294	14	0.0002081439	0.000000102238
11	104873284	106520893	481	14	0.0000745837	0.000000205431
11	106520894	107844199	478	14	-0.0000080902	0.000000238859
11	107844200	108437036	135	11	0.0000219025	0.000000048225
11	108437037	109866115	357	14	-0.0000774936	0.000000164935
11	109866116	111114396	502	14	0.0002285267	0.000000240395
11	111114397	112459487	395	14	0.0003780986	0.000000194575
11	112459488	114257727	811	14	0.0000831182	0.000000348048
11	114257728	114830665	235	14	-0.0000218265	0.000000100060
11	114830666	116383347	673	14	0.0004451538	0.000000372947
11	116383348	117747109	632	14	-0.0000293383	0.000000340314
11	117747110	119215475	530	14	0.0002373391	0.000000285497
11	119215476	120766805	651	14	0.0001216772	0.000000350700
11	120766806	121175942	206	14	-0.0000286501	0.000000090643
11	121175943	122591909	481	14	0.0002308537	0.000000279773
11	122591910	123500116	432	14	0.0000253768	0.000000247053
11	123500117	124495527	494	14	-0.0000148886	0.000000182404
11	124495528	126311319	822	14	0.0001191700	0.000000350528
11	126311320	127316678	572	14	0.0001429596	0.000000285852
11	127316679	128188536	320	14	0.0003927379	0.000000176410
11	128188537	130342574	888	14	-0.0000218903	0.000000340826
11	130342575	131074611	384	14	-0.0001222568	0.000000194848
11	131074612	133000045	1137	14	0.0001970188	0.000000355882
11	133000046	134205992	562	14	0.0002271063	0.000000357951
11	134205993	134946451	421	14	0.0002934968	0.000000254333
12	61107	1080330	329	14	0.0000841179	0.000000188452
12	1080331	2544785	513	14	0.0002545439	0.000000295019
12	2544786	3677036	526	14	0.0002301751	0.000000324174
12	3677037	4417678	401	14	0.0003366539	0.000000247054
12	4417679	5321471	511	14	0.0001044099	0.000000291596
12	5321472	6419752	573	14	0.0001850090	0.000000328112
12	6419753	8377535	180	14	0.0000817077	0.000000091776
12	8377536	9031394	0	0	-0.0001353180	0.000000000000
12	9031395	10481533	227	14	0.0000274495	0.000000104687
12	10481534	11754845	352	14	0.0001595256	0.000000161905
12	11754846	12733527	452	14	-0.0000518419	0.000000266444
12	12733528	15241483	1059	14	0.0000591235	0.000000346398
12	15241484	16310459	263	14	0.0001420921	0.000000134630
12	16310460	18087872	575	14	0.0000465268	0.000000310787
12	18087873	20863942	970	14	-0.0000279392	0.000000340410
12	20863943	23820633	1126	14	0.0000574327	0.000000346282
12	23820634	25371082	736	14	0.0000144172	0.000000343323
12	25371083	27799772	1055	14	0.0000251753	0.000000344063
12	27799773	29651254	718	14	0.0003409906	0.000000348276
12	29651255	30512405	474	14	0.0002590471	0.000000232340
12	30512406	32165591	654	14	0.0000842967	0.000000342539
12	32165592	33076988	393	14	0.0002174618	0.000000199640
12	33076989	37856716	367	14	0.0000049544	0.000000126638
12	37856717	39227168	144	7	0.0000412473	0.000000055580
12	39227169	40816184	501	14	-0.0000088174	0.000000209021
12	40816185	41658585	364	14	0.0004132884	0.000000163674
12	41658586	43984473	923	14	0.0000609775	0.000000346526
12	43984474	46024228	489	14	0.0000229733	0.000000199071
12	46024229	47714792	482	14	0.0001509833	0.000000232918
12	47714793	49001865	562	14	0.0006559238	0.000000305869
12	49001866	51776493	661	14	0.0004524202	0.000000319291
12	51776494	53039003	656	14	0.0000640295	0.000000301900
12	53039004	54778822	604	14	0.0000192420	0.000000295740
12	54778823	55665836	283	14	0.0002385772	0.000000145813
12	55665837	57548859	439	14	0.0004336570	0.000000224954
12	57548860	59308665	482	14	0.0002721361	0.000000223901
12	59308666	61123728	468	14	0.0000008032	0.000000194020
12	61123729	64032460	978	14	-0.0000076971	0.000000341802
12	64032461	65559694	385	14	0.0001759493	0.000000200322
12	65559695	67181143	538	14	0.0003757199	0.000000279198
12	67181144	67909728	330	14	0.0000375442	0.000000136145
12	67909729	69826541	840	14	-0.0000407505	0.000000339529
12	69826542	70957986	510	14	-0.0000792292	0.000000209964
12	70957987	72645074	577	14	0.0001177167	0.000000271274
12	72645075	73818453	315	14	0.0000530407	0.000000137864
12	73818454	76511313	793	14	0.0000584424	0.000000346351
12	76511314	78570569	782	14	0.0001713193	0.000000354114
12	78570570	80448149	423	14	0.0001535813	0.000000203731
12	80448150	81467766	314	14	0.0001280871	0.000000142296
12	81467767	83502665	588	14	0.0002798693	0.000000269658
12	83502666	84303843	238	14	0.0001464426	0.000000091117
12	84303844	85990425	406	14	0.0000310233	0.000000140373
12	85990426	89682121	769	14	0.0003633599	0.000000327087
12	89682122	92066154	663	14	0.0000896100	0.000000258128
12	92066155	94514566	933	14	0.0001443017	0.000000352256
12	94514567	96020784	722	14	0.0000753899	0.000000347517
12	96020785	97108838	477	14	0.0000372302	0.000000245646
12	97108839	99305986	952	14	0.0000712823	0.000000347234
12	99305987	101447640	673	14	0.0000238027	0.000000342370
12	101447641	101862689	154	14	0.0000727970	0.000000072418
12	101862690	102964985	345	14	-0.0000265601	0.000000169785
12	102964986	104848695	809	14	-0.0000838982	0.000000336562
12	104848696	106436212	882	14	-0.0001100713	0.000000334762
12	106436213	106958747	237	14	0.0000127842	0.000000116009
12	106958748	109025900	779	14	-0.0000446836	0.000000339259
12	109025901	110336718	410	14	0.0000464345	0.000000195719
12	110336719	113263517	473	14	0.0004733799	0.000000225538
12	113263518	113986708	224	14	0.0001626232	0.000000117078
12	113986709	115036601	562	14	-0.0000348283	0.000000275950
12	115036602	115503215	199	14	-0.0000446625	0.000000099155
12	115503216	117087470	770	14	-0.0000051556	0.000000341977
12	117087471	118135374	480	14	0.0002986766	0.000000287432
12	118135375	119754109	707	14	0.0001201435	0.000000350595
12	119754110	122007650	705	14	0.0000995337	0.000000349177
12	122007651	124977979	721	14	-0.0000855420	0.000000336449
12	124977980	126445504	651	14	-0.0000174044	0.000000341135
12	126445505	127875097	677	14	0.0000898271	0.000000348510
12	127875098	129237296	725	14	-0.0000387412	0.000000339667
12	129237297	130377920	699	14	0.0000538408	0.000000346035
12	130377921	131786750	766	14	0.0000712219	0.000000347230
12	131786751	132807033	310	14	0.0002020079	0.000000164117
12	132807034	133841510	177	14	0.0000802894	0.000000089156
13	19020013	20686719	313	14	0.0000705650	0.000000148427
13	20686720	22242173	611	14	0.0001458910	0.000000325426
13	22242174	23594701	700	14	0.0001364557	0.000000351717
13	23594702	24531936	530	14	0.0002113969	0.000000294348
13	24531937	25784361	669	14	0.0001564159	0.000000353089
13	25784362	27284361	569	14	0.0000076899	0.000000278863
13	27284362	29257550	896	14	-0.0000656462	0.000000337817
13	29257551	30483266	523	14	0.0001159649	0.000000259932
13	30483267	32301814	806	14	0.0000875699	0.000000348354
13	32301815	33776902	608	14	0.0001541578	0.000000291950
13	33776903	35026463	467	14	0.0000572635	0.000000233795
13	35026464	36046366	228	14	-0.0000135600	0.000000111615
13	36046367	37498184	673	14	0.0000016286	0.000000342444
13	37498185	38878162	559	14	0.0002094555	0.000000248588
13	38878163	41069262	907	14	0.0000628644	0.000000346655
13	41069263	43101026	647	14	0.0001183545	0.000000303310
13	43101027	44901408	831	14	-0.0000479815	0.000000339032
13	44901409	46495213	538	14	0.0001306451	0.000000286529
13	46495214	47431078	375	14	0.0000842444	0.000000181491
13	47431079	49383961	626	14	0.0003225518	0.000000321959
13	49383962	51591090	767	14	-0.0000155956	0.000000341259
13	51591091	53339621	463	14	0.0000577292	0.000000235288
13	53339622	54682863	547	14	0.0001069118	0.000000280347
13	54682864	55817130	331	14	0.0002709527	0.000000150005
13	55817131	57554216	303	14	0.0002615383	0.000000114135
13	57554217	58410625	210	14	0.0000971495	0.000000077784
13	58410626	59302270	225	14	0.0000024521	0.000000081369
13	59302271	60854777	563	14	0.0002967697	0.000000282031
13	60854778	61591948	295	14	0.0004970897	0.000000166031
13	61591949	63971558	662	14	0.0001743236	0.000000328948
13	63971559	65200601	309	14	0.0001108331	0.000000115508
13	65200602	67844452	810	14	0.0000732919	0.000000347372
13	67844453	70724515	910	14	0.0001625415	0.000000353511
13	70724516	71526790	329	14	0.0000229039	0.000000166260
13	71526791	73934088	879	14	0.0000454038	0.000000345454
13	73934089	75670142	752	14	0.0000829426	0.000000348036
13	75670143	77410554	803	14	0.0000111146	0.000000343096
13	77410555	78808812	447	14	0.0001081810	0.000000194999
13	78808813	80585675	597	14	0.0001576750	0.000000285341
13	80585676	82581813	633	14	0.0001747362	0.000000325056
13	82581814	84133143	399	14	0.0001081545	0.000000138947
13	84133144	85610915	430	14	0.0002352240	0.000000198749
13	85610916	88559881	792	14	-0.0000429788	0.000000338576
13	88559882	90521310	482	14	-0.0001442841	0.000000179194
13	90521311	93129690	896	14	0.0000647249	0.000000346783
13	93129691	93586454	128	14	0.0000207043	0.000000064580
13	93586455	96087557	1240	14	-0.0000505077	0.000000338858
13	96087558	97519209	374	14	0.0003294874	0.000000201678
13	97519210	98938918	454	14	0.0001387349	0.000000261490
13	98938919	100574094	814	14	0.0003178066	0.000000364189
13	100574095	102300522	790	14	0.0000247577	0.000000344035
13	102300523	104066709	963	14	0.0002134363	0.000000357011
13	104066710	104844113	317	14	-0.0000302631	0.000000152391
13	104844114	106247553	640	14	0.0001239105	0.000000350854
13	106247554	106749999	278	14	0.0002904538	0.000000155328
13	106750000	108189876	626	14	0.0002886255	0.000000362182
13	108189877	109121209	448	14	-0.0000470693	0.000000243578
13	109121210	109815111	339	14	-0.0000082684	0.000000173801
13	109815112	111232072	799	14	0.0000796304	0.000000347808
13	111232073	112247591	485	14	0.0003268468	0.000000284842
13	112247592	113572487	488	14	0.0006810804	0.000000319684
13	113572488	115109852	444	14	0.0003886815	0.000000259372
14	19002084	21589401	613	14	0.0000270392	0.000000344191
14	21589402	23018664	739	14	0.0000568416	0.000000346241
14	23018665	24905122	726	14	-0.0000352159	0.000000339910
14	24905123	26135685	579	14	0.0002195935	0.000000266278
14	26135686	28466532	715	14	0.0000577660	0.000000346305
14	28466533	29972144	391	14	-0.0000666571	0.000000180276
14	29972145	32383264	613	14	0.0001346779	0.000000336472
14	32383265	34846250	1302	14	0.0001513005	0.000000352737
14	34846251	35859592	254	14	0.0002623932	0.000000134908
14	35859593	38667724	904	14	-0.0001165898	0.000000334313
14	38667725	40341989	570	14	0.0001277514	0.000000266711
14	40341990	41615501	361	14	-0.0000223095	0.000000125448
14	41615502	43137388	433	14	0.0000630001	0.000000182826
14	43137389	44543226	367	14	0.0000278657	0.000000190930
14	44543227	46081895	389	14	0.0003024219	0.000000192189
14	46081896	46749129	188	14	-0.0000108861	0.000000058763
14	46749130	48573585	607	14	-0.0000224149	0.000000302166
14	48573586	49005470	113	13	0.0000693878	0.000000049626
14	49005471	50507759	481	14	0.0001603588	0.000000252590
14	50507760	51493571	374	14	0.0001117654	0.000000201586
14	51493572	53474382	882	14	0.0000876251	0.000000348358
14	53474383	53997830	181	14	0.0001650812	0.000000087364
14	53997831	55233680	459	14	0.0000393821	0.000000252460
14	55233681	56216879	301	14	0.0001060831	0.000000134166
14	56216880	57481261	688	14	0.0002279544	0.000000358009
14	57481262	59448335	720	14	0.0001227136	0.000000350771
14	59448336	61680423	627	14	0.0003756251	0.000000288934
14	61680424	63790014	831	14	0.0004090781	0.000000370466
14	63790015	65220297	374	14	0.0002631291	0.000000192286
14	65220298	66399554	418	14	0.0001318171	0.000000210047
14	66399555	67992316	425	14	0.0000482912	0.000000138208
14	67992317	71131956	1268	14	0.0000346365	0.000000344714
14	71131957	72889614	705	14	0.0000501574	0.000000345781
14	72889615	76444766	1193	14	0.0002400435	0.000000358841
14	76444767	77229471	366	14	-0.0000350269	0.000000188754
14	77229472	78561944	656	14	-0.0000285309	0.000000338771
14	78561945	80186578	623	14	0.0000925213	0.000000329625
14	80186579	81579713	521	14	0.0000834128	0.000000262180
14	81579714	83138096	487	14	0.0001404244	0.000000244603
14	83138097	84241632	389	14	0.0001696050	0.000000194977
14	84241633	85746318	482	14	-0.0000042811	0.000000249473
14	85746319	86647001	323	14	0.0002898153	0.000000173484
14	86647002	87635340	317	14	-0.0000917639	0.000000148207
14	87635341	89497642	626	14	0.0000589490	0.000000275546
14	89497643	91296859	717	14	0.0003038375	0.000000363228
14	91296860	93132298	696	14	-0.0000894514	0.000000336180
14	93132299	94325284	432	14	-0.0001146596	0.000000200365
14	94325285	95750866	905	14	0.0001243945	0.000000350887
14	95750867	96262414	391	14	-0.0000375957	0.000000193523
14	96262415	98341161	872	14	0.0000600986	0.000000346465
14	98341162	99138531	387	14	0.0000058114	0.000000172682
14	99138532	101534306	921	14	0.0001428809	0.000000352158
14	101534307	103012101	453	14	0.0001568685	0.000000255307
14	103012102	105001722	492	14	0.0001466938	0.000000253871
14	105001723	106340357	173	14	0.0000085970	0.000000086825
14	106340358	107289453	41	5	-0.0000165379	0.000000018979
15	20001200	21131603	7	2	0.0000015617	0.000000004080
15	21131604	24195126	317	14	-0.0000670217	0.000000177454
15	24195127	25108589	199	14	0.0000095010	0.000000097055
15	25108590	27298111	911	14	-0.0000272682	0.000000340456
15	27298112	29338501	505	14	-0.0000185414	0.000000267215
15	29338502	30165567	307	14	0.0001930793	0.000000169628
15	30165568	31591820	310	14	0.0000634657	0.000000168335
15	31591821	32441810	271	14	0.0001319117	0.000000137244
15	32441811	34015424	744	14	-0.0000900342	0.000000336140
15	34015425	35083250	418	14	0.0000926199	0.000000222419
15	35083251	37456501	958	14	0.0000276874	0.000000344236
15	37456502	38530776	362	14	0.0001306356	0.000000201460
15	38530777	40384131	804	14	0.0006393200	0.000000386301
15	40384132	41177513	244	14	0.0002367584	0.000000134478
15	41177514	42776398	440	14	0.0000047482	0.000000217862
15	42776399	44198048	277	14	0.0001109575	0.000000103930
15	44198049	46618786	522	14	0.0000965738	0.000000237212
15	46618787	48136047	608	14	0.0001324018	0.000000295047
15	48136048	50008042	459	14	0.0002796395	0.000000212327
15	50008043	51677559	624	14	0.0000315804	0.000000272159
15	51677560	53069095	413	14	0.0000450338	0.000000173278
15	53069096	54508527	643	14	0.0002087511	0.000000340771
15	54508528	55136268	261	14	0.0000097494	0.000000148336
15	55136269	56901772	546	14	0.0003297070	0.000000328667
15	56901773	58441365	638	14	0.0000133876	0.000000343253
15	58441366	59694115	537	14	0.0000251333	0.000000332112
15	59694116	61265835	697	14	0.0000050618	0.000000342680
15	61265836	63215221	939	14	-0.0001243138	0.000000333782
15	63215222	65104667	500	14	0.0000786964	0.000000248482
15	65104668	67094766	636	14	0.0004470036	0.000000373074
15	67094767	69017998	771	14	0.0003085130	0.000000363550
15	69017999	70133340	307	14	0.0000413653	0.000000160670
15	70133341	71922648	729	14	0.0001317345	0.000000351392
15	71922649	73628713	377	14	0.0000263145	0.000000150138
15	73628714	76398623	616	14	-0.0000328733	0.000000331300
15	76398624	78516052	543	14	0.0004958091	0.000000260842
15	78516053	80860977	1014	14	0.0003399871	0.000000365714
15	80860978	84260467	933	14	0.0000471587	0.000000345575
15	84260468	86652904	800	14	0.0000046512	0.000000342652
15	86652905	88369942	787	14	0.0000720064	0.000000347284
15	88369943	90475550	751	14	0.0002661125	0.000000360634
15	90475551	92164391	656	14	-0.0000659303	0.000000337797
15	92164392	93780901	858	14	0.0002022213	0.000000356240
15	93780902	94924329	607	14	-0.0000055308	0.000000341951
15	94924330	96141595	604	14	0.0000309033	0.000000344457
15	96141596	98030909	772	14	-0.0000173085	0.000000341141
15	98030910	99244058	586	14	0.0000505312	0.000000345807
15	99244059	100636846	577	14	0.0000758630	0.000000346749
15	100636847	101552693	427	14	0.0002201727	0.000000260377
15	101552694	102520965	455	14	-0.0000518101	0.000000271747
16	60054	1207205	313	14	0.0002436318	0.000000200723
16	1207206	2764828	386	14	0.0000685991	0.000000211441
16	2764829	4001195	320	14	0.0001465036	0.000000198314
16	4001196	5118344	398	14	0.0000308064	0.000000247424
16	5118345	5891579	367	14	0.0002122323	0.000000234201
16	5891580	6893550	736	14	0.0000475447	0.000000345602
16	6893551	7529120	502	14	0.0001899862	0.000000326103
16	7529121	8338518	556	14	0.0003541017	0.000000366685
16	8338519	9799418	731	14	0.0001668723	0.000000353808
16	9799419	10426031	382	14	0.0002739231	0.000000211231
16	10426032	11520160	471	14	0.0004096954	0.000000309466
16	11520161	12613097	416	14	0.0001171860	0.000000262998
16	12613098	13154436	322	14	0.0001245793	0.000000174557
16	13154437	14464001	579	14	0.0000798919	0.000000324820
16	14464002	16154059	325	14	0.0000842066	0.000000174565
16	16154060	17644748	404	14	0.0003276292	0.000000248622
16	17644749	18643606	185	14	0.0000033128	0.000000098555
16	18643607	20150570	440	14	0.0002926692	0.000000237524
16	20150571	22448903	451	14	0.0000157932	0.000000203555
16	22448904	24136874	539	14	0.0000672882	0.000000285233
16	24136875	25986861	777	14	0.0000882274	0.000000348400
16	25986862	27445754	673	14	0.0002790483	0.000000361523
16	27445755	29036612	351	14	0.0000960853	0.000000159626
16	29036613	31382942	290	14	0.0000942908	0.000000150040
16	31382943	46399472	130	14	0.0000521135	0.000000061187
16	46399473	49007925	305	14	0.0000847852	0.000000127446
16	49007926	52035822	1118	14	-0.0000591882	0.000000338261
16	52035823	53382571	473	14	0.0001503464	0.000000212735
16	53382572	55903773	1221	14	0.0002913450	0.000000362369
16	55903774	57664329	653	14	-0.0000984533	0.000000335561
16	57664330	59045404	534	14	0.0003044080	0.000000323042
16	59045405	60745693	526	14	0.0000452934	0.000000275368
16	60745694	62229848	373	14	-0.0000446949	0.000000154132
16	62229849	63691588	466	14	0.0003385962	0.000000258885
16	63691589	65938565	834	14	-0.0000070431	0.000000341847
16	65938566	68841362	693	14	0.0001083219	0.000000342598
16	68841363	71054027	396	14	0.0001659354	0.000000205988
16	71054028	72935149	468	14	-0.0000342977	0.000000219536
16	72935150	74971502	813	14	0.0004823477	0.000000375505
16	74971503	75977953	240	14	0.0000052724	0.000000120735
16	75977954	77523677	731	14	0.0002164540	0.000000357218
16	77523678	78456291	673	14	0.0001276524	0.000000351111
16	78456292	79134814	591	14	0.0000244467	0.000000344013
16	79134815	80297373	803	14	-0.0000098080	0.000000341657
16	80297374	81772535	827	14	-0.0000267936	0.000000340489
16	81772536	82747727	610	14	-0.0000008868	0.000000342271
16	82747728	83477207	628	14	0.0002562785	0.000000359957
16	83477208	84445882	744	14	-0.0000734475	0.000000337280
16	84445883	85148684	486	14	0.0000771488	0.000000318355
16	85148685	86156598	505	14	0.0002243815	0.000000346601
16	86156599	86815410	551	14	0.0000044773	0.000000342640
16	86815411	87647348	385	14	0.0001899636	0.000000251665
16	87647349	89041164	400	14	0.0002911320	0.000000266714
16	89041165	90292811	331	14	0.0002528898	0.000000206975
17	56	1172398	340	14	-0.0001249587	0.000000194664
17	1172399	1928730	266	14	0.0001177877	0.000000150292
17	1928731	3702311	670	14	0.0000143584	0.000000343319
17	3702312	4696260	384	14	0.0003264212	0.000000228320
17	4696261	5741333	404	14	0.0003073101	0.000000224872
17	5741334	7317397	665	14	-0.0000970228	0.000000335659
17	7317398	8306424	334	14	0.0001516702	0.000000197261
17	8306425	9965920	684	14	-0.0000219870	0.000000340820
17	9965921	11102814	501	14	-0.0000803004	0.000000259219
17	11102815	12534768	584	14	0.0002846748	0.000000361910
17	12534769	13180371	306	14	0.0000333059	0.000000173862
17	13180372	13894636	383	14	-0.0000029530	0.000000223128
17	13894637	15019096	632	14	0.0001075269	0.000000349727
17	15019097	16412341	332	14	0.0001347115	0.000000180076
17	16412342	18856319	597	14	0.0004610657	0.000000315281
17	18856320	21290356	398	14	0.0002311807	0.000000209730
17	21290357	27334243	524	14	0.0001697262	0.000000292254
17	27334244	29786490	515	14	0.0002351291	0.000000196645
17	29786491	31538424	556	14	0.0000751540	0.000000304984
17	31538425	32912797	853	14	0.0000257557	0.000000344103
17	32912798	34469035	542	14	0.0001193644	0.000000284235
17	34469036	36809343	547	14	0.0000005930	0.000000298321
17	36809344	38877403	465	14	0.0001007883	0.000000230215
17	38877404	39899809	377	14	0.0000958729	0.000000146119
17	39899810	41772086	389	14	0.0002712258	0.000000166116
17	41772087	43056904	354	14	-0.0001353833	0.000000140495
17	43056905	45876021	616	14	-0.0000247733	0.000000254028
17	45876022	47517399	554	14	0.0003201953	0.000000270187
17	47517400	49898956	808	14	-0.0000518110	0.000000338769
17	49898957	50719054	292	14	0.0004735777	0.000000159121
17	50719055	51826117	331	14	0.0000992068	0.000000137011
17	51826118	53599431	633	14	0.0000990179	0.000000330072
17	53599432	55357540	650	14	0.0003539025	0.000000352329
17	55357541	57487511	705	14	0.0001519915	0.000000352785
17	57487512	59312754	252	14	0.0002938242	0.000000106141
17	59312755	61545588	462	14	0.0000882214	0.000000241034
17	61545589	63148127	317	14	-0.0000595227	0.000000124905
17	63148128	64800429	663	14	-0.0000017289	0.000000323939
17	64800430	67858769	991	14	0.0000436101	0.000000345331
17	67858770	69387816	668	14	0.0002440149	0.000000348744
17	69387817	72672202	1493	14	0.0001042631	0.000000349502
17	72672203	74375559	429	14	0.0000994883	0.000000235950
17	74375560	76263412	775	14	0.0001651977	0.000000353693
17	76263413	77298635	488	14	0.0001445341	0.000000325333
17	77298636	78837587	579	14	-0.0000018230	0.000000332640
17	78837588	80034407	247	14	0.0002469298	0.000000153707
17	80034408	81194907	322	14	0.0026398218	0.000000329222
18	10644	912485	424	14	-0.0000580735	0.000000231033
18	912486	1942910	379	14	0.0000699452	0.000000176357
18	1942911	3891657	805	14	0.0000348639	0.000000344730
18	3891658	5834179	817	14	0.0001346554	0.000000351593
18	5834180	7090484	604	14	-0.0000076277	0.000000337016
18	7090485	8498930	600	14	-0.0001136169	0.000000328932
18	8498931	11075912	1327	14	0.0000952677	0.000000348884
18	11075913	11905439	281	14	-0.0000241260	0.000000145358
18	11905440	14440798	788	14	0.0001266327	0.000000351041
18	14440799	19485843	166	14	0.0000039934	0.000000066530
18	19485844	20649471	308	14	-0.0000641082	0.000000139272
18	20649472	22996650	841	14	0.0001820791	0.000000354854
18	22996651	24026190	326	14	0.0001322749	0.000000175081
18	24026191	25927681	811	14	0.0004182121	0.000000371094
18	25927682	26875586	256	14	0.0001540432	0.000000116497
18	26875587	27866477	280	14	0.0001660915	0.000000125106
18	27866478	30264065	908	14	0.0000485610	0.000000345672
18	30264066	31780066	356	14	0.0002360169	0.000000166429
18	31780067	33861963	636	14	0.0005177064	0.000000322999
18	33861964	35075249	487	14	0.0001526130	0.000000257238
18	35075250	36365489	510	14	0.0001076323	0.000000216970
18	36365490	37684366	360	14	0.0001016155	0.000000147850
18	37684367	39892647	786	14	0.0001150145	0.000000342262
18	39892648	42922105	959	14	0.0001388852	0.000000351884
18	42922106	44299245	711	14	0.0005307143	0.000000378832
18	44299246	45939731	620	14	0.0000892224	0.000000330977
18	45939732	47730583	804	14	-0.0000047758	0.000000342003
18	47730584	51062184	1227	14	-0.0000587978	0.000000338288
18	51062185	51554174	183	14	0.0001910524	0.000000082895
18	51554175	55213837	1164	14	0.0002529424	0.000000359728
18	55213838	56530219	626	14	0.0000943399	0.000000348820
18	56530220	57630482	599	14	0.0000168230	0.000000343489
18	57630483	59020750	447	14	0.0000863825	0.000000230684
18	59020751	60277714	555	14	0.0001494264	0.000000286295
18	60277715	61820251	592	14	0.0002120939	0.000000294396
18	61820252	63463401	529	14	0.0001659417	0.000000249287
18	63463402	64252800	249	14	-0.0000018331	0.000000097566
18	64252801	66125816	759	14	0.0000734228	0.000000347381
18	66125817	67175819	337	14	0.0001033909	0.000000183490
18	67175820	68621178	487	14	0.0002205417	0.000000285102
18	68621179	69621617	393	14	0.0004292210	0.000000228912
18	69621618	71038473	581	14	0.0001278111	0.000000318707
18	71038474	71971461	509	14	0.0000559310	0.000000305990
18	71971462	73526986	687	14	0.0001342529	0.000000351565
18	73526987	74813814	614	14	-0.0000144322	0.000000341339
18	74813815	75976316	608	14	0.0002505805	0.000000359565
18	75976317	77149990	427	14	0.0001657983	0.000000209522
18	77149991	78017157	278	14	0.0003514240	0.000000164158
19	80840	610728	107	14	0.0002423495	0.000000075881
19	610729	2098395	327	14	0.0000240810	0.000000199855
19	2098396	3019659	260	14	0.0003160542	0.000000171195
19	3019660	4348966	341	14	-0.0000865407	0.000000198711
19	4348967	5811851	425	14	0.0000622089	0.000000262224
19	5811852	6684884	221	14	0.0000839592	0.000000128705
19	6684885	8347512	557	14	-0.0000370176	0.000000327048
19	8347513	9238392	273	14	0.0000253609	0.000000116210
19	9238393	11284027	527	14	0.0001243549	0.000000260506
19	11284028	13471126	433	14	0.0002369993	0.000000240246
19	13471127	14486346	214	14	0.0000596008	0.000000115277
19	14486347	15648609	393	14	0.0000312405	0.000000205322
19	15648610	16374415	385	14	0.0000933526	0.000000161481
19	16374416	18409861	594	14	0.0001285790	0.000000351175
19	18409862	19877470	346	14	0.0000948968	0.000000175983
19	19877471	20905756	137	14	0.0006089965	0.000000111166
19	20905757	22732895	339	14	0.0002419298	0.000000153367
19	22732896	23467745	141	13	-0.0000086399	0.000000052817
19	23467746	28557892	297	14	-0.0000463870	0.000000107438
19	28557893	29790946	498	14	0.0003407110	0.000000265662
19	29790947	30727953	351	14	0.0003411451	0.000000203869
19	30727954	32746519	665	14	0.0000308593	0.000000344454
19	32746520	34262951	530	14	0.0000978003	0.000000285800
19	34262952	36469294	686	14	0.0000383177	0.000000344967
19	36469295	37527032	240	14	0.0001634602	0.000000096049
19	37527033	40170618	668	14	0.0001806145	0.000000345976
19	40170619	40984600	193	14	-0.0000322264	0.000000084693
19	40984601	42131572	320	14	0.0002405483	0.000000180388
19	42131573	43862454	174	14	0.0001775866	0.000000090088
19	43862455	44744107	311	14	0.0004628575	0.000000169049
19	44744108	46102696	382	14	-0.0000165696	0.000000209209
19	46102697	47150081	305	14	0.0001668196	0.000000176057
19	47150082	49282226	626	14	-0.0000175864	0.000000339523
19	49282227	51532566	671	14	-0.0000994745	0.000000335490
19	51532567	52985289	673	14	0.0003254882	0.000000364717
19	52985290	54602361	543	14	0.0001706583	0.000000343702
19	54602362	55728079	394	14	0.0001487503	0.000000235672
19	55728080	57521334	717	14	-0.0000782430	0.000000336951
19	57521335	59118838	570	14	0.0001233092	0.000000312944
20	60479	697599	281	14	0.0001052463	0.000000163652
20	697600	2469500	1047	14	0.0000599134	0.000000346452
20	2469501	3828412	516	14	0.0005395463	0.000000320661
20	3828413	5477849	844	14	0.0001095229	0.000000349864
20	5477850	7084072	769	14	0.0001764984	0.000000354470
20	7084073	8117010	422	14	0.0000276872	0.000000188108
20	8117011	9730920	805	14	0.0001264614	0.000000351029
20	9730921	11249535	761	14	0.0002209361	0.000000357527
20	11249536	12447498	519	14	0.0000525786	0.000000237864
20	12447499	13689863	573	14	0.0001454187	0.000000301313
20	13689864	15958358	1012	14	0.0000147076	0.000000343343
20	15958359	17487231	977	14	0.0000728355	0.000000347341
20	17487232	18972202	642	14	0.0000763682	0.000000339605
20	18972203	20959709	914	14	-0.0001032008	0.000000335234
20	20959710	22491455	423	14	0.0000963063	0.000000170570
20	22491456	23293789	371	14	0.0000156409	0.000000171277
20	23293790	24717723	556	14	0.0000228073	0.000000266279
20	24717724	25344230	233	14	0.0001476094	0.000000098138
20	25344231	31614822	615	14	0.0001097265	0.000000260995
20	31614823	32813440	305	14	0.0000206186	0.000000131010
20	32813441	34960445	477	14	0.0000750917	0.000000160238
20	34960446	36909529	511	14	0.0002301841	0.000000239781
20	36909530	38436760	531	14	0.0000010115	0.000000234339
20	38436761	39610855	488	14	0.0001882734	0.000000270105
20	39610856	40585688	292	14	0.0001633289	0.000000147358
20	40585689	41615459	596	14	-0.0001206068	0.000000334037
20	41615460	42680175	410	14	-0.0001242674	0.000000209051
20	42680176	44839055	816	14	0.0001196932	0.000000350564
20	44839056	47199979	1063	14	0.0000569450	0.000000346248
20	47199980	49239657	791	14	-0.0001316153	0.000000333280
20	49239658	52472548	1378	14	0.0002535701	0.000000359771
20	52472549	54055265	650	14	-0.0000055706	0.000000341949
20	54055266	56447958	1189	14	0.0000446160	0.000000345400
20	56447959	58406571	925	14	0.0000251591	0.000000344062
20	58406572	59561723	559	14	-0.0000054570	0.000000294045
20	59561724	61301854	807	14	0.0002013068	0.000000356177
20	61301855	62190179	313	14	0.0002662734	0.000000194585
20	62190180	62965162	243	14	0.0000652455	0.000000130732
21	9411243	15950981	304	14	0.0001473079	0.000000168561
21	15950982	18053164	694	14	0.0000964165	0.000000348963
21	18053165	19480374	470	14	0.0002268701	0.000000279501
21	19480375	20962338	646	14	0.0000292951	0.000000344347
21	20962339	22072763	368	14	0.0000995977	0.000000197933
21	22072764	23362874	557	14	0.0001454372	0.000000284503
21	23362875	24696230	377	14	0.0000000732	0.000000179235
21	24696231	26469121	693	14	-0.0000910095	0.000000336073
21	26469122	27271018	230	14	-0.0000405989	0.000000107182
21	27271019	29125225	914	14	0.0000066608	0.000000342790
21	29125226	31197024	721	14	0.0001198529	0.000000320505
21	31197025	32668641	478	14	0.0002789651	0.000000205938
21	32668642	34376998	693	14	0.0001068678	0.000000349682
21	34376999	35225464	292	14	0.0002286343	0.000000170684
21	35225465	36524372	600	14	-0.0001100161	0.000000334765
21	36524373	37870778	569	14	0.0002202183	0.000000298006
21	37870779	38711703	324	14	0.0001978068	0.000000152377
21	38711704	40482901	880	14	0.0000620955	0.000000346602
21	40482902	41389526	527	14	0.0002762168	0.000000262730
21	41389527	43321527	1069	14	0.0000755652	0.000000347529
21	43321528	44506267	714	14	0.0007901305	0.000000396673
21	44506268	46177104	594	14	0.0005531633	0.000000380375
21	46177105	47492225	530	14	0.0000094500	0.000000290451
21	47492226	48119751	251	14	0.0002131546	0.000000129605
22	16050408	17674294	228	14	0.0000660290	0.000000130786
22	17674295	18296087	272	14	0.0001047238	0.000000153444
22	18296088	19912357	556	14	0.0000974922	0.000000304196
22	19912358	22357324	625	14	0.0001444425	0.000000312841
22	22357325	23712646	351	14	-0.0000026955	0.000000176958
22	23712647	24984203	375	14	0.0002602580	0.000000178299
22	24984204	26791627	787	14	0.0000507464	0.000000345822
22	26791628	27834751	761	14	0.0002205940	0.000000357503
22	27834752	29651798	590	14	-0.0000569335	0.000000338416
22	29651799	31439917	571	14	0.0001382710	0.000000274939
22	31439918	32664985	362	14	0.0002372215	0.000000184293
22	32664986	34494913	960	14	-0.0000548787	0.000000338558
22	34494914	35530984	511	14	-0.0000688284	0.000000210674
22	35530985	37570268	868	14	0.0005751512	0.000000381888
22	37570269	39307893	559	14	0.0000861936	0.000000325252
22	39307894	40545796	357	14	0.0001784961	0.000000205430
22	40545797	42690817	471	14	0.0002292862	0.000000199044
22	42690818	43714199	424	14	0.0001690112	0.000000237784
22	43714200	44995307	739	14	0.0000329524	0.000000344598
22	44995308	46470494	646	14	0.0000420325	0.000000345223
22	46470495	47596317	471	14	0.0001902584	0.000000279253
22	47596318	48903702	770	14	-0.0000665229	0.000000337757
22	48903703	49824533	636	14	0.0003763848	0.000000368218
22	49824534	51243297	414	14	0.0002248116	0.000000241597
