chr	start	end	num_snp	k	local_rho	var
1	10583	1892606	111	20	-0.0000430208	0.0000000050
1	1892607	3582735	457	40	-0.0001115361	0.0000000235
1	3582736	4380810	290	40	-0.0000636419	0.0000000174
1	4380811	5913892	900	40	0.0001197421	0.0000000311
1	5913893	7247334	441	40	0.0000913990	0.0000000227
1	7247335	9365198	731	40	-0.0000899880	0.0000000297
1	9365199	10806983	371	40	0.0000151097	0.0000000155
1	10806984	11777840	275	40	-0.0000485934	0.0000000151
1	11777841	12779465	301	40	-0.0000397856	0.0000000161
1	12779466	14891510	636	40	0.0001222187	0.0000000323
1	14891511	16897729	725	40	0.0000743823	0.0000000298
1	16897730	18662898	689	40	0.0000739760	0.0000000318
1	18662899	20469148	766	40	-0.0000034039	0.0000000307
1	20469149	21736587	472	40	0.0001066534	0.0000000246
1	21736588	23086882	541	40	-0.0000646497	0.0000000281
1	23086883	23920589	233	29	-0.0000669563	0.0000000123
1	23920590	25516844	547	40	-0.0001180944	0.0000000279
1	25516845	27401866	429	40	0.0000149135	0.0000000176
1	27401867	30161880	572	40	0.0002107257	0.0000000249
1	30161881	32438684	967	40	0.0000657960	0.0000000305
1	32438685	34799757	705	40	-0.0000290860	0.0000000311
1	34799758	37549182	588	40	-0.0000451280	0.0000000316
1	37549183	38731846	388	40	0.0000337763	0.0000000193
1	38731847	40200566	455	40	-0.0000887997	0.0000000220
1	40200567	41975326	569	40	-0.0000305117	0.0000000251
1	41975327	43758456	572	40	-0.0000254615	0.0000000240
1	43758457	44969182	387	36	-0.0000036254	0.0000000178
1	44969183	46899500	470	39	0.0000379844	0.0000000161
1	46899501	48002575	315	34	0.0000214792	0.0000000166
1	48002576	48978187	357	40	0.0000484030	0.0000000193
1	48978188	49894176	251	29	-0.0000294092	0.0000000105
1	49894177	51713725	261	25	0.0000465704	0.0000000115
1	51713726	54226261	581	40	0.0000892455	0.0000000262
1	54226262	56413116	871	40	0.0001928419	0.0000000311
1	56413117	57021727	283	31	-0.0000445479	0.0000000142
1	57021728	58865398	887	40	0.0000649868	0.0000000330
1	58865399	59890408	407	40	0.0000481575	0.0000000189
1	59890409	61922364	691	40	-0.0000010767	0.0000000287
1	61922365	63455088	563	40	-0.0000197772	0.0000000269
1	63455089	65041703	684	40	-0.0000863183	0.0000000280
1	65041704	66939403	668	40	0.0001363267	0.0000000299
1	66939404	68477894	710	40	0.0000189095	0.0000000279
1	68477895	69687615	398	40	-0.0000304463	0.0000000198
1	69687616	71372469	555	40	0.0003026419	0.0000000250
1	71372470	71684404	87	10	-0.0000457677	0.0000000047
1	71684405	74326906	575	40	0.0001071442	0.0000000227
1	74326907	76728134	753	40	0.0000076190	0.0000000287
1	76728135	79661197	983	40	0.0000389436	0.0000000319
1	79661198	81354190	497	40	-0.0000509186	0.0000000207
1	81354191	83991747	1011	40	-0.0000230805	0.0000000300
1	83991748	84844494	324	35	0.0000135566	0.0000000144
1	84844495	86454750	675	40	-0.0000788645	0.0000000298
1	86454751	88128630	608	40	0.0000654973	0.0000000295
1	88128631	90066302	540	40	0.0000961206	0.0000000247
1	90066303	91886316	583	40	-0.0001269544	0.0000000289
1	91886317	93536458	528	40	-0.0000311213	0.0000000202
1	93536459	94506190	265	27	-0.0001020221	0.0000000106
1	94506191	96150892	692	40	-0.0000718394	0.0000000301
1	96150893	97885248	637	40	0.0000436375	0.0000000220
1	97885249	99800603	660	40	0.0000647980	0.0000000264
1	99800604	100826404	345	37	-0.0001918691	0.0000000139
1	100826405	102041015	466	40	-0.0000224356	0.0000000205
1	102041016	102898744	292	37	-0.0000328323	0.0000000122
1	102898745	103914210	211	21	0.0000779930	0.0000000074
1	103914211	106087841	480	40	-0.0000533157	0.0000000210
1	106087842	108409664	754	40	0.0000512410	0.0000000320
1	108409665	110303930	595	40	0.0000347374	0.0000000236
1	110303931	111741736	609	40	-0.0000292300	0.0000000301
1	111741737	113273305	749	40	-0.0000840478	0.0000000328
1	113273306	114873844	530	40	-0.0001286521	0.0000000229
1	114873845	115880592	354	37	0.0001286285	0.0000000165
1	115880593	118839066	902	40	0.0000958892	0.0000000325
1	118839067	144977493	595	40	0.0000411889	0.0000000225
1	144977494	148361252	456	40	-0.0000546705	0.0000000206
1	148361253	151538880	361	34	0.0000758253	0.0000000166
1	151538881	153180828	512	40	0.0000907306	0.0000000207
1	153180829	154770402	485	40	-0.0001013922	0.0000000225
1	154770403	156336132	320	39	-0.0000082443	0.0000000176
1	156336133	158027411	635	40	-0.0001382368	0.0000000279
1	158027412	159913047	726	40	-0.0001595193	0.0000000332
1	159913048	162346720	925	40	0.0000372094	0.0000000313
1	162346721	165191701	1265	40	-0.0000413268	0.0000000281
1	165191702	166460516	571	40	0.0000385468	0.0000000270
1	166460517	169086323	1183	40	0.0000541790	0.0000000284
1	169086324	170557775	587	40	-0.0000356741	0.0000000231
1	170557776	173097906	966	40	-0.0001763621	0.0000000343
1	173097907	175089767	442	33	0.0001014279	0.0000000140
1	175089768	177433380	857	40	0.0000695863	0.0000000319
1	177433381	178944308	536	40	0.0000031178	0.0000000213
1	178944309	178954469	2	1	-0.0000167955	0.0000000003
1	178954470	181144120	804	40	0.0000409919	0.0000000290
1	181144121	182755355	656	40	0.0000294192	0.0000000311
1	182755356	184595512	668	40	0.0000066551	0.0000000254
1	184595513	186810022	570	40	0.0000318851	0.0000000203
1	186810023	188759944	678	40	-0.0001046600	0.0000000239
1	188759945	189904129	244	19	-0.0000064849	0.0000000083
1	189904130	191868929	582	40	0.0000225268	0.0000000209
1	191868930	194107441	632	40	0.0000823061	0.0000000261
1	194107442	196176200	620	40	-0.0000590471	0.0000000234
1	196176201	197311513	203	16	0.0000715798	0.0000000077
1	197311514	199239883	540	40	-0.0000418216	0.0000000238
1	199239884	200137648	335	37	-0.0000326855	0.0000000144
1	200137649	201589974	742	40	0.0000080506	0.0000000290
1	201589975	203334733	645	40	-0.0000507426	0.0000000295
1	203334734	204681067	508	40	0.0001618289	0.0000000241
1	204681068	206073264	597	40	-0.0001204802	0.0000000311
1	206073265	208410363	673	40	0.0000202637	0.0000000316
1	208410364	210787749	1005	40	-0.0001988615	0.0000000309
1	210787750	212842329	734	40	-0.0001142730	0.0000000304
1	212842330	214578265	643	40	-0.0001549886	0.0000000341
1	214578266	216243633	636	40	-0.0001970253	0.0000000272
1	216243634	218705512	1137	40	0.0000277290	0.0000000300
1	218705513	219590570	308	35	0.0000176648	0.0000000129
1	219590571	221858230	741	40	-0.0000890272	0.0000000324
1	221858231	222230219	186	22	0.0000327923	0.0000000099
1	222230220	224938519	578	40	0.0000728488	0.0000000258
1	224938520	226810859	552	40	-0.0000171532	0.0000000254
1	226810860	229156247	776	40	-0.0000256986	0.0000000298
1	229156248	230685254	589	40	-0.0000782581	0.0000000295
1	230685255	232090251	624	40	0.0000453793	0.0000000282
1	232090252	233429283	638	40	0.0000423294	0.0000000311
1	233429284	234599433	585	40	0.0000847766	0.0000000270
1	234599434	235819435	408	40	-0.0001367089	0.0000000210
1	235819436	237555627	776	40	0.0000403965	0.0000000294
1	237555628	238567806	450	40	-0.0001683290	0.0000000265
1	238567807	239925313	520	40	0.0000597056	0.0000000251
1	239925314	240564090	368	40	-0.0000269989	0.0000000193
1	240564091	241582219	547	40	-0.0000006265	0.0000000273
1	241582220	242071601	230	40	-0.0000539418	0.0000000122
1	242071602	244109498	661	40	-0.0000153644	0.0000000304
1	244109499	245506745	548	40	0.0000663485	0.0000000294
1	245506746	247344517	777	40	-0.0000700765	0.0000000303
1	247344518	249239465	421	40	-0.0000330864	0.0000000215
2	10133	1781021	705	40	0.0000518177	0.0000000300
2	1781022	3973778	1015	40	-0.0000422447	0.0000000324
2	3973779	5708336	652	40	-0.0000470959	0.0000000306
2	5708337	6836253	585	40	-0.0000020176	0.0000000275
2	6836254	8422146	670	40	-0.0000514543	0.0000000318
2	8422147	10298468	703	40	0.0001727834	0.0000000300
2	10298469	12419149	1013	40	0.0000290185	0.0000000299
2	12419150	14335307	613	40	0.0001252075	0.0000000295
2	14335308	16329734	764	40	0.0002010177	0.0000000310
2	16329735	18647422	894	40	-0.0000395084	0.0000000295
2	18647423	19692403	394	40	-0.0000650119	0.0000000202
2	19692404	21050489	662	40	-0.0000979835	0.0000000294
2	21050490	23341382	638	40	-0.0000757226	0.0000000328
2	23341383	24686917	455	40	0.0001982032	0.0000000225
2	24686918	26894984	579	40	-0.0000948526	0.0000000279
2	26894985	28598776	423	33	0.0001289162	0.0000000182
2	28598777	29217558	254	33	0.0000491511	0.0000000117
2	29217559	30463710	648	40	-0.0000179823	0.0000000321
2	30463711	31550449	550	40	-0.0000674880	0.0000000269
2	31550450	33363776	514	40	0.0001051312	0.0000000290
2	33363777	35345027	839	40	-0.0000012890	0.0000000314
2	35345028	36122005	300	30	0.0000979893	0.0000000154
2	36122006	38132711	963	40	0.0000407782	0.0000000321
2	38132712	39031336	343	40	0.0001010933	0.0000000208
2	39031337	40281482	316	32	-0.0001047028	0.0000000175
2	40281483	43309589	1356	40	0.0000754786	0.0000000322
2	43309590	44313802	409	40	0.0001240391	0.0000000257
2	44313803	46482633	1108	40	0.0000181638	0.0000000302
2	46482634	47318771	432	40	0.0000326541	0.0000000247
2	47318772	48213000	306	40	0.0000044809	0.0000000183
2	48213001	50022256	734	40	0.0000508032	0.0000000316
2	50022257	50818927	352	34	0.0001464004	0.0000000186
2	50818928	52491132	665	40	-0.0000702339	0.0000000313
2	52491133	53508451	485	40	-0.0001116451	0.0000000255
2	53508452	54685225	453	40	-0.0000815290	0.0000000233
2	54685226	56203344	626	40	-0.0000251961	0.0000000302
2	56203345	57429099	440	40	-0.0000174549	0.0000000219
2	57429100	58297314	282	29	-0.0000303169	0.0000000168
2	58297315	60291999	760	40	-0.0001118122	0.0000000326
2	60292000	62429043	608	40	0.0000818261	0.0000000318
2	62429044	64625912	600	40	0.0000565494	0.0000000306
2	64625913	65933443	474	40	0.0000004399	0.0000000226
2	65933444	67226165	559	40	0.0000473732	0.0000000282
2	67226166	68010175	429	40	0.0001041567	0.0000000215
2	68010176	69139563	491	40	0.0000007100	0.0000000205
2	69139564	70755197	550	40	0.0000684279	0.0000000245
2	70755198	73174847	824	40	0.0000297602	0.0000000310
2	73174848	75630085	754	40	0.0001942638	0.0000000313
2	75630086	76913660	531	40	0.0000473436	0.0000000266
2	76913661	78079263	406	40	-0.0000693941	0.0000000227
2	78079264	80050402	851	40	0.0000178074	0.0000000297
2	80050403	81620840	591	40	-0.0001435157	0.0000000320
2	81620841	85140679	918	40	-0.0000150543	0.0000000263
2	85140680	88038506	654	40	-0.0000972151	0.0000000259
2	88038507	89154525	251	31	-0.0000575304	0.0000000110
2	89154526	95326451	4	2	-0.0000134499	0.0000000005
2	95326452	98995200	436	40	0.0000630216	0.0000000196
2	98995201	101822328	926	40	-0.0000161326	0.0000000296
2	101822329	102688764	269	30	0.0000430788	0.0000000096
2	102688765	103588214	417	37	0.0000645464	0.0000000142
2	103588215	105125033	315	40	-0.0001426597	0.0000000165
2	105125034	106210057	417	40	0.0000286055	0.0000000231
2	106210058	107408266	459	40	0.0000495507	0.0000000222
2	107408267	108429176	366	40	-0.0000167032	0.0000000185
2	108429177	110572431	544	40	0.0001582159	0.0000000272
2	110572432	113921855	823	40	0.0000225789	0.0000000329
2	113921856	116772469	782	40	-0.0000328150	0.0000000304
2	116772470	118367465	412	39	0.0000194289	0.0000000156
2	118367466	121303782	1020	40	0.0001118727	0.0000000306
2	121303783	123302905	605	40	-0.0000076972	0.0000000278
2	123302906	124732249	443	40	0.0000571490	0.0000000205
2	124732250	125840920	398	40	-0.0000511109	0.0000000184
2	125840921	127373763	424	38	-0.0000456765	0.0000000157
2	127373764	128034346	273	40	-0.0001363894	0.0000000136
2	128034347	129474440	444	40	0.0000161488	0.0000000191
2	129474441	130067169	235	27	0.0000220377	0.0000000093
2	130067170	130658084	214	26	-0.0000176516	0.0000000109
2	130658085	133042783	230	36	0.0000032529	0.0000000099
2	133042784	135158577	934	40	-0.0000376482	0.0000000293
2	135158578	137042793	457	40	-0.0000079893	0.0000000169
2	137042794	138698116	625	40	-0.0000069991	0.0000000263
2	138698117	140100270	452	40	-0.0001366501	0.0000000161
2	140100271	141805350	586	40	0.0000020387	0.0000000267
2	141805351	142518601	304	34	-0.0001270543	0.0000000168
2	142518602	144519483	674	40	0.0001227799	0.0000000315
2	144519484	146445569	458	40	0.0000204822	0.0000000238
2	146445570	147277161	159	16	0.0000017035	0.0000000064
2	147277162	150210291	680	40	-0.0000482370	0.0000000281
2	150210292	151731461	485	40	0.0000090955	0.0000000218
2	151731462	152486781	293	30	-0.0000042059	0.0000000147
2	152486782	154005055	512	40	-0.0001350168	0.0000000221
2	154005056	155391134	501	40	-0.0000251920	0.0000000229
2	155391135	157560634	574	40	-0.0001091121	0.0000000313
2	157560635	158533217	174	26	-0.0000510619	0.0000000122
2	158533218	159577081	348	40	-0.0000830195	0.0000000166
2	159577082	161769732	740	40	0.0000986917	0.0000000315
2	161769733	163503550	404	37	-0.0001454447	0.0000000202
2	163503551	164466637	203	24	-0.0000062298	0.0000000102
2	164466638	165178839	184	21	-0.0000680671	0.0000000114
2	165178840	167160269	654	40	-0.0001097586	0.0000000271
2	167160270	167355969	74	10	0.0000486906	0.0000000036
2	167355970	169968235	870	40	0.0003944295	0.0000000393
2	169968236	171226244	507	40	0.0000113167	0.0000000216
2	171226245	173138904	598	40	-0.0000682937	0.0000000307
2	173138905	175588928	865	40	0.0000444674	0.0000000291
2	175588929	177363635	553	40	0.0000437285	0.0000000236
2	177363636	178553182	476	40	0.0001645289	0.0000000206
2	178553183	181312738	1029	40	0.0000583921	0.0000000277
2	181312739	182266030	314	32	-0.0000082086	0.0000000129
2	182266031	184357607	635	40	-0.0001555344	0.0000000282
2	184357608	185280172	243	26	-0.0000217615	0.0000000117
2	185280173	189882064	988	40	-0.0000288395	0.0000000347
2	189882065	191973356	518	40	-0.0000948571	0.0000000241
2	191973357	195861163	731	40	0.0001362433	0.0000000335
2	195861164	196447455	161	21	-0.0000353799	0.0000000119
2	196447456	198078109	459	40	-0.0000599029	0.0000000185
2	198078110	199311124	319	27	0.0000607791	0.0000000120
2	199311125	201576283	649	40	-0.0000356313	0.0000000272
2	201576284	202818636	326	40	-0.0001031078	0.0000000158
2	202818637	205799240	772	40	-0.0001011921	0.0000000323
2	205799241	206735703	417	40	-0.0001095368	0.0000000236
2	206735704	208645398	677	40	0.0001244213	0.0000000317
2	208645399	209941528	352	40	0.0000068829	0.0000000184
2	209941529	212379517	762	40	-0.0000151102	0.0000000301
2	212379518	214014281	647	40	-0.0001568276	0.0000000302
2	214014282	215573794	457	40	0.0000309147	0.0000000200
2	215573795	217715660	843	40	-0.0000042097	0.0000000303
2	217715661	218395479	289	37	0.0000822112	0.0000000145
2	218395480	220454550	615	40	-0.0002022637	0.0000000266
2	220454551	222521175	885	40	-0.0002049516	0.0000000312
2	222521176	224859418	817	40	-0.0001230677	0.0000000293
2	224859419	225840003	370	37	-0.0000109973	0.0000000150
2	225840004	228119841	756	40	0.0001060753	0.0000000308
2	228119842	229370786	470	40	-0.0000050978	0.0000000232
2	229370787	231843388	965	40	-0.0000944579	0.0000000320
2	231843389	233550002	494	40	0.0000530707	0.0000000230
2	233550003	235150986	813	40	0.0000732385	0.0000000341
2	235150987	236043549	438	40	0.0001220886	0.0000000224
2	236043550	237449031	489	40	0.0000067796	0.0000000235
2	237449032	238760980	554	40	-0.0000332988	0.0000000263
2	238760981	239952642	442	40	-0.0000411374	0.0000000225
2	239952643	241560083	697	40	0.0000329281	0.0000000308
2	241560084	242149920	230	31	-0.0001423054	0.0000000109
2	242149921	243188919	136	17	-0.0000642137	0.0000000083
3	60157	1441778	640	40	-0.0000862556	0.0000000304
3	1441779	2992119	944	40	-0.0001040566	0.0000000312
3	2992120	4431646	803	40	0.0000541064	0.0000000291
3	4431647	6083182	816	40	-0.0000787723	0.0000000293
3	6083183	7083386	448	40	0.0000529368	0.0000000221
3	7083387	8648560	900	40	0.0001277057	0.0000000353
3	8648561	9543182	513	40	0.0001031515	0.0000000264
3	9543183	11019664	637	40	0.0000076459	0.0000000300
3	11019665	13070798	773	40	-0.0000104739	0.0000000318
3	13070799	14816899	832	40	0.0000335731	0.0000000305
3	14816900	16282441	550	40	-0.0000020503	0.0000000246
3	16282442	17891117	520	40	-0.0000433068	0.0000000251
3	17891118	19125143	356	40	-0.0002468454	0.0000000182
3	19125144	20091347	205	25	-0.0000233808	0.0000000117
3	20091348	21643706	663	40	0.0000256900	0.0000000316
3	21643707	22204243	401	40	0.0000758930	0.0000000213
3	22204244	23804864	558	40	-0.0000031868	0.0000000272
3	23804865	25461557	778	40	-0.0000819240	0.0000000331
3	25461558	26877768	488	40	0.0000456177	0.0000000220
3	26877769	27840909	282	32	0.0000027740	0.0000000134
3	27840910	29142259	461	40	-0.0000392601	0.0000000227
3	29142260	30717954	709	40	0.0000957700	0.0000000303
3	30717955	32351714	678	40	0.0000731431	0.0000000315
3	32351715	33255591	288	40	0.0000463269	0.0000000165
3	33255592	35283457	610	40	0.0000252957	0.0000000285
3	35283458	36486841	426	40	-0.0000583210	0.0000000225
3	36486842	38356115	613	40	-0.0000689471	0.0000000264
3	38356116	40221297	687	40	0.0000526171	0.0000000279
3	40221298	41064527	157	17	0.0000462767	0.0000000065
3	41064528	42540001	472	40	0.0000595160	0.0000000209
3	42540002	45165152	723	40	-0.0000052413	0.0000000314
3	45165153	46657499	569	40	0.0000203141	0.0000000232
3	46657500	47727211	180	17	0.0000502395	0.0000000091
3	47727212	49316971	256	15	0.0000447050	0.0000000098
3	49316972	51832014	447	25	-0.0000348920	0.0000000190
3	51832015	54081389	626	40	-0.0001669997	0.0000000276
3	54081390	55348859	689	40	0.0001111385	0.0000000323
3	55348860	56433906	383	40	0.0000922248	0.0000000196
3	56433907	58157518	562	40	0.0000520981	0.0000000242
3	58157519	60272905	1014	40	0.0000439370	0.0000000309
3	60272906	62355665	1022	40	0.0000231712	0.0000000306
3	62355666	63669285	697	40	-0.0000296369	0.0000000309
3	63669286	65273537	790	40	-0.0000609621	0.0000000305
3	65273538	66270446	350	40	0.0000256691	0.0000000218
3	66270447	68286913	679	40	0.0000239170	0.0000000307
3	68286914	69276761	378	40	-0.0001231098	0.0000000224
3	69276762	70449027	411	40	-0.0002421505	0.0000000242
3	70449028	72529328	816	40	-0.0000149483	0.0000000324
3	72529329	74321816	736	40	0.0000254675	0.0000000330
3	74321817	75704948	283	32	0.0000716239	0.0000000129
3	75704949	77508834	515	40	0.0001338055	0.0000000257
3	77508835	79024540	432	40	-0.0001553015	0.0000000211
3	79024541	81427309	505	40	-0.0000227988	0.0000000194
3	81427310	82643885	304	28	-0.0000588466	0.0000000141
3	82643886	84367478	339	33	-0.0000299201	0.0000000128
3	84367479	85582230	268	22	-0.0000250152	0.0000000108
3	85582231	87409731	467	40	0.0000358100	0.0000000191
3	87409732	88298372	195	19	-0.0000129338	0.0000000099
3	88298373	94255315	479	40	-0.0000916211	0.0000000195
3	94255316	95311970	224	18	-0.0001036168	0.0000000087
3	95311971	98215949	594	40	-0.0001839688	0.0000000231
3	98215950	99373761	342	40	0.0000690570	0.0000000158
3	99373762	100592216	340	29	0.0000061161	0.0000000138
3	100592217	103084959	684	40	0.0000944709	0.0000000251
3	103084960	104581612	439	40	0.0000913557	0.0000000185
3	104581613	106982810	744	40	-0.0000506871	0.0000000293
3	106982811	109522394	791	40	-0.0000251435	0.0000000308
3	109522395	110513769	263	25	0.0000421670	0.0000000105
3	110513770	112815698	727	40	0.0000631384	0.0000000291
3	112815699	113947862	385	40	0.0001211133	0.0000000184
3	113947863	115447079	413	40	0.0001342948	0.0000000234
3	115447080	116800152	549	40	-0.0000191291	0.0000000250
3	116800153	118530250	604	40	-0.0001293485	0.0000000302
3	118530251	120523054	709	40	-0.0002698089	0.0000000269
3	120523055	121974096	404	37	-0.0000214884	0.0000000132
3	121974097	123517767	535	40	0.0000130972	0.0000000260
3	123517768	124936641	641	40	-0.0000613017	0.0000000286
3	124936642	126214942	407	40	0.0001042921	0.0000000211
3	126214943	128194860	694	40	0.0001235308	0.0000000290
3	128194861	130244734	455	40	0.0001096048	0.0000000213
3	130244735	131836515	565	40	0.0000858949	0.0000000239
3	131836516	133252172	529	40	-0.0000653195	0.0000000209
3	133252173	135456905	898	40	0.0000556717	0.0000000302
3	135456906	137371082	460	39	-0.0000158565	0.0000000190
3	137371083	139954596	864	40	0.0002034335	0.0000000312
3	139954597	141339096	494	40	0.0000607368	0.0000000245
3	141339097	143164627	650	40	-0.0000547646	0.0000000294
3	143164628	144410815	403	40	0.0000438157	0.0000000189
3	144410816	145664618	368	40	0.0000929674	0.0000000132
3	145664619	146726628	348	40	-0.0000427556	0.0000000175
3	146726629	149043236	713	40	0.0000001922	0.0000000318
3	149043237	150252003	442	40	-0.0000858898	0.0000000226
3	150252004	151348729	383	40	0.0000311869	0.0000000183
3	151348730	153256570	587	40	0.0000638603	0.0000000275
3	153256571	154714217	424	40	0.0000923352	0.0000000164
3	154714218	156008699	344	40	0.0000850474	0.0000000187
3	156008700	157312027	464	40	-0.0000265971	0.0000000203
3	157312028	159477889	667	40	0.0001975767	0.0000000241
3	159477890	161524503	583	40	0.0001163412	0.0000000234
3	161524504	163253204	505	40	0.0000884953	0.0000000174
3	163253205	165055468	453	37	0.0000771151	0.0000000143
3	165055469	167117428	468	40	-0.0001063195	0.0000000221
3	167117429	168580959	379	40	0.0001234919	0.0000000160
3	168580960	170964908	741	40	-0.0000988489	0.0000000337
3	170964909	172295730	531	40	0.0001258766	0.0000000288
3	172295731	173477284	397	40	0.0000093071	0.0000000220
3	173477285	175116538	623	40	0.0000175538	0.0000000294
3	175116539	176320286	356	40	0.0000056360	0.0000000183
3	176320287	178107164	563	40	-0.0000020897	0.0000000286
3	178107165	179374585	402	40	-0.0000928866	0.0000000173
3	179374586	181511165	483	40	-0.0000763605	0.0000000219
3	181511166	183769682	690	40	-0.0000124112	0.0000000293
3	183769683	185068254	428	40	0.0001061388	0.0000000225
3	185068255	186890343	686	40	0.0000367772	0.0000000317
3	186890344	188856213	827	40	-0.0000063246	0.0000000328
3	188856214	190226606	635	40	-0.0001070588	0.0000000283
3	190226607	192343813	790	40	0.0000885079	0.0000000309
3	192343814	194059670	569	40	0.0000449146	0.0000000280
3	194059671	194786673	301	40	-0.0000415845	0.0000000182
3	194786674	195971407	249	39	0.0000291479	0.0000000141
3	195971408	197075986	310	40	0.0000543075	0.0000000182
3	197075987	197946621	193	29	-0.0000562868	0.0000000098
4	10240	694714	109	13	-0.0000360202	0.0000000068
4	694715	1478710	230	26	-0.0000662171	0.0000000126
4	1478711	2842978	292	40	-0.0001167546	0.0000000187
4	2842979	3846039	268	37	-0.0000920540	0.0000000140
4	3846040	4684115	242	37	0.0002634406	0.0000000152
4	4684116	5502387	406	40	-0.0000302510	0.0000000217
4	5502388	6773042	719	40	0.0000489622	0.0000000299
4	6773043	7539691	423	40	-0.0000581864	0.0000000252
4	7539692	8152234	367	40	-0.0000309638	0.0000000205
4	8152235	9326478	254	40	0.0000578229	0.0000000150
4	9326479	10699151	530	39	0.0000400656	0.0000000226
4	10699152	12323033	683	40	-0.0001317546	0.0000000304
4	12323034	14272000	736	40	0.0000853348	0.0000000296
4	14272001	15147445	388	40	-0.0000587550	0.0000000183
4	15147446	15927008	262	34	0.0000307233	0.0000000135
4	15927009	17383321	697	40	-0.0000263291	0.0000000291
4	17383322	18841873	436	40	-0.0001364479	0.0000000202
4	18841874	20544556	497	40	-0.0000077147	0.0000000216
4	20544557	22319346	689	40	0.0001135535	0.0000000298
4	22319347	24135528	625	40	0.0000386767	0.0000000283
4	24135529	25609321	625	40	-0.0000693615	0.0000000292
4	25609322	27343721	587	40	0.0000707560	0.0000000292
4	27343722	27965867	209	29	-0.0000918262	0.0000000110
4	27965868	29762207	552	40	0.0000655343	0.0000000253
4	29762208	30454534	164	24	-0.0000172800	0.0000000081
4	30454535	31782980	423	40	0.0000809888	0.0000000216
4	31782981	33172765	335	37	0.0000952606	0.0000000161
4	33172766	35151414	375	33	-0.0001542690	0.0000000160
4	35151415	36020435	283	34	-0.0000225498	0.0000000123
4	36020436	37255046	453	40	0.0000288977	0.0000000193
4	37255047	38907021	816	40	-0.0000458472	0.0000000301
4	38907022	40202608	407	40	0.0000477193	0.0000000189
4	40202609	42213057	736	40	0.0000105083	0.0000000307
4	42213058	43965044	555	40	0.0000547169	0.0000000246
4	43965045	45189156	353	40	-0.0000923928	0.0000000144
4	45189157	47411895	479	40	-0.0000483391	0.0000000209
4	47411896	48123599	231	26	0.0001157982	0.0000000105
4	48123600	53877432	499	40	0.0000738553	0.0000000188
4	53877433	55429555	550	40	0.0000158702	0.0000000255
4	55429556	56547643	390	40	-0.0000986783	0.0000000194
4	56547644	58935007	913	40	0.0000388110	0.0000000298
4	58935008	60741086	481	40	0.0000135270	0.0000000201
4	60741087	62371762	446	40	0.0000653071	0.0000000211
4	62371763	64341000	457	40	-0.0001554562	0.0000000227
4	64341001	66600491	534	40	0.0000947768	0.0000000230
4	66600492	68059496	409	40	-0.0000406981	0.0000000187
4	68059497	68854764	256	32	-0.0000476737	0.0000000108
4	68854765	71049151	458	40	-0.0000737700	0.0000000179
4	71049152	72140557	233	28	0.0000057988	0.0000000094
4	72140558	74592389	524	40	-0.0000110833	0.0000000218
4	74592390	77130706	756	40	0.0001130538	0.0000000283
4	77130707	79093978	767	40	-0.0000299971	0.0000000299
4	79093979	80990296	582	40	-0.0000229417	0.0000000223
4	80990297	82125314	256	31	0.0000430432	0.0000000125
4	82125315	83372592	397	40	0.0000030959	0.0000000173
4	83372593	84799655	502	40	0.0000157087	0.0000000215
4	84799656	86930608	635	40	-0.0000203347	0.0000000261
4	86930609	87534647	140	18	0.0000493494	0.0000000060
4	87534648	89238027	589	40	0.0001266808	0.0000000268
4	89238028	90231563	340	40	-0.0000246514	0.0000000158
4	90231564	91560676	361	40	0.0002603318	0.0000000184
4	91560677	94233298	601	40	0.0000032325	0.0000000283
4	94233299	96182187	632	40	0.0001035213	0.0000000290
4	96182188	97540702	514	40	0.0000437218	0.0000000253
4	97540703	99424066	420	36	0.0000525928	0.0000000154
4	99424067	100678359	440	40	0.0001008378	0.0000000206
4	100678360	103221355	840	40	-0.0000161996	0.0000000295
4	103221356	105305293	511	40	0.0000468237	0.0000000229
4	105305294	107501304	604	40	-0.0000464471	0.0000000271
4	107501305	108815347	373	40	-0.0000463230	0.0000000141
4	108815348	111256566	810	40	0.0001028336	0.0000000328
4	111256567	113870101	748	40	-0.0000252795	0.0000000311
4	113870102	115666245	636	40	0.0000227713	0.0000000306
4	115666246	117276928	357	37	-0.0000888432	0.0000000140
4	117276929	118479917	354	39	0.0000420552	0.0000000144
4	118479918	119933511	431	40	-0.0000257012	0.0000000179
4	119933512	120392683	156	16	0.0000315548	0.0000000059
4	120392684	122657986	751	40	0.0000437115	0.0000000313
4	122657987	124286480	391	38	0.0000735391	0.0000000156
4	124286481	125210861	274	37	-0.0000503865	0.0000000118
4	125210862	126480885	406	40	-0.0000541597	0.0000000210
4	126480886	127275476	233	31	-0.0001184841	0.0000000151
4	127275477	127830292	170	22	0.0000227985	0.0000000085
4	127830293	128996664	199	15	0.0000102016	0.0000000079
4	128996665	130591884	458	40	-0.0000285654	0.0000000204
4	130591885	131283820	191	23	0.0000117451	0.0000000087
4	131283821	132954032	369	40	-0.0000216308	0.0000000169
4	132954033	134628433	392	40	0.0000440629	0.0000000206
4	134628434	136566406	446	40	-0.0000237853	0.0000000183
4	136566407	138541970	540	40	-0.0002051019	0.0000000267
4	138541971	139556510	364	40	-0.0000492389	0.0000000207
4	139556511	141084630	526	40	-0.0000051659	0.0000000255
4	141084631	143443264	744	40	0.0000841202	0.0000000286
4	143443265	146178186	533	40	-0.0000829629	0.0000000240
4	146178187	148521872	648	40	0.0000133731	0.0000000270
4	148521873	150683579	556	40	0.0001459196	0.0000000237
4	150683580	152782183	538	40	-0.0000469902	0.0000000208
4	152782184	154477640	524	40	-0.0000290781	0.0000000257
4	154477641	155056125	213	29	0.0000136539	0.0000000109
4	155056126	157485096	849	40	-0.0000159628	0.0000000289
4	157485097	158743717	341	40	0.0000604556	0.0000000160
4	158743718	161058863	548	40	0.0000225140	0.0000000216
4	161058864	161826434	276	34	0.0000351528	0.0000000143
4	161826435	163243678	461	40	-0.0000544265	0.0000000219
4	163243679	164478233	342	40	-0.0000808546	0.0000000187
4	164478234	165823447	440	40	-0.0000421632	0.0000000206
4	165823448	167018857	379	40	0.0000961132	0.0000000191
4	167018858	167852916	192	27	0.0001522275	0.0000000092
4	167852917	169676824	609	40	-0.0000327756	0.0000000289
4	169676825	170776509	333	38	0.0000400435	0.0000000134
4	170776510	172558634	435	40	0.0000628272	0.0000000190
4	172558635	174264131	409	40	0.0001050238	0.0000000193
4	174264132	176570715	656	40	0.0001336329	0.0000000305
4	176570716	178991909	855	40	-0.0001937610	0.0000000309
4	178991910	180122042	341	40	-0.0000372216	0.0000000185
4	180122043	182066806	847	40	-0.0000045830	0.0000000279
4	182066807	183371274	738	40	-0.0000982867	0.0000000320
4	183371275	184929454	615	40	-0.0001117935	0.0000000320
4	184929455	186909089	910	40	-0.0000375952	0.0000000311
4	186909090	188472980	604	40	-0.0001590361	0.0000000309
4	188472981	189693510	360	40	-0.0000097828	0.0000000180
4	189693511	191043593	309	40	-0.0000895443	0.0000000170
5	11940	982251	238	27	0.0000172352	0.0000000104
5	982252	2132441	481	40	0.0000087254	0.0000000277
5	2132442	3361940	815	40	0.0000699019	0.0000000295
5	3361941	4632109	552	40	0.0001617502	0.0000000249
5	4632110	5973232	713	40	0.0002339829	0.0000000327
5	5973233	7143217	595	40	-0.0000606397	0.0000000280
5	7143218	8446335	607	40	-0.0000383407	0.0000000290
5	8446336	9718831	624	40	-0.0000453145	0.0000000268
5	9718832	11173270	763	40	-0.0000913870	0.0000000292
5	11173271	13464831	611	40	-0.0000316761	0.0000000260
5	13464832	14757803	610	40	-0.0001008405	0.0000000289
5	14757804	16963612	772	40	-0.0000112017	0.0000000290
5	16963613	18051591	281	40	-0.0001505034	0.0000000137
5	18051592	19917715	563	40	-0.0000509532	0.0000000236
5	19917716	22152072	456	40	-0.0001086402	0.0000000203
5	22152073	23494323	415	40	0.0001089021	0.0000000192
5	23494324	26184850	684	40	-0.0000943972	0.0000000319
5	26184851	26857603	155	23	-0.0000000221	0.0000000083
5	26857604	27984512	234	33	-0.0000230638	0.0000000134
5	27984513	29714819	415	40	0.0001676461	0.0000000178
5	29714820	31390248	590	40	-0.0001189850	0.0000000268
5	31390249	33500179	844	40	0.0001551694	0.0000000295
5	33500180	35048969	570	40	-0.0000770595	0.0000000264
5	35048970	36433953	487	40	-0.0000032521	0.0000000190
5	36433954	38802409	777	40	-0.0000076576	0.0000000303
5	38802410	40287728	549	40	0.0000334955	0.0000000217
5	40287729	41888709	549	40	0.0000298705	0.0000000195
5	41888710	43983498	420	32	0.0000597701	0.0000000191
5	43983499	50163397	429	31	-0.0000594035	0.0000000145
5	50163398	52134621	571	40	-0.0001015872	0.0000000256
5	52134622	53703043	619	40	-0.0001413121	0.0000000302
5	53703044	55417348	618	40	0.0000297926	0.0000000273
5	55417349	56621101	511	40	-0.0000270863	0.0000000224
5	56621102	57340072	274	36	0.0000984053	0.0000000138
5	57340073	58524621	554	40	-0.0000096068	0.0000000245
5	58524622	60935906	697	40	0.0000338635	0.0000000282
5	60935907	61672994	273	29	0.0001364259	0.0000000142
5	61672995	63218986	499	40	0.0000518712	0.0000000222
5	63218987	63968303	179	19	0.0000850187	0.0000000082
5	63968304	65911285	629	40	-0.0000324765	0.0000000240
5	65911286	67850859	796	40	0.0000590330	0.0000000279
5	67850860	71240455	459	40	0.0001069233	0.0000000212
5	71240456	73759325	996	40	0.0000099784	0.0000000309
5	73759326	75798865	705	40	0.0000056134	0.0000000315
5	75798866	77623331	739	40	-0.0000345374	0.0000000311
5	77623332	79393143	667	40	0.0000375159	0.0000000339
5	79393144	80481470	454	40	-0.0000215614	0.0000000232
5	80481471	82025647	508	40	0.0001027597	0.0000000239
5	82025648	83972688	546	40	0.0000644394	0.0000000261
5	83972689	85767289	525	40	0.0000964111	0.0000000223
5	85767290	87389990	275	32	0.0000188753	0.0000000141
5	87389991	88891529	308	34	0.0002575245	0.0000000180
5	88891530	90422653	435	40	-0.0000144595	0.0000000196
5	90422654	91840541	274	32	0.0000229965	0.0000000121
5	91840542	93809983	417	40	0.0001336525	0.0000000191
5	93809984	95963518	712	40	0.0002446793	0.0000000318
5	95963519	97315600	419	40	0.0000798575	0.0000000169
5	97315601	99260991	503	40	-0.0001127772	0.0000000247
5	99260992	101578768	524	40	-0.0000222675	0.0000000211
5	101578769	103320004	491	40	0.0000225317	0.0000000202
5	103320005	104851482	421	40	-0.0000982657	0.0000000201
5	104851483	105893054	176	22	0.0000124754	0.0000000115
5	105893055	107264195	563	40	0.0001103113	0.0000000306
5	107264196	108633933	392	40	-0.0000425904	0.0000000194
5	108633934	110821143	647	40	-0.0000065892	0.0000000304
5	110821144	111981561	427	40	-0.0002107679	0.0000000215
5	111981562	113396284	553	40	0.0000389597	0.0000000284
5	113396285	114830369	534	40	0.0000052031	0.0000000257
5	114830370	115831046	438	40	-0.0001029394	0.0000000222
5	115831047	117346212	556	40	-0.0000083081	0.0000000299
5	117346213	118608819	381	40	0.0001033867	0.0000000211
5	118608820	119669041	342	39	0.0001694303	0.0000000179
5	119669042	120452165	240	25	-0.0000688226	0.0000000128
5	120452166	122556904	672	40	0.0000645426	0.0000000315
5	122556905	123798099	450	40	0.0001213078	0.0000000223
5	123798100	125785648	848	40	0.0000328916	0.0000000297
5	125785649	127344603	441	40	0.0000382006	0.0000000202
5	127344604	129519024	680	40	-0.0000721834	0.0000000260
5	129519025	132139648	619	40	0.0000128697	0.0000000215
5	132139649	134777400	918	40	-0.0000037603	0.0000000290
5	134777401	136376049	602	40	0.0000014742	0.0000000254
5	136376050	139265071	706	40	0.0000830583	0.0000000277
5	139265072	140645970	359	31	-0.0000082660	0.0000000147
5	140645971	142981247	943	40	-0.0000148028	0.0000000299
5	142981248	144943353	641	40	0.0002572959	0.0000000286
5	144943354	147181997	752	40	-0.0000000218	0.0000000300
5	147181998	148662623	570	40	-0.0000552700	0.0000000250
5	148662624	150561297	865	40	0.0001059216	0.0000000286
5	150561298	152867773	869	40	0.0000585851	0.0000000318
5	152867774	153773087	431	40	-0.0000960497	0.0000000183
5	153773088	155373504	565	40	0.0000809442	0.0000000270
5	155373505	156628699	388	40	-0.0000853567	0.0000000175
5	156628700	158825697	884	40	0.0001511547	0.0000000295
5	158825698	159973943	429	40	0.0000133712	0.0000000225
5	159973944	161482132	534	40	-0.0001020448	0.0000000240
5	161482133	162743907	367	40	0.0000067371	0.0000000184
5	162743908	163771581	391	40	-0.0000831353	0.0000000202
5	163771582	165642394	562	40	0.0000004229	0.0000000340
5	165642395	166847739	422	40	-0.0000342833	0.0000000237
5	166847740	168525317	782	40	-0.0000719747	0.0000000296
5	168525318	169505663	490	40	-0.0000797269	0.0000000265
5	169505664	171074291	664	40	0.0000819555	0.0000000299
5	171074292	172678326	694	40	0.0000691061	0.0000000303
5	172678327	173642870	503	40	-0.0000033036	0.0000000266
5	173642871	175450594	825	40	-0.0001241466	0.0000000292
5	175450595	177251506	355	40	-0.0001020882	0.0000000176
5	177251507	178413463	447	40	-0.0000407087	0.0000000222
5	178413464	179401243	368	40	0.0000147396	0.0000000211
5	179401244	180559932	357	40	-0.0000225831	0.0000000191
5	180559933	180885155	42	9	-0.0000165538	0.0000000034
6	73924	1452361	694	40	-0.0000288340	0.0000000298
6	1452362	2458935	443	40	0.0000645139	0.0000000229
6	2458936	3573592	599	40	-0.0000180413	0.0000000292
6	3573593	4617816	533	40	0.0000905614	0.0000000291
6	4617817	5791471	614	40	0.0000268818	0.0000000306
6	5791472	6785206	611	40	0.0000030529	0.0000000293
6	6785207	7808935	524	40	0.0000402166	0.0000000253
6	7808936	9020025	512	40	0.0002086169	0.0000000235
6	9020026	10540316	623	40	-0.0000428539	0.0000000285
6	10540317	11790815	556	40	0.0001373943	0.0000000310
6	11790816	13209387	607	40	0.0000469470	0.0000000307
6	13209388	14802923	706	40	0.0000582796	0.0000000299
6	14802924	17386404	1017	40	-0.0001724521	0.0000000285
6	17386405	19207486	664	40	-0.0000383343	0.0000000278
6	19207487	21684064	1046	40	-0.0000495065	0.0000000321
6	21684065	22748306	530	40	-0.0001041027	0.0000000252
6	22748307	23936618	502	40	0.0000699067	0.0000000279
6	23936619	24852274	407	40	0.0001497948	0.0000000245
6	24852275	25684586	461	40	0.0000998148	0.0000000263
6	25684587	26791232	499	36	0.0000845710	0.0000000208
6	26791233	28017818	282	19	0.0000131309	0.0000000147
6	28017819	28917607	190	14	-0.0000222862	0.0000000094
6	28917608	29737970	29	4	0.0000518654	0.0000000029
6	29737971	30798167	1	0	0.0000000000	0.0000000001
6	30798168	31571217	107	18	-0.0000013542	0.0000000101
6	31571218	32682663	99	12	-0.0000591048	0.0000000084
6	32682664	33236496	177	26	-0.0001399531	0.0000000134
6	33236497	35455755	713	40	0.0000716322	0.0000000357
6	35455756	37572595	837	40	0.0001781935	0.0000000326
6	37572596	39295676	774	40	0.0001638865	0.0000000318
6	39295677	40345114	417	40	-0.0000933187	0.0000000202
6	40345115	42038720	739	40	0.0000407872	0.0000000301
6	42038721	43756168	460	40	-0.0000000852	0.0000000223
6	43756169	45406562	597	40	-0.0001607495	0.0000000299
6	45406563	47311897	783	40	-0.0001002715	0.0000000351
6	47311898	48391124	367	39	-0.0001298096	0.0000000141
6	48391125	50386144	517	40	-0.0000379594	0.0000000176
6	50386145	52210475	644	40	0.0000129271	0.0000000252
6	52210476	53279101	445	40	0.0000786144	0.0000000201
6	53279102	55468269	881	40	0.0000510585	0.0000000298
6	55468270	56105312	217	20	-0.0000265802	0.0000000079
6	56105313	57599464	359	37	0.0001046872	0.0000000158
6	57599465	61880511	133	10	0.0000140019	0.0000000051
6	61880512	63552887	350	23	0.0000987608	0.0000000125
6	63552888	65765741	460	40	-0.0001080406	0.0000000190
6	65765742	67329214	507	40	0.0000490566	0.0000000195
6	67329215	68849482	480	40	-0.0000435806	0.0000000199
6	68849483	69523447	225	27	0.0000590406	0.0000000101
6	69523448	71609509	763	40	0.0000313786	0.0000000319
6	71609510	73450096	650	40	0.0000824899	0.0000000284
6	73450097	75462002	599	40	0.0000642656	0.0000000272
6	75462003	77414880	457	40	-0.0000282065	0.0000000188
6	77414881	78957727	502	40	0.0000361791	0.0000000169
6	78957728	80691169	602	40	0.0000810305	0.0000000266
6	80691170	81929221	389	28	0.0000468033	0.0000000111
6	81929222	83127148	360	40	-0.0000773009	0.0000000180
6	83127149	85209988	576	40	0.0001449844	0.0000000227
6	85209989	87069499	618	40	-0.0000445612	0.0000000216
6	87069500	88822139	561	40	-0.0000087717	0.0000000203
6	88822140	89973051	440	40	0.0001910548	0.0000000212
6	89973052	91843195	754	40	0.0000176762	0.0000000299
6	91843196	93428643	477	40	0.0000808707	0.0000000230
6	93428644	94118141	297	40	0.0001697447	0.0000000132
6	94118142	94441174	87	8	0.0000274039	0.0000000029
6	94441175	97093510	642	40	-0.0001672122	0.0000000265
6	97093511	97842283	243	28	-0.0001229236	0.0000000118
6	97842284	100630145	819	40	-0.0001046493	0.0000000322
6	100630146	102636771	507	40	0.0000348084	0.0000000231
6	102636772	103983394	343	33	-0.0000479770	0.0000000154
6	103983395	106056732	680	40	0.0000154092	0.0000000298
6	106056733	107450305	640	40	-0.0000192322	0.0000000305
6	107450306	108464379	361	40	0.0001779167	0.0000000183
6	108464380	110304246	552	40	-0.0000225425	0.0000000255
6	110304247	112345013	630	40	0.0000133653	0.0000000279
6	112345014	114220832	650	40	0.0000617679	0.0000000278
6	114220833	116131395	506	40	-0.0001282779	0.0000000193
6	116131396	117672971	480	40	-0.0000220033	0.0000000211
6	117672972	118963114	390	40	-0.0001570677	0.0000000181
6	118963115	119963277	331	37	-0.0001331403	0.0000000152
6	119963278	120512127	170	19	-0.0000853565	0.0000000088
6	120512128	121905675	386	37	-0.0000848479	0.0000000151
6	121905676	123856180	621	40	-0.0000390983	0.0000000266
6	123856181	125424382	613	40	-0.0000060875	0.0000000299
6	125424383	127540460	473	40	-0.0001872702	0.0000000240
6	127540461	129861030	622	40	-0.0000211326	0.0000000270
6	129861031	130935453	500	40	0.0000452368	0.0000000247
6	130935454	132765668	614	40	-0.0000411747	0.0000000286
6	132765669	134244242	609	40	0.0000365383	0.0000000263
6	134244243	136224176	602	40	-0.0001239859	0.0000000315
6	136224177	137614217	351	40	-0.0001018653	0.0000000185
6	137614218	138822628	490	40	0.0000954699	0.0000000249
6	138822629	139845435	398	40	0.0000047015	0.0000000202
6	139845436	142288478	550	40	0.0000582415	0.0000000223
6	142288479	145319809	1060	40	0.0000755408	0.0000000319
6	145319810	146665423	321	27	-0.0000619628	0.0000000134
6	146665424	148920351	937	40	0.0000064997	0.0000000294
6	148920352	150253403	529	40	0.0000024387	0.0000000227
6	150253404	151912702	902	40	0.0000293335	0.0000000302
6	151912703	153094495	582	40	0.0000531960	0.0000000265
6	153094496	154974119	821	40	-0.0000912821	0.0000000318
6	154974120	156763325	751	40	0.0000100201	0.0000000298
6	156763326	158218718	422	40	-0.0000425433	0.0000000227
6	158218719	160580496	1052	40	0.0000835028	0.0000000289
6	160580497	162169563	781	40	-0.0000223114	0.0000000294
6	162169564	162931202	386	40	0.0000039155	0.0000000195
6	162931203	164383520	691	40	0.0001595769	0.0000000302
6	164383521	165586863	556	40	0.0000487508	0.0000000231
6	165586864	167024732	832	40	0.0002382309	0.0000000306
6	167024733	168042834	434	40	-0.0000440860	0.0000000222
6	168042835	169382049	634	40	0.0000582257	0.0000000283
6	169382050	170330172	410	40	0.0000338080	0.0000000165
6	170330173	171051269	243	30	-0.0000233397	0.0000000118
7	16161	972751	100	17	0.0000321711	0.0000000075
7	972752	1353066	113	17	-0.0000049314	0.0000000061
7	1353067	2062397	153	23	-0.0000561210	0.0000000091
7	2062398	2772226	233	36	0.0001271360	0.0000000160
7	2772227	4573427	879	40	-0.0001203176	0.0000000329
7	4573428	5416231	222	40	-0.0000133535	0.0000000137
7	5416232	5854525	105	17	0.0000200595	0.0000000053
7	5854526	6573856	143	23	0.0000128907	0.0000000091
7	6573857	7808751	438	40	-0.0001742153	0.0000000246
7	7808752	9123422	757	40	0.0000147625	0.0000000306
7	9123423	9987498	378	40	0.0000000117	0.0000000199
7	9987499	11299197	502	40	-0.0001645618	0.0000000282
7	11299198	12635460	728	40	0.0000914242	0.0000000300
7	12635461	13884201	588	40	-0.0000454198	0.0000000295
7	13884202	15143656	581	40	-0.0000113439	0.0000000328
7	15143657	16902068	780	40	-0.0000027802	0.0000000316
7	16902069	19481546	1057	40	0.0000548079	0.0000000309
7	19481547	20124907	238	28	0.0001078461	0.0000000123
7	20124908	22507628	1224	40	0.0001280278	0.0000000313
7	22507629	23471441	321	40	0.0001395499	0.0000000173
7	23471442	25077258	725	40	0.0000088006	0.0000000325
7	25077259	25909554	455	40	-0.0000301159	0.0000000209
7	25909555	28360308	903	40	0.0000138117	0.0000000287
7	28360309	31137288	1293	40	0.0000168210	0.0000000285
7	31137289	33555767	1034	40	-0.0000338394	0.0000000314
7	33555768	36213537	1048	40	-0.0000427033	0.0000000303
7	36213538	37555183	660	40	0.0000327243	0.0000000312
7	37555184	38966702	663	40	-0.0000659178	0.0000000279
7	38966703	39862669	328	36	0.0000619714	0.0000000168
7	39862670	42001810	634	40	0.0000052713	0.0000000257
7	42001811	43159073	408	40	0.0000459295	0.0000000194
7	43159074	44763827	481	40	-0.0001034526	0.0000000262
7	44763828	45952921	369	40	-0.0000049005	0.0000000207
7	45952922	46986719	420	40	-0.0001011375	0.0000000206
7	46986720	49212277	923	40	-0.0000054323	0.0000000306
7	49212278	51675321	923	40	0.0000654230	0.0000000312
7	51675322	53176311	668	40	-0.0000702016	0.0000000309
7	53176312	54222975	383	40	-0.0002055243	0.0000000158
7	54222976	55691583	568	40	-0.0000543143	0.0000000249
7	55691584	57382637	257	28	-0.0001351205	0.0000000144
7	57382638	63307358	136	15	0.0000734685	0.0000000072
7	63307359	63641124	54	6	0.0000310448	0.0000000029
7	63641125	65689808	328	26	0.0000169822	0.0000000127
7	65689809	68234073	725	40	-0.0001714008	0.0000000306
7	68234074	69085363	280	40	0.0000126072	0.0000000135
7	69085364	71874884	874	40	-0.0001198649	0.0000000334
7	71874885	73334601	159	25	-0.0000647015	0.0000000089
7	73334602	76458563	362	40	0.0000379970	0.0000000196
7	76458564	78093858	633	40	0.0000302431	0.0000000321
7	78093859	79888068	671	40	-0.0000695439	0.0000000304
7	79888069	82022685	746	40	-0.0000028297	0.0000000284
7	82022686	83801202	660	40	-0.0000279175	0.0000000325
7	83801203	85572181	416	40	0.0000382176	0.0000000159
7	85572182	87825003	578	40	-0.0000010257	0.0000000216
7	87825004	90661783	980	40	-0.0000066520	0.0000000306
7	90661784	92493751	439	40	-0.0001356618	0.0000000202
7	92493752	93966600	368	40	0.0000697381	0.0000000206
7	93966601	96073507	719	40	-0.0001051260	0.0000000322
7	96073508	97099569	317	40	0.0000114365	0.0000000158
7	97099570	98715473	438	40	0.0000180161	0.0000000195
7	98715474	100196650	252	26	-0.0000303322	0.0000000135
7	100196651	101199252	248	37	-0.0000146557	0.0000000144
7	101199253	103197509	401	40	0.0001350715	0.0000000218
7	103197510	104159524	483	40	0.0000824705	0.0000000240
7	104159525	105682904	555	40	0.0001446894	0.0000000272
7	105682905	107780177	781	40	0.0000057200	0.0000000348
7	107780178	109647593	573	40	0.0000878758	0.0000000218
7	109647594	112618683	862	40	0.0000515155	0.0000000306
7	112618684	113712386	227	27	0.0000643915	0.0000000110
7	113712387	116780177	739	40	0.0000587017	0.0000000316
7	116780178	118351580	387	38	-0.0001346604	0.0000000169
7	118351581	121045272	458	40	-0.0000459415	0.0000000197
7	121045273	121933629	238	28	0.0000189985	0.0000000102
7	121933630	124156804	672	40	0.0000913847	0.0000000256
7	124156805	124167551	7	2	0.0000285353	0.0000000008
7	124167552	126519169	696	40	-0.0000207812	0.0000000254
7	126519170	126869220	141	18	0.0000636184	0.0000000099
7	126869221	128778385	612	40	0.0000618264	0.0000000261
7	128778386	130422413	485	40	-0.0000259773	0.0000000234
7	130422414	132805847	946	40	0.0000196374	0.0000000297
7	132805848	134307595	454	36	0.0000932068	0.0000000198
7	134307596	135591082	514	40	-0.0000217856	0.0000000237
7	135591083	136876561	420	40	0.0000236268	0.0000000221
7	136876562	138744678	632	40	0.0000559057	0.0000000313
7	138744679	139933176	342	40	-0.0001349728	0.0000000211
7	139933177	140235209	124	26	-0.0000798271	0.0000000067
7	140235210	141226556	290	33	-0.0000199017	0.0000000152
7	141226557	142656309	458	40	0.0000006394	0.0000000170
7	142656310	144968288	574	40	-0.0000173614	0.0000000249
7	144968289	146427959	395	40	0.0000134895	0.0000000183
7	146427960	147815317	591	40	-0.0000801464	0.0000000253
7	147815318	149840657	649	40	0.0000721927	0.0000000317
7	149840658	150711504	327	39	-0.0000183413	0.0000000142
7	150711505	152249805	482	40	-0.0000082722	0.0000000243
7	152249806	153674018	483	40	-0.0000082591	0.0000000259
7	153674019	154964729	571	40	-0.0000436174	0.0000000298
7	154964730	156065249	501	40	-0.0000053924	0.0000000255
7	156065250	157634596	552	40	-0.0000771302	0.0000000279
7	157634597	159128574	496	40	0.0000441088	0.0000000247
8	10422	1044216	418	40	0.0000372440	0.0000000247
8	1044217	1163244	75	13	-0.0000461908	0.0000000047
8	1163245	2042941	490	40	-0.0002757250	0.0000000283
8	2042942	2573278	269	40	-0.0000057738	0.0000000164
8	2573279	3392925	613	40	-0.0000347392	0.0000000289
8	3392926	3783016	438	40	0.0002733868	0.0000000279
8	3783017	4480475	688	40	-0.0000287113	0.0000000288
8	4480476	5146926	505	40	0.0000770553	0.0000000304
8	5146927	6142796	779	40	0.0000537599	0.0000000303
8	6142797	7153078	567	40	-0.0000202901	0.0000000282
8	7153079	9154693	575	40	-0.0000965320	0.0000000361
8	9154694	9640786	242	25	-0.0000996003	0.0000000164
8	9640787	10463196	491	40	-0.0002422787	0.0000000354
8	10463197	11278997	403	40	-0.0002420248	0.0000000303
8	11278998	13491774	846	40	-0.0001982773	0.0000000366
8	13491775	13944991	268	32	0.0000909949	0.0000000150
8	13944992	15991659	1124	40	-0.0000730983	0.0000000305
8	15991660	17387875	571	40	0.0000962810	0.0000000313
8	17387876	17836398	286	35	0.0001414685	0.0000000157
8	17836399	19492839	994	40	-0.0000646144	0.0000000294
8	19492840	20060855	339	40	-0.0000570837	0.0000000188
8	20060856	21661736	774	40	0.0000087640	0.0000000313
8	21661737	22897056	480	40	-0.0001337808	0.0000000258
8	22897057	24674717	684	40	-0.0000766398	0.0000000301
8	24674718	25483453	294	35	0.0000821070	0.0000000127
8	25483454	26682524	645	40	-0.0000089758	0.0000000304
8	26682525	28162391	755	40	-0.0000042641	0.0000000329
8	28162392	29327895	379	40	0.0002825585	0.0000000202
8	29327896	31133728	556	40	0.0000028864	0.0000000274
8	31133729	31548359	131	21	0.0000114386	0.0000000070
8	31548360	32977217	495	40	0.0000148892	0.0000000218
8	32977218	35317231	551	40	0.0000502253	0.0000000180
8	35317232	37379388	372	40	-0.0002591677	0.0000000185
8	37379389	38938805	301	40	0.0001152596	0.0000000186
8	38938806	40703336	618	40	0.0001528756	0.0000000254
8	40703337	41721453	401	40	0.0000487732	0.0000000258
8	41721454	42773822	197	23	-0.0000202065	0.0000000109
8	42773823	46841314	51	7	0.0000560488	0.0000000036
8	46841315	50082469	414	37	0.0000752853	0.0000000169
8	50082470	53302929	797	40	0.0001976301	0.0000000282
8	53302930	54418043	350	40	0.0001230489	0.0000000177
8	54418044	55945580	487	40	0.0001561507	0.0000000216
8	55945581	56956382	357	40	0.0000333042	0.0000000175
8	56956383	59068650	689	40	0.0001334769	0.0000000285
8	59068651	59728099	285	34	0.0000607803	0.0000000119
8	59728100	62329098	812	40	0.0001196145	0.0000000310
8	62329099	63349305	337	36	0.0000370606	0.0000000150
8	63349306	65232871	531	40	-0.0000328180	0.0000000202
8	65232872	66489089	368	40	-0.0001098822	0.0000000187
8	66489090	69863056	897	40	0.0000573357	0.0000000280
8	69863057	70867978	419	40	0.0000802699	0.0000000218
8	70867979	72289453	448	40	0.0000274402	0.0000000164
8	72289454	73817198	705	40	0.0000939592	0.0000000303
8	73817199	75445063	629	40	0.0000143444	0.0000000279
8	75445064	76456541	298	38	0.0000830948	0.0000000146
8	76456542	79132860	717	40	0.0001057692	0.0000000261
8	79132861	81956394	825	40	0.0000461797	0.0000000319
8	81956395	82693738	223	33	-0.0001087531	0.0000000092
8	82693739	84225588	425	40	-0.0000295736	0.0000000161
8	84225589	85955618	364	39	0.0000368674	0.0000000169
8	85955619	87411708	273	25	-0.0000201122	0.0000000090
8	87411709	89085480	489	40	0.0000297713	0.0000000231
8	89085481	90638161	411	40	0.0000835401	0.0000000185
8	90638162	93554385	702	40	0.0000312990	0.0000000300
8	93554386	95005526	392	40	0.0000743215	0.0000000182
8	95005527	96534805	645	40	0.0000896253	0.0000000304
8	96534806	99401580	1142	40	0.0000871104	0.0000000293
8	99401581	101620957	511	40	0.0001019918	0.0000000177
8	101620958	104123305	1012	40	0.0001767128	0.0000000301
8	104123306	104988751	261	24	0.0000263762	0.0000000117
8	104988752	107410753	835	40	0.0000378061	0.0000000309
8	107410754	108648176	485	40	0.0000557995	0.0000000207
8	108648177	109248172	207	23	0.0001412751	0.0000000099
8	109248173	110484313	357	31	0.0000431720	0.0000000107
8	110484314	111850846	293	33	0.0000029766	0.0000000103
8	111850847	113064319	244	19	-0.0001129327	0.0000000097
8	113064320	116096494	810	40	0.0000942476	0.0000000267
8	116096495	119685456	1175	40	-0.0000021365	0.0000000320
8	119685457	121201699	534	40	0.0000507809	0.0000000218
8	121201700	124861458	1370	40	0.0000153974	0.0000000303
8	124861459	125683718	345	40	-0.0000152399	0.0000000181
8	125683719	126410916	268	40	-0.0000005189	0.0000000170
8	126410917	128659110	936	40	0.0000372427	0.0000000291
8	128659111	130381138	691	40	-0.0000038473	0.0000000296
8	130381139	131639624	486	40	-0.0000865875	0.0000000220
8	131639625	133351143	779	40	0.0000673675	0.0000000328
8	133351144	134570000	718	40	-0.0000185070	0.0000000296
8	134570001	136035604	770	40	-0.0000280424	0.0000000326
8	136035605	137524150	567	40	-0.0001713355	0.0000000260
8	137524151	139254829	760	40	-0.0001382363	0.0000000325
8	139254830	140725642	779	40	0.0000689947	0.0000000313
8	140725643	143044913	867	40	-0.0000502965	0.0000000301
8	143044914	144236880	389	40	0.0000006904	0.0000000182
8	144236881	146303866	355	40	-0.0000624313	0.0000000196
9	10023	1079706	604	40	0.0000050972	0.0000000300
9	1079707	1916876	609	40	0.0001045388	0.0000000305
9	1916877	3190063	796	40	-0.0000335684	0.0000000287
9	3190064	4495327	754	40	0.0000189922	0.0000000319
9	4495328	4884925	234	39	-0.0000290417	0.0000000150
9	4884926	6557588	581	40	-0.0000936633	0.0000000299
9	6557589	7154922	304	40	0.0000407882	0.0000000186
9	7154923	8456298	948	40	0.0000337766	0.0000000293
9	8456299	9166402	411	40	0.0000472646	0.0000000243
9	9166403	10879252	858	40	-0.0000601557	0.0000000306
9	10879253	12276488	485	40	0.0000417991	0.0000000297
9	12276489	14836362	1303	40	0.0002087733	0.0000000316
9	14836363	16659654	824	40	-0.0001991130	0.0000000312
9	16659655	18661050	956	40	0.0000544383	0.0000000342
9	18661051	20463533	854	40	-0.0000843342	0.0000000306
9	20463534	22206558	700	40	-0.0001115784	0.0000000291
9	22206559	24158517	633	40	0.0001673285	0.0000000348
9	24158518	25330809	311	40	-0.0000648980	0.0000000190
9	25330810	26111756	286	40	0.0000491792	0.0000000174
9	26111757	28224282	980	40	0.0000276307	0.0000000320
9	28224283	28811583	257	37	0.0000671347	0.0000000151
9	28811584	30387391	578	40	-0.0000261396	0.0000000223
9	30387392	31310382	256	23	-0.0000635108	0.0000000123
9	31310383	32019367	214	25	0.0000163847	0.0000000093
9	32019368	33578333	604	40	-0.0001425955	0.0000000290
9	33578334	34642242	294	27	0.0001312195	0.0000000103
9	34642243	36743282	603	40	0.0001750746	0.0000000306
9	36743283	38641598	748	40	0.0001852023	0.0000000308
9	38641599	65472189	107	22	0.0000501118	0.0000000057
9	65472190	72512710	605	40	-0.0000810129	0.0000000267
9	72512711	72753754	112	11	0.0000715206	0.0000000048
9	72753755	74253039	623	40	0.0001158017	0.0000000262
9	74253040	76203945	595	40	0.0000749099	0.0000000244
9	76203946	76973080	190	22	0.0000799473	0.0000000092
9	76973081	78900182	832	40	-0.0000690338	0.0000000291
9	78900183	79471207	302	40	0.0000065062	0.0000000164
9	79471208	81079054	544	40	0.0000212492	0.0000000275
9	81079055	82590927	656	40	-0.0001714702	0.0000000326
9	82590928	84211232	698	40	-0.0001519961	0.0000000326
9	84211233	85440800	341	40	-0.0000838757	0.0000000189
9	85440801	86938195	653	40	-0.0000354131	0.0000000310
9	86938196	88109332	524	40	-0.0000384056	0.0000000260
9	88109333	88590416	113	14	-0.0000316005	0.0000000054
9	88590417	90136245	630	40	0.0001064361	0.0000000315
9	90136246	92528697	902	40	-0.0000188427	0.0000000303
9	92528698	94167202	658	40	0.0000016823	0.0000000297
9	94167203	96671697	838	40	-0.0001270004	0.0000000298
9	96671698	98922039	708	40	-0.0000190413	0.0000000305
9	98922040	101592858	908	40	-0.0000800636	0.0000000323
9	101592859	104624436	1004	40	0.0000950710	0.0000000307
9	104624437	105967975	606	40	-0.0001546874	0.0000000241
9	105967976	107581748	636	40	0.0000398088	0.0000000242
9	107581749	109298753	630	40	0.0000590606	0.0000000279
9	109298754	110695061	594	40	0.0000311506	0.0000000316
9	110695062	112778023	1125	40	-0.0001066286	0.0000000321
9	112778024	114831081	950	40	-0.0001104572	0.0000000299
9	114831082	115693144	324	30	-0.0000750516	0.0000000143
9	115693145	117019800	659	40	0.0000437360	0.0000000291
9	117019801	117921959	487	40	0.0001173481	0.0000000244
9	117921960	121321536	1543	40	-0.0001918859	0.0000000321
9	121321537	122260296	377	40	0.0000050372	0.0000000195
9	122260297	124871321	806	40	-0.0000697922	0.0000000301
9	124871322	126971886	706	40	0.0001700234	0.0000000307
9	126971887	129059664	581	40	0.0002068978	0.0000000288
9	129059665	130055509	347	40	0.0000497429	0.0000000162
9	130055510	132165469	514	40	0.0000169766	0.0000000254
9	132165470	133223216	328	40	-0.0000651985	0.0000000168
9	133223217	134127887	359	40	0.0000922726	0.0000000174
9	134127888	135298841	453	40	0.0001518781	0.0000000218
9	135298842	137041121	702	40	0.0000422155	0.0000000308
9	137041122	137589363	215	40	-0.0000210361	0.0000000124
9	137589364	138938977	652	40	-0.0000565138	0.0000000292
9	138938978	139500341	125	23	-0.0000947961	0.0000000076
9	139500342	141144795	275	40	0.0000923161	0.0000000153
10	60523	751338	136	16	-0.0000014767	0.0000000071
10	751339	1523543	356	40	0.0000053626	0.0000000189
10	1523544	2254499	461	40	0.0000290061	0.0000000227
10	2254500	3352698	700	40	-0.0001232973	0.0000000295
10	3352699	4572273	638	40	-0.0001675425	0.0000000311
10	4572274	5983761	739	40	-0.0001235303	0.0000000299
10	5983762	7171483	768	40	0.0001466965	0.0000000303
10	7171484	8774664	909	40	-0.0000298304	0.0000000309
10	8774665	10249395	591	40	-0.0001334315	0.0000000261
10	10249396	12586796	1083	40	-0.0001710543	0.0000000337
10	12586797	13321599	462	40	0.0000256738	0.0000000253
10	13321600	15026067	982	40	-0.0000003889	0.0000000295
10	15026068	16551766	586	40	0.0000262705	0.0000000296
10	16551767	18537266	803	40	0.0001415779	0.0000000312
10	18537267	19716877	557	40	-0.0000550236	0.0000000255
10	19716878	22772282	1019	40	0.0000862843	0.0000000325
10	22772283	23175131	131	15	0.0000606922	0.0000000072
10	23175132	25578595	798	40	0.0000209157	0.0000000299
10	25578596	26888683	566	40	0.0001762018	0.0000000235
10	26888684	29323235	956	40	-0.0000791099	0.0000000293
10	29323236	29783691	278	40	0.0001786893	0.0000000156
10	29783692	30458837	378	40	-0.0000676683	0.0000000200
10	30458838	31907518	498	40	0.0000808162	0.0000000214
10	31907519	33707967	662	40	0.0000339107	0.0000000249
10	33707968	35109354	516	40	0.0000700200	0.0000000251
10	35109355	36572507	437	40	0.0000450399	0.0000000211
10	36572508	37790028	336	40	0.0000520086	0.0000000155
10	37790029	42372578	206	13	-0.0000419837	0.0000000049
10	42372579	43894770	316	36	-0.0000431601	0.0000000161
10	43894771	44730074	305	35	-0.0000290218	0.0000000125
10	44730075	48760449	710	40	0.0000322788	0.0000000294
10	48760450	50840914	691	40	-0.0000510067	0.0000000292
10	50840915	53616628	778	40	0.0001424334	0.0000000303
10	53616629	55103571	711	40	0.0000086927	0.0000000292
10	55103572	57031139	789	40	0.0000335640	0.0000000304
10	57031140	57662145	192	18	-0.0000977473	0.0000000061
10	57662146	58959527	396	25	-0.0001074719	0.0000000133
10	58959528	60289986	446	40	0.0001779016	0.0000000175
10	60289987	61891408	618	40	-0.0000533712	0.0000000293
10	61891409	62659678	314	34	-0.0001467183	0.0000000144
10	62659679	63341694	167	19	-0.0000439521	0.0000000078
10	63341695	65794113	878	40	-0.0000475011	0.0000000299
10	65794114	67549614	509	40	-0.0001097828	0.0000000200
10	67549615	69900147	920	40	0.0000188304	0.0000000305
10	69900148	70195990	119	11	0.0000336891	0.0000000062
10	70195991	72220849	930	40	-0.0000255956	0.0000000300
10	72220850	73508511	771	40	-0.0000085645	0.0000000292
10	73508512	75422549	456	36	0.0001163965	0.0000000160
10	75422550	78706813	865	40	0.0000132645	0.0000000321
10	78706814	80876748	1054	40	0.0000267834	0.0000000277
10	80876749	82414678	525	40	-0.0000881363	0.0000000244
10	82414679	84383744	749	40	-0.0000273583	0.0000000291
10	84383745	85458702	457	40	0.0001312358	0.0000000182
10	85458703	87937576	1006	40	0.0001880900	0.0000000297
10	87937577	89127063	287	37	0.0000080529	0.0000000146
10	89127064	91013380	749	40	0.0001291095	0.0000000284
10	91013381	92006580	384	40	-0.0000432253	0.0000000181
10	92006581	93335046	456	40	-0.0001695113	0.0000000247
10	93335047	95396367	687	40	0.0002233327	0.0000000306
10	95396368	96221242	274	32	-0.0000342529	0.0000000153
10	96221243	97822356	603	40	0.0000372664	0.0000000224
10	97822357	100241301	942	40	-0.0000440339	0.0000000307
10	100241302	100668399	157	15	0.0000064296	0.0000000074
10	100668400	102949238	802	40	-0.0001057926	0.0000000316
10	102949239	104380409	314	29	0.0000658208	0.0000000117
10	104380410	106695047	781	40	0.0000400703	0.0000000317
10	106695048	108726685	692	40	-0.0000595631	0.0000000304
10	108726686	110317704	661	40	-0.0000058727	0.0000000294
10	110317705	112561492	675	40	-0.0000583343	0.0000000284
10	112561493	115328431	1056	40	-0.0001218385	0.0000000328
10	115328432	116421405	511	40	-0.0000462339	0.0000000251
10	116421406	119523933	1045	40	-0.0000292674	0.0000000330
10	119523934	120591352	433	40	0.0001086108	0.0000000238
10	120591353	122407322	723	40	0.0000813352	0.0000000315
10	122407323	123231464	405	40	0.0000828231	0.0000000192
10	123231465	123900544	294	40	0.0000404184	0.0000000141
10	123900545	125869345	896	40	0.0000647520	0.0000000290
10	125869346	128001097	989	40	0.0000778823	0.0000000304
10	128001098	129154361	541	40	-0.0000497234	0.0000000256
10	129154362	130844283	982	40	0.0000172298	0.0000000289
10	130844284	131741326	440	40	0.0000384713	0.0000000238
10	131741327	132580244	428	40	-0.0000172862	0.0000000199
10	132580245	134336328	882	40	-0.0000157311	0.0000000311
10	134336329	134494672	39	6	0.0000172112	0.0000000024
10	134494673	135523864	290	40	0.0000600349	0.0000000151
11	70855	1213589	276	40	-0.0000525735	0.0000000186
11	1213590	3665480	839	40	-0.0000510539	0.0000000288
11	3665481	4746708	443	40	-0.0000770315	0.0000000210
11	4746709	6322868	1020	40	-0.0000208477	0.0000000299
11	6322869	7436700	568	40	0.0000484165	0.0000000241
11	7436701	8333273	525	40	0.0001722136	0.0000000297
11	8333274	9087316	290	32	-0.0000447727	0.0000000150
11	9087317	10952026	662	40	0.0003702256	0.0000000400
11	10952027	12564228	1139	40	0.0000086673	0.0000000299
11	12564229	13373123	417	40	-0.0001740384	0.0000000210
11	13373124	15742551	784	40	0.0000930834	0.0000000305
11	15742552	17578401	632	40	0.0001160636	0.0000000272
11	17578402	19569534	820	40	0.0000652410	0.0000000310
11	19569535	21017137	814	40	0.0000433072	0.0000000285
11	21017138	22374141	582	40	-0.0001236924	0.0000000287
11	22374142	24088516	615	40	0.0000544579	0.0000000295
11	24088517	26045752	697	40	-0.0000462756	0.0000000292
11	26045753	27020460	372	40	0.0002179783	0.0000000182
11	27020461	28481592	417	40	-0.0001293199	0.0000000170
11	28481593	30141356	427	40	-0.0000641009	0.0000000179
11	30141357	32276900	649	40	-0.0001869901	0.0000000269
11	32276901	33958738	578	40	-0.0000970819	0.0000000274
11	33958739	35502604	834	40	0.0000073661	0.0000000291
11	35502605	37116814	756	40	-0.0000837478	0.0000000300
11	37116815	39382002	437	40	0.0001136648	0.0000000205
11	39382003	42310002	943	40	0.0002551163	0.0000000307
11	42310003	44693798	1001	40	-0.0000184019	0.0000000287
11	44693799	47006136	733	40	-0.0000242598	0.0000000319
11	47006137	49866049	496	27	0.0001648577	0.0000000212
11	49866050	54695472	146	8	-0.0000518381	0.0000000042
11	54695473	55082656	12	3	-0.0000229419	0.0000000013
11	55082657	58457494	1083	40	-0.0000941565	0.0000000326
11	58457495	58780548	74	7	0.0000186100	0.0000000033
11	58780549	62223770	1029	40	-0.0000120846	0.0000000304
11	62223771	63804568	312	39	-0.0000900823	0.0000000155
11	63804569	65898630	512	40	0.0000964837	0.0000000241
11	65898631	68005824	333	35	-0.0000357062	0.0000000162
11	68005825	69516129	484	40	-0.0001989494	0.0000000239
11	69516130	70926291	480	40	-0.0000146578	0.0000000259
11	70926292	72286016	318	37	0.0000209203	0.0000000142
11	72286017	74412350	608	40	0.0000265290	0.0000000275
11	74412351	76797208	798	40	0.0000211811	0.0000000309
11	76797209	78355057	449	38	0.0001218986	0.0000000180
11	78355058	80722372	1092	40	-0.0000031834	0.0000000286
11	80722373	81266711	271	40	0.0000746587	0.0000000134
11	81266712	84381271	1196	40	0.0002083426	0.0000000306
11	84381272	86619300	800	40	0.0000673370	0.0000000282
11	86619301	87430234	324	36	-0.0002174241	0.0000000153
11	87430235	89208935	591	40	-0.0000059451	0.0000000307
11	89208936	90966489	398	36	-0.0000252542	0.0000000142
11	90966490	92077143	359	39	-0.0000414366	0.0000000146
11	92077144	93276156	416	40	-0.0000469447	0.0000000187
11	93276157	94242259	295	28	-0.0001355311	0.0000000129
11	94242260	95726040	607	40	0.0000045192	0.0000000323
11	95726041	97057057	524	40	0.0000925619	0.0000000271
11	97057058	98705064	589	40	-0.0000441883	0.0000000291
11	98705065	100417168	793	40	-0.0000535620	0.0000000334
11	100417169	101331120	414	40	0.0000339065	0.0000000195
11	101331121	103959635	1106	40	0.0000072649	0.0000000287
11	103959636	104873283	296	24	0.0000277910	0.0000000118
11	104873284	106520893	487	40	-0.0000019161	0.0000000200
11	106520894	107844199	480	40	-0.0000589380	0.0000000225
11	107844200	108437036	137	11	0.0000231318	0.0000000050
11	108437037	109866115	361	40	-0.0000180424	0.0000000174
11	109866116	111114396	502	40	-0.0000468383	0.0000000217
11	111114397	112459487	394	38	0.0000147243	0.0000000192
11	112459488	114257727	811	40	-0.0000094856	0.0000000342
11	114257728	114830665	234	27	0.0000438278	0.0000000110
11	114830666	116383347	673	40	0.0000400708	0.0000000335
11	116383348	117747109	630	40	-0.0001202940	0.0000000298
11	117747110	119215475	532	40	-0.0001044293	0.0000000266
11	119215476	120766805	652	40	-0.0000203269	0.0000000315
11	120766806	121175942	207	24	0.0000030545	0.0000000096
11	121175943	122591909	483	40	-0.0000095030	0.0000000260
11	122591910	123500116	432	40	-0.0000256385	0.0000000215
11	123500117	124495527	496	40	0.0000437593	0.0000000189
11	124495528	126311319	827	40	-0.0001523003	0.0000000312
11	126311320	127316678	574	40	-0.0001032683	0.0000000289
11	127316679	128188536	319	40	-0.0000516032	0.0000000173
11	128188537	130342574	888	40	0.0000740133	0.0000000299
11	130342575	131074611	385	40	0.0000168555	0.0000000198
11	131074612	133000045	1136	40	0.0000390294	0.0000000330
11	133000046	134205992	560	40	-0.0000088332	0.0000000306
11	134205993	134946451	423	40	-0.0001180198	0.0000000216
12	61107	1080330	327	40	0.0001935171	0.0000000181
12	1080331	2544785	512	40	0.0000602852	0.0000000248
12	2544786	3677036	526	40	0.0000474240	0.0000000271
12	3677037	4417678	401	40	-0.0001778596	0.0000000219
12	4417679	5321471	514	40	-0.0000192107	0.0000000269
12	5321472	6419752	573	40	-0.0000091625	0.0000000298
12	6419753	8377535	548	40	-0.0000804333	0.0000000291
12	8377536	9031394	138	24	0.0000374311	0.0000000079
12	9031395	10481533	559	40	0.0000774894	0.0000000247
12	10481534	11754845	355	40	-0.0000551301	0.0000000152
12	11754846	12733527	453	40	0.0000096262	0.0000000245
12	12733528	15241483	1066	40	0.0000089237	0.0000000288
12	15241484	16310459	264	37	0.0000344731	0.0000000129
12	16310460	18087872	574	40	-0.0002539196	0.0000000310
12	18087873	20863942	975	40	-0.0001037720	0.0000000288
12	20863943	23820633	1122	40	-0.0001014475	0.0000000302
12	23820634	25371082	735	40	0.0001496630	0.0000000306
12	25371083	27799772	1055	40	0.0001428893	0.0000000306
12	27799773	29651254	726	40	-0.0000561372	0.0000000296
12	29651255	30512405	478	40	-0.0001404664	0.0000000234
12	30512406	32165591	655	40	-0.0001568569	0.0000000295
12	32165592	33076988	395	40	0.0000208352	0.0000000195
12	33076989	37856716	363	24	-0.0000125935	0.0000000120
12	37856717	39227168	145	7	-0.0000535171	0.0000000061
12	39227169	40816184	503	40	0.0000700168	0.0000000213
12	40816185	41658585	361	37	0.0001338813	0.0000000161
12	41658586	43984473	925	40	0.0000267000	0.0000000304
12	43984474	46024228	489	40	-0.0000038996	0.0000000200
12	46024229	47714792	484	40	-0.0000265621	0.0000000190
12	47714793	49001865	569	40	0.0000879937	0.0000000276
12	49001866	51776493	659	40	-0.0000207289	0.0000000304
12	51776494	53039003	656	40	-0.0000686769	0.0000000278
12	53039004	54778822	602	40	-0.0000570084	0.0000000258
12	54778823	55665836	283	37	0.0001249397	0.0000000143
12	55665837	57548859	440	40	0.0000263602	0.0000000222
12	57548860	59308665	481	40	0.0000862176	0.0000000222
12	59308666	61123728	468	40	-0.0001426210	0.0000000199
12	61123729	64032460	984	40	0.0000001003	0.0000000286
12	64032461	65559694	385	40	-0.0000945530	0.0000000185
12	65559695	67181143	537	40	0.0000910118	0.0000000241
12	67181144	67909728	330	40	0.0000438954	0.0000000148
12	67909729	69826541	842	40	0.0001567375	0.0000000300
12	69826542	70957986	513	40	0.0000436142	0.0000000195
12	70957987	72645074	580	40	-0.0001412796	0.0000000271
12	72645075	73818453	315	31	-0.0000887148	0.0000000150
12	73818454	76511313	795	40	-0.0001174512	0.0000000328
12	76511314	78570569	781	40	-0.0000568139	0.0000000296
12	78570570	80448149	424	40	-0.0000917351	0.0000000193
12	80448150	81467766	313	36	-0.0001079580	0.0000000155
12	81467767	83502665	589	40	0.0000231658	0.0000000258
12	83502666	84303843	241	27	-0.0000853480	0.0000000088
12	84303844	85990425	406	35	-0.0000307701	0.0000000131
12	85990426	89682121	772	40	0.0000139214	0.0000000304
12	89682122	92066154	665	40	0.0001278085	0.0000000236
12	92066155	94514566	935	40	0.0000793694	0.0000000313
12	94514567	96020784	723	40	-0.0000206717	0.0000000305
12	96020785	97108838	477	40	-0.0000595240	0.0000000226
12	97108839	99305986	946	40	-0.0000090930	0.0000000305
12	99305987	101447640	670	40	-0.0001151549	0.0000000314
12	101447641	101862689	154	16	-0.0000318155	0.0000000085
12	101862690	102964985	346	40	0.0000304942	0.0000000176
12	102964986	104848695	808	40	0.0000008377	0.0000000298
12	104848696	106436212	887	40	-0.0000616100	0.0000000303
12	106436213	106958747	238	34	0.0000777367	0.0000000125
12	106958748	109025900	774	40	0.0000372347	0.0000000322
12	109025901	110336718	412	40	0.0000075200	0.0000000200
12	110336719	113263517	473	40	-0.0000056070	0.0000000212
12	113263518	113986708	224	30	0.0000024591	0.0000000105
12	113986709	115036601	560	40	0.0000962807	0.0000000240
12	115036602	115503215	199	36	0.0000408639	0.0000000098
12	115503216	117087470	773	40	-0.0000780247	0.0000000290
12	117087471	118135374	478	40	-0.0000326463	0.0000000269
12	118135375	119754109	716	40	0.0001323933	0.0000000331
12	119754110	122007650	703	40	-0.0000100728	0.0000000317
12	122007651	124977979	722	40	0.0000023807	0.0000000321
12	124977980	126445504	651	40	-0.0000415186	0.0000000311
12	126445505	127875097	676	40	-0.0001012947	0.0000000315
12	127875098	129237296	726	40	-0.0000085235	0.0000000306
12	129237297	130377920	697	40	-0.0001375066	0.0000000299
12	130377921	131786750	765	40	-0.0000820112	0.0000000289
12	131786751	132807033	309	40	0.0000814593	0.0000000163
12	132807034	133841510	178	25	-0.0000949834	0.0000000107
13	19020013	20686719	312	37	-0.0001375732	0.0000000139
13	20686720	22242173	613	40	0.0000221132	0.0000000288
13	22242174	23594701	701	40	0.0000198929	0.0000000295
13	23594702	24531936	532	40	0.0000867189	0.0000000266
13	24531937	25784361	671	40	0.0000967911	0.0000000317
13	25784362	27284361	568	40	0.0000337366	0.0000000243
13	27284362	29257550	892	40	-0.0000384804	0.0000000288
13	29257551	30483266	527	40	0.0000334987	0.0000000246
13	30483267	32301814	815	40	-0.0000152853	0.0000000322
13	32301815	33776902	606	40	0.0001106991	0.0000000263
13	33776903	35026463	469	40	-0.0000870469	0.0000000212
13	35026464	36046366	228	30	0.0001209889	0.0000000110
13	36046367	37498184	673	40	-0.0001900697	0.0000000299
13	37498185	38878162	562	40	-0.0000047309	0.0000000230
13	38878163	41069262	912	40	0.0001116442	0.0000000319
13	41069263	43101026	650	40	0.0001318365	0.0000000277
13	43101027	44901408	830	40	0.0000736311	0.0000000286
13	44901409	46495213	533	40	-0.0000476331	0.0000000253
13	46495214	47431078	375	40	-0.0000043468	0.0000000171
13	47431079	49383961	631	40	-0.0000943923	0.0000000318
13	49383962	51591090	764	40	0.0000403257	0.0000000298
13	51591091	53339621	463	40	-0.0000661463	0.0000000230
13	53339622	54682863	548	40	-0.0000972376	0.0000000279
13	54682864	55817130	333	37	0.0000908038	0.0000000158
13	55817131	57554216	307	22	0.0000588540	0.0000000118
13	57554217	58410625	212	21	0.0000002822	0.0000000098
13	58410626	59302270	227	22	-0.0000741500	0.0000000090
13	59302271	60854777	565	40	0.0000901337	0.0000000273
13	60854778	61591948	301	36	-0.0000547564	0.0000000170
13	61591949	63971558	667	40	-0.0000692853	0.0000000287
13	63971559	65200601	312	31	0.0000351033	0.0000000117
13	65200602	67844452	817	40	-0.0000553138	0.0000000311
13	67844453	70724515	918	40	-0.0001421260	0.0000000323
13	70724516	71526790	328	40	0.0000779741	0.0000000173
13	71526791	73934088	882	40	0.0000527521	0.0000000306
13	73934089	75670142	748	40	0.0001723335	0.0000000314
13	75670143	77410554	804	40	-0.0000118214	0.0000000290
13	77410555	78808812	447	40	-0.0000657781	0.0000000172
13	78808813	80585675	598	40	-0.0001258019	0.0000000284
13	80585676	82581813	638	40	-0.0000219416	0.0000000299
13	82581814	84133143	401	36	-0.0000742971	0.0000000147
13	84133144	85610915	430	40	0.0000943273	0.0000000214
13	85610916	88559881	792	40	-0.0000442842	0.0000000308
13	88559882	90521310	486	40	0.0000547495	0.0000000167
13	90521311	93129690	895	40	0.0000428268	0.0000000290
13	93129691	93586454	128	16	-0.0000861521	0.0000000068
13	93586455	96087557	1241	40	0.0000627412	0.0000000293
13	96087558	97519209	374	39	0.0001100151	0.0000000198
13	97519210	98938918	456	40	0.0001731048	0.0000000274
13	98938919	100574094	819	40	0.0001253415	0.0000000354
13	100574095	102300522	791	40	0.0000664050	0.0000000296
13	102300523	104066709	962	40	-0.0002407783	0.0000000314
13	104066710	104844113	317	40	-0.0000144277	0.0000000137
13	104844114	106247553	646	40	0.0000602915	0.0000000310
13	106247554	106749999	277	40	0.0000608806	0.0000000149
13	106750000	108189876	628	40	0.0000902679	0.0000000323
13	108189877	109121209	448	40	-0.0001300660	0.0000000212
13	109121210	109815111	340	40	-0.0000517776	0.0000000172
13	109815112	111232072	797	40	0.0001105856	0.0000000299
13	111232073	112247591	489	40	-0.0000265999	0.0000000264
13	112247592	113572487	488	40	-0.0000021442	0.0000000279
13	113572488	115109852	443	40	-0.0000801525	0.0000000224
14	19002084	21589401	613	40	-0.0000551654	0.0000000297
14	21589402	23018664	738	40	-0.0001517401	0.0000000305
14	23018665	24905122	726	40	0.0001490300	0.0000000287
14	24905123	26135685	579	40	0.0000595765	0.0000000240
14	26135686	28466532	713	40	0.0001217417	0.0000000286
14	28466533	29972144	393	40	-0.0001158090	0.0000000179
14	29972145	32383264	618	40	-0.0000047974	0.0000000311
14	32383265	34846250	1296	40	0.0000282047	0.0000000309
14	34846251	35859592	255	30	0.0000600704	0.0000000140
14	35859593	38667724	908	40	0.0000665697	0.0000000289
14	38667725	40341989	570	40	-0.0000293042	0.0000000250
14	40341990	41615501	366	32	-0.0000069225	0.0000000121
14	41615502	43137388	435	36	0.0000186920	0.0000000191
14	43137389	44543226	370	40	0.0000534630	0.0000000182
14	44543227	46081895	392	40	0.0000795619	0.0000000193
14	46081896	46749129	194	17	0.0000478813	0.0000000056
14	46749130	48573585	608	40	0.0000630461	0.0000000281
14	48573586	49005470	115	13	0.0000333967	0.0000000051
14	49005471	50507759	481	40	0.0002566262	0.0000000235
14	50507760	51493571	377	40	0.0000068890	0.0000000193
14	51493572	53474382	886	40	-0.0001288618	0.0000000294
14	53474383	53997830	181	19	-0.0000217133	0.0000000101
14	53997831	55233680	457	40	-0.0000239863	0.0000000256
14	55233681	56216879	301	27	0.0000617096	0.0000000158
14	56216880	57481261	689	40	0.0000407633	0.0000000329
14	57481262	59448335	725	40	0.0000947067	0.0000000298
14	59448336	61680423	630	40	0.0000074037	0.0000000257
14	61680424	63790014	830	40	-0.0000177007	0.0000000320
14	63790015	65220297	376	36	-0.0001053143	0.0000000181
14	65220298	66399554	418	40	0.0000598211	0.0000000187
14	66399555	67992316	412	33	-0.0000426253	0.0000000137
14	67992317	71131956	1272	40	-0.0000697397	0.0000000292
14	71131957	72889614	702	40	0.0000772504	0.0000000314
14	72889615	76444766	1197	40	0.0001218202	0.0000000324
14	76444767	77229471	365	40	-0.0000460863	0.0000000169
14	77229472	78561944	656	40	-0.0000087273	0.0000000300
14	78561945	80186578	622	40	0.0000653582	0.0000000318
14	80186579	81579713	520	40	0.0000611098	0.0000000245
14	81579714	83138096	487	40	0.0000653395	0.0000000224
14	83138097	84241632	391	40	0.0000017641	0.0000000188
14	84241633	85746318	483	40	-0.0000137565	0.0000000242
14	85746319	86647001	323	36	-0.0000899693	0.0000000171
14	86647002	87635340	319	40	0.0000140756	0.0000000127
14	87635341	89497642	629	40	-0.0000351328	0.0000000248
14	89497643	91296859	717	40	-0.0000724356	0.0000000312
14	91296860	93132298	695	40	0.0000166016	0.0000000276
14	93132299	94325284	432	40	0.0000976080	0.0000000207
14	94325285	95750866	904	40	0.0000665682	0.0000000330
14	95750867	96262414	392	40	0.0001683001	0.0000000191
14	96262415	98341161	872	40	-0.0000059460	0.0000000316
14	98341162	99138531	387	40	-0.0000638344	0.0000000159
14	99138532	101534306	923	40	-0.0001027692	0.0000000326
14	101534307	103012101	452	40	0.0000493238	0.0000000242
14	103012102	105001722	493	40	0.0001133099	0.0000000249
14	105001723	106340357	174	29	0.0000113794	0.0000000108
14	106340358	107289453	40	5	0.0000155838	0.0000000028
15	20001200	21131603	6	2	0.0000138536	0.0000000003
15	21131604	24195126	318	40	0.0000097971	0.0000000171
15	24195127	25108589	201	29	-0.0000031249	0.0000000098
15	25108590	27298111	915	40	-0.0000209930	0.0000000278
15	27298112	29338501	508	40	0.0000629063	0.0000000233
15	29338502	30165567	308	40	-0.0000733215	0.0000000168
15	30165568	31591820	308	40	0.0001501586	0.0000000169
15	31591821	32441810	272	37	-0.0000952545	0.0000000143
15	32441811	34015424	743	40	0.0000192866	0.0000000285
15	34015425	35083250	418	40	-0.0000239508	0.0000000206
15	35083251	37456501	959	40	-0.0000036229	0.0000000325
15	37456502	38530776	361	40	-0.0000361474	0.0000000176
15	38530777	40384131	801	40	0.0000127235	0.0000000324
15	40384132	41177513	245	30	-0.0001102886	0.0000000142
15	41177514	42776398	439	40	0.0001063036	0.0000000212
15	42776399	44198048	278	17	0.0000650532	0.0000000117
15	44198049	46618786	523	40	0.0001494471	0.0000000232
15	46618787	48136047	609	40	0.0000140049	0.0000000273
15	48136048	50008042	459	40	0.0002313184	0.0000000198
15	50008043	51677559	625	40	0.0001246632	0.0000000257
15	51677560	53069095	411	39	0.0000998151	0.0000000173
15	53069096	54508527	646	40	-0.0001262536	0.0000000279
15	54508528	55136268	262	32	0.0000295539	0.0000000138
15	55136269	56901772	550	40	0.0000227548	0.0000000267
15	56901773	58441365	642	40	-0.0000245098	0.0000000281
15	58441366	59694115	538	40	-0.0000129587	0.0000000297
15	59694116	61265835	698	40	0.0000389403	0.0000000318
15	61265836	63215221	941	40	-0.0000106527	0.0000000283
15	63215222	65104667	496	40	-0.0000259449	0.0000000237
15	65104668	67094766	637	40	-0.0000972460	0.0000000332
15	67094767	69017998	766	40	-0.0001558117	0.0000000314
15	69017999	70133340	305	40	-0.0000168110	0.0000000153
15	70133341	71922648	727	40	0.0000266352	0.0000000323
15	71922649	73628713	377	33	0.0000686177	0.0000000143
15	73628714	76398623	616	40	-0.0000046380	0.0000000305
15	76398624	78516052	545	40	-0.0000115775	0.0000000275
15	78516053	80860977	1016	40	0.0002850956	0.0000000327
15	80860978	84260467	934	40	-0.0000434085	0.0000000300
15	84260468	86652904	803	40	-0.0001103539	0.0000000305
15	86652905	88369942	789	40	0.0001017061	0.0000000315
15	88369943	90475550	750	40	0.0001712413	0.0000000324
15	90475551	92164391	656	40	-0.0000891436	0.0000000294
15	92164392	93780901	855	40	-0.0002012433	0.0000000303
15	93780902	94924329	605	40	0.0000250805	0.0000000281
15	94924330	96141595	604	40	-0.0001225206	0.0000000306
15	96141596	98030909	776	40	0.0000653336	0.0000000303
15	98030910	99244058	586	40	-0.0000270462	0.0000000300
15	99244059	100636846	581	40	-0.0000160514	0.0000000309
15	100636847	101552693	427	40	0.0000378007	0.0000000243
15	101552694	102520965	454	40	-0.0000809448	0.0000000246
16	60054	1207205	312	40	-0.0000561774	0.0000000192
16	1207206	2764828	389	40	0.0001326668	0.0000000196
16	2764829	4001195	321	40	0.0001100929	0.0000000197
16	4001196	5118344	396	40	0.0000344707	0.0000000239
16	5118345	5891579	366	40	-0.0000854120	0.0000000222
16	5891580	6893550	735	40	-0.0001000866	0.0000000331
16	6893551	7529120	501	40	0.0000056269	0.0000000274
16	7529121	8338518	556	40	-0.0000299123	0.0000000322
16	8338519	9799418	727	40	0.0000612891	0.0000000315
16	9799419	10426031	381	40	-0.0000316130	0.0000000197
16	10426032	11520160	472	40	0.0000989245	0.0000000279
16	11520161	12613097	416	40	0.0001011113	0.0000000231
16	12613098	13154436	321	40	-0.0000747367	0.0000000173
16	13154437	14464001	577	40	0.0000458178	0.0000000307
16	14464002	16154059	325	40	0.0001219129	0.0000000154
16	16154060	17644748	404	40	-0.0000329849	0.0000000213
16	17644749	18643606	185	28	0.0000667508	0.0000000135
16	18643607	20150570	440	40	0.0000144396	0.0000000208
16	20150571	22448903	451	40	-0.0000253720	0.0000000202
16	22448904	24136874	537	40	-0.0000064932	0.0000000250
16	24136875	25986861	780	40	0.0001737690	0.0000000310
16	25986862	27445754	673	40	0.0001584552	0.0000000306
16	27445755	29036612	350	40	-0.0000804199	0.0000000158
16	29036613	31382942	289	34	-0.0000019858	0.0000000166
16	31382943	46399472	130	17	0.0000404891	0.0000000065
16	46399473	49007925	305	33	-0.0001588089	0.0000000146
16	49007926	52035822	1117	40	-0.0000288286	0.0000000288
16	52035823	53382571	473	40	-0.0000219278	0.0000000206
16	53382572	55903773	1221	40	-0.0000344102	0.0000000294
16	55903774	57664329	655	40	-0.0000160623	0.0000000290
16	57664330	59045404	539	40	0.0000245386	0.0000000290
16	59045405	60745693	522	40	-0.0001235412	0.0000000290
16	60745694	62229848	374	40	-0.0000380874	0.0000000157
16	62229849	63691588	468	40	-0.0000520566	0.0000000235
16	63691589	65938565	833	40	0.0001550546	0.0000000307
16	65938566	68841362	689	40	-0.0001771308	0.0000000283
16	68841363	71054027	395	40	-0.0001592158	0.0000000201
16	71054028	72935149	469	38	-0.0000039018	0.0000000214
16	72935150	74971502	810	40	-0.0000702320	0.0000000324
16	74971503	75977953	242	30	-0.0000335732	0.0000000121
16	75977954	77523677	731	40	0.0000015172	0.0000000305
16	77523678	78456291	672	40	0.0000128798	0.0000000290
16	78456292	79134814	591	40	-0.0000204762	0.0000000295
16	79134815	80297373	802	40	-0.0000194460	0.0000000278
16	80297374	81772535	829	40	-0.0000970720	0.0000000288
16	81772536	82747727	611	40	-0.0000530098	0.0000000294
16	82747728	83477207	627	40	0.0000287958	0.0000000334
16	83477208	84445882	743	40	0.0000743122	0.0000000301
16	84445883	85148684	487	40	-0.0000239010	0.0000000269
16	85148685	86156598	506	40	0.0001093231	0.0000000294
16	86156599	86815410	549	40	-0.0000821079	0.0000000294
16	86815411	87647348	384	40	0.0000121633	0.0000000227
16	87647349	89041164	399	40	0.0000803507	0.0000000234
16	89041165	90292811	333	36	-0.0000844215	0.0000000209
17	56	1172398	340	40	0.0000039036	0.0000000179
17	1172399	1928730	267	40	-0.0000903537	0.0000000160
17	1928731	3702311	670	40	0.0001217001	0.0000000313
17	3702312	4696260	383	40	-0.0000051685	0.0000000219
17	4696261	5741333	401	40	-0.0000424824	0.0000000206
17	5741334	7317397	663	40	0.0000131318	0.0000000277
17	7317398	8306424	333	40	-0.0001738972	0.0000000172
17	8306425	9965920	688	40	0.0000354027	0.0000000300
17	9965921	11102814	500	40	-0.0000592687	0.0000000235
17	11102815	12534768	587	40	0.0000231879	0.0000000302
17	12534769	13180371	307	40	-0.0000722985	0.0000000171
17	13180372	13894636	381	40	-0.0000503352	0.0000000218
17	13894637	15019096	635	40	0.0000149284	0.0000000299
17	15019097	16412341	332	40	0.0000779922	0.0000000162
17	16412342	18856319	597	40	-0.0000610397	0.0000000295
17	18856320	21290356	394	40	-0.0000182255	0.0000000211
17	21290357	27334243	526	40	0.0000293802	0.0000000274
17	27334244	29786490	516	39	0.0000022207	0.0000000187
17	29786491	31538424	561	40	-0.0001519877	0.0000000261
17	31538425	32912797	857	40	0.0000483186	0.0000000302
17	32912798	34469035	541	40	0.0000151237	0.0000000246
17	34469036	36809343	544	40	0.0000280258	0.0000000243
17	36809344	38877403	465	40	-0.0000758375	0.0000000224
17	38877404	39899809	378	39	0.0000660533	0.0000000133
17	39899810	41772086	387	40	-0.0000141252	0.0000000176
17	41772087	43056904	354	39	0.0001171531	0.0000000142
17	43056905	45876021	391	40	0.0002280546	0.0000000190
17	45876022	47517399	553	40	0.0000667868	0.0000000254
17	47517400	49898956	808	40	-0.0000185734	0.0000000301
17	49898957	50719054	295	27	0.0000476306	0.0000000153
17	50719055	51826117	333	34	-0.0000620987	0.0000000126
17	51826118	53599431	634	40	-0.0001082031	0.0000000285
17	53599432	55357540	651	40	0.0001394750	0.0000000310
17	55357541	57487511	703	40	0.0001533955	0.0000000298
17	57487512	59312754	251	23	-0.0000325694	0.0000000100
17	59312755	61545588	466	40	0.0000814498	0.0000000221
17	61545589	63148127	318	37	-0.0000501793	0.0000000126
17	63148128	64800429	661	40	0.0000300838	0.0000000284
17	64800430	67858769	992	40	-0.0000384441	0.0000000297
17	67858770	69387816	672	40	-0.0000399477	0.0000000303
17	69387817	72672202	1496	40	0.0000280566	0.0000000303
17	72672203	74375559	429	40	-0.0000519152	0.0000000214
17	74375560	76263412	777	40	0.0000170890	0.0000000296
17	76263413	77298635	488	40	0.0001432079	0.0000000284
17	77298636	78837587	578	40	0.0000042776	0.0000000292
17	78837588	80034407	247	40	-0.0002438514	0.0000000192
17	80034408	81194907	324	36	-0.0002614957	0.0000000289
18	10644	912485	422	40	-0.0000156600	0.0000000199
18	912486	1942910	382	40	-0.0001081371	0.0000000176
18	1942911	3891657	806	40	-0.0000903671	0.0000000303
18	3891658	5834179	821	40	0.0000872348	0.0000000307
18	5834180	7090484	604	40	0.0000341764	0.0000000324
18	7090485	8498930	604	40	0.0000601807	0.0000000297
18	8498931	11075912	1330	40	-0.0001012146	0.0000000293
18	11075913	11905439	283	40	0.0000618790	0.0000000133
18	11905440	14440798	793	40	-0.0000825408	0.0000000313
18	14440799	19485843	167	17	-0.0000323193	0.0000000077
18	19485844	20649471	309	37	-0.0000610311	0.0000000148
18	20649472	22996650	837	40	-0.0000079099	0.0000000303
18	22996651	24026190	328	36	0.0000492651	0.0000000175
18	24026191	25927681	811	40	0.0000685841	0.0000000312
18	25927682	26875586	258	27	0.0000630361	0.0000000142
18	26875587	27866477	284	29	0.0000123742	0.0000000115
18	27866478	30264065	911	40	0.0001149585	0.0000000303
18	30264066	31780066	358	37	0.0000054894	0.0000000172
18	31780067	33861963	637	40	0.0000494296	0.0000000294
18	33861964	35075249	487	40	-0.0000509487	0.0000000264
18	35075250	36365489	511	40	0.0000416843	0.0000000252
18	36365490	37684366	359	34	-0.0000255831	0.0000000135
18	37684367	39892647	791	40	0.0001101762	0.0000000319
18	39892648	42922105	965	40	-0.0000206800	0.0000000298
18	42922106	44299245	709	40	-0.0001167005	0.0000000313
18	44299246	45939731	619	40	-0.0000402108	0.0000000292
18	45939732	47730583	803	40	-0.0000414169	0.0000000291
18	47730584	51062184	1234	40	-0.0001143162	0.0000000327
18	51062185	51554174	183	16	0.0000315575	0.0000000102
18	51554175	55213837	1162	40	0.0000320313	0.0000000416
18	55213838	56530219	624	40	-0.0000147953	0.0000000281
18	56530220	57630482	604	40	-0.0000315643	0.0000000290
18	57630483	59020750	450	40	-0.0001475337	0.0000000222
18	59020751	60277714	555	40	-0.0000920335	0.0000000268
18	60277715	61820251	593	40	-0.0001029656	0.0000000258
18	61820252	63463401	522	40	0.0001259135	0.0000000247
18	63463402	64252800	253	22	0.0000168371	0.0000000100
18	64252801	66125816	762	40	0.0001133190	0.0000000294
18	66125817	67175819	342	40	-0.0000293117	0.0000000182
18	67175820	68621178	489	40	0.0000956910	0.0000000278
18	68621179	69621617	394	40	-0.0001714556	0.0000000215
18	69621618	71038473	582	40	0.0000281309	0.0000000269
18	71038474	71971461	511	40	0.0000716590	0.0000000282
18	71971462	73526986	686	40	-0.0000735473	0.0000000293
18	73526987	74813814	615	40	0.0000556971	0.0000000293
18	74813815	75976316	612	40	0.0000688870	0.0000000306
18	75976317	77149990	431	40	-0.0000080312	0.0000000234
18	77149991	78017157	281	40	-0.0000797333	0.0000000174
19	80840	610728	107	25	-0.0001434038	0.0000000091
19	610729	2098395	328	40	0.0000207226	0.0000000175
19	2098396	3019659	262	40	-0.0000234108	0.0000000166
19	3019660	4348966	341	40	0.0000817067	0.0000000188
19	4348967	5811851	427	40	0.0000461101	0.0000000239
19	5811852	6684884	221	40	0.0000112479	0.0000000141
19	6684885	8347512	560	40	-0.0000948756	0.0000000276
19	8347513	9238392	273	40	-0.0001060746	0.0000000118
19	9238393	11284027	529	40	0.0000056806	0.0000000241
19	11284028	13471126	441	40	0.0001334221	0.0000000229
19	13471127	14486346	215	40	0.0000188313	0.0000000128
19	14486347	15648609	394	40	-0.0000067602	0.0000000188
19	15648610	16374415	384	40	0.0000294834	0.0000000178
19	16374416	18409861	595	40	-0.0000874338	0.0000000305
19	18409862	19877470	347	40	0.0000761572	0.0000000163
19	19877471	20905756	141	21	0.0000747829	0.0000000102
19	20905757	22732895	355	38	0.0000076434	0.0000000164
19	22732896	23467745	146	13	0.0000424379	0.0000000051
19	23467746	28557892	304	28	0.0000164871	0.0000000098
19	28557893	29790946	504	40	-0.0000579822	0.0000000238
19	29790947	30727953	352	40	0.0001109814	0.0000000201
19	30727954	32746519	665	40	-0.0000377958	0.0000000323
19	32746520	34262951	530	40	0.0001547744	0.0000000273
19	34262952	36469294	689	40	-0.0000271716	0.0000000297
19	36469295	37527032	240	20	-0.0000744647	0.0000000089
19	37527033	40170618	677	40	0.0000518023	0.0000000288
19	40170619	40984600	193	25	-0.0000436287	0.0000000077
19	40984601	42131572	316	40	0.0000752392	0.0000000195
19	42131573	43862454	176	23	0.0000805743	0.0000000077
19	43862455	44744107	316	40	0.0001014740	0.0000000160
19	44744108	46102696	382	40	0.0000949255	0.0000000203
19	46102697	47150081	307	40	0.0000579369	0.0000000210
19	47150082	49282226	625	40	0.0000170437	0.0000000290
19	49282227	51532566	671	40	0.0000127061	0.0000000283
19	51532567	52985289	675	40	0.0002136253	0.0000000331
19	52985290	54602361	544	40	0.0000143240	0.0000000317
19	54602362	55728079	397	40	0.0000344103	0.0000000212
19	55728080	57521334	717	40	0.0000232542	0.0000000288
19	57521335	59118838	570	40	-0.0000614481	0.0000000272
20	60479	697599	282	40	-0.0000269634	0.0000000151
20	697600	2469500	1052	40	0.0000250313	0.0000000291
20	2469501	3828412	521	40	0.0000555892	0.0000000282
20	3828413	5477849	847	40	-0.0000869758	0.0000000302
20	5477850	7084072	770	40	0.0002540585	0.0000000303
20	7084073	8117010	426	40	-0.0000606443	0.0000000189
20	8117011	9730920	807	40	-0.0000004616	0.0000000308
20	9730921	11249535	764	40	-0.0001618088	0.0000000318
20	11249536	12447498	523	40	0.0001162685	0.0000000234
20	12447499	13689863	577	40	-0.0000012529	0.0000000270
20	13689864	15958358	1014	40	-0.0000096219	0.0000000297
20	15958359	17487231	987	40	0.0000137739	0.0000000294
20	17487232	18972202	646	40	0.0000635768	0.0000000306
20	18972203	20959709	917	40	0.0001716103	0.0000000293
20	20959710	22491455	426	40	0.0000459479	0.0000000160
20	22491456	23293789	372	40	-0.0000367090	0.0000000161
20	23293790	24717723	558	40	-0.0000015246	0.0000000244
20	24717724	25344230	237	22	0.0000960952	0.0000000096
20	25344231	31614822	616	40	0.0000791493	0.0000000242
20	31614823	32813440	305	30	-0.0000275496	0.0000000119
20	32813441	34960445	477	32	-0.0000850781	0.0000000152
20	34960446	36909529	513	40	0.0002442481	0.0000000239
20	36909530	38436760	532	40	0.0001889662	0.0000000215
20	38436761	39610855	487	40	0.0000905526	0.0000000247
20	39610856	40585688	294	33	-0.0000384690	0.0000000144
20	40585689	41615459	595	40	0.0000678220	0.0000000281
20	41615460	42680175	410	40	0.0000074819	0.0000000213
20	42680176	44839055	821	40	-0.0000195296	0.0000000334
20	44839056	47199979	1063	40	0.0001336903	0.0000000300
20	47199980	49239657	792	40	0.0000464412	0.0000000294
20	49239658	52472548	1380	40	-0.0000889490	0.0000000318
20	52472549	54055265	654	40	0.0000967294	0.0000000297
20	54055266	56447958	1193	40	-0.0000159437	0.0000000290
20	56447959	58406571	926	40	0.0000202919	0.0000000311
20	58406572	59561723	565	40	0.0000233845	0.0000000266
20	59561724	61301854	806	40	0.0001183365	0.0000000310
20	61301855	62190179	313	40	-0.0000070017	0.0000000187
20	62190180	62965162	242	38	0.0001862453	0.0000000137
21	9411243	15950981	300	40	0.0000759596	0.0000000161
21	15950982	18053164	698	40	0.0000383711	0.0000000310
21	18053165	19480374	477	40	0.0000531622	0.0000000235
21	19480375	20962338	648	40	-0.0000386772	0.0000000286
21	20962339	22072763	369	40	0.0002233699	0.0000000196
21	22072764	23362874	558	40	-0.0001152386	0.0000000263
21	23362875	24696230	378	40	0.0000046976	0.0000000179
21	24696231	26469121	694	40	-0.0000809946	0.0000000296
21	26469122	27271018	232	25	0.0000027145	0.0000000097
21	27271019	29125225	910	40	0.0000181767	0.0000000284
21	29125226	31197024	730	40	-0.0001462225	0.0000000274
21	31197025	32668641	479	40	-0.0001365592	0.0000000240
21	32668642	34376998	695	40	-0.0000707207	0.0000000309
21	34376999	35225464	292	40	-0.0000202767	0.0000000158
21	35225465	36524372	598	40	0.0000082509	0.0000000289
21	36524373	37870778	568	40	-0.0000678046	0.0000000256
21	37870779	38711703	326	40	0.0000543220	0.0000000143
21	38711704	40482901	888	40	0.0001731361	0.0000000315
21	40482902	41389526	530	40	-0.0000167896	0.0000000218
21	41389527	43321527	1064	40	0.0000088621	0.0000000303
21	43321528	44506267	714	40	-0.0000792011	0.0000000352
21	44506268	46177104	594	40	-0.0000249652	0.0000000305
21	46177105	47492225	531	40	0.0001001975	0.0000000252
21	47492226	48119751	252	27	0.0000882887	0.0000000134
22	16050408	17674294	231	40	0.0000190006	0.0000000137
22	17674295	18296087	272	40	0.0001927300	0.0000000154
22	18296088	19912357	557	40	0.0000236553	0.0000000254
22	19912358	22357324	626	40	-0.0002089936	0.0000000307
22	22357325	23712646	352	40	0.0000268050	0.0000000172
22	23712647	24984203	375	40	-0.0001045897	0.0000000161
22	24984204	26791627	790	40	-0.0000312741	0.0000000294
22	26791628	27834751	761	40	-0.0000090042	0.0000000320
22	27834752	29651798	586	40	-0.0000478008	0.0000000295
22	29651799	31439917	575	40	0.0000967011	0.0000000242
22	31439918	32664985	362	33	0.0000432659	0.0000000180
22	32664986	34494913	965	40	-0.0000286863	0.0000000299
22	34494914	35530984	522	40	0.0000044978	0.0000000186
22	35530985	37570268	866	40	-0.0002184670	0.0000000321
22	37570269	39307893	558	40	0.0001780531	0.0000000289
22	39307894	40545796	357	40	0.0002917224	0.0000000224
22	40545797	42690817	471	34	0.0004406345	0.0000000233
22	42690818	43714199	424	40	-0.0000520208	0.0000000225
22	43714200	44995307	745	40	-0.0001037180	0.0000000309
22	44995308	46470494	650	40	0.0000517684	0.0000000303
22	46470495	47596317	476	40	0.0000675046	0.0000000248
22	47596318	48903702	775	40	-0.0000663878	0.0000000299
22	48903703	49824533	638	40	0.0000276685	0.0000000311
22	49824534	51243297	415	40	0.0000302576	0.0000000223
