chr	start	end	num_snp	k	local_rho	var
1	10583	1892606	102	20	0.0000148473	0.0000000017
1	1892607	3582735	443	40	-0.0000006119	0.0000000061
1	3582736	4380810	277	40	-0.0000015048	0.0000000035
1	4380811	5913892	880	40	-0.0000485502	0.0000000070
1	5913893	7247334	440	40	-0.0000942331	0.0000000065
1	7247335	9365198	706	40	-0.0000281509	0.0000000083
1	9365199	10806983	356	40	0.0000023713	0.0000000043
1	10806984	11777840	260	40	0.0000574567	0.0000000037
1	11777841	12779465	297	40	-0.0000537113	0.0000000036
1	12779466	14891510	620	40	-0.0000506271	0.0000000074
1	14891511	16897729	697	40	0.0000312509	0.0000000074
1	16897730	18662898	673	40	-0.0000112031	0.0000000072
1	18662899	20469148	723	40	0.0000730729	0.0000000082
1	20469149	21736587	462	40	-0.0000077625	0.0000000061
1	21736588	23086882	527	40	-0.0000256601	0.0000000073
1	23086883	23920589	224	28	-0.0000696241	0.0000000030
1	23920590	25516844	527	40	-0.0000097788	0.0000000069
1	25516845	27401866	425	40	-0.0000857419	0.0000000058
1	27401867	30161880	558	40	0.0000613455	0.0000000066
1	30161881	32438684	939	40	-0.0000317479	0.0000000067
1	32438685	34799757	678	40	-0.0000715782	0.0000000078
1	34799758	37549182	560	40	0.0000082682	0.0000000069
1	37549183	38731846	375	40	-0.0000198272	0.0000000039
1	38731847	40200566	448	40	-0.0000935859	0.0000000057
1	40200567	41975326	556	40	0.0000484366	0.0000000067
1	41975327	43758456	554	40	-0.0000399495	0.0000000063
1	43758457	44969182	372	35	-0.0000589033	0.0000000043
1	44969183	46899500	461	38	-0.0000130428	0.0000000060
1	46899501	48002575	300	33	-0.0000165091	0.0000000032
1	48002576	48978187	346	40	-0.0000010862	0.0000000045
1	48978188	49894176	248	28	-0.0001222517	0.0000000036
1	49894177	51713725	261	25	-0.0000473406	0.0000000029
1	51713726	54226261	565	40	-0.0000259818	0.0000000064
1	54226262	56413116	845	40	0.0000103864	0.0000000070
1	56413117	57021727	274	31	-0.0000311199	0.0000000035
1	57021728	58865398	858	40	-0.0000434463	0.0000000080
1	58865399	59890408	385	40	-0.0000560523	0.0000000041
1	59890409	61922364	674	40	-0.0000250199	0.0000000076
1	61922365	63455088	549	40	0.0000607106	0.0000000058
1	63455089	65041703	659	40	-0.0000217436	0.0000000063
1	65041704	66939403	655	40	-0.0000754554	0.0000000082
1	66939404	68477894	694	40	-0.0000175260	0.0000000071
1	68477895	69687615	390	40	-0.0000191993	0.0000000042
1	69687616	71372469	525	40	-0.0000253479	0.0000000055
1	71372470	71684404	84	10	0.0000176467	0.0000000008
1	71684405	74326906	565	40	-0.0001272071	0.0000000060
1	74326907	76728134	737	40	-0.0000029884	0.0000000069
1	76728135	79661197	958	40	-0.0000288716	0.0000000072
1	79661198	81354190	479	40	0.0000345093	0.0000000053
1	81354191	83991747	979	40	0.0000256652	0.0000000079
1	83991748	84844494	320	36	0.0000399058	0.0000000033
1	84844495	86454750	657	40	0.0000197789	0.0000000069
1	86454751	88128630	577	40	0.0001146936	0.0000000080
1	88128631	90066302	529	40	-0.0000631539	0.0000000062
1	90066303	91886316	568	40	-0.0000190347	0.0000000062
1	91886317	93536458	519	40	-0.0000896500	0.0000000052
1	93536459	94506190	258	27	-0.0000819160	0.0000000030
1	94506191	96150892	655	40	-0.0000258278	0.0000000078
1	96150893	97885248	610	40	-0.0000320372	0.0000000057
1	97885249	99800603	645	40	-0.0000502546	0.0000000073
1	99800604	100826404	341	37	0.0000265889	0.0000000036
1	100826405	102041015	453	40	0.0000215185	0.0000000049
1	102041016	102898744	281	37	-0.0000254520	0.0000000032
1	102898745	103914210	204	21	0.0000140971	0.0000000021
1	103914211	106087841	462	40	-0.0000392911	0.0000000053
1	106087842	108409664	732	40	-0.0000257018	0.0000000078
1	108409665	110303930	577	40	-0.0000266645	0.0000000062
1	110303931	111741736	576	40	-0.0000636459	0.0000000075
1	111741737	113273305	723	40	-0.0000673917	0.0000000077
1	113273306	114873844	514	40	-0.0000897108	0.0000000067
1	114873845	115880592	349	37	-0.0000035947	0.0000000036
1	115880593	118839066	844	40	-0.0000213636	0.0000000082
1	118839067	144977493	580	40	-0.0000382559	0.0000000066
1	144977494	148361252	435	40	0.0000212746	0.0000000049
1	148361253	151538880	353	34	0.0000329897	0.0000000041
1	151538881	153180828	479	40	0.0000239663	0.0000000049
1	153180829	154770402	464	40	-0.0000088421	0.0000000047
1	154770403	156336132	307	38	0.0000264824	0.0000000042
1	156336133	158027411	599	40	-0.0000505304	0.0000000078
1	158027412	159913047	693	40	0.0000159528	0.0000000082
1	159913048	162346720	899	40	0.0000246662	0.0000000067
1	162346721	165191701	1202	40	-0.0000065068	0.0000000074
1	165191702	166460516	534	40	0.0000851318	0.0000000064
1	166460517	169086323	1121	40	-0.0000493787	0.0000000077
1	169086324	170557775	573	40	0.0000345339	0.0000000068
1	170557776	173097906	920	40	0.0000101182	0.0000000080
1	173097907	175089767	416	32	0.0000498213	0.0000000038
1	175089768	177433380	790	40	-0.0000409268	0.0000000081
1	177433381	178944308	508	40	0.0000281838	0.0000000054
1	178944309	178954469	2	1	0.0000007450	-0.0000000000
1	178954470	181144120	755	40	0.0000112863	0.0000000070
1	181144121	182755355	604	40	-0.0000685682	0.0000000072
1	182755356	184595512	634	40	-0.0000331902	0.0000000072
1	184595513	186810022	524	40	0.0000096267	0.0000000050
1	186810023	188759944	626	40	-0.0000355506	0.0000000063
1	188759945	189904129	224	18	-0.0000265680	0.0000000015
1	189904130	191868929	547	40	-0.0000285989	0.0000000053
1	191868930	194107441	593	40	-0.0000549577	0.0000000058
1	194107442	196176200	591	40	-0.0000093293	0.0000000052
1	196176201	197311513	200	16	-0.0000249299	0.0000000014
1	197311514	199239883	518	40	-0.0000760855	0.0000000057
1	199239884	200137648	308	36	0.0000240575	0.0000000041
1	200137649	201589974	715	40	0.0000092221	0.0000000071
1	201589975	203334733	615	40	-0.0000082722	0.0000000078
1	203334734	204681067	490	40	-0.0000314074	0.0000000060
1	204681068	206073264	578	40	-0.0001248222	0.0000000084
1	206073265	208410363	643	40	-0.0000784404	0.0000000094
1	208410364	210787749	946	40	-0.0000959252	0.0000000079
1	210787750	212842329	705	40	-0.0000778563	0.0000000079
1	212842330	214578265	622	40	0.0000634329	0.0000000070
1	214578266	216243633	601	40	-0.0000022258	0.0000000064
1	216243634	218705512	1093	40	-0.0000645811	0.0000000080
1	218705513	219590570	288	34	0.0000872687	0.0000000035
1	219590571	221858230	700	40	0.0000542268	0.0000000087
1	221858231	222230219	178	21	-0.0000205003	0.0000000021
1	222230220	224938519	508	40	0.0000182026	0.0000000060
1	224938520	226810859	524	40	-0.0000377290	0.0000000061
1	226810860	229156247	708	40	-0.0001375967	0.0000000080
1	229156248	230685254	544	40	-0.0000365348	0.0000000061
1	230685255	232090251	597	40	0.0000737549	0.0000000072
1	232090252	233429283	611	40	0.0000264293	0.0000000074
1	233429284	234599433	543	40	-0.0000110229	0.0000000064
1	234599434	235819435	390	40	0.0000110430	0.0000000054
1	235819436	237555627	734	40	0.0000267546	0.0000000080
1	237555628	238567806	438	40	0.0000692559	0.0000000062
1	238567807	239925313	501	40	-0.0000327744	0.0000000059
1	239925314	240564090	346	40	0.0000006812	0.0000000048
1	240564091	241582219	523	40	-0.0000253630	0.0000000067
1	241582220	242071601	220	38	-0.0000092720	0.0000000030
1	242071602	244109498	627	40	-0.0000528310	0.0000000071
1	244109499	245506745	526	40	0.0000245472	0.0000000075
1	245506746	247344517	719	40	0.0000000215	0.0000000075
1	247344518	249239465	410	40	0.0000287917	0.0000000050
2	10133	1781021	676	40	0.0001032443	0.0000000075
2	1781022	3973778	974	40	-0.0000174060	0.0000000074
2	3973779	5708336	632	40	-0.0000653120	0.0000000080
2	5708337	6836253	572	40	0.0000325844	0.0000000067
2	6836254	8422146	658	40	-0.0000732852	0.0000000071
2	8422147	10298468	679	40	-0.0000132949	0.0000000079
2	10298469	12419149	979	40	-0.0000555040	0.0000000082
2	12419150	14335307	597	40	-0.0001174132	0.0000000072
2	14335308	16329734	754	40	-0.0001022628	0.0000000080
2	16329735	18647422	866	40	-0.0000264183	0.0000000076
2	18647423	19692403	388	40	0.0000849912	0.0000000049
2	19692404	21050489	645	40	-0.0000884922	0.0000000081
2	21050490	23341382	635	40	-0.0000147712	0.0000000072
2	23341383	24686917	443	40	-0.0000671628	0.0000000053
2	24686918	26894984	564	40	0.0000255041	0.0000000075
2	26894985	28598776	433	34	0.0000091597	0.0000000047
2	28598777	29217558	249	33	0.0000820058	0.0000000039
2	29217559	30463710	640	40	-0.0000049267	0.0000000074
2	30463711	31550449	537	40	-0.0001504379	0.0000000072
2	31550450	33363776	499	40	0.0000048048	0.0000000064
2	33363777	35345027	817	40	0.0000046271	0.0000000075
2	35345028	36122005	300	31	-0.0000548357	0.0000000040
2	36122006	38132711	940	40	-0.0000768947	0.0000000084
2	38132712	39031336	327	38	-0.0000613056	0.0000000043
2	39031337	40281482	306	32	0.0000093531	0.0000000036
2	40281483	43309589	1317	40	0.0000020049	0.0000000071
2	43309590	44313802	411	40	0.0000407048	0.0000000056
2	44313803	46482633	1080	40	-0.0000015067	0.0000000076
2	46482634	47318771	421	40	-0.0000249118	0.0000000063
2	47318772	48213000	305	40	0.0000047331	0.0000000047
2	48213001	50022256	721	40	-0.0000416690	0.0000000072
2	50022257	50818927	345	34	-0.0000755902	0.0000000051
2	50818928	52491132	654	40	0.0000045949	0.0000000069
2	52491133	53508451	471	40	0.0000374121	0.0000000058
2	53508452	54685225	435	40	-0.0000345706	0.0000000056
2	54685226	56203344	618	40	-0.0000211312	0.0000000069
2	56203345	57429099	430	40	-0.0000561283	0.0000000054
2	57429100	58297314	277	29	-0.0000164558	0.0000000039
2	58297315	60291999	749	40	-0.0001111674	0.0000000102
2	60292000	62429043	593	40	-0.0000603293	0.0000000077
2	62429044	64625912	588	40	-0.0000152240	0.0000000069
2	64625913	65933443	465	40	0.0000431517	0.0000000061
2	65933444	67226165	555	40	-0.0000659940	0.0000000080
2	67226166	68010175	428	40	-0.0001214420	0.0000000059
2	68010176	69139563	477	40	0.0000136718	0.0000000054
2	69139564	70755197	537	40	-0.0000241514	0.0000000057
2	70755198	73174847	814	40	0.0000149228	0.0000000072
2	73174848	75630085	733	40	-0.0000082737	0.0000000077
2	75630086	76913660	518	40	-0.0000129210	0.0000000062
2	76913661	78079263	395	40	-0.0000480015	0.0000000054
2	78079264	80050402	844	40	-0.0000263616	0.0000000084
2	80050403	81620840	583	40	-0.0000303774	0.0000000077
2	81620841	85140679	907	40	0.0000504196	0.0000000063
2	85140680	88038506	642	40	0.0000133988	0.0000000064
2	88038507	89154525	248	30	0.0000380856	0.0000000028
2	89154526	95326451	4	2	-0.0000156358	0.0000000002
2	95326452	98995200	432	40	-0.0000467527	0.0000000056
2	98995201	101822328	914	40	0.0000368043	0.0000000091
2	101822329	102688764	261	30	-0.0000068283	0.0000000028
2	102688765	103588214	407	36	0.0000749475	0.0000000042
2	103588215	105125033	311	40	0.0000315882	0.0000000042
2	105125034	106210057	408	40	-0.0000380920	0.0000000052
2	106210058	107408266	455	40	0.0000447677	0.0000000054
2	107408267	108429176	357	40	0.0000138576	0.0000000043
2	108429177	110572431	536	40	-0.0000160371	0.0000000057
2	110572432	113921855	814	40	0.0000108625	0.0000000083
2	113921856	116772469	762	40	-0.0000874018	0.0000000079
2	116772470	118367465	408	39	-0.0000137881	0.0000000037
2	118367466	121303782	1000	40	0.0000622850	0.0000000078
2	121303783	123302905	580	40	0.0000729296	0.0000000072
2	123302906	124732249	436	40	0.0000697586	0.0000000044
2	124732250	125840920	386	40	0.0000136519	0.0000000044
2	125840921	127373763	415	38	-0.0000387147	0.0000000039
2	127373764	128034346	291	40	0.0000241605	0.0000000037
2	128034347	129474440	438	40	-0.0000248896	0.0000000045
2	129474441	130067169	227	27	-0.0000042972	0.0000000020
2	130067170	130658084	208	26	0.0000743929	0.0000000026
2	130658085	133042783	216	36	-0.0000045710	0.0000000030
2	133042784	135158577	922	40	-0.0000692086	0.0000000074
2	135158578	137042793	459	40	-0.0000888004	0.0000000048
2	137042794	138698116	599	40	0.0000329318	0.0000000068
2	138698117	140100270	442	40	-0.0000228734	0.0000000040
2	140100271	141805350	579	40	0.0000477590	0.0000000065
2	141805351	142518601	300	33	-0.0000054373	0.0000000037
2	142518602	144519483	659	40	-0.0001435433	0.0000000080
2	144519484	146445569	444	40	0.0000108902	0.0000000054
2	146445570	147277161	154	15	0.0000029246	0.0000000016
2	147277162	150210291	667	40	-0.0000868712	0.0000000077
2	150210292	151731461	481	40	0.0000898968	0.0000000056
2	151731462	152486781	286	29	0.0000405957	0.0000000029
2	152486782	154005055	487	40	-0.0000528863	0.0000000052
2	154005056	155391134	493	40	-0.0000259899	0.0000000056
2	155391135	157560634	559	40	-0.0000315722	0.0000000067
2	157560635	158533217	173	25	0.0000104509	0.0000000032
2	158533218	159577081	336	40	-0.0000002412	0.0000000046
2	159577082	161769732	727	40	-0.0000483180	0.0000000082
2	161769733	163503550	400	37	-0.0000179695	0.0000000048
2	163503551	164466637	197	24	-0.0000282410	0.0000000026
2	164466638	165178839	179	21	-0.0000296593	0.0000000027
2	165178840	167160269	642	40	-0.0001002881	0.0000000070
2	167160270	167355969	74	10	0.0000013243	0.0000000011
2	167355970	169968235	847	40	-0.0000568108	0.0000000072
2	169968236	171226244	494	40	-0.0000498034	0.0000000054
2	171226245	173138904	579	40	-0.0000003497	0.0000000076
2	173138905	175588928	849	40	-0.0000567789	0.0000000083
2	175588929	177363635	537	40	0.0000526697	0.0000000064
2	177363636	178553182	475	40	-0.0000052160	0.0000000046
2	178553183	181312738	1014	40	-0.0000706451	0.0000000107
2	181312739	182266030	303	32	-0.0000088911	0.0000000036
2	182266031	184357607	618	40	-0.0000190049	0.0000000064
2	184357608	185280172	235	25	0.0000012299	0.0000000026
2	185280173	189882064	967	40	0.0001382276	0.0000000089
2	189882065	191973356	504	40	-0.0000111187	0.0000000051
2	191973357	195861163	724	40	-0.0000339077	0.0000000074
2	195861164	196447455	155	20	-0.0000619242	0.0000000020
2	196447456	198078109	453	40	-0.0000559035	0.0000000053
2	198078110	199311124	308	26	-0.0000417271	0.0000000031
2	199311125	201576283	632	40	-0.0000570476	0.0000000079
2	201576284	202818636	318	39	-0.0000029414	0.0000000033
2	202818637	205799240	763	40	-0.0000374132	0.0000000069
2	205799241	206735703	404	40	-0.0000218552	0.0000000053
2	206735704	208645398	661	40	-0.0000352526	0.0000000081
2	208645399	209941528	340	40	-0.0000194462	0.0000000038
2	209941529	212379517	746	40	0.0000129218	0.0000000077
2	212379518	214014281	631	40	0.0000280606	0.0000000073
2	214014282	215573794	448	40	0.0000507215	0.0000000056
2	215573795	217715660	807	40	-0.0000070690	0.0000000072
2	217715661	218395479	276	36	0.0000138915	0.0000000037
2	218395480	220454550	602	40	-0.0000393849	0.0000000084
2	220454551	222521175	864	40	-0.0000043430	0.0000000072
2	222521176	224859418	790	40	-0.0000035362	0.0000000073
2	224859419	225840003	354	36	0.0000607973	0.0000000037
2	225840004	228119841	744	40	0.0000660136	0.0000000078
2	228119842	229370786	461	40	-0.0000584028	0.0000000058
2	229370787	231843388	941	40	-0.0000015038	0.0000000077
2	231843389	233550002	472	40	0.0000073907	0.0000000065
2	233550003	235150986	809	40	0.0000872951	0.0000000073
2	235150987	236043549	426	40	-0.0000283712	0.0000000063
2	236043550	237449031	473	40	-0.0000409969	0.0000000056
2	237449032	238760980	540	40	0.0000036426	0.0000000059
2	238760981	239952642	423	40	0.0000216430	0.0000000061
2	239952643	241560083	656	40	0.0000567606	0.0000000075
2	241560084	242149920	218	30	-0.0000199459	0.0000000030
2	242149921	243188919	131	16	0.0000029820	0.0000000018
3	60157	1441778	624	40	-0.0001126688	0.0000000078
3	1441779	2992119	906	40	-0.0000192430	0.0000000079
3	2992120	4431646	777	40	-0.0000346783	0.0000000078
3	4431647	6083182	781	40	0.0000507298	0.0000000075
3	6083183	7083386	432	40	0.0000601056	0.0000000056
3	7083387	8648560	868	40	0.0000270964	0.0000000073
3	8648561	9543182	500	40	0.0000095991	0.0000000071
3	9543183	11019664	596	40	-0.0000221840	0.0000000073
3	11019665	13070798	750	40	0.0000396909	0.0000000090
3	13070799	14816899	805	40	-0.0000110798	0.0000000078
3	14816900	16282441	539	40	0.0000210293	0.0000000062
3	16282442	17891117	507	40	-0.0000171996	0.0000000064
3	17891118	19125143	346	40	0.0000361399	0.0000000043
3	19125144	20091347	198	25	0.0000001759	0.0000000030
3	20091348	21643706	649	40	0.0000299924	0.0000000071
3	21643707	22204243	387	40	-0.0000310567	0.0000000053
3	22204244	23804864	539	40	0.0000212261	0.0000000070
3	23804865	25461557	748	40	-0.0000346005	0.0000000079
3	25461558	26877768	477	40	0.0000217573	0.0000000057
3	26877769	27840909	275	31	-0.0000315644	0.0000000040
3	27840910	29142259	458	40	0.0000194538	0.0000000060
3	29142260	30717954	693	40	0.0000193892	0.0000000070
3	30717955	32351714	663	40	-0.0000118854	0.0000000067
3	32351715	33255591	284	40	-0.0000125978	0.0000000040
3	33255592	35283457	594	40	-0.0000460679	0.0000000067
3	35283458	36486841	414	40	-0.0000674948	0.0000000051
3	36486842	38356115	600	40	0.0000692898	0.0000000071
3	38356116	40221297	674	40	0.0001014216	0.0000000081
3	40221298	41064527	153	16	0.0000297548	0.0000000020
3	41064528	42540001	464	40	-0.0000519376	0.0000000056
3	42540002	45165152	716	40	-0.0000859005	0.0000000073
3	45165153	46657499	524	40	-0.0000775378	0.0000000062
3	46657500	47727211	178	17	-0.0001082757	0.0000000027
3	47727212	49316971	258	15	-0.0001455552	0.0000000034
3	49316972	51832014	450	25	-0.0001719986	0.0000000042
3	51832015	54081389	645	40	-0.0002805181	0.0000000083
3	54081390	55348859	669	40	-0.0000023312	0.0000000083
3	55348860	56433906	373	40	-0.0000025691	0.0000000047
3	56433907	58157518	546	40	0.0000352710	0.0000000058
3	58157519	60272905	981	40	-0.0000200693	0.0000000070
3	60272906	62355665	991	40	0.0000184528	0.0000000075
3	62355666	63669285	673	40	0.0000366776	0.0000000077
3	63669286	65273537	768	40	-0.0000748867	0.0000000081
3	65273538	66270446	345	40	-0.0000748137	0.0000000056
3	66270447	68286913	642	40	-0.0001248486	0.0000000084
3	68286914	69276761	372	40	0.0000160065	0.0000000052
3	69276762	70449027	392	40	0.0000088410	0.0000000065
3	70449028	72529328	795	40	-0.0000268916	0.0000000074
3	72529329	74321816	723	40	0.0000054207	0.0000000074
3	74321817	75704948	279	31	0.0000449865	0.0000000036
3	75704949	77508834	490	40	-0.0000207033	0.0000000061
3	77508835	79024540	410	40	-0.0000628576	0.0000000051
3	79024541	81427309	500	40	-0.0000086481	0.0000000042
3	81427310	82643885	296	27	-0.0000405249	0.0000000033
3	82643886	84367478	324	32	-0.0000458401	0.0000000035
3	84367479	85582230	261	23	-0.0000146633	0.0000000031
3	85582231	87409731	461	40	-0.0000291194	0.0000000058
3	87409732	88298372	197	19	-0.0000169195	0.0000000017
3	88298373	94255315	469	40	-0.0000975459	0.0000000052
3	94255316	95311970	219	18	0.0000257944	0.0000000019
3	95311971	98215949	582	40	0.0000044772	0.0000000057
3	98215950	99373761	337	39	0.0000316346	0.0000000039
3	99373762	100592216	335	29	-0.0000821130	0.0000000034
3	100592217	103084959	673	40	-0.0000319053	0.0000000063
3	103084960	104581612	427	40	0.0000051739	0.0000000045
3	104581613	106982810	723	40	-0.0000190263	0.0000000077
3	106982811	109522394	776	40	-0.0000221166	0.0000000078
3	109522395	110513769	256	25	-0.0000340252	0.0000000027
3	110513770	112815698	710	40	0.0000290444	0.0000000076
3	112815699	113947862	382	40	0.0000255620	0.0000000043
3	113947863	115447079	412	40	0.0000598482	0.0000000062
3	115447080	116800152	528	40	0.0000957078	0.0000000066
3	116800153	118530250	578	40	-0.0000156979	0.0000000067
3	118530251	120523054	673	40	-0.0000148235	0.0000000064
3	120523055	121974096	399	37	0.0000292968	0.0000000034
3	121974097	123517767	537	40	0.0000966237	0.0000000072
3	123517768	124936641	631	40	0.0000193463	0.0000000071
3	124936642	126214942	397	40	0.0000074142	0.0000000045
3	126214943	128194860	680	40	-0.0000034983	0.0000000075
3	128194861	130244734	439	40	-0.0000452243	0.0000000051
3	130244735	131836515	553	40	-0.0000789790	0.0000000056
3	131836516	133252172	523	40	0.0000667823	0.0000000060
3	133252173	135456905	874	40	0.0000111278	0.0000000076
3	135456906	137371082	447	39	0.0000112059	0.0000000044
3	137371083	139954596	853	40	-0.0000368632	0.0000000071
3	139954597	141339096	481	40	-0.0000204598	0.0000000058
3	141339097	143164627	634	40	0.0000122024	0.0000000072
3	143164628	144410815	393	40	0.0000154429	0.0000000042
3	144410816	145664618	361	40	0.0000191777	0.0000000041
3	145664619	146726628	344	40	0.0000094357	0.0000000036
3	146726629	149043236	692	40	0.0000211944	0.0000000075
3	149043237	150252003	432	40	0.0000272156	0.0000000055
3	150252004	151348729	368	40	-0.0000330367	0.0000000039
3	151348730	153256570	572	40	-0.0000027417	0.0000000064
3	153256571	154714217	410	40	-0.0000350473	0.0000000039
3	154714218	156008699	334	40	-0.0000324827	0.0000000040
3	156008700	157312027	456	40	0.0000643962	0.0000000064
3	157312028	159477889	652	40	-0.0000503621	0.0000000069
3	159477890	161524503	576	40	0.0000217365	0.0000000052
3	161524504	163253204	488	40	0.0000183237	0.0000000042
3	163253205	165055468	446	37	0.0000346325	0.0000000039
3	165055469	167117428	462	40	-0.0000324448	0.0000000049
3	167117429	168580959	368	40	0.0000036401	0.0000000047
3	168580960	170964908	734	40	0.0000031224	0.0000000076
3	170964909	172295730	514	40	0.0000196344	0.0000000071
3	172295731	173477284	391	40	-0.0000153846	0.0000000060
3	173477285	175116538	609	40	-0.0000157210	0.0000000076
3	175116539	176320286	347	40	-0.0000296365	0.0000000039
3	176320287	178107164	546	40	0.0000537388	0.0000000070
3	178107165	179374585	389	40	0.0000025585	0.0000000053
3	179374586	181511165	468	40	-0.0000049819	0.0000000050
3	181511166	183769682	671	40	0.0000180384	0.0000000070
3	183769683	185068254	421	40	0.0000144561	0.0000000055
3	185068255	186890343	677	40	-0.0000749341	0.0000000075
3	186890344	188856213	812	40	0.0000143313	0.0000000073
3	188856214	190226606	634	40	-0.0000279757	0.0000000072
3	190226607	192343813	756	40	-0.0000554084	0.0000000074
3	192343814	194059670	520	40	-0.0000047610	0.0000000066
3	194059671	194786673	271	40	-0.0000214043	0.0000000037
3	194786674	195971407	231	37	-0.0000217740	0.0000000030
3	195971408	197075986	294	40	0.0000576772	0.0000000041
3	197075987	197946621	187	29	-0.0000183639	0.0000000029
4	10240	694714	106	13	-0.0000067081	0.0000000013
4	694715	1478710	225	26	0.0000088506	0.0000000036
4	1478711	2842978	275	40	0.0000117538	0.0000000046
4	2842979	3846039	265	38	-0.0000541971	0.0000000044
4	3846040	4684115	228	37	0.0000074571	0.0000000035
4	4684116	5502387	396	40	-0.0000046851	0.0000000056
4	5502388	6773042	701	40	-0.0000535728	0.0000000072
4	6773043	7539691	416	40	-0.0000261901	0.0000000061
4	7539692	8152234	359	40	-0.0000579464	0.0000000051
4	8152235	9326478	251	40	0.0000245445	0.0000000040
4	9326479	10699151	520	38	-0.0000566937	0.0000000054
4	10699152	12323033	653	40	0.0000547044	0.0000000076
4	12323034	14272000	719	40	-0.0000422084	0.0000000075
4	14272001	15147445	385	40	-0.0000061438	0.0000000048
4	15147446	15927008	254	33	-0.0000215728	0.0000000037
4	15927009	17383321	670	40	0.0000258938	0.0000000072
4	17383322	18841873	423	40	-0.0000231341	0.0000000047
4	18841874	20544556	473	40	-0.0000248275	0.0000000049
4	20544557	22319346	671	40	-0.0000087417	0.0000000075
4	22319347	24135528	609	40	-0.0000249521	0.0000000081
4	24135529	25609321	610	40	-0.0000673325	0.0000000082
4	25609322	27343721	570	40	-0.0000135210	0.0000000074
4	27343722	27965867	201	29	0.0000100922	0.0000000028
4	27965868	29762207	540	40	-0.0000511290	0.0000000060
4	29762208	30454534	162	24	0.0000086306	0.0000000018
4	30454535	31782980	406	40	0.0000104309	0.0000000047
4	31782981	33172765	318	37	-0.0000410078	0.0000000039
4	33172766	35151414	366	32	0.0000417398	0.0000000035
4	35151415	36020435	275	34	-0.0000049605	0.0000000027
4	36020436	37255046	437	40	-0.0000505924	0.0000000055
4	37255047	38907021	796	40	0.0000650410	0.0000000072
4	38907022	40202608	402	40	0.0000131731	0.0000000044
4	40202609	42213057	719	40	-0.0000440183	0.0000000079
4	42213058	43965044	540	40	0.0000386093	0.0000000051
4	43965045	45189156	347	40	-0.0001022508	0.0000000043
4	45189157	47411895	463	40	0.0000612402	0.0000000047
4	47411896	48123599	226	26	-0.0000135259	0.0000000024
4	48123600	53877432	489	39	-0.0000249111	0.0000000047
4	53877433	55429555	541	40	-0.0001202086	0.0000000065
4	55429556	56547643	381	40	-0.0000578265	0.0000000049
4	56547644	58935007	866	40	-0.0000212887	0.0000000073
4	58935008	60741086	461	40	-0.0000836954	0.0000000049
4	60741087	62371762	433	40	-0.0000341255	0.0000000050
4	62371763	64341000	436	40	0.0000109331	0.0000000058
4	64341001	66600491	514	40	0.0000049605	0.0000000057
4	66600492	68059496	390	40	-0.0000377380	0.0000000045
4	68059497	68854764	248	31	-0.0000393207	0.0000000023
4	68854765	71049151	539	40	-0.0000662702	0.0000000043
4	71049152	72140557	223	27	-0.0000645412	0.0000000028
4	72140558	74592389	500	40	-0.0000206162	0.0000000049
4	74592390	77130706	739	40	-0.0000045724	0.0000000068
4	77130707	79093978	740	40	-0.0000403582	0.0000000079
4	79093979	80990296	571	40	0.0000239998	0.0000000051
4	80990297	82125314	249	30	0.0000166947	0.0000000031
4	82125315	83372592	366	40	-0.0000078954	0.0000000043
4	83372593	84799655	491	40	-0.0000395808	0.0000000050
4	84799656	86930608	600	40	0.0000279803	0.0000000060
4	86930609	87534647	140	18	-0.0000004160	0.0000000015
4	87534648	89238027	580	40	0.0000339169	0.0000000064
4	89238028	90231563	326	40	-0.0000692402	0.0000000046
4	90231564	91560676	340	40	0.0000451624	0.0000000035
4	91560677	94233298	579	40	0.0000009068	0.0000000069
4	94233299	96182187	614	40	-0.0000346626	0.0000000075
4	96182188	97540702	501	40	0.0000373832	0.0000000062
4	97540703	99424066	410	36	0.0000038520	0.0000000043
4	99424067	100678359	417	40	-0.0000069596	0.0000000054
4	100678360	103221355	807	40	-0.0000497005	0.0000000073
4	103221356	105305293	499	40	-0.0000003765	0.0000000045
4	105305294	107501304	591	40	-0.0000455216	0.0000000063
4	107501305	108815347	367	40	-0.0000391069	0.0000000038
4	108815348	111256566	778	40	0.0000391440	0.0000000077
4	111256567	113870101	732	40	-0.0000148124	0.0000000077
4	113870102	115666245	617	40	0.0000283245	0.0000000075
4	115666246	117276928	340	36	-0.0000395484	0.0000000037
4	117276929	118479917	344	39	-0.0000097926	0.0000000040
4	118479918	119933511	426	40	-0.0000346449	0.0000000048
4	119933512	120392683	149	16	0.0000553467	0.0000000019
4	120392684	122657986	713	40	0.0000041042	0.0000000078
4	122657987	124286480	387	37	-0.0000277455	0.0000000043
4	124286481	125210861	266	36	0.0000321310	0.0000000033
4	125210862	126480885	393	40	0.0000415227	0.0000000050
4	126480886	127275476	222	31	0.0000118054	0.0000000028
4	127275477	127830292	167	23	-0.0000383878	0.0000000022
4	127830293	128996664	197	15	-0.0000129231	0.0000000019
4	128996665	130591884	453	40	-0.0000172447	0.0000000050
4	130591885	131283820	186	23	-0.0000200885	0.0000000022
4	131283821	132954032	358	40	-0.0000175338	0.0000000045
4	132954033	134628433	377	40	-0.0000035983	0.0000000036
4	134628434	136566406	436	40	0.0000252349	0.0000000043
4	136566407	138541970	523	40	-0.0000318002	0.0000000059
4	138541971	139556510	362	40	-0.0000580449	0.0000000042
4	139556511	141084630	506	40	-0.0000213671	0.0000000064
4	141084631	143443264	722	40	0.0000160251	0.0000000075
4	143443265	146178186	512	40	-0.0000695730	0.0000000062
4	146178187	148521872	629	40	-0.0000103656	0.0000000069
4	148521873	150683579	532	40	-0.0000474690	0.0000000075
4	150683580	152782183	520	40	0.0000083895	0.0000000048
4	152782184	154477640	506	40	-0.0000294414	0.0000000060
4	154477641	155056125	206	28	-0.0000091736	0.0000000026
4	155056126	157485096	811	40	-0.0000236037	0.0000000072
4	157485097	158743717	322	40	-0.0000025169	0.0000000038
4	158743718	161058863	524	40	0.0000506965	0.0000000059
4	161058864	161826434	269	34	-0.0000169150	0.0000000033
4	161826435	163243678	442	40	0.0000245238	0.0000000051
4	163243679	164478233	330	40	0.0000167856	0.0000000040
4	164478234	165823447	424	40	-0.0000156758	0.0000000055
4	165823448	167018857	362	40	-0.0000247604	0.0000000044
4	167018858	167852916	188	26	-0.0000034016	0.0000000021
4	167852917	169676824	583	40	0.0000688651	0.0000000074
4	169676825	170776509	319	37	-0.0000530471	0.0000000046
4	170776510	172558634	420	40	-0.0000019313	0.0000000054
4	172558635	174264131	395	40	-0.0001047432	0.0000000048
4	174264132	176570715	632	40	-0.0001059266	0.0000000082
4	176570716	178991909	830	40	-0.0000395702	0.0000000072
4	178991910	180122042	325	40	-0.0000013050	0.0000000042
4	180122043	182066806	813	40	-0.0000111501	0.0000000071
4	182066807	183371274	711	40	-0.0000328217	0.0000000073
4	183371275	184929454	588	40	-0.0000508568	0.0000000073
4	184929455	186909089	874	40	0.0000131667	0.0000000070
4	186909090	188472980	585	40	0.0000071308	0.0000000072
4	188472981	189693510	346	40	0.0000239889	0.0000000045
4	189693511	191043593	286	40	0.0000213053	0.0000000036
5	11940	982251	230	26	0.0000151900	0.0000000029
5	982252	2132441	463	40	-0.0000192828	0.0000000069
5	2132442	3361940	787	40	-0.0000484250	0.0000000074
5	3361941	4632109	538	40	0.0000030562	0.0000000065
5	4632110	5973232	693	40	0.0000081795	0.0000000069
5	5973233	7143217	580	40	-0.0000122260	0.0000000068
5	7143218	8446335	594	40	0.0000890201	0.0000000067
5	8446336	9718831	609	40	-0.0000292748	0.0000000070
5	9718832	11173270	739	40	-0.0000181479	0.0000000078
5	11173271	13464831	571	40	0.0000052706	0.0000000063
5	13464832	14757803	589	40	-0.0000640757	0.0000000069
5	14757804	16963612	752	40	-0.0000111400	0.0000000072
5	16963613	18051591	267	40	-0.0000755345	0.0000000036
5	18051592	19917715	552	40	0.0000011486	0.0000000054
5	19917716	22152072	451	40	-0.0000841502	0.0000000049
5	22152073	23494323	408	40	0.0000723403	0.0000000046
5	23494324	26184850	654	40	-0.0000340172	0.0000000072
5	26184851	26857603	151	22	-0.0000117538	0.0000000015
5	26857604	27984512	220	32	0.0000089761	0.0000000028
5	27984513	29714819	405	40	0.0000416786	0.0000000045
5	29714820	31390248	577	40	-0.0000573555	0.0000000072
5	31390249	33500179	816	40	0.0000427597	0.0000000071
5	33500180	35048969	548	40	0.0000116406	0.0000000068
5	35048970	36433953	481	40	0.0000584113	0.0000000052
5	36433954	38802409	765	40	0.0000124246	0.0000000073
5	38802410	40287728	537	40	0.0000124807	0.0000000062
5	40287729	41888709	544	40	-0.0000538221	0.0000000045
5	41888710	43983498	411	31	0.0000011414	0.0000000040
5	43983499	50163397	421	31	0.0000522931	0.0000000042
5	50163398	52134621	562	40	-0.0000065422	0.0000000062
5	52134622	53703043	603	40	0.0000207726	0.0000000064
5	53703044	55417348	598	40	-0.0000544754	0.0000000064
5	55417349	56621101	501	40	0.0000368066	0.0000000063
5	56621102	57340072	268	36	0.0000484690	0.0000000031
5	57340073	58524621	534	40	-0.0000446742	0.0000000061
5	58524622	60935906	683	40	0.0000273178	0.0000000067
5	60935907	61672994	268	27	-0.0000318289	0.0000000031
5	61672995	63218986	486	40	0.0000057955	0.0000000049
5	63218987	63968303	179	20	-0.0000171125	0.0000000025
5	63968304	65911285	618	40	0.0000297299	0.0000000064
5	65911286	67850859	774	40	-0.0000268380	0.0000000076
5	67850860	71240455	453	40	0.0000389408	0.0000000051
5	71240456	73759325	962	40	0.0000266622	0.0000000071
5	73759326	75798865	691	40	0.0000527412	0.0000000071
5	75798866	77623331	715	40	-0.0000082622	0.0000000073
5	77623332	79393143	654	40	-0.0000054588	0.0000000075
5	79393144	80481470	446	40	0.0000364838	0.0000000052
5	80481471	82025647	501	40	0.0000312998	0.0000000069
5	82025648	83972688	527	40	-0.0000833376	0.0000000073
5	83972689	85767289	497	40	-0.0000359112	0.0000000055
5	85767290	87389990	275	32	0.0000054913	0.0000000041
5	87389991	88891529	304	32	-0.0000721225	0.0000000039
5	88891530	90422653	423	40	-0.0000301824	0.0000000055
5	90422654	91840541	270	32	-0.0000682653	0.0000000034
5	91840542	93809983	409	40	0.0000712849	0.0000000048
5	93809984	95963518	690	40	0.0000509469	0.0000000082
5	95963519	97315600	413	40	-0.0000346851	0.0000000041
5	97315601	99260991	483	40	-0.0000146085	0.0000000049
5	99260992	101578768	513	40	0.0000846189	0.0000000050
5	101578769	103320004	481	40	0.0000052691	0.0000000051
5	103320005	104851482	418	40	-0.0000299810	0.0000000050
5	104851483	105893054	170	22	0.0000385091	0.0000000022
5	105893055	107264195	553	40	-0.0000293492	0.0000000071
5	107264196	108633933	387	40	-0.0000377607	0.0000000063
5	108633934	110821143	630	40	0.0000217315	0.0000000066
5	110821144	111981561	425	40	-0.0000203191	0.0000000054
5	111981562	113396284	543	40	-0.0001222894	0.0000000068
5	113396285	114830369	517	40	0.0000270872	0.0000000056
5	114830370	115831046	426	40	-0.0000186878	0.0000000057
5	115831047	117346212	549	40	-0.0000261103	0.0000000074
5	117346213	118608819	371	40	-0.0000244047	0.0000000049
5	118608820	119669041	331	38	-0.0000938467	0.0000000053
5	119669042	120452165	231	25	-0.0000227942	0.0000000031
5	120452166	122556904	665	40	0.0000070534	0.0000000078
5	122556905	123798099	438	40	0.0000188454	0.0000000054
5	123798100	125785648	837	40	0.0000083767	0.0000000081
5	125785649	127344603	428	40	0.0000651289	0.0000000049
5	127344604	129519024	659	40	-0.0000721561	0.0000000066
5	129519025	132139648	608	40	0.0000355064	0.0000000051
5	132139649	134777400	897	40	-0.0000187592	0.0000000074
5	134777401	136376049	585	40	-0.0000244768	0.0000000066
5	136376050	139265071	687	40	0.0000120081	0.0000000079
5	139265072	140645970	351	31	-0.0000165094	0.0000000039
5	140645971	142981247	915	40	-0.0000250458	0.0000000086
5	142981248	144943353	626	40	-0.0000010429	0.0000000062
5	144943354	147181997	733	40	-0.0000178318	0.0000000082
5	147181998	148662623	550	40	-0.0000454296	0.0000000059
5	148662624	150561297	845	40	0.0000252223	0.0000000076
5	150561298	152867773	845	40	-0.0000450914	0.0000000076
5	152867774	153773087	427	40	-0.0000500433	0.0000000039
5	153773088	155373504	564	40	0.0000233492	0.0000000064
5	155373505	156628699	381	40	-0.0000962310	0.0000000043
5	156628700	158825697	872	40	-0.0000016803	0.0000000075
5	158825698	159973943	414	40	-0.0000132978	0.0000000052
5	159973944	161482132	515	40	0.0000217220	0.0000000050
5	161482133	162743907	356	40	-0.0000318910	0.0000000043
5	162743908	163771581	379	40	0.0000014382	0.0000000051
5	163771582	165642394	541	40	-0.0000951071	0.0000000074
5	165642395	166847739	415	40	-0.0000674043	0.0000000064
5	166847740	168525317	765	40	-0.0000878290	0.0000000072
5	168525318	169505663	476	40	0.0000258409	0.0000000057
5	169505664	171074291	651	40	0.0000268741	0.0000000076
5	171074292	172678326	672	40	0.0000164824	0.0000000082
5	172678327	173642870	488	40	0.0000552875	0.0000000065
5	173642871	175450594	811	40	0.0000591898	0.0000000073
5	175450595	177251506	345	40	0.0000031686	0.0000000050
5	177251507	178413463	436	40	0.0000585168	0.0000000062
5	178413464	179401243	356	40	0.0000087630	0.0000000057
5	179401244	180559932	329	40	0.0000252730	0.0000000043
5	180559933	180885155	42	9	0.0000276354	0.0000000007
6	73924	1452361	682	40	-0.0000407964	0.0000000069
6	1452362	2458935	439	40	-0.0000513693	0.0000000055
6	2458936	3573592	584	40	-0.0000444438	0.0000000075
6	3573593	4617816	517	40	0.0000523839	0.0000000068
6	4617817	5791471	592	40	-0.0000596819	0.0000000071
6	5791472	6785206	594	40	0.0001617005	0.0000000083
6	6785207	7808935	515	40	0.0000212210	0.0000000076
6	7808936	9020025	499	40	0.0000085194	0.0000000053
6	9020026	10540316	608	40	-0.0000081436	0.0000000068
6	10540317	11790815	568	40	0.0000727510	0.0000000070
6	11790816	13209387	600	40	0.0000489868	0.0000000066
6	13209388	14802923	684	40	-0.0000486007	0.0000000076
6	14802924	17386404	999	40	-0.0000830408	0.0000000082
6	17386405	19207486	642	40	-0.0000052620	0.0000000070
6	19207487	21684064	1038	40	-0.0000789441	0.0000000066
6	21684065	22748306	518	40	0.0000309067	0.0000000077
6	22748307	23936618	499	40	0.0000171659	0.0000000063
6	23936619	24852274	403	40	0.0000152523	0.0000000048
6	24852275	25684586	462	40	-0.0000478962	0.0000000060
6	25684587	26791232	510	37	-0.0000235468	0.0000000032
6	26791233	28017818	279	19	-0.0000079083	0.0000000023
6	28017819	28917607	321	21	0.0000290552	0.0000000020
6	28917608	29737970	549	32	-0.0000540999	0.0000000037
6	29737971	30798167	937	40	-0.0000116015	0.0000000046
6	30798168	31571217	831	40	0.0000389045	0.0000000053
6	31571218	32682663	726	40	-0.0000060486	0.0000000052
6	32682664	33236496	656	40	0.0000713138	0.0000000052
6	33236497	35455755	761	40	0.0000599292	0.0000000078
6	35455756	37572595	825	40	0.0000044688	0.0000000080
6	37572596	39295676	766	40	0.0000317308	0.0000000074
6	39295677	40345114	404	40	0.0000449624	0.0000000048
6	40345115	42038720	721	40	-0.0000069179	0.0000000079
6	42038721	43756168	457	40	-0.0000354441	0.0000000062
6	43756169	45406562	582	40	-0.0000230946	0.0000000082
6	45406563	47311897	766	40	-0.0000939287	0.0000000086
6	47311898	48391124	357	38	-0.0000160779	0.0000000040
6	48391125	50386144	509	40	0.0000524896	0.0000000049
6	50386145	52210475	630	40	0.0000763066	0.0000000070
6	52210476	53279101	431	40	-0.0000437379	0.0000000050
6	53279102	55468269	865	40	0.0000664706	0.0000000081
6	55468270	56105312	212	20	0.0000006469	0.0000000015
6	56105313	57599464	369	39	-0.0001100853	0.0000000045
6	57599465	61880511	123	9	0.0000072488	0.0000000010
6	61880512	63552887	342	22	0.0000438943	0.0000000028
6	63552888	65765741	449	40	-0.0000014849	0.0000000039
6	65765742	67329214	490	40	-0.0000231562	0.0000000048
6	67329215	68849482	471	40	-0.0000876034	0.0000000055
6	68849483	69523447	223	27	-0.0000035849	0.0000000027
6	69523448	71609509	755	40	-0.0000107120	0.0000000068
6	71609510	73450096	638	40	0.0000298092	0.0000000063
6	73450097	75462002	584	40	0.0000447265	0.0000000060
6	75462003	77414880	457	40	-0.0000378186	0.0000000041
6	77414881	78957727	492	40	0.0000586004	0.0000000039
6	78957728	80691169	588	40	-0.0000881193	0.0000000068
6	80691170	81929221	377	28	-0.0000447348	0.0000000041
6	81929222	83127148	352	40	0.0000507606	0.0000000042
6	83127149	85209988	558	40	-0.0000023468	0.0000000059
6	85209989	87069499	601	40	-0.0000236196	0.0000000055
6	87069500	88822139	547	40	0.0000169187	0.0000000054
6	88822140	89973051	434	40	0.0000318689	0.0000000055
6	89973052	91843195	739	40	-0.0000223566	0.0000000075
6	91843196	93428643	472	40	0.0000007112	0.0000000054
6	93428644	94118141	283	40	-0.0000242358	0.0000000031
6	94118142	94441174	84	8	-0.0000191175	0.0000000007
6	94441175	97093510	628	40	-0.0000656759	0.0000000067
6	97093511	97842283	232	27	0.0000348109	0.0000000035
6	97842284	100630145	798	40	-0.0001229144	0.0000000078
6	100630146	102636771	498	40	0.0000233908	0.0000000057
6	102636772	103983394	340	33	-0.0000004178	0.0000000034
6	103983395	106056732	670	40	-0.0000727227	0.0000000072
6	106056733	107450305	629	40	-0.0000563372	0.0000000077
6	107450306	108464379	351	40	0.0000485257	0.0000000052
6	108464380	110304246	541	40	0.0000139797	0.0000000056
6	110304247	112345013	619	40	0.0000994987	0.0000000068
6	112345014	114220832	631	40	-0.0000347295	0.0000000065
6	114220833	116131395	478	40	0.0000223523	0.0000000045
6	116131396	117672971	472	40	0.0000332833	0.0000000047
6	117672972	118963114	378	39	0.0000611450	0.0000000080
6	118963115	119963277	325	36	0.0000378276	0.0000000070
6	119963278	120512127	165	19	0.0000303577	0.0000000021
6	120512128	121905675	381	36	0.0001433579	0.0000000071
6	121905676	123856180	608	40	0.0000163315	0.0000000117
6	123856181	125424382	605	40	-0.0000548699	0.0000000076
6	125424383	127540460	467	40	-0.0002379328	0.0000000090
6	127540461	129861030	615	40	0.0000145258	0.0000000065
6	129861031	130935453	498	40	-0.0000379430	0.0000000068
6	130935454	132765668	605	40	-0.0000021400	0.0000000065
6	132765669	134244242	593	40	0.0001115240	0.0000000071
6	134244243	136224176	587	40	-0.0000025089	0.0000000072
6	136224177	137614217	342	40	-0.0000289833	0.0000000045
6	137614218	138822628	480	40	-0.0000140416	0.0000000063
6	138822629	139845435	385	40	-0.0000489630	0.0000000052
6	139845436	142288478	536	40	0.0000420428	0.0000000053
6	142288479	145319809	1039	40	-0.0000143921	0.0000000074
6	145319810	146665423	316	26	0.0000243885	0.0000000029
6	146665424	148920351	923	40	0.0000524011	0.0000000078
6	148920352	150253403	520	40	-0.0000729508	0.0000000061
6	150253404	151912702	891	40	0.0000165822	0.0000000071
6	151912703	153094495	566	40	-0.0000005748	0.0000000063
6	153094496	154974119	804	40	0.0000252774	0.0000000077
6	154974120	156763325	736	40	-0.0001344453	0.0000000079
6	156763326	158218718	377	40	-0.0000212419	0.0000000047
6	158218719	160580496	1045	40	0.0000257336	0.0000000073
6	160580497	162169563	776	40	-0.0000557737	0.0000000067
6	162169564	162931202	373	40	0.0000410628	0.0000000048
6	162931203	164383520	677	40	0.0000241561	0.0000000073
6	164383521	165586863	543	40	-0.0000119336	0.0000000062
6	165586864	167024732	810	40	-0.0000158572	0.0000000076
6	167024733	168042834	423	40	0.0000230512	0.0000000049
6	168042835	169382049	585	40	0.0000002686	0.0000000063
6	169382050	170330172	400	40	0.0000477553	0.0000000045
6	170330173	171051269	235	30	-0.0000207540	0.0000000033
7	16161	972751	96	16	0.0000021472	0.0000000017
7	972752	1353066	100	16	-0.0000158690	0.0000000019
7	1353067	2062397	143	22	-0.0000125720	0.0000000023
7	2062398	2772226	218	35	0.0000043228	0.0000000032
7	2772227	4573427	853	40	-0.0000302434	0.0000000079
7	4573428	5416231	206	40	0.0000846669	0.0000000036
7	5416232	5854525	99	16	0.0000152208	0.0000000015
7	5854526	6573856	142	22	-0.0000437590	0.0000000026
7	6573857	7808751	420	40	-0.0000291635	0.0000000054
7	7808752	9123422	732	40	-0.0000718497	0.0000000078
7	9123423	9987498	365	40	0.0000625269	0.0000000050
7	9987499	11299197	476	40	0.0000032284	0.0000000063
7	11299198	12635460	705	40	-0.0000262421	0.0000000074
7	12635461	13884201	567	40	-0.0000220086	0.0000000077
7	13884202	15143656	588	40	0.0000645682	0.0000000071
7	15143657	16902068	759	40	-0.0000892978	0.0000000076
7	16902069	19481546	1036	40	-0.0000390171	0.0000000075
7	19481547	20124907	230	28	-0.0000048605	0.0000000034
7	20124908	22507628	1199	40	0.0000298412	0.0000000074
7	22507629	23471441	316	40	-0.0000076576	0.0000000041
7	23471442	25077258	705	40	-0.0000305820	0.0000000073
7	25077259	25909554	451	40	0.0001084391	0.0000000059
7	25909555	28360308	893	40	-0.0000677001	0.0000000083
7	28360309	31137288	1249	40	0.0000153023	0.0000000073
7	31137289	33555767	996	40	-0.0000302802	0.0000000074
7	33555768	36213537	1016	40	-0.0001276254	0.0000000085
7	36213538	37555183	640	40	0.0000457705	0.0000000079
7	37555184	38966702	635	40	0.0000428322	0.0000000069
7	38966703	39862669	313	35	0.0000206924	0.0000000031
7	39862670	42001810	613	40	-0.0000155055	0.0000000075
7	42001811	43159073	401	40	0.0000401890	0.0000000048
7	43159074	44763827	487	40	-0.0000164195	0.0000000057
7	44763828	45952921	354	40	0.0000067263	0.0000000048
7	45952922	46986719	417	40	-0.0000534266	0.0000000058
7	46986720	49212277	907	40	0.0000148243	0.0000000074
7	49212278	51675321	898	40	-0.0000522741	0.0000000078
7	51675322	53176311	637	40	0.0000428674	0.0000000066
7	53176312	54222975	375	40	0.0000587244	0.0000000039
7	54222976	55691583	535	40	0.0000461572	0.0000000061
7	55691584	57382637	248	28	0.0000206651	0.0000000032
7	57382638	63307358	133	15	0.0000113450	0.0000000014
7	63307359	63641124	53	6	0.0000077411	0.0000000005
7	63641125	65689808	313	26	0.0000038399	0.0000000028
7	65689809	68234073	714	40	-0.0000257053	0.0000000072
7	68234074	69085363	265	39	0.0000078586	0.0000000036
7	69085364	71874884	844	40	-0.0000663613	0.0000000077
7	71874885	73334601	173	24	-0.0000477806	0.0000000021
7	73334602	76458563	357	40	0.0000006066	0.0000000043
7	76458564	78093858	609	40	0.0000098864	0.0000000073
7	78093859	79888068	652	40	-0.0000356156	0.0000000076
7	79888069	82022685	722	40	0.0000126058	0.0000000083
7	82022686	83801202	627	40	0.0000375922	0.0000000066
7	83801203	85572181	408	40	0.0000106832	0.0000000047
7	85572182	87825003	570	40	-0.0000497350	0.0000000052
7	87825004	90661783	966	40	-0.0000521436	0.0000000072
7	90661784	92493751	427	40	-0.0000048498	0.0000000045
7	92493752	93966600	363	40	-0.0000357135	0.0000000052
7	93966601	96073507	699	40	0.0000263071	0.0000000071
7	96073508	97099569	309	40	0.0000030443	0.0000000032
7	97099570	98715473	422	40	-0.0000104885	0.0000000049
7	98715474	100196650	251	26	-0.0000421845	0.0000000036
7	100196651	101199252	246	37	0.0000466467	0.0000000065
7	101199253	103197509	389	40	-0.0000454133	0.0000000055
7	103197510	104159524	476	40	-0.0000051975	0.0000000048
7	104159525	105682904	542	40	-0.0000537132	0.0000000065
7	105682905	107780177	750	40	-0.0000084039	0.0000000083
7	107780178	109647593	554	40	0.0000261811	0.0000000057
7	109647594	112618683	842	40	0.0000325299	0.0000000075
7	112618684	113712386	225	27	-0.0000039165	0.0000000031
7	113712387	116780177	719	40	0.0000680615	0.0000000081
7	116780178	118351580	375	38	-0.0000778338	0.0000000042
7	118351581	121045272	448	40	-0.0000418231	0.0000000052
7	121045273	121933629	228	28	-0.0000888727	0.0000000031
7	121933630	124156804	671	40	0.0000204864	0.0000000067
7	124156805	124167551	6	2	-0.0000169261	0.0000000002
7	124167552	126519169	670	40	-0.0000249776	0.0000000058
7	126519170	126869220	143	18	-0.0000244563	0.0000000022
7	126869221	128778385	597	40	-0.0000065098	0.0000000072
7	128778386	130422413	474	40	-0.0000051855	0.0000000052
7	130422414	132805847	927	40	0.0000202551	0.0000000080
7	132805848	134307595	441	35	-0.0000261424	0.0000000045
7	134307596	135591082	506	40	0.0000180172	0.0000000055
7	135591083	136876561	412	40	-0.0001237082	0.0000000065
7	136876562	138744678	621	40	-0.0000587122	0.0000000076
7	138744679	139933176	333	40	0.0000225707	0.0000000045
7	139933177	140235209	120	25	-0.0000174851	0.0000000021
7	140235210	141226556	287	33	-0.0000424478	0.0000000030
7	141226557	142656309	448	40	-0.0000194883	0.0000000043
7	142656310	144968288	559	40	-0.0000163228	0.0000000060
7	144968289	146427959	386	40	-0.0000232552	0.0000000042
7	146427960	147815317	578	40	-0.0000240898	0.0000000071
7	147815318	149840657	624	40	-0.0000111062	0.0000000074
7	149840658	150711504	320	38	0.0000261321	0.0000000038
7	150711505	152249805	467	40	-0.0000312344	0.0000000068
7	152249806	153674018	471	40	-0.0000564931	0.0000000062
7	153674019	154964729	555	40	-0.0000219023	0.0000000073
7	154964730	156065249	485	40	-0.0000063291	0.0000000064
7	156065250	157634596	531	40	0.0000023853	0.0000000073
7	157634597	159128574	467	40	-0.0000400718	0.0000000055
8	10422	1044216	401	40	0.0000084840	0.0000000059
8	1044217	1163244	71	12	0.0000207620	0.0000000012
8	1163245	2042941	456	40	-0.0000151174	0.0000000067
8	2042942	2573278	257	40	-0.0000332340	0.0000000036
8	2573279	3392925	601	40	-0.0000229505	0.0000000071
8	3392926	3783016	428	40	-0.0000635448	0.0000000058
8	3783017	4480475	679	40	-0.0000214926	0.0000000073
8	4480476	5146926	493	40	0.0000046928	0.0000000067
8	5146927	6142796	774	40	0.0000403385	0.0000000076
8	6142797	7153078	551	40	-0.0000124577	0.0000000079
8	7153079	9154693	558	40	0.0000600018	0.0000000074
8	9154694	9640786	238	25	0.0000461829	0.0000000027
8	9640787	10463196	469	40	0.0000108963	0.0000000067
8	10463197	11278997	392	40	0.0000358901	0.0000000050
8	11278998	13491774	811	40	-0.0000223638	0.0000000087
8	13491775	13944991	255	32	0.0000321719	0.0000000033
8	13944992	15991659	1090	40	0.0000034924	0.0000000074
8	15991660	17387875	556	40	-0.0000747662	0.0000000074
8	17387876	17836398	276	35	-0.0000080705	0.0000000037
8	17836399	19492839	981	40	0.0000338779	0.0000000072
8	19492840	20060855	342	40	0.0000223180	0.0000000040
8	20060856	21661736	760	40	-0.0000465349	0.0000000073
8	21661737	22897056	467	40	0.0000374793	0.0000000064
8	22897057	24674717	664	40	-0.0000581028	0.0000000088
8	24674718	25483453	291	35	-0.0000156198	0.0000000032
8	25483454	26682524	622	40	-0.0000405630	0.0000000081
8	26682525	28162391	749	40	-0.0000479746	0.0000000079
8	28162392	29327895	371	40	-0.0000166134	0.0000000047
8	29327896	31133728	551	40	-0.0001074000	0.0000000066
8	31133729	31548359	129	20	-0.0000030431	0.0000000014
8	31548360	32977217	485	40	-0.0000785678	0.0000000055
8	32977218	35317231	544	40	-0.0000455303	0.0000000048
8	35317232	37379388	364	40	0.0000379915	0.0000000037
8	37379389	38938805	293	40	-0.0000705115	0.0000000052
8	38938806	40703336	598	40	0.0000354374	0.0000000059
8	40703337	41721453	388	40	-0.0000920880	0.0000000056
8	41721454	42773822	193	23	-0.0000241650	0.0000000027
8	42773823	46841314	48	7	-0.0000081804	0.0000000005
8	46841315	50082469	414	37	0.0000664144	0.0000000045
8	50082470	53302929	802	40	0.0000233948	0.0000000070
8	53302930	54418043	348	40	0.0000316440	0.0000000039
8	54418044	55945580	481	40	-0.0000320387	0.0000000046
8	55945581	56956382	356	40	0.0000434657	0.0000000036
8	56956383	59068650	671	40	-0.0000302091	0.0000000069
8	59068651	59728099	278	34	0.0000212572	0.0000000035
8	59728100	62329098	800	40	-0.0000553230	0.0000000084
8	62329099	63349305	332	35	-0.0000892614	0.0000000038
8	63349306	65232871	521	40	0.0000073136	0.0000000053
8	65232872	66489089	367	40	-0.0000715077	0.0000000043
8	66489090	69863056	873	40	-0.0000269027	0.0000000073
8	69863057	70867978	411	40	-0.0000166718	0.0000000054
8	70867979	72289453	445	40	-0.0000462923	0.0000000046
8	72289454	73817198	696	40	-0.0000017847	0.0000000084
8	73817199	75445063	621	40	-0.0000002949	0.0000000064
8	75445064	76456541	295	38	0.0000309525	0.0000000034
8	76456542	79132860	700	40	-0.0000198188	0.0000000063
8	79132861	81956394	811	40	-0.0000718029	0.0000000079
8	81956395	82693738	219	33	0.0000431359	0.0000000027
8	82693739	84225588	421	40	-0.0000059846	0.0000000040
8	84225589	85955618	358	39	-0.0000236098	0.0000000036
8	85955619	87411708	268	25	-0.0000200839	0.0000000026
8	87411709	89085480	488	40	-0.0000020753	0.0000000052
8	89085481	90638161	401	40	-0.0000466139	0.0000000039
8	90638162	93554385	680	40	-0.0000120143	0.0000000072
8	93554386	95005526	388	40	0.0000695573	0.0000000046
8	95005527	96534805	630	40	-0.0000469662	0.0000000072
8	96534806	99401580	1124	40	0.0000506800	0.0000000070
8	99401581	101620957	508	40	-0.0000346058	0.0000000045
8	101620958	104123305	997	40	-0.0000550645	0.0000000082
8	104123306	104988751	255	24	0.0000118129	0.0000000022
8	104988752	107410753	825	40	-0.0000166842	0.0000000082
8	107410754	108648176	476	40	-0.0000752639	0.0000000049
8	108648177	109248172	205	23	-0.0000110161	0.0000000021
8	109248173	110484313	355	31	0.0000347809	0.0000000030
8	110484314	111850846	291	33	-0.0000436949	0.0000000027
8	111850847	113064319	235	19	-0.0000038605	0.0000000020
8	113064320	116096494	796	40	-0.0000789087	0.0000000065
8	116096495	119685456	1166	40	0.0000073882	0.0000000076
8	119685457	121201699	530	40	-0.0000271324	0.0000000055
8	121201700	124861458	1353	40	-0.0000769029	0.0000000078
8	124861459	125683718	334	40	-0.0000349756	0.0000000041
8	125683719	126410916	255	40	-0.0000033170	0.0000000034
8	126410917	128659110	924	40	-0.0000080879	0.0000000075
8	128659111	130381138	679	40	-0.0000104217	0.0000000073
8	130381139	131639624	467	40	0.0000166201	0.0000000053
8	131639625	133351143	769	40	0.0000064754	0.0000000077
8	133351144	134570000	713	40	-0.0000217422	0.0000000079
8	134570001	136035604	760	40	0.0000035328	0.0000000076
8	136035605	137524150	554	40	-0.0000897181	0.0000000066
8	137524151	139254829	744	40	-0.0000044911	0.0000000070
8	139254830	140725642	758	40	0.0000203549	0.0000000075
8	140725643	143044913	827	40	-0.0000755376	0.0000000075
8	143044914	144236880	373	40	-0.0000412083	0.0000000051
8	144236881	146303866	341	40	0.0000672632	0.0000000060
9	10023	1079706	580	40	-0.0000077992	0.0000000075
9	1079707	1916876	605	40	0.0000282871	0.0000000071
9	1916877	3190063	772	40	0.0000104156	0.0000000078
9	3190064	4495327	745	40	-0.0000446364	0.0000000070
9	4495328	4884925	231	39	-0.0000392462	0.0000000035
9	4884926	6557588	565	40	0.0000081813	0.0000000071
9	6557589	7154922	296	39	-0.0000075155	0.0000000040
9	7154923	8456298	932	40	-0.0000057066	0.0000000071
9	8456299	9166402	402	40	-0.0000084037	0.0000000061
9	9166403	10879252	848	40	-0.0000648379	0.0000000078
9	10879253	12276488	469	40	0.0000088246	0.0000000057
9	12276489	14836362	1276	40	0.0000114830	0.0000000079
9	14836363	16659654	811	40	-0.0000083266	0.0000000075
9	16659655	18661050	950	40	0.0000107642	0.0000000082
9	18661051	20463533	825	40	0.0001296248	0.0000000077
9	20463534	22206558	700	40	0.0000345542	0.0000000078
9	22206559	24158517	614	40	-0.0000227996	0.0000000080
9	24158518	25330809	299	40	0.0000507292	0.0000000050
9	25330810	26111756	274	40	0.0000492840	0.0000000050
9	26111757	28224282	956	40	0.0000286682	0.0000000076
9	28224283	28811583	253	36	-0.0000612936	0.0000000035
9	28811584	30387391	562	40	-0.0000526795	0.0000000062
9	30387392	31310382	247	23	0.0000035280	0.0000000024
9	31310383	32019367	207	24	0.0000378336	0.0000000024
9	32019368	33578333	592	40	0.0000454211	0.0000000069
9	33578334	34642242	288	27	-0.0000624820	0.0000000029
9	34642243	36743282	587	40	-0.0000283577	0.0000000076
9	36743283	38641598	727	40	-0.0000051393	0.0000000080
9	38641599	65472189	103	21	-0.0000012405	0.0000000015
9	65472190	72512710	567	40	0.0000212568	0.0000000069
9	72512711	72753754	100	10	-0.0000030582	0.0000000012
9	72753755	74253039	599	40	-0.0000313359	0.0000000059
9	74253040	76203945	578	40	-0.0000087679	0.0000000058
9	76203946	76973080	182	22	-0.0000105320	0.0000000019
9	76973081	78900182	811	40	0.0000527879	0.0000000072
9	78900183	79471207	294	40	-0.0000284840	0.0000000044
9	79471208	81079054	526	40	-0.0000611301	0.0000000059
9	81079055	82590927	632	40	0.0000054403	0.0000000076
9	82590928	84211232	663	40	0.0000598375	0.0000000078
9	84211233	85440800	332	40	-0.0000033974	0.0000000042
9	85440801	86938195	639	40	0.0000204567	0.0000000079
9	86938196	88109332	503	40	0.0000308949	0.0000000058
9	88109333	88590416	113	14	-0.0000264495	0.0000000010
9	88590417	90136245	601	40	0.0000037008	0.0000000070
9	90136246	92528697	860	40	0.0000257203	0.0000000074
9	92528698	94167202	631	40	-0.0000273986	0.0000000072
9	94167203	96671697	805	40	0.0000257964	0.0000000079
9	96671698	98922039	678	40	-0.0000692884	0.0000000073
9	98922040	101592858	869	40	-0.0000245655	0.0000000083
9	101592859	104624436	975	40	-0.0000020677	0.0000000084
9	104624437	105967975	579	40	-0.0000509202	0.0000000059
9	105967976	107581748	605	40	-0.0000084132	0.0000000055
9	107581749	109298753	607	40	-0.0000406638	0.0000000076
9	109298754	110695061	573	40	-0.0000080157	0.0000000072
9	110695062	112778023	1102	40	-0.0000951778	0.0000000082
9	112778024	114831081	915	40	-0.0000479949	0.0000000081
9	114831082	115693144	315	30	-0.0000058365	0.0000000035
9	115693145	117019800	646	40	-0.0000106469	0.0000000074
9	117019801	117921959	470	40	0.0000348588	0.0000000059
9	117921960	121321536	1480	40	-0.0000161391	0.0000000073
9	121321537	122260296	362	40	-0.0000373280	0.0000000044
9	122260297	124871321	785	40	-0.0000412660	0.0000000080
9	124871322	126971886	689	40	-0.0000347357	0.0000000080
9	126971887	129059664	570	40	0.0000672432	0.0000000070
9	129059665	130055509	330	40	0.0000141922	0.0000000049
9	130055510	132165469	508	40	-0.0000320237	0.0000000065
9	132165470	133223216	322	40	-0.0000103232	0.0000000043
9	133223217	134127887	344	40	-0.0000254026	0.0000000049
9	134127888	135298841	442	40	0.0000685362	0.0000000055
9	135298842	137041121	698	40	-0.0000875022	0.0000000081
9	137041122	137589363	207	40	-0.0000164776	0.0000000039
9	137589364	138938977	639	40	-0.0000196430	0.0000000083
9	138938978	139500341	123	23	0.0000541573	0.0000000021
9	139500342	141144795	258	38	-0.0000096417	0.0000000039
10	60523	751338	126	15	0.0000232828	0.0000000017
10	751339	1523543	343	40	0.0000258101	0.0000000049
10	1523544	2254499	443	40	-0.0000136878	0.0000000055
10	2254500	3352698	676	40	-0.0000149620	0.0000000069
10	3352699	4572273	621	40	-0.0000547321	0.0000000081
10	4572274	5983761	718	40	0.0000307791	0.0000000087
10	5983762	7171483	753	40	0.0000042498	0.0000000072
10	7171484	8774664	873	40	-0.0000123435	0.0000000074
10	8774665	10249395	568	40	0.0000208188	0.0000000058
10	10249396	12586796	1051	40	0.0000355913	0.0000000073
10	12586797	13321599	448	40	0.0000108324	0.0000000063
10	13321600	15026067	956	40	-0.0000931623	0.0000000081
10	15026068	16551766	567	40	-0.0000146296	0.0000000079
10	16551767	18537266	784	40	0.0000160639	0.0000000075
10	18537267	19716877	539	40	-0.0000058045	0.0000000067
10	19716878	22772282	997	40	-0.0000197092	0.0000000077
10	22772283	23175131	126	14	0.0000093095	0.0000000019
10	23175132	25578595	781	40	0.0000549776	0.0000000076
10	25578596	26888683	546	40	0.0000522297	0.0000000050
10	26888684	29323235	921	40	0.0000029736	0.0000000089
10	29323236	29783691	275	40	0.0000155588	0.0000000039
10	29783692	30458837	368	40	-0.0000279109	0.0000000061
10	30458838	31907518	495	40	-0.0000321924	0.0000000063
10	31907519	33707967	640	40	-0.0001568092	0.0000000072
10	33707968	35109354	502	40	-0.0000267195	0.0000000062
10	35109355	36572507	427	40	0.0000124261	0.0000000051
10	36572508	37790028	328	40	0.0000247760	0.0000000036
10	37790029	42372578	206	13	0.0000351133	0.0000000015
10	42372579	43894770	316	36	0.0000499933	0.0000000042
10	43894771	44730074	296	34	0.0000088224	0.0000000034
10	44730075	48760449	687	40	0.0000081738	0.0000000065
10	48760450	50840914	669	40	0.0000782677	0.0000000074
10	50840915	53616628	760	40	-0.0000143700	0.0000000071
10	53616629	55103571	688	40	-0.0000146068	0.0000000078
10	55103572	57031139	772	40	-0.0000229153	0.0000000076
10	57031140	57662145	178	18	-0.0000079306	0.0000000014
10	57662146	58959527	387	25	0.0000052695	0.0000000026
10	58959528	60289986	428	40	-0.0000061457	0.0000000038
10	60289987	61891408	596	40	-0.0000136418	0.0000000074
10	61891409	62659678	306	34	-0.0000587347	0.0000000035
10	62659679	63341694	164	19	0.0000249781	0.0000000022
10	63341695	65794113	857	40	-0.0000084417	0.0000000081
10	65794114	67549614	489	40	0.0000109917	0.0000000049
10	67549615	69900147	904	40	0.0000358038	0.0000000075
10	69900148	70195990	116	11	0.0000019840	0.0000000010
10	70195991	72220849	902	40	0.0000223901	0.0000000069
10	72220850	73508511	753	40	-0.0000553702	0.0000000081
10	73508512	75422549	441	36	-0.0000170654	0.0000000041
10	75422550	78706813	853	40	-0.0001849782	0.0000000083
10	78706814	80876748	1022	40	-0.0000414129	0.0000000075
10	80876749	82414678	503	40	0.0000305489	0.0000000066
10	82414679	84383744	729	40	-0.0000604215	0.0000000075
10	84383745	85458702	444	40	0.0000121902	0.0000000042
10	85458703	87937576	998	40	0.0000492368	0.0000000072
10	87937577	89127063	275	35	-0.0000545684	0.0000000042
10	89127064	91013380	734	40	-0.0000161513	0.0000000076
10	91013381	92006580	377	40	0.0000474983	0.0000000042
10	92006581	93335046	451	40	-0.0000062960	0.0000000045
10	93335047	95396367	682	40	-0.0000531605	0.0000000082
10	95396368	96221242	266	32	0.0000281604	0.0000000043
10	96221243	97822356	588	40	-0.0000285521	0.0000000055
10	97822357	100241301	922	40	-0.0000104702	0.0000000075
10	100241302	100668399	150	15	-0.0000130739	0.0000000017
10	100668400	102949238	775	40	-0.0000010611	0.0000000086
10	102949239	104380409	313	29	-0.0000020217	0.0000000029
10	104380410	106695047	777	40	0.0000105844	0.0000000076
10	106695048	108726685	679	40	-0.0000203428	0.0000000076
10	108726686	110317704	647	40	0.0000332445	0.0000000070
10	110317705	112561492	665	40	-0.0000343714	0.0000000071
10	112561493	115328431	1036	40	-0.0000213647	0.0000000076
10	115328432	116421405	496	40	0.0000319771	0.0000000058
10	116421406	119523933	1011	40	-0.0000546073	0.0000000079
10	119523934	120591352	412	40	0.0000318140	0.0000000055
10	120591353	122407322	687	40	-0.0000269602	0.0000000073
10	122407323	123231464	397	40	0.0000366787	0.0000000053
10	123231465	123900544	284	40	0.0000296275	0.0000000041
10	123900545	125869345	863	40	-0.0000637105	0.0000000075
10	125869346	128001097	961	40	0.0000038051	0.0000000070
10	128001098	129154361	529	40	-0.0000711408	0.0000000067
10	129154362	130844283	947	40	-0.0000139586	0.0000000076
10	130844284	131741326	418	40	-0.0000152949	0.0000000050
10	131741327	132580244	416	40	0.0000117294	0.0000000053
10	132580245	134336328	854	40	0.0000275775	0.0000000074
10	134336329	134494672	40	6	0.0000028795	0.0000000008
10	134494673	135523864	282	40	0.0000094692	0.0000000040
11	70855	1213589	262	40	-0.0000566656	0.0000000040
11	1213590	3665480	833	40	-0.0000864020	0.0000000070
11	3665481	4746708	431	40	0.0000516737	0.0000000052
11	4746709	6322868	998	40	0.0000352525	0.0000000072
11	6322869	7436700	549	40	-0.0000356271	0.0000000063
11	7436701	8333273	498	40	0.0000421813	0.0000000066
11	8333274	9087316	281	31	-0.0000069040	0.0000000040
11	9087317	10952026	645	40	-0.0000304051	0.0000000077
11	10952027	12564228	1105	40	-0.0000045225	0.0000000072
11	12564229	13373123	400	40	-0.0000690472	0.0000000051
11	13373124	15742551	773	40	-0.0000094845	0.0000000088
11	15742552	17578401	618	40	-0.0000095178	0.0000000057
11	17578402	19569534	790	40	-0.0000653356	0.0000000077
11	19569535	21017137	788	40	-0.0000318158	0.0000000082
11	21017138	22374141	554	40	-0.0000137594	0.0000000071
11	22374142	24088516	594	40	-0.0000385812	0.0000000070
11	24088517	26045752	663	40	0.0000145914	0.0000000075
11	26045753	27020460	358	40	-0.0000261563	0.0000000033
11	27020461	28481592	412	40	-0.0000119870	0.0000000046
11	28481593	30141356	419	40	-0.0000177749	0.0000000054
11	30141357	32276900	632	40	-0.0000577679	0.0000000064
11	32276901	33958738	563	40	0.0000074687	0.0000000069
11	33958739	35502604	823	40	-0.0000074897	0.0000000074
11	35502605	37116814	748	40	0.0000062529	0.0000000074
11	37116815	39382002	422	40	-0.0000083363	0.0000000053
11	39382003	42310002	923	40	0.0000068656	0.0000000072
11	42310003	44693798	968	40	-0.0000212095	0.0000000083
11	44693799	47006136	723	40	-0.0000679539	0.0000000077
11	47006137	49866049	512	26	-0.0000646297	0.0000000037
11	49866050	54695472	135	7	-0.0000152190	0.0000000008
11	54695473	55082656	10	3	-0.0000194744	0.0000000003
11	55082657	58457494	1071	40	-0.0000720378	0.0000000075
11	58457495	58780548	74	7	0.0000217560	0.0000000008
11	58780549	62223770	1009	40	-0.0000411576	0.0000000088
11	62223771	63804568	307	38	0.0000062020	0.0000000041
11	63804569	65898630	495	40	0.0000917699	0.0000000070
11	65898631	68005824	325	35	0.0000065526	0.0000000044
11	68005825	69516129	466	40	0.0000049652	0.0000000058
11	69516130	70926291	464	40	-0.0000022078	0.0000000059
11	70926292	72286016	308	36	-0.0000463888	0.0000000038
11	72286017	74412350	610	40	-0.0000559282	0.0000000066
11	74412351	76797208	767	40	-0.0000540815	0.0000000075
11	76797209	78355057	429	37	-0.0000285253	0.0000000054
11	78355058	80722372	1066	40	0.0000099792	0.0000000075
11	80722373	81266711	260	38	0.0000319404	0.0000000033
11	81266712	84381271	1177	40	0.0000207852	0.0000000071
11	84381272	86619300	780	40	-0.0000051878	0.0000000072
11	86619301	87430234	313	36	-0.0000135101	0.0000000031
11	87430235	89208935	573	40	0.0000130505	0.0000000066
11	89208936	90966489	386	35	-0.0000279110	0.0000000041
11	90966490	92077143	347	38	-0.0000623139	0.0000000037
11	92077144	93276156	403	40	-0.0000101728	0.0000000041
11	93276157	94242259	274	27	-0.0000077738	0.0000000035
11	94242260	95726040	598	40	0.0000019325	0.0000000070
11	95726041	97057057	507	40	0.0000224605	0.0000000066
11	97057058	98705064	568	40	0.0000209303	0.0000000071
11	98705065	100417168	780	40	0.0000925333	0.0000000084
11	100417169	101331120	406	40	-0.0000189643	0.0000000044
11	101331121	103959635	1093	40	0.0000350099	0.0000000071
11	103959636	104873283	289	23	-0.0000211833	0.0000000022
11	104873284	106520893	475	40	0.0000196590	0.0000000048
11	106520894	107844199	471	40	-0.0000864044	0.0000000054
11	107844200	108437036	139	11	-0.0000039119	0.0000000011
11	108437037	109866115	346	39	-0.0000373944	0.0000000047
11	109866116	111114396	491	40	-0.0000567572	0.0000000057
11	111114397	112459487	383	38	-0.0000013274	0.0000000047
11	112459488	114257727	793	40	-0.0000023323	0.0000000078
11	114257728	114830665	233	27	-0.0000054101	0.0000000025
11	114830666	116383347	656	40	0.0000052275	0.0000000078
11	116383348	117747109	605	40	-0.0000777945	0.0000000069
11	117747110	119215475	524	40	0.0000040122	0.0000000074
11	119215476	120766805	630	40	-0.0000787863	0.0000000083
11	120766806	121175942	201	23	-0.0000496600	0.0000000024
11	121175943	122591909	468	40	0.0000023903	0.0000000071
11	122591910	123500116	417	40	-0.0000198385	0.0000000055
11	123500117	124495527	485	40	0.0000179049	0.0000000047
11	124495528	126311319	807	40	0.0000061013	0.0000000074
11	126311320	127316678	563	40	-0.0000146923	0.0000000057
11	127316679	128188536	309	40	0.0000229266	0.0000000038
11	128188537	130342574	861	40	0.0000880639	0.0000000080
11	130342575	131074611	367	40	0.0000347558	0.0000000047
11	131074612	133000045	1108	40	-0.0000216783	0.0000000075
11	133000046	134205992	550	40	-0.0000627949	0.0000000083
11	134205993	134946451	403	40	-0.0000468914	0.0000000047
12	61107	1080330	317	40	0.0000345873	0.0000000042
12	1080331	2544785	487	40	-0.0000357809	0.0000000069
12	2544786	3677036	510	40	-0.0000197049	0.0000000077
12	3677037	4417678	390	40	0.0000081172	0.0000000051
12	4417679	5321471	505	40	-0.0000097641	0.0000000060
12	5321472	6419752	554	40	0.0000817581	0.0000000078
12	6419753	8377535	178	29	-0.0000435419	0.0000000032
12	8377536	9031394	0	0	0.0000000000	0.0000000000
12	9031395	10481533	217	29	-0.0000178303	0.0000000025
12	10481534	11754845	345	40	-0.0000308684	0.0000000035
12	11754846	12733527	442	40	-0.0000222941	0.0000000061
12	12733528	15241483	1032	40	-0.0001007999	0.0000000077
12	15241484	16310459	255	36	-0.0000111058	0.0000000029
12	16310460	18087872	560	40	0.0000532108	0.0000000072
12	18087873	20863942	949	40	-0.0000121625	0.0000000074
12	20863943	23820633	1106	40	0.0000051098	0.0000000074
12	23820634	25371082	721	40	0.0000388711	0.0000000099
12	25371083	27799772	1033	40	-0.0000246612	0.0000000092
12	27799773	29651254	702	40	0.0000285167	0.0000000074
12	29651255	30512405	467	40	0.0000614819	0.0000000052
12	30512406	32165591	635	40	0.0000325378	0.0000000072
12	32165592	33076988	384	40	0.0000251953	0.0000000047
12	33076989	37856716	364	24	0.0001698030	0.0000000055
12	37856717	39227168	143	8	0.0000563585	0.0000000021
12	39227169	40816184	504	40	0.0000547453	0.0000000052
12	40816185	41658585	356	36	-0.0000038543	0.0000000035
12	41658586	43984473	908	40	-0.0000144040	0.0000000081
12	43984474	46024228	478	40	-0.0000578606	0.0000000045
12	46024229	47714792	474	40	-0.0000038017	0.0000000052
12	47714793	49001865	555	40	-0.0000115446	0.0000000062
12	49001866	51776493	638	40	0.0000779273	0.0000000067
12	51776494	53039003	640	40	-0.0001009474	0.0000000069
12	53039004	54778822	588	40	0.0000570343	0.0000000079
12	54778823	55665836	275	36	-0.0000434478	0.0000000032
12	55665837	57548859	426	40	0.0000418594	0.0000000045
12	57548860	59308665	469	40	-0.0000419102	0.0000000049
12	59308666	61123728	455	40	-0.0000509857	0.0000000046
12	61123729	64032460	959	40	-0.0000785129	0.0000000076
12	64032461	65559694	380	40	0.0000061619	0.0000000051
12	65559695	67181143	522	40	0.0000944147	0.0000000063
12	67181144	67909728	324	40	-0.0000353983	0.0000000031
12	67909729	69826541	819	40	0.0000038683	0.0000000076
12	69826542	70957986	505	40	0.0000164003	0.0000000054
12	70957987	72645074	574	40	0.0000994301	0.0000000058
12	72645075	73818453	307	30	0.0000110810	0.0000000030
12	73818454	76511313	772	40	-0.0000707707	0.0000000076
12	76511314	78570569	759	40	-0.0000297108	0.0000000072
12	78570570	80448149	411	40	-0.0000523847	0.0000000044
12	80448150	81467766	308	36	0.0000126114	0.0000000032
12	81467767	83502665	564	40	-0.0000291868	0.0000000068
12	83502666	84303843	234	27	0.0000233244	0.0000000024
12	84303844	85990425	396	34	-0.0000488679	0.0000000036
12	85990426	89682121	762	40	0.0000063227	0.0000000066
12	89682122	92066154	650	40	0.0000566190	0.0000000059
12	92066155	94514566	911	40	0.0000163085	0.0000000080
12	94514567	96020784	695	40	0.0000329996	0.0000000074
12	96020785	97108838	459	40	0.0000000825	0.0000000052
12	97108839	99305986	931	40	-0.0000372070	0.0000000079
12	99305987	101447640	659	40	-0.0000263790	0.0000000070
12	101447641	101862689	148	16	0.0000019055	0.0000000017
12	101862690	102964985	344	40	-0.0000495539	0.0000000035
12	102964986	104848695	771	40	-0.0000709823	0.0000000084
12	104848696	106436212	855	40	-0.0000018279	0.0000000073
12	106436213	106958747	236	34	0.0000458424	0.0000000029
12	106958748	109025900	747	40	-0.0000543477	0.0000000083
12	109025901	110336718	403	40	0.0000740953	0.0000000051
12	110336719	113263517	503	40	0.0000070423	0.0000000043
12	113263518	113986708	218	29	0.0000045215	0.0000000034
12	113986709	115036601	541	40	0.0000444675	0.0000000058
12	115036602	115503215	195	35	-0.0000284252	0.0000000028
12	115503216	117087470	748	40	0.0000136280	0.0000000077
12	117087471	118135374	462	40	0.0000112481	0.0000000058
12	118135375	119754109	697	40	0.0000297661	0.0000000076
12	119754110	122007650	684	40	0.0000124872	0.0000000077
12	122007651	124977979	703	40	-0.0001287281	0.0000000087
12	124977980	126445504	624	40	0.0000394763	0.0000000072
12	126445505	127875097	651	40	0.0000765386	0.0000000074
12	127875098	129237296	707	40	0.0000057906	0.0000000072
12	129237297	130377920	691	40	0.0000368586	0.0000000076
12	130377921	131786750	743	40	-0.0000216941	0.0000000072
12	131786751	132807033	294	40	-0.0000185573	0.0000000032
12	132807034	133841510	174	25	0.0000746145	0.0000000031
13	19020013	20686719	299	36	-0.0001012236	0.0000000040
13	20686720	22242173	591	40	0.0000900837	0.0000000068
13	22242174	23594701	683	40	-0.0000151472	0.0000000070
13	23594702	24531936	514	40	-0.0000253760	0.0000000061
13	24531937	25784361	652	40	-0.0000650751	0.0000000076
13	25784362	27284361	545	40	0.0000004067	0.0000000063
13	27284362	29257550	862	40	-0.0000454914	0.0000000077
13	29257551	30483266	508	40	0.0000442898	0.0000000053
13	30483267	32301814	788	40	-0.0000959711	0.0000000077
13	32301815	33776902	588	40	-0.0000278591	0.0000000067
13	33776903	35026463	461	40	-0.0000084986	0.0000000051
13	35026464	36046366	221	30	-0.0000386001	0.0000000030
13	36046367	37498184	653	40	-0.0000675812	0.0000000083
13	37498185	38878162	557	40	-0.0000027621	0.0000000056
13	38878163	41069262	882	40	0.0000212305	0.0000000074
13	41069263	43101026	634	40	0.0000071089	0.0000000068
13	43101027	44901408	809	40	-0.0000370996	0.0000000076
13	44901409	46495213	532	40	-0.0000576206	0.0000000064
13	46495214	47431078	366	40	-0.0000496419	0.0000000048
13	47431079	49383961	627	40	0.0000122459	0.0000000066
13	49383962	51591090	746	40	-0.0000358260	0.0000000089
13	51591091	53339621	452	40	-0.0000528604	0.0000000057
13	53339622	54682863	528	40	0.0000801215	0.0000000069
13	54682864	55817130	322	36	-0.0001193302	0.0000000039
13	55817131	57554216	305	23	-0.0000461343	0.0000000027
13	57554217	58410625	208	21	-0.0000076031	0.0000000019
13	58410626	59302270	219	22	-0.0000348726	0.0000000019
13	59302271	60854777	562	40	0.0000269781	0.0000000063
13	60854778	61591948	292	35	0.0000186025	0.0000000040
13	61591949	63971558	648	40	0.0000267003	0.0000000075
13	63971559	65200601	308	31	-0.0000014977	0.0000000032
13	65200602	67844452	796	40	-0.0000362081	0.0000000078
13	67844453	70724515	901	40	-0.0000050533	0.0000000084
13	70724516	71526790	317	40	-0.0000333662	0.0000000036
13	71526791	73934088	856	40	-0.0000573756	0.0000000074
13	73934089	75670142	740	40	-0.0000405530	0.0000000070
13	75670143	77410554	788	40	-0.0000460396	0.0000000073
13	77410555	78808812	438	40	-0.0000995371	0.0000000045
13	78808813	80585675	580	40	-0.0000112385	0.0000000064
13	80585676	82581813	621	40	0.0000303746	0.0000000074
13	82581814	84133143	400	36	0.0000180115	0.0000000030
13	84133144	85610915	414	40	0.0000159592	0.0000000052
13	85610916	88559881	764	40	-0.0000100408	0.0000000076
13	88559882	90521310	473	40	-0.0001133288	0.0000000044
13	90521311	93129690	864	40	-0.0000132166	0.0000000075
13	93129691	93586454	122	16	0.0000125173	0.0000000014
13	93586455	96087557	1210	40	0.0000271301	0.0000000078
13	96087558	97519209	360	38	-0.0000596639	0.0000000048
13	97519210	98938918	440	40	0.0000374128	0.0000000066
13	98938919	100574094	797	40	-0.0000444059	0.0000000077
13	100574095	102300522	773	40	-0.0000264180	0.0000000081
13	102300523	104066709	943	40	-0.0000333375	0.0000000072
13	104066710	104844113	311	40	0.0000460165	0.0000000036
13	104844114	106247553	629	40	-0.0000266534	0.0000000077
13	106247554	106749999	274	40	0.0000042623	0.0000000031
13	106750000	108189876	616	40	-0.0000223675	0.0000000076
13	108189877	109121209	437	40	0.0000571760	0.0000000060
13	109121210	109815111	330	40	0.0000412545	0.0000000043
13	109815112	111232072	772	40	-0.0001035144	0.0000000071
13	111232073	112247591	464	40	-0.0000052270	0.0000000054
13	112247592	113572487	467	40	-0.0000106433	0.0000000060
13	113572488	115109852	421	40	0.0000759024	0.0000000051
14	19002084	21589401	597	40	-0.0000044544	0.0000000077
14	21589402	23018664	717	40	0.0000431392	0.0000000075
14	23018665	24905122	716	40	-0.0001074604	0.0000000148
14	24905123	26135685	560	40	-0.0000692498	0.0000000057
14	26135686	28466532	699	40	0.0000200032	0.0000000074
14	28466533	29972144	384	40	0.0000126571	0.0000000048
14	29972145	32383264	599	40	0.0000192316	0.0000000076
14	32383265	34846250	1268	40	-0.0000717345	0.0000000079
14	34846251	35859592	250	30	-0.0000531823	0.0000000032
14	35859593	38667724	887	40	-0.0000093959	0.0000000073
14	38667725	40341989	551	40	-0.0000292243	0.0000000058
14	40341990	41615501	356	32	0.0000209947	0.0000000034
14	41615502	43137388	431	36	-0.0000198877	0.0000000041
14	43137389	44543226	364	40	0.0000038048	0.0000000045
14	44543227	46081895	384	40	0.0000111593	0.0000000038
14	46081896	46749129	196	17	-0.0000295965	0.0000000020
14	46749130	48573585	589	40	0.0000072308	0.0000000070
14	48573586	49005470	113	13	-0.0000104158	0.0000000012
14	49005471	50507759	467	40	-0.0000674243	0.0000000057
14	50507760	51493571	374	40	-0.0000419890	0.0000000043
14	51493572	53474382	857	40	-0.0000906132	0.0000000079
14	53474383	53997830	177	19	-0.0000135297	0.0000000022
14	53997831	55233680	451	40	0.0000388711	0.0000000064
14	55233681	56216879	292	27	-0.0000963738	0.0000000043
14	56216880	57481261	667	40	0.0000492178	0.0000000075
14	57481262	59448335	713	40	-0.0000013647	0.0000000074
14	59448336	61680423	614	40	-0.0000450988	0.0000000058
14	61680424	63790014	817	40	-0.0000225650	0.0000000073
14	63790015	65220297	355	34	0.0000158022	0.0000000047
14	65220298	66399554	409	40	0.0000327683	0.0000000051
14	66399555	67992316	425	33	0.0000036290	0.0000000030
14	67992317	71131956	1249	40	-0.0000406647	0.0000000074
14	71131957	72889614	687	40	-0.0000683053	0.0000000086
14	72889615	76444766	1163	40	-0.0000496504	0.0000000083
14	76444767	77229471	357	40	-0.0000478783	0.0000000043
14	77229472	78561944	641	40	-0.0000889320	0.0000000081
14	78561945	80186578	614	40	-0.0000404058	0.0000000079
14	80186579	81579713	515	40	0.0000101499	0.0000000053
14	81579714	83138096	477	40	-0.0000234172	0.0000000052
14	83138097	84241632	382	40	0.0000101826	0.0000000041
14	84241633	85746318	476	40	-0.0000386846	0.0000000064
14	85746319	86647001	306	36	-0.0000607075	0.0000000064
14	86647002	87635340	309	40	-0.0000293873	0.0000000040
14	87635341	89497642	613	40	-0.0000015350	0.0000000061
14	89497643	91296859	701	40	-0.0000013831	0.0000000075
14	91296860	93132298	680	40	0.0000676689	0.0000000077
14	93132299	94325284	416	40	0.0000194223	0.0000000049
14	94325285	95750866	883	40	-0.0000375262	0.0000000072
14	95750867	96262414	383	40	-0.0000418531	0.0000000048
14	96262415	98341161	853	40	-0.0000119669	0.0000000077
14	98341162	99138531	369	40	-0.0000228428	0.0000000049
14	99138532	101534306	902	40	0.0000171660	0.0000000077
14	101534307	103012101	441	40	0.0000617884	0.0000000060
14	103012102	105001722	484	40	-0.0000812625	0.0000000060
14	105001723	106340357	162	29	-0.0000488524	0.0000000029
14	106340358	107289453	39	5	-0.0000038075	0.0000000004
15	20001200	21131603	6	2	-0.0000013269	0.0000000000
15	21131604	24195126	309	40	0.0000575160	0.0000000047
15	24195127	25108589	197	29	-0.0000340030	0.0000000024
15	25108590	27298111	879	40	-0.0000575768	0.0000000078
15	27298112	29338501	483	40	0.0000098429	0.0000000054
15	29338502	30165567	297	40	-0.0000012469	0.0000000038
15	30165568	31591820	302	40	0.0000333639	0.0000000037
15	31591821	32441810	269	37	-0.0000188247	0.0000000033
15	32441811	34015424	738	40	0.0000221960	0.0000000071
15	34015425	35083250	404	40	-0.0000125373	0.0000000045
15	35083251	37456501	940	40	-0.0000111132	0.0000000076
15	37456502	38530776	350	40	-0.0000379547	0.0000000050
15	38530777	40384131	786	40	-0.0000552078	0.0000000077
15	40384132	41177513	238	28	-0.0000099503	0.0000000033
15	41177514	42776398	431	40	0.0000479755	0.0000000050
15	42776399	44198048	276	17	0.0000277756	0.0000000022
15	44198049	46618786	504	40	0.0000475726	0.0000000053
15	46618787	48136047	591	40	0.0000154255	0.0000000067
15	48136048	50008042	447	40	0.0000034099	0.0000000042
15	50008043	51677559	620	40	-0.0000197875	0.0000000064
15	51677560	53069095	407	39	-0.0001180422	0.0000000057
15	53069096	54508527	637	40	-0.0000912531	0.0000000071
15	54508528	55136268	256	32	0.0000189571	0.0000000033
15	55136269	56901772	542	40	-0.0000500002	0.0000000065
15	56901773	58441365	632	40	0.0000410718	0.0000000076
15	58441366	59694115	520	40	-0.0000483130	0.0000000070
15	59694116	61265835	669	40	-0.0000295687	0.0000000071
15	61265836	63215221	924	40	0.0000026478	0.0000000072
15	63215222	65104667	494	40	-0.0000036424	0.0000000056
15	65104668	67094766	620	40	-0.0000603983	0.0000000081
15	67094767	69017998	759	40	-0.0000972052	0.0000000080
15	69017999	70133340	303	40	-0.0000582729	0.0000000044
15	70133341	71922648	712	40	0.0000347932	0.0000000072
15	71922649	73628713	373	33	-0.0002949510	0.0000000070
15	73628714	76398623	617	40	-0.0001623925	0.0000000095
15	76398624	78516052	535	40	-0.0001092228	0.0000000065
15	78516053	80860977	999	40	-0.0000182440	0.0000000073
15	80860978	84260467	915	40	0.0001016044	0.0000000087
15	84260468	86652904	777	40	0.0000087085	0.0000000074
15	86652905	88369942	771	40	-0.0000404888	0.0000000081
15	88369943	90475550	727	40	-0.0000129091	0.0000000080
15	90475551	92164391	636	40	0.0000585566	0.0000000076
15	92164392	93780901	827	40	0.0000180407	0.0000000074
15	93780902	94924329	586	40	0.0000075811	0.0000000076
15	94924330	96141595	587	40	-0.0000400357	0.0000000085
15	96141596	98030909	752	40	0.0000472590	0.0000000077
15	98030910	99244058	569	40	-0.0000110953	0.0000000077
15	99244059	100636846	557	40	0.0000091819	0.0000000075
15	100636847	101552693	410	40	-0.0000598655	0.0000000054
15	101552694	102520965	446	40	0.0001106777	0.0000000070
16	60054	1207205	305	40	-0.0000399016	0.0000000052
16	1207206	2764828	371	40	-0.0000105050	0.0000000059
16	2764829	4001195	306	40	0.0000197721	0.0000000049
16	4001196	5118344	378	40	0.0000099096	0.0000000068
16	5118345	5891579	353	40	-0.0000010767	0.0000000053
16	5891580	6893550	706	40	0.0000410199	0.0000000074
16	6893551	7529120	483	40	0.0000319057	0.0000000070
16	7529121	8338518	537	40	0.0000213061	0.0000000076
16	8338519	9799418	710	40	-0.0000218480	0.0000000072
16	9799419	10426031	371	38	0.0000906929	0.0000000049
16	10426032	11520160	448	40	0.0000322612	0.0000000073
16	11520161	12613097	406	40	-0.0000499486	0.0000000059
16	12613098	13154436	312	40	-0.0000432819	0.0000000043
16	13154437	14464001	562	40	0.0000377538	0.0000000072
16	14464002	16154059	320	40	0.0000141572	0.0000000064
16	16154060	17644748	399	40	0.0000138362	0.0000000053
16	17644749	18643606	178	28	-0.0000155078	0.0000000023
16	18643607	20150570	429	40	0.0001168032	0.0000000063
16	20150571	22448903	440	40	-0.0000318573	0.0000000050
16	22448904	24136874	523	40	0.0000660377	0.0000000067
16	24136875	25986861	756	40	-0.0000258382	0.0000000078
16	25986862	27445754	659	40	-0.0000516234	0.0000000070
16	27445755	29036612	367	40	-0.0000510618	0.0000000054
16	29036613	31382942	270	33	-0.0000460467	0.0000000042
16	31382943	46399472	122	16	0.0000084793	0.0000000018
16	46399473	49007925	299	33	-0.0000099051	0.0000000031
16	49007926	52035822	1092	40	-0.0000184995	0.0000000076
16	52035823	53382571	459	40	0.0000337056	0.0000000046
16	53382572	55903773	1203	40	-0.0000487541	0.0000000101
16	55903774	57664329	651	40	-0.0000643844	0.0000000069
16	57664330	59045404	522	40	-0.0000116074	0.0000000069
16	59045405	60745693	506	40	-0.0000525606	0.0000000055
16	60745694	62229848	363	40	-0.0000745032	0.0000000040
16	62229849	63691588	446	40	0.0000382461	0.0000000054
16	63691589	65938565	814	40	-0.0000422015	0.0000000088
16	65938566	68841362	697	40	-0.0000946678	0.0000000084
16	68841363	71054027	392	40	-0.0000886700	0.0000000053
16	71054028	72935149	461	38	0.0000181588	0.0000000054
16	72935150	74971502	794	40	0.0000169593	0.0000000075
16	74971503	75977953	230	30	-0.0000034671	0.0000000029
16	75977954	77523677	688	40	-0.0001225623	0.0000000083
16	77523678	78456291	649	40	-0.0000242408	0.0000000077
16	78456292	79134814	571	40	-0.0000277816	0.0000000071
16	79134815	80297373	783	40	-0.0000331181	0.0000000071
16	80297374	81772535	794	40	-0.0000248689	0.0000000070
16	81772536	82747727	587	40	-0.0000285565	0.0000000077
16	82747728	83477207	608	40	-0.0000321968	0.0000000077
16	83477208	84445882	722	40	-0.0000574686	0.0000000072
16	84445883	85148684	475	40	0.0000168101	0.0000000073
16	85148685	86156598	491	40	0.0000121680	0.0000000071
16	86156599	86815410	537	40	-0.0000868829	0.0000000081
16	86815411	87647348	365	40	0.0000151786	0.0000000051
16	87647349	89041164	368	40	-0.0000797120	0.0000000060
16	89041165	90292811	317	34	0.0000272392	0.0000000046
17	56	1172398	322	40	-0.0000493086	0.0000000056
17	1172399	1928730	260	40	0.0000152550	0.0000000038
17	1928731	3702311	649	40	-0.0000498349	0.0000000076
17	3702312	4696260	368	40	0.0000251867	0.0000000056
17	4696261	5741333	395	40	0.0000252439	0.0000000050
17	5741334	7317397	636	40	0.0000477500	0.0000000074
17	7317398	8306424	318	40	0.0000170695	0.0000000045
17	8306425	9965920	662	40	0.0000205727	0.0000000075
17	9965921	11102814	478	40	-0.0000156767	0.0000000060
17	11102815	12534768	567	40	0.0000393549	0.0000000074
17	12534769	13180371	303	40	-0.0000691506	0.0000000042
17	13180372	13894636	370	40	-0.0000218996	0.0000000055
17	13894637	15019096	612	40	0.0000154074	0.0000000076
17	15019097	16412341	322	40	0.0000868695	0.0000000049
17	16412342	18856319	572	40	0.0000180004	0.0000000074
17	18856320	21290356	394	40	0.0000109730	0.0000000054
17	21290357	27334243	523	40	-0.0000834742	0.0000000062
17	27334244	29786490	505	39	0.0000158118	0.0000000040
17	29786491	31538424	555	40	0.0000275354	0.0000000065
17	31538425	32912797	841	40	-0.0000069678	0.0000000070
17	32912798	34469035	527	40	-0.0000031443	0.0000000059
17	34469036	36809343	520	40	0.0000014397	0.0000000067
17	36809344	38877403	470	40	0.0000415353	0.0000000052
17	38877404	39899809	328	35	0.0000299792	0.0000000034
17	39899810	41772086	380	39	-0.0000223752	0.0000000042
17	41772087	43056904	342	38	-0.0000321325	0.0000000035
17	43056905	45876021	588	40	0.0000431605	0.0000000059
17	45876022	47517399	537	40	0.0000133429	0.0000000064
17	47517400	49898956	778	40	-0.0000064806	0.0000000076
17	49898957	50719054	289	27	0.0000731218	0.0000000033
17	50719055	51826117	312	34	-0.0000116926	0.0000000035
17	51826118	53599431	619	40	-0.0000528837	0.0000000074
17	53599432	55357540	623	40	-0.0000102260	0.0000000070
17	55357541	57487511	692	40	-0.0000216786	0.0000000080
17	57487512	59312754	246	23	-0.0000362908	0.0000000020
17	59312755	61545588	451	40	-0.0000025214	0.0000000068
17	61545589	63148127	310	37	0.0001440803	0.0000000046
17	63148128	64800429	645	40	0.0000192379	0.0000000069
17	64800430	67858769	949	40	-0.0000562306	0.0000000075
17	67858770	69387816	654	40	-0.0000007974	0.0000000071
17	69387817	72672202	1450	40	-0.0000057625	0.0000000078
17	72672203	74375559	415	40	0.0000261198	0.0000000058
17	74375560	76263412	748	40	0.0000599789	0.0000000087
17	76263413	77298635	477	40	-0.0000487488	0.0000000069
17	77298636	78837587	562	40	-0.0000726787	0.0000000073
17	78837588	80034407	240	40	0.0000065234	0.0000000045
17	80034408	81194907	322	37	-0.0000635951	0.0000000036
18	10644	912485	410	40	0.0000124100	0.0000000056
18	912486	1942910	370	40	-0.0000779095	0.0000000046
18	1942911	3891657	786	40	-0.0000634035	0.0000000075
18	3891658	5834179	807	40	-0.0000039087	0.0000000067
18	5834180	7090484	585	40	0.0000395947	0.0000000076
18	7090485	8498930	589	40	-0.0000050327	0.0000000075
18	8498931	11075912	1282	40	-0.0000632414	0.0000000074
18	11075913	11905439	266	40	0.0000085819	0.0000000033
18	11905440	14440798	759	40	0.0000168177	0.0000000078
18	14440799	19485843	166	17	-0.0000177911	0.0000000015
18	19485844	20649471	305	36	-0.0001895150	0.0000000050
18	20649472	22996650	829	40	0.0000000959	0.0000000078
18	22996651	24026190	317	35	-0.0000733167	0.0000000040
18	24026191	25927681	793	40	-0.0000100024	0.0000000083
18	25927682	26875586	252	26	0.0000311692	0.0000000042
18	26875587	27866477	275	28	0.0000477165	0.0000000035
18	27866478	30264065	891	40	0.0000613788	0.0000000078
18	30264066	31780066	348	36	0.0000035483	0.0000000044
18	31780067	33861963	621	40	0.0000430010	0.0000000070
18	33861964	35075249	486	40	0.0000268006	0.0000000066
18	35075250	36365489	499	40	-0.0000267588	0.0000000056
18	36365490	37684366	355	34	0.0000175456	0.0000000034
18	37684367	39892647	781	40	0.0000274641	0.0000000074
18	39892648	42922105	948	40	-0.0000616633	0.0000000084
18	42922106	44299245	694	40	-0.0000253836	0.0000000071
18	44299246	45939731	599	40	0.0000286310	0.0000000069
18	45939732	47730583	793	40	0.0001018981	0.0000000077
18	47730584	51062184	1203	40	0.0000223061	0.0000000072
18	51062185	51554174	176	16	0.0000399806	0.0000000017
18	51554175	55213837	1120	40	0.0000091304	0.0000000071
18	55213838	56530219	621	40	-0.0000191894	0.0000000073
18	56530220	57630482	590	40	0.0000648218	0.0000000072
18	57630483	59020750	443	40	-0.0000882261	0.0000000059
18	59020751	60277714	547	40	0.0000082675	0.0000000063
18	60277715	61820251	583	40	0.0000193366	0.0000000062
18	61820252	63463401	526	40	-0.0000025092	0.0000000057
18	63463402	64252800	248	22	-0.0000528361	0.0000000023
18	64252801	66125816	750	40	0.0000428698	0.0000000073
18	66125817	67175819	335	40	-0.0000631371	0.0000000044
18	67175820	68621178	471	40	0.0000199536	0.0000000063
18	68621179	69621617	386	40	-0.0000217445	0.0000000041
18	69621618	71038473	572	40	0.0000426177	0.0000000065
18	71038474	71971461	500	40	0.0000018638	0.0000000068
18	71971462	73526986	671	40	-0.0000023907	0.0000000076
18	73526987	74813814	602	40	-0.0000256491	0.0000000079
18	74813815	75976316	597	40	-0.0000567474	0.0000000071
18	75976317	77149990	419	40	-0.0000231512	0.0000000050
18	77149991	78017157	272	39	-0.0000921222	0.0000000047
19	80840	610728	105	25	0.0000174472	0.0000000020
19	610729	2098395	325	40	0.0000255033	0.0000000058
19	2098396	3019659	244	40	0.0000520910	0.0000000046
19	3019660	4348966	330	40	-0.0000451626	0.0000000051
19	4348967	5811851	413	40	-0.0000147645	0.0000000062
19	5811852	6684884	216	40	-0.0000114965	0.0000000042
19	6684885	8347512	549	40	-0.0000637830	0.0000000079
19	8347513	9238392	267	40	-0.0000544765	0.0000000033
19	9238393	11284027	509	40	-0.0000480302	0.0000000063
19	11284028	13471126	431	40	-0.0000082296	0.0000000052
19	13471127	14486346	210	40	0.0000260126	0.0000000029
19	14486347	15648609	377	40	0.0000031057	0.0000000051
19	15648610	16374415	368	40	-0.0000303296	0.0000000040
19	16374416	18409861	570	40	-0.0000977055	0.0000000081
19	18409862	19877470	350	40	-0.0000180432	0.0000000050
19	19877471	20905756	141	21	-0.0000014512	0.0000000014
19	20905757	22732895	344	38	-0.0000342007	0.0000000041
19	22732896	23467745	137	13	-0.0000206897	0.0000000015
19	23467746	28557892	297	27	0.0000497110	0.0000000031
19	28557893	29790946	477	40	0.0000357434	0.0000000049
19	29790947	30727953	337	40	0.0000082449	0.0000000050
19	30727954	32746519	650	40	-0.0000102413	0.0000000075
19	32746520	34262951	515	40	0.0000669252	0.0000000068
19	34262952	36469294	674	40	0.0000066513	0.0000000070
19	36469295	37527032	241	20	-0.0000158988	0.0000000033
19	37527033	40170618	650	40	0.0000074667	0.0000000082
19	40170619	40984600	189	25	-0.0001515983	0.0000000045
19	40984601	42131572	305	40	-0.0000254010	0.0000000042
19	42131573	43862454	169	21	-0.0000195768	0.0000000023
19	43862455	44744107	306	40	0.0000721473	0.0000000036
19	44744108	46102696	377	40	-0.0000924584	0.0000000054
19	46102697	47150081	314	40	-0.0000512839	0.0000000055
19	47150082	49282226	607	40	0.0000037020	0.0000000076
19	49282227	51532566	649	40	-0.0000680112	0.0000000081
19	51532567	52985289	655	40	-0.0000201281	0.0000000076
19	52985290	54602361	527	40	-0.0000043328	0.0000000078
19	54602362	55728079	384	40	0.0000764983	0.0000000053
19	55728080	57521334	695	40	0.0000346042	0.0000000079
19	57521335	59118838	553	40	0.0000352285	0.0000000069
20	60479	697599	275	40	-0.0000275357	0.0000000038
20	697600	2469500	1028	40	-0.0000662479	0.0000000073
20	2469501	3828412	508	40	-0.0000413137	0.0000000064
20	3828413	5477849	818	40	-0.0000527702	0.0000000074
20	5477850	7084072	742	40	0.0000039511	0.0000000077
20	7084073	8117010	415	40	0.0000013993	0.0000000043
20	8117011	9730920	785	40	-0.0000011612	0.0000000074
20	9730921	11249535	743	40	-0.0000356152	0.0000000080
20	11249536	12447498	511	40	-0.0000248428	0.0000000058
20	12447499	13689863	563	40	0.0000019728	0.0000000066
20	13689864	15958358	1002	40	0.0000090462	0.0000000075
20	15958359	17487231	960	40	0.0000101905	0.0000000075
20	17487232	18972202	626	40	0.0000473941	0.0000000074
20	18972203	20959709	902	40	-0.0000118203	0.0000000075
20	20959710	22491455	416	39	0.0000508352	0.0000000046
20	22491456	23293789	361	40	-0.0000155379	0.0000000038
20	23293790	24717723	536	40	0.0000213105	0.0000000055
20	24717724	25344230	230	22	-0.0000014577	0.0000000023
20	25344231	31614822	606	40	-0.0000363001	0.0000000061
20	31614823	32813440	295	30	0.0000130587	0.0000000031
20	32813441	34960445	463	32	-0.0000206346	0.0000000042
20	34960446	36909529	495	40	-0.0003182962	0.0000000111
20	36909530	38436760	520	40	-0.0001005182	0.0000000056
20	38436761	39610855	472	40	0.0000033755	0.0000000061
20	39610856	40585688	300	34	0.0000771161	0.0000000041
20	40585689	41615459	584	40	0.0000044513	0.0000000073
20	41615460	42680175	400	40	0.0000400215	0.0000000050
20	42680176	44839055	804	40	-0.0000245768	0.0000000078
20	44839056	47199979	1043	40	0.0000312815	0.0000000080
20	47199980	49239657	768	40	-0.0000476849	0.0000000074
20	49239658	52472548	1360	40	-0.0001086025	0.0000000084
20	52472549	54055265	630	40	0.0000026462	0.0000000073
20	54055266	56447958	1159	40	-0.0000278723	0.0000000077
20	56447959	58406571	904	40	-0.0000837831	0.0000000073
20	58406572	59561723	554	40	0.0000343104	0.0000000063
20	59561724	61301854	771	40	0.0000170931	0.0000000078
20	61301855	62190179	306	40	-0.0000353636	0.0000000046
20	62190180	62965162	239	39	0.0000095526	0.0000000037
21	9411243	15950981	287	40	-0.0000236223	0.0000000042
21	15950982	18053164	677	40	0.0000065356	0.0000000074
21	18053165	19480374	453	40	-0.0000255487	0.0000000064
21	19480375	20962338	618	40	0.0000669388	0.0000000071
21	20962339	22072763	361	40	-0.0000034368	0.0000000043
21	22072764	23362874	533	40	-0.0000090588	0.0000000059
21	23362875	24696230	361	40	0.0000314287	0.0000000039
21	24696231	26469121	660	40	-0.0000000364	0.0000000069
21	26469122	27271018	225	25	0.0000439546	0.0000000031
21	27271019	29125225	883	40	-0.0000035693	0.0000000076
21	29125226	31197024	705	40	-0.0000269100	0.0000000070
21	31197025	32668641	462	40	0.0000490608	0.0000000049
21	32668642	34376998	670	40	0.0000159001	0.0000000073
21	34376999	35225464	292	40	-0.0000293069	0.0000000041
21	35225465	36524372	573	40	-0.0000286240	0.0000000072
21	36524373	37870778	542	40	0.0000178653	0.0000000063
21	37870779	38711703	319	39	0.0000219914	0.0000000039
21	38711704	40482901	852	40	-0.0000111798	0.0000000071
21	40482902	41389526	506	40	0.0000218496	0.0000000047
21	41389527	43321527	1021	40	-0.0000521923	0.0000000078
21	43321528	44506267	706	40	0.0000296240	0.0000000076
21	44506268	46177104	584	40	-0.0000626873	0.0000000077
21	46177105	47492225	514	40	-0.0001052094	0.0000000069
21	47492226	48119751	246	26	-0.0000250538	0.0000000033
22	16050408	17674294	222	38	-0.0000207068	0.0000000034
22	17674295	18296087	267	40	0.0000001425	0.0000000048
22	18296088	19912357	543	40	-0.0000073521	0.0000000071
22	19912358	22357324	612	40	0.0000239219	0.0000000074
22	22357325	23712646	342	40	-0.0000160280	0.0000000050
22	23712647	24984203	367	40	0.0000043182	0.0000000042
22	24984204	26791627	763	40	-0.0000324924	0.0000000076
22	26791628	27834751	751	40	-0.0000361960	0.0000000080
22	27834752	29651798	587	40	0.0000622310	0.0000000086
22	29651799	31439917	560	40	0.0000664332	0.0000000066
22	31439918	32664985	357	33	0.0000222990	0.0000000039
22	32664986	34494913	940	40	0.0000395036	0.0000000075
22	34494914	35530984	511	40	-0.0000166127	0.0000000051
22	35530985	37570268	854	40	-0.0000417524	0.0000000079
22	37570269	39307893	544	40	0.0000127033	0.0000000078
22	39307894	40545796	339	40	-0.0000628206	0.0000000049
22	40545797	42690817	468	34	-0.0000065119	0.0000000051
22	42690818	43714199	408	40	0.0000088405	0.0000000050
22	43714200	44995307	724	40	-0.0000317389	0.0000000074
22	44995308	46470494	636	40	0.0000263080	0.0000000081
22	46470495	47596317	463	40	-0.0000563392	0.0000000066
22	47596318	48903702	751	40	-0.0000349861	0.0000000073
22	48903703	49824533	624	40	-0.0000479589	0.0000000076
22	49824534	51243297	405	40	0.0000409532	0.0000000059
