chr	start	end	num_snp	k	local_rho	var
1	10583	1892606	94	17	-0.0000263964	0.0000000014
1	1892607	3582735	399	40	0.0000885315	0.0000000057
1	3582736	4380810	253	40	-0.0000236190	0.0000000046
1	4380811	5913892	840	40	0.0000163631	0.0000000072
1	5913893	7247334	400	40	-0.0000492550	0.0000000045
1	7247335	9365198	658	40	0.0000607923	0.0000000071
1	9365199	10806983	328	40	0.0000108447	0.0000000033
1	10806984	11777840	239	40	0.0000904502	0.0000000033
1	11777841	12779465	263	40	0.0000027257	0.0000000032
1	12779466	14891510	591	40	0.0000243178	0.0000000068
1	14891511	16897729	623	40	-0.0000023953	0.0000000063
1	16897730	18662898	608	40	-0.0001061229	0.0000000073
1	18662899	20469148	667	40	-0.0000522358	0.0000000071
1	20469149	21736587	434	40	0.0000201530	0.0000000061
1	21736588	23086882	484	40	0.0000478725	0.0000000063
1	23086883	23920589	212	27	0.0000153233	0.0000000029
1	23920590	25516844	486	40	0.0000875726	0.0000000056
1	25516845	27401866	374	40	0.0000180407	0.0000000049
1	27401867	30161880	509	40	-0.0001063599	0.0000000067
1	30161881	32438684	865	40	0.0000134646	0.0000000071
1	32438685	34799757	627	40	0.0000754374	0.0000000071
1	34799758	37549182	513	40	0.0000056938	0.0000000051
1	37549183	38731846	349	40	-0.0000150137	0.0000000039
1	38731847	40200566	414	40	0.0000030324	0.0000000062
1	40200567	41975326	525	40	0.0000425796	0.0000000055
1	41975327	43758456	512	40	-0.0000032545	0.0000000055
1	43758457	44969182	338	34	-0.0000465917	0.0000000041
1	44969183	46899500	429	37	0.0000324761	0.0000000041
1	46899501	48002575	272	33	0.0000880101	0.0000000037
1	48002576	48978187	327	40	-0.0000829042	0.0000000039
1	48978188	49894176	233	27	-0.0000206729	0.0000000032
1	49894177	51713725	247	25	-0.0000217270	0.0000000021
1	51713726	54226261	537	40	0.0001372965	0.0000000060
1	54226262	56413116	789	40	-0.0000050270	0.0000000068
1	56413117	57021727	255	30	0.0000162118	0.0000000024
1	57021728	58865398	806	40	0.0000012548	0.0000000072
1	58865399	59890408	358	40	0.0000502446	0.0000000043
1	59890409	61922364	646	40	0.0000557322	0.0000000065
1	61922365	63455088	498	40	0.0000374244	0.0000000054
1	63455089	65041703	622	40	0.0000585412	0.0000000061
1	65041704	66939403	622	40	-0.0000067150	0.0000000061
1	66939404	68477894	647	40	0.0000246105	0.0000000059
1	68477895	69687615	370	40	-0.0000529438	0.0000000045
1	69687616	71372469	495	40	-0.0000137981	0.0000000053
1	71372470	71684404	80	10	0.0000211377	0.0000000010
1	71684405	74326906	541	40	-0.0000015298	0.0000000043
1	74326907	76728134	698	40	0.0000212512	0.0000000065
1	76728135	79661197	901	40	-0.0000109734	0.0000000068
1	79661198	81354190	449	40	-0.0000357868	0.0000000046
1	81354191	83991747	937	40	-0.0000169224	0.0000000072
1	83991748	84844494	300	35	0.0000322294	0.0000000034
1	84844495	86454750	616	40	-0.0000216105	0.0000000062
1	86454751	88128630	534	40	0.0000154132	0.0000000052
1	88128631	90066302	504	40	0.0000211888	0.0000000056
1	90066303	91886316	545	40	-0.0000156634	0.0000000058
1	91886317	93536458	484	40	-0.0000232964	0.0000000044
1	93536459	94506190	242	26	0.0000901005	0.0000000034
1	94506191	96150892	621	40	-0.0000319906	0.0000000071
1	96150893	97885248	582	40	-0.0000105327	0.0000000048
1	97885249	99800603	615	40	0.0000520494	0.0000000058
1	99800604	100826404	321	36	0.0000499381	0.0000000034
1	100826405	102041015	430	40	-0.0000606531	0.0000000046
1	102041016	102898744	265	36	0.0000416596	0.0000000030
1	102898745	103914210	193	21	0.0000559107	0.0000000019
1	103914211	106087841	441	40	-0.0000115407	0.0000000046
1	106087842	108409664	713	40	0.0000898631	0.0000000076
1	108409665	110303930	538	40	-0.0001286944	0.0000000065
1	110303931	111741736	545	40	0.0000725543	0.0000000074
1	111741737	113273305	674	40	-0.0000086541	0.0000000066
1	113273306	114873844	488	40	-0.0000344462	0.0000000050
1	114873845	115880592	332	36	-0.0000675119	0.0000000036
1	115880593	118839066	798	40	0.0000340469	0.0000000078
1	118839067	144977493	540	40	-0.0000810171	0.0000000050
1	144977494	148361252	417	40	-0.0000069334	0.0000000044
1	148361253	151538880	329	33	0.0000132641	0.0000000032
1	151538881	153180828	444	40	-0.0000675121	0.0000000042
1	153180829	154770402	431	40	0.0000368098	0.0000000051
1	154770403	156336132	275	38	0.0001131659	0.0000000042
1	156336133	158027411	574	40	0.0000344467	0.0000000063
1	158027412	159913047	643	40	0.0000288564	0.0000000065
1	159913048	162346720	828	40	-0.0000291417	0.0000000059
1	162346721	165191701	1149	40	0.0000103246	0.0000000067
1	165191702	166460516	504	40	-0.0000014011	0.0000000061
1	166460517	169086323	1056	40	0.0000077601	0.0000000070
1	169086324	170557775	535	40	0.0000337812	0.0000000046
1	170557776	173097906	861	40	0.0000049075	0.0000000065
1	173097907	175089767	393	31	-0.0000137419	0.0000000036
1	175089768	177433380	740	40	-0.0000294692	0.0000000066
1	177433381	178944308	467	40	0.0000133820	0.0000000046
1	178944309	178954469	2	1	0.0000023061	0.0000000001
1	178954470	181144120	692	40	0.0000045736	0.0000000067
1	181144121	182755355	563	40	-0.0000237006	0.0000000088
1	182755356	184595512	588	40	-0.0000158393	0.0000000065
1	184595513	186810022	489	40	-0.0000383442	0.0000000046
1	186810023	188759944	596	40	-0.0000392813	0.0000000056
1	188759945	189904129	208	16	-0.0000376997	0.0000000020
1	189904130	191868929	528	40	0.0000348675	0.0000000052
1	191868930	194107441	552	40	-0.0000279701	0.0000000065
1	194107442	196176200	557	40	0.0000324602	0.0000000053
1	196176201	197311513	181	16	-0.0000142727	0.0000000017
1	197311514	199239883	487	40	0.0000548287	0.0000000058
1	199239884	200137648	291	35	0.0000161121	0.0000000035
1	200137649	201589974	665	40	0.0000316093	0.0000000080
1	201589975	203334733	574	40	0.0000396558	0.0000000068
1	203334734	204681067	458	40	-0.0000400975	0.0000000047
1	204681068	206073264	549	40	-0.0000043619	0.0000000065
1	206073265	208410363	584	40	0.0000312288	0.0000000071
1	208410364	210787749	875	40	-0.0000760346	0.0000000070
1	210787750	212842329	667	40	0.0000796086	0.0000000077
1	212842330	214578265	594	40	0.0000061486	0.0000000070
1	214578266	216243633	569	40	-0.0000724464	0.0000000068
1	216243634	218705512	1052	40	0.0000115703	0.0000000062
1	218705513	219590570	272	33	-0.0000361074	0.0000000033
1	219590571	221858230	661	40	0.0000043925	0.0000000070
1	221858231	222230219	167	21	0.0000706715	0.0000000029
1	222230220	224938519	439	40	-0.0000152701	0.0000000049
1	224938520	226810859	481	40	0.0000193084	0.0000000054
1	226810860	229156247	639	40	-0.0000798461	0.0000000065
1	229156248	230685254	504	40	-0.0000254016	0.0000000090
1	230685255	232090251	563	40	-0.0001172716	0.0000000067
1	232090252	233429283	584	40	0.0000533353	0.0000000069
1	233429284	234599433	502	40	-0.0000728344	0.0000000057
1	234599434	235819435	360	40	-0.0000136399	0.0000000042
1	235819436	237555627	677	40	0.0000874973	0.0000000077
1	237555628	238567806	410	40	-0.0000124021	0.0000000059
1	238567807	239925313	478	40	0.0000026032	0.0000000055
1	239925314	240564090	320	40	0.0000117221	0.0000000035
1	240564091	241582219	498	40	0.0001237612	0.0000000066
1	241582220	242071601	204	37	-0.0000154945	0.0000000035
1	242071602	244109498	588	40	-0.0000548740	0.0000000063
1	244109499	245506745	487	40	-0.0000553239	0.0000000061
1	245506746	247344517	650	40	0.0000737803	0.0000000081
1	247344518	249239465	366	40	-0.0000310493	0.0000000054
2	10133	1781021	646	40	0.0001042709	0.0000000067
2	1781022	3973778	949	40	-0.0000662887	0.0000000073
2	3973779	5708336	622	40	-0.0001045377	0.0000000069
2	5708337	6836253	558	40	0.0000714032	0.0000000062
2	6836254	8422146	644	40	-0.0000523310	0.0000000076
2	8422147	10298468	658	40	-0.0000044981	0.0000000068
2	10298469	12419149	950	40	0.0000340172	0.0000000074
2	12419150	14335307	588	40	0.0000229622	0.0000000058
2	14335308	16329734	735	40	-0.0000033898	0.0000000067
2	16329735	18647422	853	40	-0.0000134677	0.0000000067
2	18647423	19692403	380	40	0.0000198835	0.0000000051
2	19692404	21050489	629	40	-0.0000061170	0.0000000083
2	21050490	23341382	620	40	-0.0001847241	0.0000000116
2	23341383	24686917	435	40	0.0000211055	0.0000000053
2	24686918	26894984	541	40	0.0000485977	0.0000000062
2	26894985	28598776	405	32	0.0000344002	0.0000000033
2	28598777	29217558	247	32	-0.0000291311	0.0000000032
2	29217559	30463710	626	40	-0.0000914111	0.0000000070
2	30463711	31550449	520	40	0.0000262458	0.0000000064
2	31550450	33363776	482	40	0.0000390723	0.0000000062
2	33363777	35345027	795	40	-0.0000012101	0.0000000070
2	35345028	36122005	289	30	0.0000000921	0.0000000041
2	36122006	38132711	907	40	-0.0000248813	0.0000000064
2	38132712	39031336	320	38	0.0000504798	0.0000000043
2	39031337	40281482	299	32	0.0000630533	0.0000000034
2	40281483	43309589	1283	40	-0.0000044986	0.0000000064
2	43309590	44313802	395	40	0.0000857407	0.0000000038
2	44313803	46482633	1052	40	-0.0000088382	0.0000000067
2	46482634	47318771	408	40	0.0000138863	0.0000000057
2	47318772	48213000	294	40	-0.0000471244	0.0000000047
2	48213001	50022256	700	40	-0.0000380243	0.0000000073
2	50022257	50818927	341	34	-0.0000260433	0.0000000049
2	50818928	52491132	646	40	0.0000211303	0.0000000066
2	52491133	53508451	461	40	-0.0000046191	0.0000000056
2	53508452	54685225	427	40	-0.0000161150	0.0000000055
2	54685226	56203344	601	40	-0.0000552563	0.0000000067
2	56203345	57429099	425	40	-0.0000569169	0.0000000058
2	57429100	58297314	270	28	0.0000180243	0.0000000031
2	58297315	60291999	734	40	-0.0000695867	0.0000000074
2	60292000	62429043	580	40	-0.0000891878	0.0000000074
2	62429044	64625912	576	40	0.0000000079	0.0000000067
2	64625913	65933443	456	40	0.0000529692	0.0000000063
2	65933444	67226165	548	40	0.0000424416	0.0000000054
2	67226166	68010175	419	40	0.0000546734	0.0000000045
2	68010176	69139563	464	40	0.0000574787	0.0000000048
2	69139564	70755197	523	40	-0.0000519015	0.0000000062
2	70755198	73174847	783	40	0.0000685140	0.0000000072
2	73174848	75630085	699	40	0.0000945732	0.0000000075
2	75630086	76913660	513	40	0.0000684424	0.0000000061
2	76913661	78079263	389	40	-0.0000421487	0.0000000054
2	78079264	80050402	820	40	-0.0000272448	0.0000000068
2	80050403	81620840	572	40	-0.0000330715	0.0000000072
2	81620841	85140679	886	40	-0.0000064143	0.0000000063
2	85140680	88038506	615	40	0.0000021848	0.0000000069
2	88038507	89154525	240	30	-0.0001116989	0.0000000036
2	89154526	95326451	4	2	0.0000129140	0.0000000001
2	95326452	98995200	419	40	-0.0000256680	0.0000000046
2	98995201	101822328	886	40	0.0000795444	0.0000000077
2	101822329	102688764	255	30	0.0000313359	0.0000000039
2	102688765	103588214	396	36	0.0000038134	0.0000000039
2	103588215	105125033	303	40	0.0000632382	0.0000000037
2	105125034	106210057	398	40	-0.0000210056	0.0000000050
2	106210058	107408266	439	40	-0.0000094677	0.0000000048
2	107408267	108429176	354	40	0.0000364213	0.0000000035
2	108429177	110572431	515	40	-0.0000110340	0.0000000048
2	110572432	113921855	760	40	0.0000067649	0.0000000074
2	113921856	116772469	742	40	0.0000736576	0.0000000072
2	116772470	118367465	390	37	-0.0000247679	0.0000000036
2	118367466	121303782	983	40	0.0000047114	0.0000000071
2	121303783	123302905	574	40	-0.0000135560	0.0000000067
2	123302906	124732249	424	40	0.0000181485	0.0000000041
2	124732250	125840920	377	40	0.0000103637	0.0000000047
2	125840921	127373763	407	37	0.0000375956	0.0000000039
2	127373764	128034346	257	40	-0.0000092396	0.0000000032
2	128034347	129474440	422	40	0.0000301833	0.0000000038
2	129474441	130067169	218	26	-0.0000469627	0.0000000028
2	130067170	130658084	202	26	-0.0000909831	0.0000000032
2	130658085	133042783	203	34	0.0000246681	0.0000000030
2	133042784	135158577	898	40	0.0000032983	0.0000000069
2	135158578	137042793	428	40	-0.0000122703	0.0000000044
2	137042794	138698116	589	40	0.0000380771	0.0000000065
2	138698117	140100270	429	40	0.0000064301	0.0000000039
2	140100271	141805350	562	40	0.0000290014	0.0000000064
2	141805351	142518601	293	33	0.0000067253	0.0000000037
2	142518602	144519483	645	40	-0.0000231212	0.0000000060
2	144519484	146445569	436	40	-0.0000613667	0.0000000049
2	146445570	147277161	151	15	-0.0000365920	0.0000000018
2	147277162	150210291	648	40	0.0000280792	0.0000000067
2	150210292	151731461	468	40	0.0000066574	0.0000000059
2	151731462	152486781	279	29	-0.0000334583	0.0000000029
2	152486782	154005055	466	40	-0.0000223343	0.0000000054
2	154005056	155391134	484	40	-0.0000850406	0.0000000060
2	155391135	157560634	546	40	-0.0000509021	0.0000000060
2	157560635	158533217	171	25	0.0000744413	0.0000000037
2	158533218	159577081	327	39	-0.0000281523	0.0000000041
2	159577082	161769732	705	40	0.0000020071	0.0000000068
2	161769733	163503550	386	36	0.0000199611	0.0000000037
2	163503551	164466637	191	23	-0.0000154133	0.0000000025
2	164466638	165178839	173	21	0.0000061412	0.0000000024
2	165178840	167160269	613	40	0.0000926212	0.0000000069
2	167160270	167355969	72	10	-0.0000198940	0.0000000012
2	167355970	169968235	816	40	0.0000658253	0.0000000074
2	169968236	171226244	476	40	0.0000777710	0.0000000054
2	171226245	173138904	558	40	-0.0001041751	0.0000000068
2	173138905	175588928	822	40	0.0000160984	0.0000000068
2	175588929	177363635	521	40	-0.0000395329	0.0000000056
2	177363636	178553182	460	40	0.0000322207	0.0000000046
2	178553183	181312738	992	40	0.0000471584	0.0000000073
2	181312739	182266030	296	32	-0.0000071781	0.0000000030
2	182266031	184357607	600	40	-0.0000082780	0.0000000063
2	184357608	185280172	231	25	-0.0000061204	0.0000000024
2	185280173	189882064	942	40	0.0000183339	0.0000000073
2	189882065	191973356	483	40	-0.0000270390	0.0000000050
2	191973357	195861163	699	40	0.0000130282	0.0000000073
2	195861164	196447455	150	19	-0.0000087237	0.0000000022
2	196447456	198078109	436	40	0.0000313441	0.0000000037
2	198078110	199311124	301	26	-0.0000377971	0.0000000033
2	199311125	201576283	617	40	-0.0000036332	0.0000000057
2	201576284	202818636	306	39	-0.0000672085	0.0000000037
2	202818637	205799240	735	40	-0.0000362672	0.0000000066
2	205799241	206735703	395	40	-0.0000233008	0.0000000051
2	206735704	208645398	635	40	-0.0000462322	0.0000000074
2	208645399	209941528	324	39	0.0000357866	0.0000000045
2	209941529	212379517	732	40	0.0000137927	0.0000000077
2	212379518	214014281	617	40	0.0000061249	0.0000000069
2	214014282	215573794	436	40	0.0000233571	0.0000000061
2	215573795	217715660	778	40	0.0000611422	0.0000000066
2	217715661	218395479	273	36	0.0000946867	0.0000000036
2	218395480	220454550	562	40	0.0000343998	0.0000000055
2	220454551	222521175	840	40	-0.0000254765	0.0000000079
2	222521176	224859418	775	40	0.0000391035	0.0000000067
2	224859419	225840003	345	36	-0.0000402506	0.0000000043
2	225840004	228119841	718	40	0.0000648250	0.0000000079
2	228119842	229370786	441	40	-0.0000915553	0.0000000056
2	229370787	231843388	907	40	-0.0000047072	0.0000000073
2	231843389	233550002	454	40	-0.0000101823	0.0000000050
2	233550003	235150986	762	40	0.0000183842	0.0000000068
2	235150987	236043549	419	40	0.0000486907	0.0000000057
2	236043550	237449031	452	40	0.0000264281	0.0000000052
2	237449032	238760980	523	40	0.0000400415	0.0000000060
2	238760981	239952642	401	40	0.0000142923	0.0000000042
2	239952643	241560083	628	40	-0.0000053277	0.0000000070
2	241560084	242149920	197	29	-0.0000130139	0.0000000023
2	242149921	243188919	120	14	0.0000412215	0.0000000018
3	60157	1441778	615	40	0.0000436479	0.0000000071
3	1441779	2992119	880	40	-0.0000576125	0.0000000071
3	2992120	4431646	761	40	-0.0000401148	0.0000000070
3	4431647	6083182	747	40	-0.0000123129	0.0000000068
3	6083183	7083386	427	40	-0.0000461433	0.0000000061
3	7083387	8648560	851	40	-0.0000595761	0.0000000064
3	8648561	9543182	468	40	-0.0000071590	0.0000000057
3	9543183	11019664	556	40	0.0000073727	0.0000000074
3	11019665	13070798	713	40	0.0000713017	0.0000000077
3	13070799	14816899	779	40	-0.0000374089	0.0000000072
3	14816900	16282441	520	40	-0.0000421271	0.0000000052
3	16282442	17891117	489	40	0.0000872609	0.0000000061
3	17891118	19125143	338	40	0.0000342369	0.0000000048
3	19125144	20091347	190	24	0.0000606451	0.0000000029
3	20091348	21643706	630	40	0.0000801857	0.0000000078
3	21643707	22204243	376	40	0.0000565590	0.0000000041
3	22204244	23804864	523	40	-0.0000201797	0.0000000067
3	23804865	25461557	736	40	0.0000868863	0.0000000083
3	25461558	26877768	461	40	0.0001053102	0.0000000049
3	26877769	27840909	262	30	-0.0000076874	0.0000000034
3	27840910	29142259	440	40	-0.0000238754	0.0000000059
3	29142260	30717954	671	40	0.0000348323	0.0000000075
3	30717955	32351714	649	40	0.0000939389	0.0000000079
3	32351715	33255591	269	40	0.0000595286	0.0000000031
3	33255592	35283457	572	40	-0.0000245155	0.0000000065
3	35283458	36486841	400	40	0.0000350325	0.0000000052
3	36486842	38356115	578	40	0.0000141378	0.0000000060
3	38356116	40221297	633	40	0.0000699155	0.0000000059
3	40221298	41064527	144	15	0.0000016636	0.0000000014
3	41064528	42540001	441	40	-0.0000225631	0.0000000047
3	42540002	45165152	684	40	0.0000404328	0.0000000071
3	45165153	46657499	496	40	0.0000887651	0.0000000051
3	46657500	47727211	170	17	0.0000258271	0.0000000019
3	47727212	49316971	240	15	-0.0000187307	0.0000000019
3	49316972	51832014	422	24	-0.0000655364	0.0000000038
3	51832015	54081389	585	40	-0.0000355676	0.0000000064
3	54081390	55348859	648	40	-0.0000087319	0.0000000073
3	55348860	56433906	361	40	-0.0000279959	0.0000000043
3	56433907	58157518	524	40	-0.0001110135	0.0000000059
3	58157519	60272905	956	40	-0.0000848216	0.0000000072
3	60272906	62355665	966	40	-0.0000118168	0.0000000069
3	62355666	63669285	659	40	-0.0000488352	0.0000000080
3	63669286	65273537	748	40	-0.0000000255	0.0000000064
3	65273538	66270446	341	40	-0.0000690758	0.0000000054
3	66270447	68286913	632	40	0.0001119455	0.0000000071
3	68286914	69276761	357	40	0.0000098098	0.0000000049
3	69276762	70449027	385	40	-0.0000403342	0.0000000052
3	70449028	72529328	781	40	-0.0001030846	0.0000000073
3	72529329	74321816	711	40	-0.0000167377	0.0000000072
3	74321817	75704948	268	30	0.0000607731	0.0000000033
3	75704949	77508834	478	40	-0.0000695509	0.0000000060
3	77508835	79024540	396	40	-0.0000152714	0.0000000046
3	79024541	81427309	486	40	0.0000158661	0.0000000057
3	81427310	82643885	294	27	-0.0000313580	0.0000000029
3	82643886	84367478	313	32	-0.0000327442	0.0000000042
3	84367479	85582230	251	22	0.0000469950	0.0000000032
3	85582231	87409731	445	40	0.0000076668	0.0000000047
3	87409732	88298372	183	18	0.0000402750	0.0000000018
3	88298373	94255315	456	40	-0.0000100274	0.0000000048
3	94255316	95311970	215	18	-0.0000298300	0.0000000021
3	95311971	98215949	557	40	-0.0000638175	0.0000000059
3	98215950	99373761	323	39	0.0000505206	0.0000000037
3	99373762	100592216	322	28	0.0000062465	0.0000000024
3	100592217	103084959	648	40	0.0000243571	0.0000000059
3	103084960	104581612	410	40	-0.0000453466	0.0000000041
3	104581613	106982810	702	40	-0.0000524050	0.0000000079
3	106982811	109522394	748	40	0.0000177470	0.0000000073
3	109522395	110513769	248	25	0.0000031764	0.0000000024
3	110513770	112815698	676	40	-0.0000385691	0.0000000062
3	112815699	113947862	363	40	-0.0000106065	0.0000000037
3	113947863	115447079	395	40	0.0000544251	0.0000000048
3	115447080	116800152	511	40	-0.0000457512	0.0000000062
3	116800153	118530250	563	40	0.0001043108	0.0000000064
3	118530251	120523054	654	40	0.0000319666	0.0000000060
3	120523055	121974096	361	36	-0.0000510664	0.0000000029
3	121974097	123517767	513	40	0.0000234771	0.0000000055
3	123517768	124936641	611	40	0.0000275629	0.0000000068
3	124936642	126214942	371	40	0.0000174849	0.0000000042
3	126214943	128194860	653	40	-0.0000231656	0.0000000076
3	128194861	130244734	413	40	-0.0000114772	0.0000000041
3	130244735	131836515	537	40	-0.0000072381	0.0000000051
3	131836516	133252172	506	40	-0.0000080521	0.0000000053
3	133252173	135456905	851	40	0.0000308357	0.0000000071
3	135456906	137371082	429	38	-0.0000190481	0.0000000052
3	137371083	139954596	832	40	-0.0000138378	0.0000000077
3	139954597	141339096	467	40	-0.0000089604	0.0000000054
3	141339097	143164627	611	40	-0.0000211403	0.0000000063
3	143164628	144410815	386	40	0.0000129399	0.0000000045
3	144410816	145664618	350	40	0.0000372853	0.0000000031
3	145664619	146726628	329	40	-0.0001396695	0.0000000041
3	146726629	149043236	674	40	-0.0000849876	0.0000000072
3	149043237	150252003	422	40	-0.0000356785	0.0000000049
3	150252004	151348729	362	40	0.0000231497	0.0000000042
3	151348730	153256570	559	40	0.0000489312	0.0000000061
3	153256571	154714217	400	40	0.0000419742	0.0000000035
3	154714218	156008699	323	40	-0.0000415833	0.0000000035
3	156008700	157312027	439	40	0.0000201963	0.0000000049
3	157312028	159477889	632	40	-0.0000716115	0.0000000060
3	159477890	161524503	562	40	-0.0000666016	0.0000000049
3	161524504	163253204	468	40	-0.0001097064	0.0000000049
3	163253205	165055468	431	35	-0.0000181046	0.0000000031
3	165055469	167117428	447	40	0.0000722273	0.0000000045
3	167117429	168580959	355	40	0.0000465524	0.0000000039
3	168580960	170964908	707	40	-0.0000458096	0.0000000070
3	170964909	172295730	502	40	0.0000817318	0.0000000060
3	172295731	173477284	375	40	0.0000752342	0.0000000046
3	173477285	175116538	592	40	-0.0000224066	0.0000000074
3	175116539	176320286	336	40	0.0000622441	0.0000000036
3	176320287	178107164	532	40	0.0000338525	0.0000000063
3	178107165	179374585	381	40	0.0000208592	0.0000000043
3	179374586	181511165	458	40	0.0000460527	0.0000000048
3	181511166	183769682	648	40	0.0000053641	0.0000000068
3	183769683	185068254	402	40	-0.0000447512	0.0000000049
3	185068255	186890343	648	40	0.0000353064	0.0000000063
3	186890344	188856213	793	40	0.0000389094	0.0000000072
3	188856214	190226606	610	40	-0.0000005795	0.0000000069
3	190226607	192343813	732	40	0.0000273302	0.0000000070
3	192343814	194059670	495	40	0.0000284330	0.0000000060
3	194059671	194786673	249	40	0.0000507343	0.0000000035
3	194786674	195971407	213	36	0.0000156420	0.0000000032
3	195971408	197075986	271	40	0.0000817017	0.0000000035
3	197075987	197946621	172	27	-0.0000569073	0.0000000027
4	10240	694714	98	12	-0.0000061437	0.0000000011
4	694715	1478710	204	24	-0.0000075181	0.0000000020
4	1478711	2842978	238	40	0.0000268105	0.0000000040
4	2842979	3846039	239	35	0.0000322940	0.0000000031
4	3846040	4684115	218	36	0.0000602515	0.0000000037
4	4684116	5502387	386	40	0.0000701828	0.0000000050
4	5502388	6773042	670	40	-0.0000188700	0.0000000064
4	6773043	7539691	402	40	0.0000505309	0.0000000051
4	7539692	8152234	337	40	0.0000697629	0.0000000047
4	8152235	9326478	232	38	-0.0000511294	0.0000000033
4	9326479	10699151	494	37	-0.0000625424	0.0000000054
4	10699152	12323033	637	40	-0.0000814583	0.0000000071
4	12323034	14272000	706	40	0.0000483332	0.0000000074
4	14272001	15147445	376	40	0.0000130541	0.0000000053
4	15147446	15927008	246	33	0.0000857416	0.0000000034
4	15927009	17383321	653	40	0.0000030449	0.0000000068
4	17383322	18841873	409	40	0.0000052328	0.0000000044
4	18841874	20544556	462	40	0.0000318805	0.0000000046
4	20544557	22319346	661	40	0.0000389403	0.0000000077
4	22319347	24135528	596	40	0.0000069786	0.0000000070
4	24135529	25609321	588	40	0.0000916947	0.0000000074
4	25609322	27343721	558	40	0.0000212447	0.0000000072
4	27343722	27965867	199	28	0.0000762607	0.0000000031
4	27965868	29762207	524	40	-0.0000029770	0.0000000064
4	29762208	30454534	157	24	-0.0000161258	0.0000000018
4	30454535	31782980	397	40	0.0000263318	0.0000000053
4	31782981	33172765	312	36	-0.0000263979	0.0000000045
4	33172766	35151414	357	32	-0.0000775955	0.0000000034
4	35151415	36020435	273	34	0.0000152677	0.0000000027
4	36020436	37255046	423	40	-0.0000199364	0.0000000040
4	37255047	38907021	774	40	-0.0000199430	0.0000000067
4	38907022	40202608	376	40	0.0000541823	0.0000000051
4	40202609	42213057	700	40	-0.0000203733	0.0000000067
4	42213058	43965044	522	40	0.0000188587	0.0000000054
4	43965045	45189156	337	38	0.0000386901	0.0000000033
4	45189157	47411895	447	40	-0.0000779444	0.0000000050
4	47411896	48123599	212	25	-0.0000225262	0.0000000024
4	48123600	53877432	468	38	-0.0000545505	0.0000000053
4	53877433	55429555	524	40	-0.0000154939	0.0000000060
4	55429556	56547643	353	40	-0.0000532095	0.0000000043
4	56547644	58935007	830	40	0.0000126688	0.0000000073
4	58935008	60741086	449	40	-0.0000084839	0.0000000041
4	60741087	62371762	423	40	-0.0001528341	0.0000000052
4	62371763	64341000	428	40	-0.0000878444	0.0000000052
4	64341001	66600491	498	40	0.0000424075	0.0000000046
4	66600492	68059496	384	40	0.0000482929	0.0000000039
4	68059497	68854764	233	31	-0.0000395051	0.0000000034
4	68854765	71049151	427	40	0.0000514148	0.0000000039
4	71049152	72140557	213	27	0.0000217342	0.0000000024
4	72140558	74592389	480	40	0.0000646627	0.0000000056
4	74592390	77130706	708	40	0.0000672586	0.0000000065
4	77130707	79093978	707	40	0.0000195342	0.0000000068
4	79093979	80990296	542	40	0.0000627916	0.0000000052
4	80990297	82125314	240	30	0.0000088656	0.0000000031
4	82125315	83372592	354	40	0.0000165311	0.0000000035
4	83372593	84799655	465	40	-0.0000499039	0.0000000051
4	84799656	86930608	571	40	-0.0000760770	0.0000000063
4	86930609	87534647	135	18	-0.0000058644	0.0000000024
4	87534648	89238027	559	40	-0.0001444970	0.0000000068
4	89238028	90231563	315	40	-0.0000662568	0.0000000045
4	90231564	91560676	333	40	0.0000022174	0.0000000031
4	91560677	94233298	557	40	-0.0000195043	0.0000000063
4	94233299	96182187	594	40	-0.0000043686	0.0000000075
4	96182188	97540702	484	40	0.0000467412	0.0000000054
4	97540703	99424066	396	35	0.0000038134	0.0000000034
4	99424067	100678359	399	40	0.0000320047	0.0000000043
4	100678360	103221355	780	40	0.0000185695	0.0000000074
4	103221356	105305293	472	40	-0.0000647630	0.0000000061
4	105305294	107501304	569	40	-0.0000087249	0.0000000054
4	107501305	108815347	356	40	0.0000432313	0.0000000036
4	108815348	111256566	745	40	0.0000093752	0.0000000073
4	111256567	113870101	707	40	-0.0000347604	0.0000000069
4	113870102	115666245	595	40	0.0000180643	0.0000000074
4	115666246	117276928	330	35	-0.0000065891	0.0000000029
4	117276929	118479917	335	38	-0.0000437172	0.0000000034
4	118479918	119933511	405	40	-0.0000325144	0.0000000050
4	119933512	120392683	146	16	0.0000473643	0.0000000017
4	120392684	122657986	685	40	0.0000338456	0.0000000071
4	122657987	124286480	376	37	-0.0000638796	0.0000000040
4	124286481	125210861	256	35	0.0000204006	0.0000000039
4	125210862	126480885	384	40	0.0000317196	0.0000000045
4	126480886	127275476	218	31	0.0000272496	0.0000000030
4	127275477	127830292	161	22	0.0000085979	0.0000000017
4	127830293	128996664	190	15	-0.0000155941	0.0000000018
4	128996665	130591884	438	40	0.0000319020	0.0000000051
4	130591885	131283820	183	22	-0.0000087798	0.0000000027
4	131283821	132954032	349	40	0.0000949949	0.0000000044
4	132954033	134628433	367	39	0.0000029225	0.0000000036
4	134628434	136566406	421	40	-0.0000062843	0.0000000049
4	136566407	138541970	507	40	0.0000151477	0.0000000052
4	138541971	139556510	350	40	0.0000000403	0.0000000045
4	139556511	141084630	488	40	-0.0000028018	0.0000000061
4	141084631	143443264	694	40	-0.0000217177	0.0000000069
4	143443265	146178186	501	40	0.0000582373	0.0000000044
4	146178187	148521872	608	40	-0.0000158241	0.0000000066
4	148521873	150683579	516	40	-0.0000038320	0.0000000066
4	150683580	152782183	496	40	0.0000199671	0.0000000048
4	152782184	154477640	492	40	0.0000887097	0.0000000065
4	154477641	155056125	198	27	0.0000064687	0.0000000020
4	155056126	157485096	778	40	-0.0000524236	0.0000000070
4	157485097	158743717	313	40	-0.0000535195	0.0000000048
4	158743718	161058863	513	40	0.0000224963	0.0000000050
4	161058864	161826434	262	33	-0.0000413572	0.0000000034
4	161826435	163243678	432	40	-0.0000495176	0.0000000045
4	163243679	164478233	322	40	0.0000207215	0.0000000040
4	164478234	165823447	405	40	-0.0000220828	0.0000000044
4	165823448	167018857	354	40	-0.0000018331	0.0000000038
4	167018858	167852916	182	25	-0.0000092826	0.0000000022
4	167852917	169676824	569	40	-0.0000021748	0.0000000059
4	169676825	170776509	306	35	0.0000059417	0.0000000039
4	170776510	172558634	405	40	0.0000359246	0.0000000045
4	172558635	174264131	387	40	0.0000176400	0.0000000042
4	174264132	176570715	620	40	0.0000441211	0.0000000073
4	176570716	178991909	803	40	0.0000309496	0.0000000065
4	178991910	180122042	315	40	0.0000400965	0.0000000045
4	180122043	182066806	798	40	-0.0000676861	0.0000000070
4	182066807	183371274	699	40	-0.0000096215	0.0000000070
4	183371275	184929454	572	40	-0.0000499710	0.0000000070
4	184929455	186909089	844	40	0.0000607319	0.0000000069
4	186909090	188472980	597	40	-0.0000158576	0.0000000069
4	188472981	189693510	396	40	0.0000210677	0.0000000047
4	189693511	191043593	282	40	0.0000200420	0.0000000035
5	11940	982251	213	25	0.0000474310	0.0000000025
5	982252	2132441	438	40	-0.0000097881	0.0000000056
5	2132442	3361940	777	40	0.0000340399	0.0000000066
5	3361941	4632109	522	40	-0.0000757298	0.0000000055
5	4632110	5973232	683	40	0.0000181895	0.0000000066
5	5973233	7143217	558	40	0.0000282980	0.0000000059
5	7143218	8446335	571	40	0.0000453201	0.0000000064
5	8446336	9718831	587	40	-0.0000358374	0.0000000068
5	9718832	11173270	714	40	0.0000266140	0.0000000073
5	11173271	13464831	557	40	-0.0000130737	0.0000000056
5	13464832	14757803	574	40	0.0000240455	0.0000000062
5	14757804	16963612	737	40	-0.0000057223	0.0000000065
5	16963613	18051591	262	40	-0.0000321517	0.0000000034
5	18051592	19917715	538	40	0.0000513024	0.0000000058
5	19917716	22152072	435	40	0.0000372134	0.0000000040
5	22152073	23494323	396	40	-0.0000940929	0.0000000041
5	23494324	26184850	640	40	-0.0000169349	0.0000000065
5	26184851	26857603	150	22	0.0000450707	0.0000000021
5	26857604	27984512	215	32	0.0000043340	0.0000000030
5	27984513	29714819	393	40	-0.0000473787	0.0000000043
5	29714820	31390248	561	40	0.0000137516	0.0000000056
5	31390249	33500179	799	40	0.0000522762	0.0000000069
5	33500180	35048969	533	40	-0.0000143722	0.0000000058
5	35048970	36433953	468	40	-0.0000185331	0.0000000043
5	36433954	38802409	737	40	-0.0000234425	0.0000000069
5	38802410	40287728	526	40	-0.0000800671	0.0000000052
5	40287729	41888709	524	40	-0.0000225987	0.0000000047
5	41888710	43983498	390	31	-0.0000688257	0.0000000044
5	43983499	50163397	408	30	0.0000996888	0.0000000037
5	50163398	52134621	552	40	0.0000631591	0.0000000060
5	52134622	53703043	590	40	0.0000371298	0.0000000073
5	53703044	55417348	574	40	-0.0000051437	0.0000000053
5	55417349	56621101	489	40	-0.0000749504	0.0000000058
5	56621102	57340072	261	36	-0.0000094397	0.0000000028
5	57340073	58524621	521	40	-0.0000195671	0.0000000059
5	58524622	60935906	675	40	0.0000342113	0.0000000068
5	60935907	61672994	260	27	-0.0000256037	0.0000000029
5	61672995	63218986	472	40	-0.0000239051	0.0000000046
5	63218987	63968303	174	19	0.0000195021	0.0000000017
5	63968304	65911285	595	40	0.0000434406	0.0000000057
5	65911286	67850859	762	40	-0.0000006187	0.0000000074
5	67850860	71240455	423	40	0.0000082399	0.0000000065
5	71240456	73759325	937	40	0.0000542944	0.0000000072
5	73759326	75798865	660	40	0.0000315836	0.0000000061
5	75798866	77623331	691	40	-0.0000859015	0.0000000072
5	77623332	79393143	631	40	0.0000253629	0.0000000074
5	79393144	80481470	434	40	0.0000269773	0.0000000054
5	80481471	82025647	485	40	-0.0000116854	0.0000000061
5	82025648	83972688	513	40	-0.0000480317	0.0000000064
5	83972689	85767289	484	40	0.0000260858	0.0000000059
5	85767290	87389990	267	31	-0.0000257730	0.0000000037
5	87389991	88891529	297	32	-0.0000090789	0.0000000025
5	88891530	90422653	413	40	-0.0000065220	0.0000000044
5	90422654	91840541	259	32	-0.0000779151	0.0000000041
5	91840542	93809983	402	40	-0.0000502020	0.0000000045
5	93809984	95963518	665	40	-0.0000002623	0.0000000067
5	95963519	97315600	399	40	-0.0000581756	0.0000000036
5	97315601	99260991	467	40	-0.0000410345	0.0000000044
5	99260992	101578768	491	40	-0.0000376757	0.0000000047
5	101578769	103320004	460	40	0.0000256359	0.0000000045
5	103320005	104851482	402	40	0.0000027768	0.0000000047
5	104851483	105893054	163	21	0.0000393676	0.0000000028
5	105893055	107264195	547	40	0.0000310950	0.0000000074
5	107264196	108633933	374	40	0.0000417425	0.0000000048
5	108633934	110821143	604	40	0.0000318271	0.0000000065
5	110821144	111981561	409	40	-0.0000527728	0.0000000045
5	111981562	113396284	523	40	0.0000517421	0.0000000065
5	113396285	114830369	504	40	0.0000129544	0.0000000053
5	114830370	115831046	420	40	-0.0000694031	0.0000000051
5	115831047	117346212	537	40	-0.0000965402	0.0000000065
5	117346213	118608819	361	40	0.0000213202	0.0000000049
5	118608820	119669041	323	37	0.0000382219	0.0000000043
5	119669042	120452165	223	24	-0.0000416967	0.0000000031
5	120452166	122556904	644	40	-0.0000312029	0.0000000070
5	122556905	123798099	426	40	0.0000045713	0.0000000052
5	123798100	125785648	809	40	-0.0000341306	0.0000000075
5	125785649	127344603	416	40	0.0000076466	0.0000000047
5	127344604	129519024	627	40	0.0000211206	0.0000000058
5	129519025	132139648	590	40	-0.0000120697	0.0000000054
5	132139649	134777400	868	40	-0.0000798133	0.0000000067
5	134777401	136376049	571	40	0.0001171191	0.0000000060
5	136376050	139265071	669	40	0.0000162060	0.0000000061
5	139265072	140645970	336	30	-0.0000487459	0.0000000038
5	140645971	142981247	883	40	0.0000014758	0.0000000068
5	142981248	144943353	613	40	0.0000431471	0.0000000061
5	144943354	147181997	709	40	-0.0000074327	0.0000000076
5	147181998	148662623	533	40	-0.0000811327	0.0000000056
5	148662624	150561297	809	40	-0.0000013523	0.0000000070
5	150561298	152867773	810	40	0.0000312442	0.0000000072
5	152867774	153773087	419	40	0.0000001850	0.0000000045
5	153773088	155373504	548	40	-0.0000246487	0.0000000057
5	155373505	156628699	366	40	0.0000222908	0.0000000042
5	156628700	158825697	848	40	-0.0000830528	0.0000000076
5	158825698	159973943	407	40	0.0000201851	0.0000000045
5	159973944	161482132	500	40	0.0000564049	0.0000000044
5	161482133	162743907	347	40	0.0000056186	0.0000000034
5	162743908	163771581	371	40	-0.0000504988	0.0000000045
5	163771582	165642394	533	40	0.0000121264	0.0000000072
5	165642395	166847739	411	40	-0.0000636051	0.0000000060
5	166847740	168525317	742	40	0.0001024251	0.0000000071
5	168525318	169505663	468	40	0.0000302772	0.0000000055
5	169505664	171074291	638	40	0.0000048081	0.0000000074
5	171074292	172678326	649	40	0.0000126077	0.0000000069
5	172678327	173642870	482	40	0.0000462962	0.0000000056
5	173642871	175450594	790	40	-0.0000171307	0.0000000068
5	175450595	177251506	321	40	0.0000662328	0.0000000036
5	177251507	178413463	416	40	0.0000186498	0.0000000052
5	178413464	179401243	328	40	0.0000426650	0.0000000043
5	179401244	180559932	308	40	0.0000124979	0.0000000044
5	180559933	180885155	41	9	-0.0000102381	0.0000000005
6	73924	1452361	651	40	0.0000225693	0.0000000069
6	1452362	2458935	428	40	0.0000110329	0.0000000054
6	2458936	3573592	551	40	0.0000435856	0.0000000066
6	3573593	4617816	500	40	0.0000579887	0.0000000062
6	4617817	5791471	568	40	-0.0000237642	0.0000000068
6	5791472	6785206	579	40	-0.0000141479	0.0000000065
6	6785207	7808935	495	40	0.0000143711	0.0000000058
6	7808936	9020025	492	40	-0.0000339055	0.0000000054
6	9020026	10540316	598	40	-0.0000087729	0.0000000067
6	10540317	11790815	533	40	-0.0000030541	0.0000000061
6	11790816	13209387	584	40	-0.0000628910	0.0000000057
6	13209388	14802923	661	40	-0.0000271381	0.0000000068
6	14802924	17386404	962	40	-0.0000269910	0.0000000068
6	17386405	19207486	622	40	-0.0000437013	0.0000000062
6	19207487	21684064	1006	40	-0.0000825728	0.0000000061
6	21684065	22748306	509	40	-0.0000255699	0.0000000059
6	22748307	23936618	483	40	0.0000142869	0.0000000060
6	23936619	24852274	387	40	-0.0000792095	0.0000000059
6	24852275	25684586	443	40	-0.0000192219	0.0000000054
6	25684587	26791232	460	35	-0.0000767205	0.0000000032
6	26791233	28017818	270	19	-0.0000758548	0.0000000019
6	28017819	28917607	181	14	-0.0000954905	0.0000000016
6	28917608	29737970	27	4	-0.0000458264	0.0000000004
6	29737971	30798167	1	0	0.0000000000	0.0000000000
6	30798168	31571217	95	17	-0.0001586728	0.0000000024
6	31571218	32682663	92	12	-0.0000402658	0.0000000018
6	32682664	33236496	166	26	-0.0000348899	0.0000000022
6	33236497	35455755	682	40	-0.0001640825	0.0000000078
6	35455756	37572595	781	40	-0.0000391747	0.0000000070
6	37572596	39295676	741	40	-0.0000781572	0.0000000074
6	39295677	40345114	390	40	0.0000520783	0.0000000049
6	40345115	42038720	703	40	-0.0000053541	0.0000000075
6	42038721	43756168	421	40	-0.0000169580	0.0000000050
6	43756169	45406562	557	40	-0.0000251182	0.0000000067
6	45406563	47311897	743	40	-0.0000520653	0.0000000069
6	47311898	48391124	338	38	-0.0000118515	0.0000000036
6	48391125	50386144	482	40	0.0000222146	0.0000000042
6	50386145	52210475	602	40	-0.0000057901	0.0000000050
6	52210476	53279101	418	40	0.0000499409	0.0000000052
6	53279102	55468269	837	40	-0.0000440362	0.0000000079
6	55468270	56105312	204	20	-0.0000034791	0.0000000014
6	56105313	57599464	339	37	0.0000196152	0.0000000035
6	57599465	61880511	113	9	0.0000225269	0.0000000009
6	61880512	63552887	328	22	-0.0000281495	0.0000000032
6	63552888	65765741	439	40	-0.0000188405	0.0000000039
6	65765742	67329214	476	40	0.0000786126	0.0000000048
6	67329215	68849482	457	40	-0.0000177517	0.0000000048
6	68849483	69523447	210	26	0.0000340343	0.0000000029
6	69523448	71609509	721	40	-0.0000049562	0.0000000074
6	71609510	73450096	619	40	-0.0000240994	0.0000000054
6	73450097	75462002	555	40	0.0000106471	0.0000000053
6	75462003	77414880	436	40	0.0000122196	0.0000000034
6	77414881	78957727	480	40	-0.0000347925	0.0000000038
6	78957728	80691169	570	40	-0.0000029887	0.0000000054
6	80691170	81929221	359	27	-0.0000075888	0.0000000028
6	81929222	83127148	342	40	0.0000848305	0.0000000038
6	83127149	85209988	544	40	-0.0000100969	0.0000000052
6	85209989	87069499	587	40	0.0000023148	0.0000000047
6	87069500	88822139	531	40	0.0000458014	0.0000000054
6	88822140	89973051	423	40	-0.0000268113	0.0000000049
6	89973052	91843195	714	40	0.0000157448	0.0000000066
6	91843196	93428643	461	40	-0.0000330873	0.0000000054
6	93428644	94118141	279	40	0.0000113169	0.0000000030
6	94118142	94441174	81	8	-0.0000061837	0.0000000009
6	94441175	97093510	608	40	-0.0000124906	0.0000000069
6	97093511	97842283	226	26	-0.0000005029	0.0000000026
6	97842284	100630145	778	40	-0.0000414543	0.0000000075
6	100630146	102636771	479	40	-0.0000360345	0.0000000049
6	102636772	103983394	328	32	0.0000586488	0.0000000034
6	103983395	106056732	645	40	-0.0000236314	0.0000000061
6	106056733	107450305	604	40	-0.0000011209	0.0000000068
6	107450306	108464379	334	40	-0.0000072364	0.0000000044
6	108464380	110304246	508	40	0.0000201820	0.0000000068
6	110304247	112345013	589	40	0.0000152513	0.0000000069
6	112345014	114220832	613	40	-0.0000052010	0.0000000060
6	114220833	116131395	469	40	0.0000458425	0.0000000038
6	116131396	117672971	450	40	-0.0000344852	0.0000000043
6	117672972	118963114	359	38	-0.0000426060	0.0000000031
6	118963115	119963277	305	35	0.0000361615	0.0000000034
6	119963278	120512127	163	18	0.0000113172	0.0000000020
6	120512128	121905675	366	35	0.0000188849	0.0000000038
6	121905676	123856180	573	40	-0.0000616712	0.0000000055
6	123856181	125424382	586	40	-0.0000665341	0.0000000077
6	125424383	127540460	450	40	-0.0000043771	0.0000000051
6	127540461	129861030	588	40	-0.0000423289	0.0000000067
6	129861031	130935453	483	40	0.0000453301	0.0000000058
6	130935454	132765668	587	40	-0.0000648865	0.0000000062
6	132765669	134244242	571	40	-0.0000064539	0.0000000052
6	134244243	136224176	573	40	0.0000007352	0.0000000069
6	136224177	137614217	329	40	0.0000318678	0.0000000045
6	137614218	138822628	460	40	-0.0000043946	0.0000000051
6	138822629	139845435	374	40	-0.0000116182	0.0000000059
6	139845436	142288478	520	40	-0.0001258524	0.0000000061
6	142288479	145319809	1019	40	-0.0000057676	0.0000000062
6	145319810	146665423	301	25	-0.0000271235	0.0000000024
6	146665424	148920351	902	40	-0.0000249008	0.0000000064
6	148920352	150253403	501	40	-0.0000277077	0.0000000052
6	150253404	151912702	868	40	-0.0000248592	0.0000000070
6	151912703	153094495	536	40	0.0000030290	0.0000000060
6	153094496	154974119	781	40	0.0001581260	0.0000000077
6	154974120	156763325	712	40	0.0000307574	0.0000000071
6	156763326	158218718	371	40	0.0000608664	0.0000000056
6	158218719	160580496	996	40	-0.0000424400	0.0000000067
6	160580497	162169563	748	40	0.0000036115	0.0000000068
6	162169564	162931202	360	40	0.0000216046	0.0000000047
6	162931203	164383520	661	40	-0.0000216196	0.0000000071
6	164383521	165586863	532	40	0.0000706604	0.0000000063
6	165586864	167024732	777	40	0.0000073106	0.0000000072
6	167024733	168042834	411	40	0.0001319860	0.0000000057
6	168042835	169382049	563	40	0.0000342304	0.0000000066
6	169382050	170330172	377	40	0.0000397203	0.0000000039
6	170330173	171051269	225	30	-0.0000267040	0.0000000028
7	16161	972751	83	14	0.0000153647	0.0000000020
7	972752	1353066	87	16	0.0000629784	0.0000000023
7	1353067	2062397	125	21	-0.0000061081	0.0000000018
7	2062398	2772226	192	33	-0.0000454267	0.0000000028
7	2772227	4573427	820	40	-0.0000139395	0.0000000071
7	4573428	5416231	191	39	-0.0000213678	0.0000000030
7	5416232	5854525	94	16	-0.0000010200	0.0000000022
7	5854526	6573856	130	21	0.0000344129	0.0000000027
7	6573857	7808751	409	40	0.0000727921	0.0000000053
7	7808752	9123422	714	40	-0.0000302047	0.0000000068
7	9123423	9987498	352	40	0.0000049043	0.0000000051
7	9987499	11299197	458	40	-0.0000343935	0.0000000064
7	11299198	12635460	680	40	-0.0000449415	0.0000000075
7	12635461	13884201	558	40	0.0000384830	0.0000000079
7	13884202	15143656	567	40	0.0001242168	0.0000000050
7	15143657	16902068	739	40	0.0000001427	0.0000000081
7	16902069	19481546	1008	40	0.0000928997	0.0000000084
7	19481547	20124907	226	28	0.0000340205	0.0000000029
7	20124908	22507628	1172	40	-0.0000867181	0.0000000078
7	22507629	23471441	302	40	-0.0000014706	0.0000000041
7	23471442	25077258	686	40	-0.0000343249	0.0000000071
7	25077259	25909554	438	40	0.0000869750	0.0000000046
7	25909555	28360308	866	40	0.0000649259	0.0000000063
7	28360309	31137288	1204	40	0.0000401058	0.0000000070
7	31137289	33555767	965	40	-0.0000172670	0.0000000064
7	33555768	36213537	991	40	-0.0000488935	0.0000000081
7	36213538	37555183	616	40	-0.0000604610	0.0000000072
7	37555184	38966702	610	40	-0.0000636122	0.0000000066
7	38966703	39862669	310	35	-0.0000587842	0.0000000038
7	39862670	42001810	603	40	0.0000036039	0.0000000059
7	42001811	43159073	393	40	-0.0000636768	0.0000000043
7	43159074	44763827	447	40	-0.0000557392	0.0000000045
7	44763828	45952921	338	40	-0.0000568698	0.0000000054
7	45952922	46986719	404	40	0.0000285853	0.0000000042
7	46986720	49212277	873	40	-0.0000118936	0.0000000070
7	49212278	51675321	867	40	-0.0000166693	0.0000000078
7	51675322	53176311	627	40	-0.0000683368	0.0000000062
7	53176312	54222975	364	40	0.0000079065	0.0000000038
7	54222976	55691583	517	40	0.0000166983	0.0000000057
7	55691584	57382637	235	27	-0.0000240789	0.0000000023
7	57382638	63307358	123	14	-0.0000097887	0.0000000012
7	63307359	63641124	52	6	0.0000065879	0.0000000006
7	63641125	65689808	292	25	0.0000472398	0.0000000028
7	65689809	68234073	691	40	-0.0000535607	0.0000000077
7	68234074	69085363	260	39	-0.0000606668	0.0000000035
7	69085364	71874884	820	40	-0.0000644091	0.0000000075
7	71874885	73334601	145	23	0.0000389767	0.0000000028
7	73334602	76458563	328	40	0.0000349427	0.0000000036
7	76458564	78093858	594	40	-0.0000433627	0.0000000063
7	78093859	79888068	636	40	-0.0001241760	0.0000000076
7	79888069	82022685	702	40	0.0000289673	0.0000000078
7	82022686	83801202	611	40	-0.0000420278	0.0000000072
7	83801203	85572181	396	39	0.0000588130	0.0000000039
7	85572182	87825003	553	40	-0.0000188445	0.0000000052
7	87825004	90661783	947	40	0.0000808467	0.0000000067
7	90661784	92493751	412	40	-0.0000485469	0.0000000044
7	92493752	93966600	342	40	0.0000712998	0.0000000047
7	93966601	96073507	683	40	-0.0000724932	0.0000000071
7	96073508	97099569	305	40	-0.0000616932	0.0000000036
7	97099570	98715473	404	40	-0.0000953635	0.0000000047
7	98715474	100196650	233	25	-0.0000611040	0.0000000035
7	100196651	101199252	229	35	0.0000246305	0.0000000029
7	101199253	103197509	377	40	-0.0000226893	0.0000000046
7	103197510	104159524	463	40	-0.0000681962	0.0000000055
7	104159525	105682904	523	40	-0.0000585742	0.0000000057
7	105682905	107780177	725	40	-0.0000362995	0.0000000072
7	107780178	109647593	547	40	0.0000538256	0.0000000059
7	109647594	112618683	818	40	-0.0000359639	0.0000000069
7	112618684	113712386	216	26	0.0000158583	0.0000000029
7	113712387	116780177	702	40	-0.0000213202	0.0000000077
7	116780178	118351580	368	38	-0.0000965682	0.0000000040
7	118351581	121045272	427	40	-0.0001402306	0.0000000052
7	121045273	121933629	224	28	0.0000097628	0.0000000021
7	121933630	124156804	653	40	0.0000935353	0.0000000065
7	124156805	124167551	6	2	-0.0000069612	0.0000000001
7	124167552	126519169	657	40	0.0000076909	0.0000000062
7	126519170	126869220	138	18	-0.0000125111	0.0000000016
7	126869221	128778385	575	40	0.0000332549	0.0000000052
7	128778386	130422413	453	40	0.0000507555	0.0000000052
7	130422414	132805847	901	40	0.0000610029	0.0000000068
7	132805848	134307595	426	35	0.0000150775	0.0000000046
7	134307596	135591082	493	40	0.0000430458	0.0000000053
7	135591083	136876561	402	40	0.0000980459	0.0000000051
7	136876562	138744678	599	40	0.0000708849	0.0000000071
7	138744679	139933176	321	40	0.0000379895	0.0000000043
7	139933177	140235209	117	25	-0.0000740769	0.0000000023
7	140235210	141226556	278	32	0.0000083056	0.0000000033
7	141226557	142656309	344	40	0.0000630881	0.0000000034
7	142656310	144968288	538	40	0.0000012802	0.0000000051
7	144968289	146427959	373	40	0.0000239656	0.0000000039
7	146427960	147815317	561	40	0.0000006077	0.0000000057
7	147815318	149840657	604	40	0.0000259973	0.0000000070
7	149840658	150711504	297	37	0.0000363581	0.0000000041
7	150711505	152249805	442	40	-0.0000371862	0.0000000063
7	152249806	153674018	453	40	-0.0000165021	0.0000000052
7	153674019	154964729	527	40	0.0000439313	0.0000000065
7	154964730	156065249	465	40	-0.0000101902	0.0000000060
7	156065250	157634596	507	40	0.0000321382	0.0000000063
7	157634597	159128574	441	40	-0.0000643018	0.0000000047
8	10422	1044216	391	40	-0.0000139613	0.0000000059
8	1044217	1163244	70	12	0.0000180983	0.0000000010
8	1163245	2042941	443	40	-0.0000179178	0.0000000055
8	2042942	2573278	254	39	0.0000296916	0.0000000041
8	2573279	3392925	586	40	-0.0000149045	0.0000000069
8	3392926	3783016	421	40	-0.0000179853	0.0000000058
8	3783017	4480475	657	40	-0.0000387445	0.0000000074
8	4480476	5146926	488	40	-0.0000889251	0.0000000067
8	5146927	6142796	750	40	-0.0000175173	0.0000000063
8	6142797	7153078	528	40	-0.0000792578	0.0000000074
8	7153079	9154693	548	40	-0.0000692556	0.0000000072
8	9154694	9640786	231	24	-0.0000917190	0.0000000063
8	9640787	10463196	459	40	-0.0000405957	0.0000000061
8	10463197	11278997	382	40	0.0000124339	0.0000000045
8	11278998	13491774	781	40	0.0000463734	0.0000000072
8	13491775	13944991	252	31	-0.0000540265	0.0000000037
8	13944992	15991659	1073	40	-0.0000554560	0.0000000077
8	15991660	17387875	544	40	0.0000453475	0.0000000073
8	17387876	17836398	264	35	0.0000436733	0.0000000041
8	17836399	19492839	952	40	0.0000074086	0.0000000069
8	19492840	20060855	325	40	0.0000228002	0.0000000228
8	20060856	21661736	739	40	0.0000310456	0.0000000078
8	21661737	22897056	439	40	0.0000304976	0.0000000061
8	22897057	24674717	638	40	-0.0000162447	0.0000000065
8	24674718	25483453	282	35	-0.0000358658	0.0000000038
8	25483454	26682524	607	40	-0.0000370294	0.0000000076
8	26682525	28162391	721	40	-0.0000518485	0.0000000070
8	28162392	29327895	359	40	0.0000130278	0.0000000035
8	29327896	31133728	532	40	0.0001043626	0.0000000056
8	31133729	31548359	124	20	-0.0000202431	0.0000000019
8	31548360	32977217	479	40	0.0000427785	0.0000000046
8	32977218	35317231	528	40	0.0000311176	0.0000000050
8	35317232	37379388	356	40	-0.0000157845	0.0000000042
8	37379389	38938805	284	40	-0.0000182512	0.0000000034
8	38938806	40703336	573	40	0.0000006368	0.0000000062
8	40703337	41721453	372	40	-0.0000223086	0.0000000045
8	41721454	42773822	187	22	0.0000665140	0.0000000024
8	42773823	46841314	43	7	-0.0000210661	0.0000000005
8	46841315	50082469	390	36	-0.0000514167	0.0000000042
8	50082470	53302929	771	40	0.0000228684	0.0000000068
8	53302930	54418043	339	40	0.0000118280	0.0000000036
8	54418044	55945580	468	40	-0.0000538465	0.0000000052
8	55945581	56956382	343	40	0.0000164301	0.0000000035
8	56956383	59068650	659	40	0.0000252861	0.0000000068
8	59068651	59728099	274	34	-0.0000330589	0.0000000026
8	59728100	62329098	777	40	0.0000464839	0.0000000075
8	62329099	63349305	323	35	-0.0000041852	0.0000000031
8	63349306	65232871	513	40	0.0000524084	0.0000000053
8	65232872	66489089	358	40	-0.0000523747	0.0000000049
8	66489090	69863056	852	40	0.0000301393	0.0000000069
8	69863057	70867978	399	40	-0.0000368279	0.0000000046
8	70867979	72289453	434	40	-0.0000612095	0.0000000048
8	72289454	73817198	681	40	-0.0000404691	0.0000000071
8	73817199	75445063	604	40	0.0000014602	0.0000000069
8	75445064	76456541	288	37	0.0000340622	0.0000000026
8	76456542	79132860	683	40	-0.0000737689	0.0000000056
8	79132861	81956394	790	40	-0.0000897017	0.0000000073
8	81956395	82693738	215	32	0.0000298132	0.0000000032
8	82693739	84225588	412	40	-0.0000400421	0.0000000037
8	84225589	85955618	352	39	-0.0000042422	0.0000000036
8	85955619	87411708	265	25	-0.0000650664	0.0000000031
8	87411709	89085480	474	40	0.0000618012	0.0000000045
8	89085481	90638161	390	40	-0.0000805717	0.0000000037
8	90638162	93554385	663	40	-0.0000136798	0.0000000065
8	93554386	95005526	381	40	0.0000477042	0.0000000049
8	95005527	96534805	615	40	0.0000395037	0.0000000060
8	96534806	99401580	1082	40	-0.0000785040	0.0000000070
8	99401581	101620957	498	40	-0.0000281039	0.0000000046
8	101620958	104123305	978	40	-0.0001131232	0.0000000071
8	104123306	104988751	246	24	0.0000147249	0.0000000026
8	104988752	107410753	814	40	0.0000281791	0.0000000076
8	107410754	108648176	462	40	0.0001006841	0.0000000047
8	108648177	109248172	204	23	0.0000081789	0.0000000021
8	109248173	110484313	347	31	-0.0000132040	0.0000000030
8	110484314	111850846	286	33	-0.0000469100	0.0000000027
8	111850847	113064319	230	19	0.0000421778	0.0000000024
8	113064320	116096494	772	40	-0.0001030825	0.0000000068
8	116096495	119685456	1138	40	0.0000106832	0.0000000082
8	119685457	121201699	515	40	-0.0000290550	0.0000000056
8	121201700	124861458	1323	40	-0.0000422638	0.0000000079
8	124861459	125683718	323	39	-0.0001190938	0.0000000041
8	125683719	126410916	253	40	0.0000047480	0.0000000036
8	126410917	128659110	905	40	0.0000337328	0.0000000092
8	128659111	130381138	662	40	0.0000249556	0.0000000074
8	130381139	131639624	461	40	-0.0000697105	0.0000000050
8	131639625	133351143	752	40	-0.0000127839	0.0000000072
8	133351144	134570000	698	40	0.0000592401	0.0000000071
8	134570001	136035604	746	40	0.0000201059	0.0000000068
8	136035605	137524150	547	40	-0.0000006557	0.0000000056
8	137524151	139254829	727	40	-0.0000076086	0.0000000066
8	139254830	140725642	734	40	-0.0000238859	0.0000000066
8	140725643	143044913	795	40	0.0000445476	0.0000000074
8	143044914	144236880	337	40	-0.0000279884	0.0000000046
8	144236881	146303866	314	40	0.0000062182	0.0000000042
9	10023	1079706	557	40	0.0000377363	0.0000000068
9	1079707	1916876	594	40	0.0000844056	0.0000000075
9	1916877	3190063	755	40	0.0000529162	0.0000000071
9	3190064	4495327	732	40	-0.0000119572	0.0000000067
9	4495328	4884925	221	39	-0.0000024279	0.0000000031
9	4884926	6557588	545	40	0.0000075752	0.0000000071
9	6557589	7154922	288	38	-0.0000023206	0.0000000048
9	7154923	8456298	909	40	-0.0000369210	0.0000000070
9	8456299	9166402	394	40	-0.0001005753	0.0000000055
9	9166403	10879252	829	40	0.0000602788	0.0000000076
9	10879253	12276488	460	40	0.0000539298	0.0000000054
9	12276489	14836362	1245	40	-0.0000599150	0.0000000067
9	14836363	16659654	787	40	-0.0000161408	0.0000000080
9	16659655	18661050	925	40	0.0000126246	0.0000000074
9	18661051	20463533	812	40	-0.0000070643	0.0000000073
9	20463534	22206558	677	40	-0.0000154398	0.0000000070
9	22206559	24158517	590	40	0.0000458644	0.0000000069
9	24158518	25330809	292	40	0.0000028552	0.0000000045
9	25330810	26111756	271	40	0.0000232378	0.0000000040
9	26111757	28224282	939	40	0.0000325245	0.0000000071
9	28224283	28811583	243	36	0.0001103237	0.0000000035
9	28811584	30387391	549	40	0.0000148157	0.0000000051
9	30387392	31310382	242	23	0.0000096059	0.0000000027
9	31310383	32019367	205	24	-0.0000298058	0.0000000024
9	32019368	33578333	576	40	0.0000440400	0.0000000064
9	33578334	34642242	278	27	0.0000345644	0.0000000024
9	34642243	36743282	568	40	-0.0000440286	0.0000000063
9	36743283	38641598	708	40	0.0000834061	0.0000000073
9	38641599	65472189	101	21	-0.0000321673	0.0000000014
9	65472190	72512710	551	40	0.0000684680	0.0000000061
9	72512711	72753754	100	10	-0.0000220590	0.0000000013
9	72753755	74253039	588	40	0.0000401650	0.0000000058
9	74253040	76203945	564	40	-0.0000671037	0.0000000049
9	76203946	76973080	177	22	-0.0000170470	0.0000000019
9	76973081	78900182	795	40	0.0000154922	0.0000000065
9	78900183	79471207	280	40	0.0000394302	0.0000000033
9	79471208	81079054	518	40	0.0000978831	0.0000000068
9	81079055	82590927	626	40	-0.0000251917	0.0000000071
9	82590928	84211232	648	40	-0.0000415484	0.0000000071
9	84211233	85440800	325	40	-0.0000576394	0.0000000048
9	85440801	86938195	628	40	0.0000004104	0.0000000076
9	86938196	88109332	490	40	0.0000482196	0.0000000054
9	88109333	88590416	110	14	-0.0000036287	0.0000000010
9	88590417	90136245	589	40	0.0000153981	0.0000000065
9	90136246	92528697	831	40	0.0000356318	0.0000000066
9	92528698	94167202	615	40	-0.0000145695	0.0000000071
9	94167203	96671697	776	40	0.0000491682	0.0000000075
9	96671698	98922039	655	40	0.0000173782	0.0000000071
9	98922040	101592858	826	40	0.0000721070	0.0000000073
9	101592859	104624436	947	40	0.0000058105	0.0000000069
9	104624437	105967975	566	40	-0.0000788663	0.0000000060
9	105967976	107581748	597	40	-0.0000189556	0.0000000063
9	107581749	109298753	588	40	-0.0001424323	0.0000000145
9	109298754	110695061	561	40	-0.0000306569	0.0000000069
9	110695062	112778023	1078	40	-0.0000222182	0.0000000069
9	112778024	114831081	891	40	0.0001408809	0.0000000083
9	114831082	115693144	309	30	0.0000096013	0.0000000033
9	115693145	117019800	625	40	-0.0000079319	0.0000000068
9	117019801	117921959	458	40	0.0000530469	0.0000000063
9	117921960	121321536	1444	40	-0.0000035282	0.0000000068
9	121321537	122260296	356	40	-0.0000341411	0.0000000041
9	122260297	124871321	761	40	0.0000589737	0.0000000066
9	124871322	126971886	672	40	-0.0000353512	0.0000000076
9	126971887	129059664	550	40	-0.0000332217	0.0000000058
9	129059665	130055509	322	40	-0.0001127070	0.0000000043
9	130055510	132165469	466	40	-0.0000132899	0.0000000066
9	132165470	133223216	313	40	-0.0000382338	0.0000000044
9	133223217	134127887	327	40	0.0000504680	0.0000000044
9	134127888	135298841	423	40	0.0000435191	0.0000000049
9	135298842	137041121	636	40	0.0000292919	0.0000000073
9	137041122	137589363	198	40	0.0000595384	0.0000000033
9	137589364	138938977	608	40	0.0000461420	0.0000000069
9	138938978	139500341	109	19	-0.0000177962	0.0000000013
9	139500342	141144795	219	34	0.0000351707	0.0000000030
10	60523	751338	115	15	-0.0000082984	0.0000000018
10	751339	1523543	336	40	-0.0000089256	0.0000000047
10	1523544	2254499	431	40	-0.0000237404	0.0000000049
10	2254500	3352698	656	40	0.0000338098	0.0000000070
10	3352699	4572273	603	40	0.0000113959	0.0000000075
10	4572274	5983761	684	40	-0.0000105522	0.0000000073
10	5983762	7171483	737	40	0.0000591030	0.0000000073
10	7171484	8774664	837	40	0.0000231874	0.0000000079
10	8774665	10249395	561	40	-0.0000058385	0.0000000056
10	10249396	12586796	1012	40	0.0000791651	0.0000000065
10	12586797	13321599	430	40	0.0000146993	0.0000000055
10	13321600	15026067	932	40	0.0000557944	0.0000000065
10	15026068	16551766	547	40	0.0000936895	0.0000000075
10	16551767	18537266	761	40	-0.0000198136	0.0000000074
10	18537267	19716877	524	40	-0.0000793338	0.0000000060
10	19716878	22772282	970	40	0.0000138051	0.0000000072
10	22772283	23175131	122	14	-0.0000298478	0.0000000017
10	23175132	25578595	754	40	0.0000356749	0.0000000068
10	25578596	26888683	522	40	-0.0000361594	0.0000000050
10	26888684	29323235	887	40	-0.0000702151	0.0000000073
10	29323236	29783691	264	40	-0.0001017751	0.0000000034
10	29783692	30458837	360	40	-0.0000166438	0.0000000048
10	30458838	31907518	476	40	0.0000715827	0.0000000050
10	31907519	33707967	606	40	0.0000291013	0.0000000070
10	33707968	35109354	487	40	-0.0000324489	0.0000000053
10	35109355	36572507	414	40	0.0000283599	0.0000000048
10	36572508	37790028	316	40	0.0000264191	0.0000000035
10	37790029	42372578	195	13	0.0000015649	0.0000000013
10	42372579	43894770	291	34	-0.0000619241	0.0000000036
10	43894771	44730074	282	34	0.0000437022	0.0000000032
10	44730075	48760449	652	40	0.0001023959	0.0000000080
10	48760450	50840914	640	40	0.0001324815	0.0000000063
10	50840915	53616628	742	40	-0.0000175960	0.0000000081
10	53616629	55103571	675	40	0.0000313803	0.0000000069
10	55103572	57031139	752	40	0.0000890214	0.0000000075
10	57031140	57662145	176	18	-0.0000345286	0.0000000018
10	57662146	58959527	379	25	0.0000172165	0.0000000029
10	58959528	60289986	412	40	-0.0000434664	0.0000000037
10	60289987	61891408	579	40	0.0000170394	0.0000000063
10	61891409	62659678	295	33	-0.0000154835	0.0000000032
10	62659679	63341694	159	18	-0.0000124667	0.0000000020
10	63341695	65794113	826	40	0.0000595311	0.0000000083
10	65794114	67549614	473	40	-0.0000283288	0.0000000046
10	67549615	69900147	880	40	0.0000338638	0.0000000071
10	69900148	70195990	106	11	0.0000187917	0.0000000015
10	70195991	72220849	861	40	0.0000510109	0.0000000073
10	72220850	73508511	724	40	0.0000565376	0.0000000068
10	73508512	75422549	414	35	0.0000583094	0.0000000045
10	75422550	78706813	818	40	0.0001083875	0.0000000079
10	78706814	80876748	993	40	0.0000465273	0.0000000067
10	80876749	82414678	475	40	0.0000458582	0.0000000059
10	82414679	84383744	709	40	-0.0000932762	0.0000000069
10	84383745	85458702	434	40	0.0000785944	0.0000000044
10	85458703	87937576	954	40	-0.0000806873	0.0000000073
10	87937577	89127063	264	35	0.0000139029	0.0000000033
10	89127064	91013380	712	40	0.0000057614	0.0000000073
10	91013381	92006580	370	40	-0.0000577859	0.0000000045
10	92006581	93335046	441	40	0.0000354577	0.0000000046
10	93335047	95396367	638	40	0.0000554920	0.0000000067
10	95396368	96221242	260	32	0.0000109234	0.0000000036
10	96221243	97822356	563	40	-0.0000275868	0.0000000049
10	97822357	100241301	885	40	-0.0000102579	0.0000000076
10	100241302	100668399	146	14	-0.0000001502	0.0000000017
10	100668400	102949238	743	40	0.0001044120	0.0000000077
10	102949239	104380409	294	28	0.0000477447	0.0000000028
10	104380410	106695047	742	40	-0.0000498716	0.0000000063
10	106695048	108726685	660	40	-0.0000434160	0.0000000078
10	108726686	110317704	633	40	-0.0000356515	0.0000000070
10	110317705	112561492	651	40	-0.0000363151	0.0000000066
10	112561493	115328431	1011	40	0.0000337455	0.0000000083
10	115328432	116421405	480	40	0.0000147106	0.0000000061
10	116421406	119523933	967	40	0.0001790525	0.0000000085
10	119523934	120591352	395	40	0.0000214202	0.0000000051
10	120591353	122407322	649	40	-0.0000006298	0.0000000079
10	122407323	123231464	384	40	0.0000172510	0.0000000050
10	123231465	123900544	266	40	0.0000166222	0.0000000030
10	123900545	125869345	828	40	0.0000827772	0.0000000080
10	125869346	128001097	914	40	0.0000662847	0.0000000076
10	128001098	129154361	513	40	0.0000218170	0.0000000054
10	129154362	130844283	907	40	0.0000180545	0.0000000067
10	130844284	131741326	401	40	0.0000098384	0.0000000054
10	131741327	132580244	408	40	0.0000369557	0.0000000045
10	132580245	134336328	813	40	0.0000271455	0.0000000067
10	134336329	134494672	39	6	0.0000208302	0.0000000006
10	134494673	135523864	247	38	-0.0000376761	0.0000000031
11	70855	1213589	223	40	-0.0000019580	0.0000000041
11	1213590	3665480	778	40	-0.0000065452	0.0000000061
11	3665481	4746708	412	40	0.0000323291	0.0000000048
11	4746709	6322868	949	40	-0.0000386528	0.0000000070
11	6322869	7436700	531	40	0.0000494779	0.0000000058
11	7436701	8333273	474	40	0.0000464164	0.0000000062
11	8333274	9087316	268	30	0.0000399157	0.0000000030
11	9087317	10952026	624	40	0.0000043042	0.0000000074
11	10952027	12564228	1075	40	0.0000073412	0.0000000073
11	12564229	13373123	393	40	-0.0000187007	0.0000000057
11	13373124	15742551	754	40	-0.0000700199	0.0000000076
11	15742552	17578401	588	40	-0.0000080573	0.0000000050
11	17578402	19569534	758	40	-0.0000267911	0.0000000067
11	19569535	21017137	768	40	-0.0000245012	0.0000000070
11	21017138	22374141	539	40	0.0000192593	0.0000000062
11	22374142	24088516	580	40	-0.0000174832	0.0000000057
11	24088517	26045752	649	40	0.0000648067	0.0000000078
11	26045753	27020460	347	40	0.0000649492	0.0000000042
11	27020461	28481592	401	40	-0.0000394154	0.0000000047
11	28481593	30141356	409	40	0.0000489264	0.0000000056
11	30141357	32276900	611	40	0.0000372115	0.0000000067
11	32276901	33958738	541	40	0.0000133385	0.0000000056
11	33958739	35502604	796	40	-0.0001058872	0.0000000071
11	35502605	37116814	729	40	-0.0000519438	0.0000000066
11	37116815	39382002	414	40	0.0000854032	0.0000000048
11	39382003	42310002	909	40	0.0000491275	0.0000000071
11	42310003	44693798	954	40	-0.0000342422	0.0000000069
11	44693799	47006136	700	40	0.0001019495	0.0000000086
11	47006137	49866049	459	25	-0.0000785599	0.0000000082
11	49866050	54695472	128	7	0.0000014716	0.0000000016
11	54695473	55082656	6	3	-0.0000281280	0.0000000002
11	55082657	58457494	1026	40	-0.0000043510	0.0000000076
11	58457495	58780548	65	6	0.0000020947	0.0000000007
11	58780549	62223770	943	40	0.0000977742	0.0000000088
11	62223771	63804568	290	37	-0.0000190930	0.0000000040
11	63804569	65898630	444	40	0.0000382652	0.0000000070
11	65898631	68005824	292	34	0.0000253129	0.0000000037
11	68005825	69516129	437	40	-0.0000485619	0.0000000050
11	69516130	70926291	446	40	0.0000213131	0.0000000057
11	70926292	72286016	290	35	-0.0000050962	0.0000000032
11	72286017	74412350	574	40	0.0000544582	0.0000000054
11	74412351	76797208	730	40	-0.0000348561	0.0000000076
11	76797209	78355057	398	35	0.0000024541	0.0000000038
11	78355058	80722372	1045	40	0.0000386023	0.0000000069
11	80722373	81266711	258	38	-0.0000398182	0.0000000039
11	81266712	84381271	1143	40	-0.0000029452	0.0000000069
11	84381272	86619300	759	40	-0.0000043972	0.0000000069
11	86619301	87430234	301	35	0.0000060035	0.0000000039
11	87430235	89208935	555	40	0.0000860152	0.0000000075
11	89208936	90966489	371	34	0.0000364751	0.0000000037
11	90966490	92077143	343	38	0.0000029422	0.0000000037
11	92077144	93276156	388	40	-0.0000486245	0.0000000039
11	93276157	94242259	263	25	0.0000240363	0.0000000034
11	94242260	95726040	586	40	0.0000435914	0.0000000069
11	95726041	97057057	489	40	0.0000105911	0.0000000056
11	97057058	98705064	549	40	-0.0000371797	0.0000000068
11	98705065	100417168	751	40	0.0000343312	0.0000000066
11	100417169	101331120	400	40	-0.0000806457	0.0000000039
11	101331121	103959635	1056	40	0.0000539899	0.0000000069
11	103959636	104873283	282	23	0.0000533343	0.0000000024
11	104873284	106520893	456	40	-0.0000074044	0.0000000045
11	106520894	107844199	454	40	-0.0000147955	0.0000000050
11	107844200	108437036	127	11	-0.0000293381	0.0000000015
11	108437037	109866115	338	38	0.0000015150	0.0000000044
11	109866116	111114396	480	40	0.0000396744	0.0000000049
11	111114397	112459487	366	37	-0.0000136110	0.0000000041
11	112459488	114257727	770	40	-0.0000304661	0.0000000069
11	114257728	114830665	217	26	0.0000050892	0.0000000029
11	114830666	116383347	642	40	0.0000045029	0.0000000071
11	116383348	117747109	586	40	-0.0002248314	0.0000000188
11	117747110	119215475	487	40	0.0000107724	0.0000000057
11	119215476	120766805	603	40	0.0000160795	0.0000000071
11	120766806	121175942	196	22	-0.0000067670	0.0000000019
11	121175943	122591909	460	40	0.0000496960	0.0000000060
11	122591910	123500116	410	40	-0.0000351834	0.0000000050
11	123500117	124495527	457	40	-0.0000853851	0.0000000044
11	124495528	126311319	765	40	-0.0000028909	0.0000000068
11	126311320	127316678	549	40	0.0000209376	0.0000000062
11	127316679	128188536	304	40	-0.0000768150	0.0000000038
11	128188537	130342574	824	40	0.0000469008	0.0000000073
11	130342575	131074611	360	40	-0.0000027035	0.0000000048
11	131074612	133000045	1078	40	0.0000844946	0.0000000074
11	133000046	134205992	534	40	-0.0000479893	0.0000000062
11	134205993	134946451	395	40	-0.0000078476	0.0000000050
12	61107	1080330	294	40	-0.0000115232	0.0000000037
12	1080331	2544785	474	40	-0.0000207790	0.0000000052
12	2544786	3677036	493	40	-0.0000507468	0.0000000060
12	3677037	4417678	377	40	0.0000447182	0.0000000043
12	4417679	5321471	491	40	-0.0000040832	0.0000000060
12	5321472	6419752	543	40	-0.0000055795	0.0000000060
12	6419753	8377535	491	40	0.0000448849	0.0000000061
12	8377536	9031394	123	22	0.0000353634	0.0000000019
12	9031395	10481533	518	40	0.0000250088	0.0000000060
12	10481534	11754845	321	40	-0.0000052976	0.0000000034
12	11754846	12733527	427	40	0.0000142657	0.0000000053
12	12733528	15241483	1011	40	-0.0000367200	0.0000000073
12	15241484	16310459	247	35	-0.0000436005	0.0000000027
12	16310460	18087872	552	40	-0.0000352492	0.0000000072
12	18087873	20863942	921	40	-0.0000326989	0.0000000074
12	20863943	23820633	1075	40	0.0000872190	0.0000000070
12	23820634	25371082	704	40	-0.0000256886	0.0000000069
12	25371083	27799772	1004	40	-0.0000022895	0.0000000071
12	27799773	29651254	688	40	0.0000155804	0.0000000065
12	29651255	30512405	454	40	0.0000336411	0.0000000048
12	30512406	32165591	624	40	-0.0000175994	0.0000000068
12	32165592	33076988	371	40	0.0000366672	0.0000000049
12	33076989	37856716	348	24	0.0000223740	0.0000000034
12	37856717	39227168	134	7	0.0000384574	0.0000000013
12	39227169	40816184	492	40	0.0000165858	0.0000000051
12	40816185	41658585	347	36	-0.0000374613	0.0000000039
12	41658586	43984473	881	40	-0.0000112219	0.0000000075
12	43984474	46024228	467	40	0.0000521072	0.0000000050
12	46024229	47714792	457	40	-0.0001332125	0.0000000051
12	47714793	49001865	515	40	0.0000782192	0.0000000057
12	49001866	51776493	588	40	0.0000223783	0.0000000064
12	51776494	53039003	606	40	-0.0000067144	0.0000000060
12	53039004	54778822	560	40	-0.0000992250	0.0000000067
12	54778823	55665836	254	35	-0.0000221539	0.0000000029
12	55665837	57548859	395	40	0.0000544329	0.0000000039
12	57548860	59308665	443	40	0.0000263086	0.0000000050
12	59308666	61123728	450	40	0.0000125691	0.0000000044
12	61123729	64032460	935	40	-0.0000136300	0.0000000068
12	64032461	65559694	363	40	0.0000501043	0.0000000044
12	65559695	67181143	505	40	0.0000419708	0.0000000053
12	67181144	67909728	318	40	0.0000683688	0.0000000027
12	67909729	69826541	798	40	0.0000061843	0.0000000069
12	69826542	70957986	484	40	-0.0000270857	0.0000000050
12	70957987	72645074	551	40	-0.0000773562	0.0000000057
12	72645075	73818453	295	30	-0.0000535252	0.0000000029
12	73818454	76511313	748	40	-0.0000063243	0.0000000070
12	76511314	78570569	741	40	0.0000795451	0.0000000079
12	78570570	80448149	397	40	0.0000683532	0.0000000044
12	80448150	81467766	303	35	0.0000075991	0.0000000038
12	81467767	83502665	553	40	0.0000604466	0.0000000055
12	83502666	84303843	229	27	0.0000005972	0.0000000020
12	84303844	85990425	387	34	0.0000742983	0.0000000032
12	85990426	89682121	739	40	0.0000089311	0.0000000067
12	89682122	92066154	632	40	-0.0000011567	0.0000000050
12	92066155	94514566	896	40	0.0000158258	0.0000000070
12	94514567	96020784	680	40	0.0000726911	0.0000000076
12	96020785	97108838	443	40	0.0000539897	0.0000000048
12	97108839	99305986	909	40	0.0000244224	0.0000000064
12	99305987	101447640	645	40	-0.0000827116	0.0000000070
12	101447641	101862689	141	16	-0.0000370253	0.0000000016
12	101862690	102964985	329	40	-0.0000120044	0.0000000036
12	102964986	104848695	746	40	0.0000978404	0.0000000069
12	104848696	106436212	835	40	-0.0000475721	0.0000000075
12	106436213	106958747	224	32	0.0000291628	0.0000000031
12	106958748	109025900	722	40	0.0000223253	0.0000000073
12	109025901	110336718	387	40	-0.0000199026	0.0000000051
12	110336719	113263517	459	40	-0.0000531729	0.0000000039
12	113263518	113986708	200	28	0.0000163721	0.0000000031
12	113986709	115036601	529	40	-0.0000450399	0.0000000060
12	115036602	115503215	192	35	-0.0000017428	0.0000000020
12	115503216	117087470	743	40	-0.0000498905	0.0000000076
12	117087471	118135374	443	40	0.0000802162	0.0000000062
12	118135375	119754109	672	40	-0.0000344328	0.0000000089
12	119754110	122007650	640	40	-0.0000849086	0.0000000060
12	122007651	124977979	647	40	-0.0002103247	0.0000000100
12	124977980	126445504	597	40	-0.0000031957	0.0000000077
12	126445505	127875097	632	40	0.0000251780	0.0000000069
12	127875098	129237296	689	40	0.0000296592	0.0000000070
12	129237297	130377920	666	40	0.0000433075	0.0000000073
12	130377921	131786750	710	40	0.0000410434	0.0000000067
12	131786751	132807033	276	40	0.0000823993	0.0000000034
12	132807034	133841510	162	25	0.0000718114	0.0000000027
13	19020013	20686719	271	33	-0.0001196628	0.0000000039
13	20686720	22242173	564	40	-0.0000469460	0.0000000063
13	22242174	23594701	662	40	-0.0000166189	0.0000000070
13	23594702	24531936	494	40	0.0000365557	0.0000000059
13	24531937	25784361	627	40	0.0000370183	0.0000000066
13	25784362	27284361	529	40	-0.0000434410	0.0000000059
13	27284362	29257550	828	40	-0.0001351756	0.0000000076
13	29257551	30483266	495	40	-0.0000012416	0.0000000056
13	30483267	32301814	749	40	0.0000294591	0.0000000074
13	32301815	33776902	558	40	-0.0000185220	0.0000000055
13	33776903	35026463	449	40	0.0000418966	0.0000000056
13	35026464	36046366	209	30	0.0000098798	0.0000000030
13	36046367	37498184	627	40	-0.0000015567	0.0000000067
13	37498185	38878162	529	40	0.0000955920	0.0000000061
13	38878163	41069262	855	40	0.0000401763	0.0000000072
13	41069263	43101026	609	40	0.0000111161	0.0000000063
13	43101027	44901408	784	40	-0.0000078062	0.0000000068
13	44901409	46495213	515	40	-0.0000062620	0.0000000064
13	46495214	47431078	350	40	0.0000932198	0.0000000043
13	47431079	49383961	608	40	-0.0000099223	0.0000000067
13	49383962	51591090	718	40	-0.0000447723	0.0000000068
13	51591091	53339621	434	40	-0.0000728973	0.0000000059
13	53339622	54682863	514	40	0.0000961287	0.0000000064
13	54682864	55817130	318	36	0.0000222076	0.0000000028
13	55817131	57554216	295	22	-0.0000159564	0.0000000023
13	57554217	58410625	201	21	0.0000399615	0.0000000023
13	58410626	59302270	213	22	0.0000019518	0.0000000020
13	59302271	60854777	545	40	0.0000462892	0.0000000059
13	60854778	61591948	279	34	-0.0000373032	0.0000000034
13	61591949	63971558	624	40	0.0000098754	0.0000000064
13	63971559	65200601	297	30	0.0000388818	0.0000000023
13	65200602	67844452	775	40	-0.0000217730	0.0000000074
13	67844453	70724515	870	40	-0.0000232309	0.0000000077
13	70724516	71526790	312	40	-0.0000067961	0.0000000040
13	71526791	73934088	826	40	0.0000160955	0.0000000072
13	73934089	75670142	722	40	-0.0000288141	0.0000000072
13	75670143	77410554	762	40	0.0000001519	0.0000000078
13	77410555	78808812	419	40	-0.0000118568	0.0000000042
13	78808813	80585675	565	40	0.0000375189	0.0000000062
13	80585676	82581813	598	40	-0.0000375247	0.0000000068
13	82581814	84133143	391	35	-0.0000386543	0.0000000038
13	84133144	85610915	407	40	0.0001046010	0.0000000044
13	85610916	88559881	739	40	-0.0000181960	0.0000000070
13	88559882	90521310	461	40	0.0000284328	0.0000000049
13	90521311	93129690	838	40	-0.0000876674	0.0000000074
13	93129691	93586454	120	16	-0.0000396985	0.0000000015
13	93586455	96087557	1172	40	0.0000336537	0.0000000070
13	96087558	97519209	343	37	-0.0000220754	0.0000000050
13	97519210	98938918	424	40	-0.0000747090	0.0000000055
13	98938919	100574094	767	40	-0.0000645679	0.0000000078
13	100574095	102300522	749	40	0.0000080620	0.0000000071
13	102300523	104066709	908	40	0.0000099328	0.0000000074
13	104066710	104844113	305	40	-0.0000240409	0.0000000036
13	104844114	106247553	616	40	0.0000518509	0.0000000078
13	106247554	106749999	269	40	-0.0000526763	0.0000000046
13	106750000	108189876	602	40	0.0000519248	0.0000000077
13	108189877	109121209	428	40	0.0000805501	0.0000000056
13	109121210	109815111	322	40	-0.0000479256	0.0000000041
13	109815112	111232072	737	40	-0.0000068895	0.0000000064
13	111232073	112247591	442	40	0.0000589154	0.0000000061
13	112247592	113572487	446	40	-0.0000224967	0.0000000053
13	113572488	115109852	316	40	-0.0000440397	0.0000000037
14	19002084	21589401	563	40	0.0000112928	0.0000000067
14	21589402	23018664	695	40	0.0000068418	0.0000000065
14	23018665	24905122	676	40	-0.0000381188	0.0000000073
14	24905123	26135685	546	40	0.0000141696	0.0000000055
14	26135686	28466532	683	40	0.0000307642	0.0000000069
14	28466533	29972144	379	40	-0.0001110580	0.0000000046
14	29972145	32383264	579	40	-0.0000366823	0.0000000069
14	32383265	34846250	1236	40	0.0000459519	0.0000000073
14	34846251	35859592	239	29	0.0000138582	0.0000000030
14	35859593	38667724	856	40	0.0000072530	0.0000000067
14	38667725	40341989	528	40	0.0000345351	0.0000000065
14	40341990	41615501	347	32	-0.0000315722	0.0000000032
14	41615502	43137388	412	36	0.0000191823	0.0000000048
14	43137389	44543226	355	40	-0.0000693691	0.0000000044
14	44543227	46081895	374	40	0.0000221239	0.0000000036
14	46081896	46749129	188	16	-0.0000295390	0.0000000016
14	46749130	48573585	578	40	-0.0000841295	0.0000000070
14	48573586	49005470	112	13	-0.0000019430	0.0000000009
14	49005471	50507759	450	40	0.0000447501	0.0000000060
14	50507760	51493571	357	40	-0.0000015431	0.0000000041
14	51493572	53474382	834	40	-0.0000215987	0.0000000071
14	53474383	53997830	171	19	0.0000052812	0.0000000022
14	53997831	55233680	444	40	0.0000479406	0.0000000055
14	55233681	56216879	283	27	-0.0000430974	0.0000000030
14	56216880	57481261	658	40	0.0000097367	0.0000000075
14	57481262	59448335	701	40	-0.0000313098	0.0000000070
14	59448336	61680423	597	40	-0.0000122570	0.0000000061
14	61680424	63790014	795	40	0.0000271994	0.0000000072
14	63790015	65220297	338	34	-0.0000359104	0.0000000034
14	65220298	66399554	397	40	0.0000665344	0.0000000050
14	66399555	67992316	386	32	-0.0000280218	0.0000000038
14	67992317	71131956	1217	40	0.0000301278	0.0000000069
14	71131957	72889614	668	40	0.0000460775	0.0000000076
14	72889615	76444766	1124	40	0.0000064323	0.0000000081
14	76444767	77229471	347	40	0.0000467006	0.0000000048
14	77229472	78561944	625	40	0.0000583424	0.0000000075
14	78561945	80186578	605	40	0.0000222985	0.0000000068
14	80186579	81579713	503	40	0.0000068974	0.0000000054
14	81579714	83138096	465	40	-0.0000526368	0.0000000057
14	83138097	84241632	378	40	-0.0000173548	0.0000000041
14	84241633	85746318	467	40	0.0000621285	0.0000000057
14	85746319	86647001	304	36	-0.0000449770	0.0000000035
14	86647002	87635340	302	40	0.0000608229	0.0000000041
14	87635341	89497642	594	40	0.0000565250	0.0000000060
14	89497643	91296859	683	40	-0.0000815890	0.0000000075
14	91296860	93132298	651	40	0.0000041150	0.0000000068
14	93132299	94325284	391	40	0.0000025692	0.0000000054
14	94325285	95750866	852	40	-0.0000256075	0.0000000067
14	95750867	96262414	364	40	0.0000066762	0.0000000043
14	96262415	98341161	836	40	0.0000580769	0.0000000073
14	98341162	99138531	368	40	0.0000383017	0.0000000043
14	99138532	101534306	883	40	-0.0000286827	0.0000000071
14	101534307	103012101	421	40	-0.0000268969	0.0000000052
14	103012102	105001722	457	40	0.0000492462	0.0000000051
14	105001723	106340357	146	26	-0.0000061341	0.0000000027
14	106340358	107289453	35	5	0.0000284704	0.0000000006
15	20001200	21131603	3	1	0.0000007133	0.0000000000
15	21131604	24195126	292	40	0.0000314155	0.0000000042
15	24195127	25108589	192	28	0.0000385868	0.0000000025
15	25108590	27298111	848	40	-0.0000201108	0.0000000073
15	27298112	29338501	466	40	-0.0000851387	0.0000000057
15	29338502	30165567	288	40	0.0000629224	0.0000000045
15	30165568	31591820	295	40	0.0000533351	0.0000000038
15	31591821	32441810	252	35	-0.0000159901	0.0000000032
15	32441811	34015424	724	40	-0.0000894053	0.0000000070
15	34015425	35083250	394	40	0.0000149200	0.0000000048
15	35083251	37456501	918	40	0.0000828058	0.0000000070
15	37456502	38530776	343	40	0.0000143201	0.0000000048
15	38530777	40384131	761	40	0.0000091391	0.0000000077
15	40384132	41177513	221	28	0.0000199981	0.0000000034
15	41177514	42776398	412	40	0.0000359369	0.0000000049
15	42776399	44198048	253	16	0.0000251184	0.0000000026
15	44198049	46618786	484	40	-0.0000275457	0.0000000056
15	46618787	48136047	577	40	-0.0000304734	0.0000000067
15	48136048	50008042	437	40	-0.0000222675	0.0000000042
15	50008043	51677559	600	40	0.0000471519	0.0000000057
15	51677560	53069095	387	38	0.0000700747	0.0000000042
15	53069096	54508527	624	40	0.0000190211	0.0000000067
15	54508528	55136268	246	31	-0.0000144728	0.0000000033
15	55136269	56901772	530	40	0.0000337636	0.0000000075
15	56901773	58441365	615	40	-0.0000053684	0.0000000072
15	58441366	59694115	502	40	-0.0001766985	0.0000000430
15	59694116	61265835	657	40	0.0000199150	0.0000000069
15	61265836	63215221	899	40	-0.0000083471	0.0000000069
15	63215222	65104667	476	40	0.0001246191	0.0000000063
15	65104668	67094766	596	40	0.0000883470	0.0000000070
15	67094767	69017998	735	40	-0.0000561859	0.0000000066
15	69017999	70133340	290	40	0.0000426537	0.0000000037
15	70133341	71922648	696	40	0.0000154487	0.0000000071
15	71922649	73628713	351	31	-0.0000104111	0.0000000034
15	73628714	76398623	584	40	-0.0000334466	0.0000000061
15	76398624	78516052	509	40	0.0000278022	0.0000000047
15	78516053	80860977	968	40	-0.0000536701	0.0000000069
15	80860978	84260467	887	40	0.0000053808	0.0000000072
15	84260468	86652904	759	40	0.0000879021	0.0000000072
15	86652905	88369942	760	40	-0.0000638860	0.0000000067
15	88369943	90475550	693	40	-0.0000073366	0.0000000074
15	90475551	92164391	610	40	0.0000252462	0.0000000065
15	92164392	93780901	803	40	-0.0000057726	0.0000000070
15	93780902	94924329	563	40	0.0000145092	0.0000000071
15	94924330	96141595	575	40	-0.0000027563	0.0000000069
15	96141596	98030909	741	40	-0.0000041364	0.0000000068
15	98030910	99244058	559	40	-0.0000048339	0.0000000072
15	99244059	100636846	537	40	0.0000046978	0.0000000069
15	100636847	101552693	388	40	-0.0000834860	0.0000000048
15	101552694	102520965	417	40	0.0000034039	0.0000000056
16	60054	1207205	271	40	-0.0000315671	0.0000000046
16	1207206	2764828	340	40	0.0000979131	0.0000000050
16	2764829	4001195	284	40	-0.0000247826	0.0000000036
16	4001196	5118344	353	40	-0.0000580614	0.0000000052
16	5118345	5891579	337	40	0.0000593246	0.0000000046
16	5891580	6893550	693	40	-0.0000484868	0.0000000076
16	6893551	7529120	475	40	0.0000215512	0.0000000069
16	7529121	8338518	527	40	0.0000292024	0.0000000072
16	8338519	9799418	692	40	-0.0000814746	0.0000000075
16	9799419	10426031	367	39	0.0000594065	0.0000000044
16	10426032	11520160	424	40	0.0000086922	0.0000000057
16	11520161	12613097	388	40	0.0000030245	0.0000000054
16	12613098	13154436	299	40	-0.0000202535	0.0000000045
16	13154437	14464001	544	40	-0.0000569312	0.0000000067
16	14464002	16154059	305	40	0.0000180076	0.0000000037
16	16154060	17644748	391	40	0.0000010346	0.0000000048
16	17644749	18643606	172	28	-0.0000195647	0.0000000024
16	18643607	20150570	413	40	-0.0000881539	0.0000000048
16	20150571	22448903	417	40	0.0000323806	0.0000000046
16	22448904	24136874	494	40	-0.0000453662	0.0000000053
16	24136875	25986861	730	40	0.0000050747	0.0000000070
16	25986862	27445754	634	40	0.0000233428	0.0000000070
16	27445755	29036612	330	40	-0.0000669424	0.0000000037
16	29036613	31382942	248	33	-0.0000903702	0.0000000042
16	31382943	46399472	113	16	-0.0000183079	0.0000000015
16	46399473	49007925	292	33	0.0000254333	0.0000000033
16	49007926	52035822	1058	40	0.0000409209	0.0000000070
16	52035823	53382571	447	40	0.0000877815	0.0000000048
16	53382572	55903773	1171	40	0.0000450019	0.0000000069
16	55903774	57664329	609	40	0.0006418863	0.0000000644
16	57664330	59045404	489	40	-0.0000383898	0.0000000059
16	59045405	60745693	492	40	0.0000580689	0.0000000063
16	60745694	62229848	356	40	0.0000505176	0.0000000039
16	62229849	63691588	440	40	-0.0000182288	0.0000000054
16	63691589	65938565	804	40	0.0000451237	0.0000000066
16	65938566	68841362	659	40	0.0000577528	0.0000000115
16	68841363	71054027	365	39	-0.0000109930	0.0000000050
16	71054028	72935149	443	38	-0.0000240430	0.0000000047
16	72935150	74971502	780	40	0.0001029899	0.0000000079
16	74971503	75977953	220	29	-0.0000609405	0.0000000042
16	75977954	77523677	666	40	0.0000477546	0.0000000077
16	77523678	78456291	631	40	0.0000402987	0.0000000072
16	78456292	79134814	557	40	0.0000283540	0.0000000068
16	79134815	80297373	779	40	0.0000430896	0.0000000062
16	80297374	81772535	762	40	0.0000831978	0.0000000082
16	81772536	82747727	577	40	0.0000411870	0.0000000082
16	82747728	83477207	601	40	0.0000635184	0.0000000069
16	83477208	84445882	701	40	0.0000131807	0.0000000071
16	84445883	85148684	448	40	-0.0000325269	0.0000000064
16	85148685	86156598	474	40	0.0000074654	0.0000000066
16	86156599	86815410	523	40	0.0000225764	0.0000000067
16	86815411	87647348	354	40	-0.0000231994	0.0000000047
16	87647349	89041164	338	40	-0.0000202850	0.0000000057
16	89041165	90292811	287	33	-0.0000275054	0.0000000043
17	56	1172398	298	40	-0.0000568462	0.0000000042
17	1172399	1928730	245	40	-0.0000428877	0.0000000036
17	1928731	3702311	611	40	-0.0000067768	0.0000000075
17	3702312	4696260	346	40	-0.0000393087	0.0000000049
17	4696261	5741333	371	40	-0.0000464311	0.0000000042
17	5741334	7317397	607	40	-0.0000522367	0.0000000068
17	7317398	8306424	289	40	-0.0000156915	0.0000000046
17	8306425	9965920	635	40	-0.0000107697	0.0000000066
17	9965921	11102814	465	40	-0.0000275384	0.0000000057
17	11102815	12534768	549	40	-0.0000226800	0.0000000066
17	12534769	13180371	295	40	0.0000543687	0.0000000046
17	13180372	13894636	361	40	-0.0000026119	0.0000000048
17	13894637	15019096	596	40	0.0000334628	0.0000000066
17	15019097	16412341	301	40	0.0000314529	0.0000000035
17	16412342	18856319	535	40	0.0000032042	0.0000000062
17	18856320	21290356	360	40	0.0000999333	0.0000000045
17	21290357	27334243	488	40	-0.0000124004	0.0000000061
17	27334244	29786490	479	38	0.0000000910	0.0000000046
17	29786491	31538424	534	40	-0.0000337779	0.0000000061
17	31538425	32912797	817	40	-0.0000570422	0.0000000071
17	32912798	34469035	488	40	-0.0000697936	0.0000000052
17	34469036	36809343	496	40	0.0000138350	0.0000000060
17	36809344	38877403	428	40	-0.0000042175	0.0000000066
17	38877404	39899809	306	34	0.0000178027	0.0000000027
17	39899810	41772086	350	38	0.0000023546	0.0000000037
17	41772087	43056904	326	38	0.0000611367	0.0000000041
17	43056905	45876021	366	40	-0.0000618642	0.0000000048
17	45876022	47517399	521	40	0.0000001717	0.0000000060
17	47517400	49898956	746	40	0.0000110761	0.0000000069
17	49898957	50719054	283	27	-0.0000080374	0.0000000030
17	50719055	51826117	307	34	0.0000422078	0.0000000033
17	51826118	53599431	606	40	0.0000210394	0.0000000068
17	53599432	55357540	605	40	-0.0000151495	0.0000000064
17	55357541	57487511	668	40	-0.0000419570	0.0000000070
17	57487512	59312754	237	22	-0.0000238748	0.0000000018
17	59312755	61545588	434	40	-0.0000471738	0.0000000049
17	61545589	63148127	290	36	-0.0000529706	0.0000000028
17	63148128	64800429	621	40	0.0000262733	0.0000000063
17	64800430	67858769	921	40	0.0000316852	0.0000000075
17	67858770	69387816	645	40	-0.0000070205	0.0000000058
17	69387817	72672202	1410	40	-0.0000263802	0.0000000068
17	72672203	74375559	385	40	0.0000318105	0.0000000052
17	74375560	76263412	711	40	-0.0000025728	0.0000000066
17	76263413	77298635	449	40	-0.0000374779	0.0000000081
17	77298636	78837587	529	40	-0.0000029115	0.0000000065
17	78837588	80034407	211	40	-0.0000561318	0.0000000036
17	80034408	81194907	290	35	0.0000276489	0.0000000039
18	10644	912485	393	40	-0.0000432153	0.0000000049
18	912486	1942910	364	40	-0.0000013805	0.0000000040
18	1942911	3891657	758	40	-0.0000393245	0.0000000067
18	3891658	5834179	773	40	0.0000061077	0.0000000070
18	5834180	7090484	564	40	-0.0000029523	0.0000000069
18	7090485	8498930	568	40	0.0000029933	0.0000000069
18	8498931	11075912	1238	40	-0.0000402132	0.0000000068
18	11075913	11905439	255	40	0.0000060095	0.0000000037
18	11905440	14440798	726	40	0.0000750160	0.0000000074
18	14440799	19485843	157	17	-0.0000375480	0.0000000021
18	19485844	20649471	298	36	-0.0000491257	0.0000000032
18	20649472	22996650	808	40	0.0000540997	0.0000000077
18	22996651	24026190	309	35	0.0000356931	0.0000000042
18	24026191	25927681	778	40	0.0000011235	0.0000000065
18	25927682	26875586	244	26	-0.0000430675	0.0000000033
18	26875587	27866477	269	27	0.0000272763	0.0000000026
18	27866478	30264065	867	40	0.0000152089	0.0000000067
18	30264066	31780066	342	36	-0.0000056887	0.0000000053
18	31780067	33861963	609	40	0.0000249126	0.0000000065
18	33861964	35075249	473	40	-0.0000193753	0.0000000056
18	35075250	36365489	486	40	0.0000001092	0.0000000045
18	36365490	37684366	345	33	-0.0000161605	0.0000000031
18	37684367	39892647	765	40	0.0000035507	0.0000000067
18	39892648	42922105	926	40	0.0000392692	0.0000000069
18	42922106	44299245	678	40	0.0000789143	0.0000000073
18	44299246	45939731	585	40	-0.0000133987	0.0000000064
18	45939732	47730583	767	40	0.0000647502	0.0000000152
18	47730584	51062184	1166	40	0.0000400219	0.0000000073
18	51062185	51554174	172	15	0.0000014522	0.0000000020
18	51554175	55213837	1095	40	-0.0000217408	0.0000000080
18	55213838	56530219	598	40	0.0000432399	0.0000000064
18	56530220	57630482	577	40	-0.0000063490	0.0000000068
18	57630483	59020750	433	40	-0.0000069414	0.0000000056
18	59020751	60277714	537	40	-0.0000323702	0.0000000061
18	60277715	61820251	570	40	-0.0000245089	0.0000000060
18	61820252	63463401	511	40	-0.0000601935	0.0000000049
18	63463402	64252800	237	22	0.0000229751	0.0000000024
18	64252801	66125816	721	40	-0.0000166427	0.0000000072
18	66125817	67175819	321	40	-0.0000572951	0.0000000040
18	67175820	68621178	451	40	-0.0000357403	0.0000000054
18	68621179	69621617	381	40	-0.0000182747	0.0000000053
18	69621618	71038473	555	40	-0.0000275571	0.0000000064
18	71038474	71971461	490	40	-0.0000083198	0.0000000071
18	71971462	73526986	650	40	0.0000002327	0.0000000071
18	73526987	74813814	584	40	-0.0000379173	0.0000000076
18	74813815	75976316	588	40	-0.0000824858	0.0000000071
18	75976317	77149990	409	40	0.0000196391	0.0000000046
18	77149991	78017157	254	37	-0.0000021538	0.0000000036
19	80840	610728	88	23	0.0000338530	0.0000000018
19	610729	2098395	272	40	0.0000490882	0.0000000054
19	2098396	3019659	224	40	0.0000008112	0.0000000038
19	3019660	4348966	293	40	0.0000353860	0.0000000052
19	4348967	5811851	376	40	0.0000486466	0.0000000046
19	5811852	6684884	198	39	-0.0000497135	0.0000000034
19	6684885	8347512	498	40	-0.0000326664	0.0000000067
19	8347513	9238392	247	40	-0.0000301899	0.0000000051
19	9238393	11284027	469	40	-0.0000210110	0.0000000050
19	11284028	13471126	394	40	-0.0000433486	0.0000000055
19	13471127	14486346	197	40	0.0000715480	0.0000000030
19	14486347	15648609	351	40	-0.0001463347	0.0000000050
19	15648610	16374415	347	40	0.0000560340	0.0000000044
19	16374416	18409861	528	40	0.0000285471	0.0000000060
19	18409862	19877470	312	40	0.0000807724	0.0000000041
19	19877471	20905756	130	20	-0.0000322420	0.0000000017
19	20905757	22732895	304	37	0.0000255594	0.0000000035
19	22732896	23467745	125	13	0.0000121455	0.0000000016
19	23467746	28557892	267	27	0.0000029975	0.0000000021
19	28557893	29790946	464	40	0.0000073969	0.0000000049
19	29790947	30727953	326	40	-0.0000038454	0.0000000047
19	30727954	32746519	639	40	-0.0000269593	0.0000000072
19	32746520	34262951	492	40	0.0000888853	0.0000000068
19	34262952	36469294	639	40	0.0000069815	0.0000000068
19	36469295	37527032	219	20	-0.0000380916	0.0000000023
19	37527033	40170618	589	40	0.0000361701	0.0000000068
19	40170619	40984600	175	25	-0.0000328382	0.0000000029
19	40984601	42131572	280	40	0.0000225079	0.0000000038
19	42131573	43862454	156	21	-0.0000306507	0.0000000025
19	43862455	44744107	280	40	0.0000794182	0.0000000032
19	44744108	46102696	348	40	0.0001078921	0.0000000062
19	46102697	47150081	283	40	-0.0000369399	0.0000000039
19	47150082	49282226	569	40	-0.0000648743	0.0000000069
19	49282227	51532566	586	40	0.0000004875	0.0000000073
19	51532567	52985289	617	40	-0.0000235815	0.0000000075
19	52985290	54602361	484	40	-0.0000457860	0.0000000065
19	54602362	55728079	347	40	-0.0000397557	0.0000000071
19	55728080	57521334	664	40	-0.0001071153	0.0000000083
19	57521335	59118838	521	40	0.0000540873	0.0000000068
20	60479	697599	258	40	-0.0000715382	0.0000000034
20	697600	2469500	998	40	0.0000411861	0.0000000069
20	2469501	3828412	481	40	-0.0000131535	0.0000000063
20	3828413	5477849	783	40	-0.0000133502	0.0000000068
20	5477850	7084072	728	40	-0.0000169781	0.0000000070
20	7084073	8117010	400	40	-0.0000066580	0.0000000047
20	8117011	9730920	762	40	-0.0000189690	0.0000000074
20	9730921	11249535	728	40	-0.0000002936	0.0000000070
20	11249536	12447498	497	40	-0.0000233051	0.0000000052
20	12447499	13689863	546	40	-0.0000339815	0.0000000056
20	13689864	15958358	975	40	0.0000199115	0.0000000068
20	15958359	17487231	934	40	-0.0000754664	0.0000000079
20	17487232	18972202	600	40	-0.0000356880	0.0000000067
20	18972203	20959709	885	40	0.0000538043	0.0000000072
20	20959710	22491455	400	39	0.0000990372	0.0000000044
20	22491456	23293789	355	40	-0.0000666383	0.0000000036
20	23293790	24717723	522	40	0.0000316163	0.0000000057
20	24717724	25344230	211	21	0.0000497714	0.0000000021
20	25344231	31614822	557	40	-0.0000565845	0.0000000071
20	31614823	32813440	282	29	-0.0000304471	0.0000000027
20	32813441	34960445	436	30	-0.0000389037	0.0000000035
20	34960446	36909529	476	40	-0.0000084956	0.0000000050
20	36909530	38436760	503	40	0.0000090579	0.0000000054
20	38436761	39610855	464	40	-0.0000400052	0.0000000055
20	39610856	40585688	282	33	0.0000038012	0.0000000027
20	40585689	41615459	576	40	-0.0000517737	0.0000000074
20	41615460	42680175	385	40	-0.0000347879	0.0000000049
20	42680176	44839055	753	40	0.0000193230	0.0000000100
20	44839056	47199979	1014	40	0.0000698471	0.0000000070
20	47199980	49239657	736	40	0.0000412432	0.0000000082
20	49239658	52472548	1324	40	0.0000861444	0.0000000076
20	52472549	54055265	603	40	0.0000191144	0.0000000069
20	54055266	56447958	1127	40	-0.0000415512	0.0000000078
20	56447959	58406571	865	40	0.0000630069	0.0000000071
20	58406572	59561723	543	40	0.0000295142	0.0000000068
20	59561724	61301854	733	40	-0.0000445300	0.0000000072
20	61301855	62190179	273	40	-0.0000346724	0.0000000041
20	62190180	62965162	216	36	-0.0000145813	0.0000000041
21	9411243	15950981	269	40	-0.0001054785	0.0000000032
21	15950982	18053164	651	40	0.0000046393	0.0000000072
21	18053165	19480374	433	40	-0.0000175490	0.0000000055
21	19480375	20962338	602	40	-0.0000266030	0.0000000074
21	20962339	22072763	353	40	0.0000657991	0.0000000049
21	22072764	23362874	520	40	-0.0000727626	0.0000000057
21	23362875	24696230	354	40	-0.0000113897	0.0000000045
21	24696231	26469121	644	40	0.0000010755	0.0000000079
21	26469122	27271018	216	25	-0.0000149959	0.0000000022
21	27271019	29125225	864	40	-0.0000231400	0.0000000076
21	29125226	31197024	680	40	-0.0000312507	0.0000000066
21	31197025	32668641	443	40	0.0000160277	0.0000000042
21	32668642	34376998	637	40	-0.0000101386	0.0000000070
21	34376999	35225464	282	40	-0.0000433285	0.0000000045
21	35225465	36524372	557	40	-0.0000743496	0.0000000068
21	36524373	37870778	523	40	0.0000865032	0.0000000060
21	37870779	38711703	304	38	0.0000834378	0.0000000040
21	38711704	40482901	830	40	-0.0000533121	0.0000000073
21	40482902	41389526	488	40	0.0000074034	0.0000000054
21	41389527	43321527	981	40	0.0000138461	0.0000000070
21	43321528	44506267	673	40	0.0000154530	0.0000000067
21	44506268	46177104	541	40	0.0000163604	0.0000000063
21	46177105	47492225	482	40	-0.0000647284	0.0000000066
21	47492226	48119751	228	26	-0.0000658299	0.0000000029
22	16050408	17674294	200	38	-0.0000413916	0.0000000035
22	17674295	18296087	255	40	-0.0000071194	0.0000000033
22	18296088	19912357	517	40	-0.0000526495	0.0000000061
22	19912358	22357324	566	40	0.0001127268	0.0000000070
22	22357325	23712646	321	40	0.0000590030	0.0000000044
22	23712647	24984203	347	40	0.0000228956	0.0000000038
22	24984204	26791627	731	40	-0.0000377872	0.0000000072
22	26791628	27834751	730	40	-0.0000330251	0.0000000069
22	27834752	29651798	565	40	0.0000447058	0.0000000074
22	29651799	31439917	524	40	0.0001021546	0.0000000061
22	31439918	32664985	342	33	-0.0000043531	0.0000000042
22	32664986	34494913	920	40	0.0000378623	0.0000000072
22	34494914	35530984	489	40	0.0000365476	0.0000000046
22	35530985	37570268	812	40	0.0000218375	0.0000000066
22	37570269	39307893	507	40	0.0001154864	0.0000000068
22	39307894	40545796	320	40	0.0000290180	0.0000000043
22	40545797	42690817	446	33	-0.0000065854	0.0000000040
22	42690818	43714199	385	40	-0.0000396385	0.0000000048
22	43714200	44995307	688	40	-0.0000510615	0.0000000071
22	44995308	46470494	594	40	-0.0000009889	0.0000000076
22	46470495	47596317	444	40	0.0000730398	0.0000000054
22	47596318	48903702	735	40	-0.0000189403	0.0000000070
22	48903703	49824533	602	40	-0.0000007897	0.0000000066
22	49824534	51243297	367	40	0.0000353017	0.0000000051
