chr	start	end	num_snp	k	local_h2g	var
1	10583	1892606	96	14	0.0001040656	0.000000054291
1	1892607	3582735	439	14	0.0000313015	0.000000252008
1	3582736	4380810	271	14	0.0003817358	0.000000166097
1	4380811	5913892	867	14	-0.0000507793	0.000000333901
1	5913893	7247334	428	14	0.0000818021	0.000000226442
1	7247335	9365198	699	14	0.0002324060	0.000000353250
1	9365199	10806983	351	14	0.0000214856	0.000000159809
1	10806984	11777840	258	14	0.0000474649	0.000000135612
1	11777841	12779465	281	14	0.0000165496	0.000000150749
1	12779466	14891510	618	14	0.0001434951	0.000000347175
1	14891511	16897729	688	14	0.0000302289	0.000000339436
1	16897730	18662898	661	14	0.0001438958	0.000000347202
1	18662899	20469148	711	14	-0.0000500683	0.000000333949
1	20469149	21736587	461	14	0.0001453556	0.000000239380
1	21736588	23086882	523	14	0.0001547791	0.000000303022
1	23086883	23920589	222	14	0.0001229729	0.000000113523
1	23920590	25516844	520	14	0.0000445883	0.000000290956
1	25516845	27401866	413	14	-0.0000478665	0.000000171430
1	27401867	30161880	550	14	0.0001476836	0.000000260655
1	30161881	32438684	935	14	0.0001909759	0.000000350419
1	32438685	34799757	675	14	0.0000858378	0.000000343235
1	34799758	37549182	549	14	0.0001157981	0.000000279992
1	37549183	38731846	371	14	-0.0000928919	0.000000170439
1	38731847	40200566	447	14	0.0002428011	0.000000237369
1	40200567	41975326	555	14	0.0003378004	0.000000279480
1	41975327	43758456	542	14	0.0002178162	0.000000254449
1	43758457	44969182	371	14	0.0001785351	0.000000166386
1	44969183	46899500	458	14	0.0001418584	0.000000165252
1	46899501	48002575	297	14	0.0001989769	0.000000136684
1	48002576	48978187	344	14	0.0001022791	0.000000178169
1	48978188	49894176	247	14	-0.0000434752	0.000000115792
1	49894177	51713725	260	14	0.0005101179	0.000000123772
1	51713726	54226261	562	14	-0.0000007487	0.000000278056
1	54226262	56413116	837	14	0.0004059672	0.000000365109
1	56413117	57021727	271	14	0.0001178055	0.000000120217
1	57021728	58865398	847	14	0.0000198767	0.000000338728
1	58865399	59890408	383	14	0.0003610858	0.000000194314
1	59890409	61922364	671	14	-0.0000511513	0.000000333875
1	61922365	63455088	533	14	0.0001512410	0.000000280909
1	63455089	65041703	656	14	-0.0000934535	0.000000275506
1	65041704	66939403	649	14	0.0000549743	0.000000299266
1	66939404	68477894	687	14	0.0000297193	0.000000283896
1	68477895	69687615	389	14	0.0000125528	0.000000183774
1	69687616	71372469	520	14	0.0000462242	0.000000237708
1	71372470	71684404	82	10	0.0000486703	0.000000031752
1	71684405	74326906	559	14	0.0001432899	0.000000219219
1	74326907	76728134	727	14	0.0000595899	0.000000283670
1	76728135	79661197	946	14	-0.0000342136	0.000000335032
1	79661198	81354190	475	14	0.0003668547	0.000000243641
1	81354191	83991747	973	14	0.0001056411	0.000000344588
1	83991748	84844494	314	14	0.0001700801	0.000000133435
1	84844495	86454750	652	14	0.0003747067	0.000000340295
1	86454751	88128630	571	14	0.0000484034	0.000000275404
1	88128631	90066302	523	14	0.0001453141	0.000000251709
1	90066303	91886316	559	14	0.0002592554	0.000000273399
1	91886317	93536458	509	14	0.0001604921	0.000000214027
1	93536459	94506190	255	14	-0.0000460647	0.000000091366
1	94506191	96150892	651	14	0.0000060961	0.000000319017
1	96150893	97885248	605	14	0.0002123947	0.000000248270
1	97885249	99800603	640	14	0.0002596368	0.000000288288
1	99800604	100826404	339	14	0.0002097904	0.000000143943
1	100826405	102041015	447	14	-0.0000053463	0.000000194370
1	102041016	102898744	278	14	0.0002252418	0.000000130679
1	102898745	103914210	200	14	-0.0000765720	0.000000068169
1	103914211	106087841	455	14	0.0000786332	0.000000211298
1	106087842	108409664	725	14	-0.0000802200	0.000000331889
1	108409665	110303930	564	14	0.0004897707	0.000000280974
1	110303931	111741736	571	14	0.0000951822	0.000000321220
1	111741737	113273305	721	14	0.0001196783	0.000000345547
1	113273306	114873844	511	14	0.0002772211	0.000000265059
1	114873845	115880592	345	14	0.0003241575	0.000000160222
1	115880593	118839066	836	14	-0.0001249461	0.000000328833
1	118839067	144977493	568	14	0.0002269745	0.000000269728
1	144977494	148361252	432	14	0.0002097065	0.000000211742
1	148361253	151538880	349	14	0.0001301895	0.000000149110
1	151538881	153180828	468	14	0.0002481198	0.000000198343
1	153180829	154770402	457	14	0.0001152790	0.000000213077
1	154770403	156336132	307	14	0.0001685036	0.000000155015
1	156336133	158027411	597	14	0.0001201218	0.000000299139
1	158027412	159913047	683	14	-0.0000121551	0.000000336540
1	159913048	162346720	874	14	0.0001270200	0.000000346049
1	162346721	165191701	1195	14	0.0001274428	0.000000346078
1	165191702	166460516	533	14	0.0002476389	0.000000298739
1	166460517	169086323	1106	14	-0.0000872079	0.000000331412
1	169086324	170557775	559	14	0.0003487265	0.000000239554
1	170557776	173097906	902	14	0.0001738327	0.000000349248
1	173097907	175089767	412	14	0.0002191635	0.000000134798
1	175089768	177433380	784	14	0.0002105316	0.000000351755
1	177433381	178944308	492	14	0.0002126208	0.000000229606
1	178944309	178954469	2	1	-0.0000111365	0.000000000374
1	178954470	181144120	750	14	0.0001909372	0.000000343341
1	181144121	182755355	600	14	0.0001228043	0.000000320011
1	182755356	184595512	630	14	0.0002557082	0.000000285033
1	184595513	186810022	524	14	0.0001951155	0.000000229844
1	186810023	188759944	619	14	0.0003427307	0.000000290209
1	188759945	189904129	219	14	0.0001630695	0.000000081821
1	189904130	191868929	538	14	0.0002575108	0.000000210784
1	191868930	194107441	584	14	0.0000702002	0.000000255387
1	194107442	196176200	580	14	-0.0000423338	0.000000221600
1	196176201	197311513	196	14	-0.0000689342	0.000000057092
1	197311514	199239883	504	14	0.0002170501	0.000000241365
1	199239884	200137648	301	14	0.0000595810	0.000000135774
1	200137649	201589974	710	14	0.0001134291	0.000000345120
1	201589975	203334733	616	14	0.0001201446	0.000000336939
1	203334734	204681067	485	14	-0.0000420498	0.000000238248
1	204681068	206073264	577	14	0.0000315481	0.000000297669
1	206073265	208410363	634	14	0.0002450940	0.000000354117
1	208410364	210787749	930	14	0.0003493265	0.000000361239
1	210787750	212842329	698	14	0.0001096516	0.000000344862
1	212842330	214578265	612	14	0.0001601855	0.000000334204
1	214578266	216243633	593	14	0.0001104080	0.000000290901
1	216243634	218705512	1084	14	0.0000617537	0.000000341590
1	218705513	219590570	282	14	0.0002508293	0.000000138231
1	219590571	221858230	690	14	0.0003265653	0.000000354174
1	221858231	222230219	174	14	-0.0000049679	0.000000085984
1	222230220	224938519	463	14	0.0003033578	0.000000240763
1	224938520	226810859	519	14	0.0000110034	0.000000241853
1	226810860	229156247	695	14	-0.0001085549	0.000000307317
1	229156248	230685254	530	14	-0.0000463066	0.000000276458
1	230685255	232090251	589	14	0.0002799428	0.000000317658
1	232090252	233429283	607	14	0.0001851505	0.000000350021
1	233429284	234599433	536	14	0.0002394487	0.000000303476
1	234599434	235819435	384	14	0.0000825486	0.000000205930
1	235819436	237555627	729	14	-0.0000012690	0.000000337283
1	237555628	238567806	428	14	-0.0000931527	0.000000218150
1	238567807	239925313	490	14	-0.0000453247	0.000000256378
1	239925314	240564090	342	14	0.0000578859	0.000000175849
1	240564091	241582219	517	14	0.0005450303	0.000000348819
1	241582220	242071601	220	14	0.0000330417	0.000000117078
1	242071602	244109498	622	14	0.0002142628	0.000000344150
1	244109499	245506745	517	14	0.0000298933	0.000000289198
1	245506746	247344517	711	14	0.0000171189	0.000000338540
1	247344518	249239465	399	14	0.0002438291	0.000000220382
2	10133	1781021	663	14	0.0001690296	0.000000348919
2	1781022	3973778	967	14	-0.0000102339	0.000000336671
2	3973779	5708336	631	14	0.0001854533	0.000000350042
2	5708337	6836253	565	14	-0.0000029242	0.000000278660
2	6836254	8422146	654	14	0.0000199174	0.000000338731
2	8422147	10298468	673	14	-0.0000276377	0.000000335482
2	10298469	12419149	973	14	0.0001635767	0.000000348547
2	12419150	14335307	594	14	0.0000839423	0.000000300479
2	14335308	16329734	746	14	0.0000489662	0.000000340716
2	16329735	18647422	859	14	0.0000141307	0.000000338336
2	18647423	19692403	384	14	0.0001210423	0.000000199445
2	19692404	21050489	635	14	0.0001124491	0.000000332505
2	21050490	23341382	622	14	0.0000149653	0.000000338393
2	23341383	24686917	442	14	0.0002048770	0.000000221272
2	24686918	26894984	560	14	0.0001494457	0.000000283031
2	26894985	28598776	417	14	0.0002987020	0.000000192828
2	28598777	29217558	246	14	0.0003168878	0.000000137504
2	29217559	30463710	636	14	0.0000517842	0.000000340908
2	30463711	31550449	532	14	-0.0000585057	0.000000299176
2	31550450	33363776	495	14	0.0001994866	0.000000304548
2	33363777	35345027	805	14	-0.0000587583	0.000000333355
2	35345028	36122005	291	14	0.0001636831	0.000000148726
2	36122006	38132711	931	14	0.0000965294	0.000000343966
2	38132712	39031336	326	14	0.0001019834	0.000000193984
2	39031337	40281482	303	14	0.0000962292	0.000000169595
2	40281483	43309589	1311	14	0.0001656813	0.000000348691
2	43309590	44313802	403	14	0.0001196941	0.000000230446
2	44313803	46482633	1073	14	0.0000903567	0.000000343544
2	46482634	47318771	418	14	0.0003903562	0.000000291215
2	47318772	48213000	299	14	-0.0000125658	0.000000177250
2	48213001	50022256	715	14	0.0000741700	0.000000342438
2	50022257	50818927	345	14	0.0002244972	0.000000191922
2	50818928	52491132	648	14	0.0001611349	0.000000348380
2	52491133	53508451	466	14	0.0002997625	0.000000265859
2	53508452	54685225	435	14	0.0000098972	0.000000235965
2	54685226	56203344	613	14	0.0000459371	0.000000340509
2	56203345	57429099	428	14	0.0000561799	0.000000237660
2	57429100	58297314	272	14	0.0001121517	0.000000145247
2	58297315	60291999	741	14	0.0003014992	0.000000357971
2	60292000	62429043	587	14	0.0000621933	0.000000339258
2	62429044	64625912	583	14	0.0001585667	0.000000324771
2	64625913	65933443	464	14	0.0001351668	0.000000256869
2	65933444	67226165	555	14	0.0002779990	0.000000296287
2	67226166	68010175	423	14	0.0000179299	0.000000208595
2	68010176	69139563	471	14	0.0000649533	0.000000228165
2	69139564	70755197	535	14	0.0000560067	0.000000254422
2	70755198	73174847	802	14	0.0000048593	0.000000337702
2	73174848	75630085	721	14	0.0000819370	0.000000342969
2	75630086	76913660	515	14	0.0000290633	0.000000274087
2	76913661	78079263	394	14	0.0000398124	0.000000227894
2	78079264	80050402	826	14	0.0001771024	0.000000349471
2	80050403	81620840	579	14	0.0000499871	0.000000335282
2	81620841	85140679	891	14	0.0000849175	0.000000293704
2	85140680	88038506	634	14	0.0002565906	0.000000295581
2	88038507	89154525	245	14	0.0001568536	0.000000117082
2	89154526	95326451	4	2	0.0000736605	0.000000007164
2	95326452	98995200	427	14	0.0001531697	0.000000200230
2	98995201	101822328	907	14	0.0000846757	0.000000343156
2	101822329	102688764	261	14	0.0003343307	0.000000129679
2	102688765	103588214	406	14	0.0000812399	0.000000143821
2	103588215	105125033	304	14	0.0001764530	0.000000150911
2	105125034	106210057	405	14	0.0002733427	0.000000218160
2	106210058	107408266	444	14	0.0001176242	0.000000216063
2	107408267	108429176	355	14	0.0000808371	0.000000142473
2	108429177	110572431	530	14	0.0002467771	0.000000256417
2	110572432	113921855	797	14	0.0000248745	0.000000339070
2	113921856	116772469	758	14	-0.0000136073	0.000000336440
2	116772470	118367465	397	14	0.0004140245	0.000000180287
2	118367466	121303782	994	14	-0.0000276577	0.000000335480
2	121303783	123302905	577	14	0.0000689272	0.000000295650
2	123302906	124732249	430	14	0.0002251497	0.000000181709
2	124732250	125840920	381	14	0.0003371297	0.000000196113
2	125840921	127373763	409	14	0.0003129050	0.000000170104
2	127373764	128034346	287	14	0.0003209388	0.000000157362
2	128034347	129474440	433	14	-0.0000004180	0.000000191913
2	129474441	130067169	223	14	0.0001686456	0.000000100793
2	130067170	130658084	203	14	0.0001845935	0.000000101866
2	130658085	133042783	214	14	0.0001592279	0.000000114053
2	133042784	135158577	915	14	0.0001143136	0.000000345181
2	135158578	137042793	457	14	0.0001720012	0.000000185624
2	137042794	138698116	595	14	0.0002971247	0.000000306647
2	138698117	140100270	434	14	0.0000508108	0.000000158426
2	140100271	141805350	569	14	0.0001174679	0.000000286107
2	141805351	142518601	299	14	0.0001062465	0.000000157478
2	142518602	144519483	657	14	0.0001179862	0.000000320455
2	144519484	146445569	439	14	0.0000774186	0.000000214752
2	146445570	147277161	151	14	0.0002517959	0.000000083502
2	147277162	150210291	661	14	-0.0000046408	0.000000282310
2	150210292	151731461	474	14	-0.0000076525	0.000000219656
2	151731462	152486781	286	14	0.0000005759	0.000000116824
2	152486782	154005055	481	14	0.0002272598	0.000000242058
2	154005056	155391134	486	14	0.0002258623	0.000000253540
2	155391135	157560634	554	14	-0.0000094884	0.000000258076
2	157560635	158533217	172	14	0.0000785446	0.000000097867
2	158533218	159577081	330	14	0.0001299376	0.000000165119
2	159577082	161769732	721	14	0.0001744726	0.000000333621
2	161769733	163503550	390	14	-0.0000941987	0.000000138601
2	163503551	164466637	192	14	0.0001742330	0.000000098041
2	164466638	165178839	176	14	0.0002181371	0.000000094152
2	165178840	167160269	630	14	0.0002212603	0.000000302995
2	167160270	167355969	73	10	0.0001053471	0.000000037878
2	167355970	169968235	830	14	-0.0000187074	0.000000336092
2	169968236	171226244	490	14	-0.0000275568	0.000000230526
2	171226245	173138904	574	14	0.0006153473	0.000000347440
2	173138905	175588928	842	14	0.0002570887	0.000000354936
2	175588929	177363635	533	14	0.0000368111	0.000000249450
2	177363636	178553182	475	14	0.0001478443	0.000000208250
2	178553183	181312738	1009	14	0.0000811308	0.000000342914
2	181312739	182266030	298	14	0.0003036608	0.000000145048
2	182266031	184357607	615	14	0.0001712322	0.000000311012
2	184357608	185280172	232	14	0.0000539345	0.000000101885
2	185280173	189882064	955	14	0.0001038783	0.000000344468
2	189882065	191973356	501	14	0.0003309147	0.000000246219
2	191973357	195861163	715	14	0.0002013315	0.000000351126
2	195861164	196447455	153	14	0.0000866919	0.000000072409
2	196447456	198078109	447	14	0.0001654695	0.000000181079
2	198078110	199311124	304	14	0.0002310362	0.000000120803
2	199311125	201576283	628	14	0.0002164959	0.000000307228
2	201576284	202818636	316	14	0.0000190465	0.000000145585
2	202818637	205799240	745	14	0.0000172885	0.000000338551
2	205799241	206735703	404	14	0.0001097069	0.000000236238
2	206735704	208645398	657	14	0.0001204476	0.000000345600
2	208645399	209941528	334	14	0.0002428883	0.000000173428
2	209941529	212379517	740	14	-0.0000638363	0.000000333008
2	212379518	214014281	627	14	-0.0000260355	0.000000335591
2	214014282	215573794	443	14	0.0003501661	0.000000242508
2	215573795	217715660	796	14	-0.0000104035	0.000000336659
2	217715661	218395479	276	14	-0.0000352918	0.000000137274
2	218395480	220454550	594	14	0.0000730575	0.000000271857
2	220454551	222521175	854	14	0.0000429206	0.000000340303
2	222521176	224859418	789	14	0.0001378310	0.000000346788
2	224859419	225840003	350	14	0.0002959725	0.000000157658
2	225840004	228119841	735	14	0.0002854913	0.000000335758
2	228119842	229370786	453	14	0.0001868103	0.000000208789
2	229370787	231843388	933	14	-0.0000034270	0.000000337136
2	231843389	233550002	466	14	0.0002166185	0.000000237025
2	233550003	235150986	796	14	0.0003153336	0.000000358916
2	235150987	236043549	416	14	0.0001051872	0.000000249711
2	236043550	237449031	471	14	0.0001245577	0.000000252488
2	237449032	238760980	536	14	0.0001475422	0.000000288155
2	238760981	239952642	412	14	0.0001844392	0.000000222010
2	239952643	241560083	649	14	-0.0000602343	0.000000333255
2	241560084	242149920	216	14	0.0002474432	0.000000116817
2	242149921	243188919	129	14	0.0001486335	0.000000066869
3	60157	1441778	619	14	0.0005240298	0.000000373175
3	1441779	2992119	897	14	0.0000339012	0.000000339687
3	2992120	4431646	769	14	0.0000116519	0.000000338166
3	4431647	6083182	774	14	-0.0000054726	0.000000336996
3	6083183	7083386	428	14	-0.0000208639	0.000000244066
3	7083387	8648560	861	14	0.0001073948	0.000000344708
3	8648561	9543182	488	14	0.0002092933	0.000000290857
3	9543183	11019664	594	14	0.0000914932	0.000000343622
3	11019665	13070798	738	14	0.0003255022	0.000000359611
3	13070799	14816899	788	14	0.0001244560	0.000000345874
3	14816900	16282441	531	14	0.0006996818	0.000000300398
3	16282442	17891117	500	14	0.0003742980	0.000000264353
3	17891118	19125143	341	14	0.0001922860	0.000000176091
3	19125144	20091347	196	14	0.0002027040	0.000000115709
3	20091348	21643706	638	14	-0.0000461839	0.000000334215
3	21643707	22204243	381	14	0.0001603003	0.000000212606
3	22204244	23804864	528	14	0.0002121710	0.000000297834
3	23804865	25461557	746	14	0.0001347070	0.000000346574
3	25461558	26877768	469	14	-0.0000440210	0.000000220768
3	26877769	27840909	271	14	-0.0001215935	0.000000124202
3	27840910	29142259	449	14	0.0001188028	0.000000249907
3	29142260	30717954	685	14	0.0003763225	0.000000363083
3	30717955	32351714	659	14	-0.0000345179	0.000000335012
3	32351715	33255591	276	14	0.0000727407	0.000000157223
3	33255592	35283457	583	14	-0.0000731565	0.000000264142
3	35283458	36486841	409	14	0.0002145433	0.000000214175
3	36486842	38356115	596	14	0.0000915037	0.000000289614
3	38356116	40221297	659	14	0.0000794309	0.000000300171
3	40221298	41064527	149	14	0.0004472824	0.000000094197
3	41064528	42540001	450	14	0.0003505068	0.000000236114
3	42540002	45165152	706	14	0.0000896548	0.000000324720
3	45165153	46657499	516	14	0.0004266574	0.000000259927
3	46657500	47727211	176	14	-0.0000527031	0.000000066707
3	47727212	49316971	257	14	0.0003224451	0.000000085810
3	49316972	51832014	440	14	0.0004414721	0.000000133703
3	51832015	54081389	608	14	0.0002211037	0.000000295423
3	54081390	55348859	664	14	-0.0000763933	0.000000332150
3	55348860	56433906	370	14	0.0003258495	0.000000211231
3	56433907	58157518	542	14	0.0000252891	0.000000246472
3	58157519	60272905	974	14	0.0002786689	0.000000356411
3	60272906	62355665	980	14	-0.0000109457	0.000000336622
3	62355666	63669285	671	14	0.0001037216	0.000000344457
3	63669286	65273537	760	14	0.0001679524	0.000000348846
3	65273538	66270446	344	14	0.0000705555	0.000000207226
3	66270447	68286913	639	14	0.0000698145	0.000000342140
3	68286914	69276761	367	14	0.0005937192	0.000000240579
3	69276762	70449027	391	14	0.0001035510	0.000000220783
3	70449028	72529328	793	14	0.0001126518	0.000000345067
3	72529329	74321816	721	14	0.0000084650	0.000000337949
3	74321817	75704948	273	14	0.0001436625	0.000000136212
3	75704949	77508834	485	14	0.0001133131	0.000000253918
3	77508835	79024540	406	14	0.0001878488	0.000000213771
3	79024541	81427309	489	14	-0.0000367097	0.000000174242
3	81427310	82643885	295	14	0.0006562171	0.000000156507
3	82643886	84367478	313	14	0.0003689324	0.000000156652
3	84367479	85582230	253	14	0.0001734691	0.000000112470
3	85582231	87409731	453	14	0.0002023773	0.000000199396
3	87409732	88298372	189	14	0.0001407701	0.000000077874
3	88298373	94255315	463	14	0.0003368316	0.000000221761
3	94255316	95311970	216	14	0.0000273948	0.000000078235
3	95311971	98215949	567	14	0.0001896173	0.000000240223
3	98215950	99373761	330	14	0.0001117759	0.000000140610
3	99373762	100592216	332	14	0.0000409565	0.000000123428
3	100592217	103084959	658	14	0.0002079149	0.000000295279
3	103084960	104581612	412	14	0.0000786217	0.000000179305
3	104581613	106982810	711	14	0.0000943728	0.000000343818
3	106982811	109522394	763	14	0.0002603293	0.000000355158
3	109522395	110513769	251	14	-0.0000386217	0.000000082473
3	110513770	112815698	694	14	0.0000792934	0.000000320136
3	112815699	113947862	374	14	-0.0000740936	0.000000154696
3	113947863	115447079	404	14	0.0003101751	0.000000236938
3	115447080	116800152	523	14	0.0001927768	0.000000265928
3	116800153	118530250	569	14	0.0000950039	0.000000307345
3	118530251	120523054	667	14	-0.0000626049	0.000000268595
3	120523055	121974096	390	14	0.0001122162	0.000000130832
3	121974097	123517767	529	14	-0.0000120043	0.000000240290
3	123517768	124936641	627	14	-0.0000173066	0.000000301219
3	124936642	126214942	386	14	0.0000536030	0.000000172147
3	126214943	128194860	671	14	0.0000785128	0.000000323960
3	128194861	130244734	437	14	0.0000751802	0.000000194251
3	130244735	131836515	546	14	0.0001534801	0.000000237049
3	131836516	133252172	516	14	0.0003155284	0.000000242305
3	133252173	135456905	864	14	0.0002097573	0.000000351702
3	135456906	137371082	441	14	0.0003263392	0.000000194014
3	137371083	139954596	843	14	0.0002277908	0.000000352934
3	139954597	141339096	477	14	0.0001712091	0.000000254928
3	141339097	143164627	624	14	0.0001041000	0.000000323378
3	143164628	144410815	389	14	0.0001240840	0.000000187877
3	144410816	145664618	353	14	-0.0000011716	0.000000138917
3	145664619	146726628	336	14	0.0001319221	0.000000157876
3	146726629	149043236	682	14	-0.0000279326	0.000000335462
3	149043237	150252003	425	14	0.0000352270	0.000000226147
3	150252004	151348729	367	14	0.0001469813	0.000000193568
3	151348730	153256570	566	14	-0.0000154191	0.000000271059
3	153256571	154714217	407	14	-0.0001013113	0.000000145461
3	154714218	156008699	332	14	-0.0000473678	0.000000155829
3	156008700	157312027	452	14	0.0003255288	0.000000209124
3	157312028	159477889	642	14	0.0004280090	0.000000278979
3	159477890	161524503	568	14	0.0000196547	0.000000210834
3	161524504	163253204	473	14	-0.0000590482	0.000000181692
3	163253205	165055468	437	14	0.0002552413	0.000000157555
3	165055469	167117428	454	14	-0.0000306944	0.000000180155
3	167117429	168580959	363	14	0.0000072840	0.000000150123
3	168580960	170964908	719	14	0.0001108854	0.000000344947
3	170964909	172295730	509	14	0.0000709755	0.000000279937
3	172295731	173477284	384	14	0.0001193136	0.000000210532
3	173477285	175116538	601	14	0.0001740461	0.000000349262
3	175116539	176320286	340	14	-0.0000045283	0.000000149324
3	176320287	178107164	537	14	0.0002387317	0.000000292110
3	178107165	179374585	385	14	-0.0000547841	0.000000168225
3	179374586	181511165	463	14	0.0002698156	0.000000237771
3	181511166	183769682	665	14	0.0001942744	0.000000327982
3	183769683	185068254	416	14	0.0005616515	0.000000260445
3	185068255	186890343	661	14	0.0000809186	0.000000342899
3	186890344	188856213	805	14	0.0000630312	0.000000341677
3	188856214	190226606	627	14	-0.0000113835	0.000000336592
3	190226607	192343813	743	14	0.0000938439	0.000000343782
3	192343814	194059670	511	14	0.0001871691	0.000000295375
3	194059671	194786673	265	14	0.0000775508	0.000000146881
3	194786674	195971407	228	14	-0.0000075161	0.000000120159
3	195971408	197075986	289	14	0.0002543564	0.000000162811
3	197075987	197946621	182	14	0.0000368568	0.000000093177
4	10240	694714	105	12	0.0000438624	0.000000055029
4	694715	1478710	220	14	0.0001250434	0.000000111114
4	1478711	2842978	266	14	0.0000507213	0.000000139780
4	2842979	3846039	261	14	0.0000162186	0.000000142076
4	3846040	4684115	227	14	0.0000396292	0.000000125936
4	4684116	5502387	392	14	0.0003661153	0.000000252927
4	5502388	6773042	684	14	0.0000908019	0.000000343574
4	6773043	7539691	408	14	0.0001050165	0.000000255552
4	7539692	8152234	357	14	0.0001192898	0.000000221140
4	8152235	9326478	244	14	0.0002468589	0.000000147756
4	9326479	10699151	512	14	0.0001658761	0.000000225011
4	10699152	12323033	648	14	-0.0000400922	0.000000334631
4	12323034	14272000	713	14	0.0001101383	0.000000344896
4	14272001	15147445	383	14	0.0005574750	0.000000235311
4	15147446	15927008	250	14	0.0001179731	0.000000132522
4	15927009	17383321	667	14	0.0000718036	0.000000342276
4	17383322	18841873	420	14	0.0003466021	0.000000221721
4	18841874	20544556	468	14	0.0004778299	0.000000229913
4	20544557	22319346	669	14	0.0001441537	0.000000347220
4	22319347	24135528	605	14	0.0001184858	0.000000312782
4	24135529	25609321	603	14	0.0004115238	0.000000363124
4	25609322	27343721	564	14	0.0001607016	0.000000333460
4	27343722	27965867	199	14	-0.0000521247	0.000000096009
4	27965868	29762207	529	14	0.0001317816	0.000000258105
4	29762208	30454534	158	14	0.0000048347	0.000000069962
4	30454535	31782980	405	14	0.0001063781	0.000000209655
4	31782981	33172765	312	14	0.0000303184	0.000000153017
4	33172766	35151414	360	14	0.0000830118	0.000000131467
4	35151415	36020435	273	14	0.0001329459	0.000000116749
4	36020436	37255046	432	14	0.0003715390	0.000000208082
4	37255047	38907021	791	14	0.0004567451	0.000000368578
4	38907022	40202608	400	14	0.0001135279	0.000000183724
4	40202609	42213057	715	14	0.0001045750	0.000000344515
4	42213058	43965044	528	14	0.0001489969	0.000000252689
4	43965045	45189156	340	14	0.0005949908	0.000000170593
4	45189157	47411895	453	14	0.0001452390	0.000000200388
4	47411896	48123599	221	14	-0.0000911002	0.000000076455
4	48123600	53877432	484	14	0.0000616714	0.000000198212
4	53877433	55429555	536	14	0.0001366569	0.000000264323
4	55429556	56547643	372	14	0.0003858061	0.000000204216
4	56547644	58935007	854	14	0.0000189082	0.000000338662
4	58935008	60741086	454	14	0.0003381849	0.000000217648
4	60741087	62371762	426	14	0.0000889240	0.000000200757
4	62371763	64341000	434	14	0.0003286665	0.000000233211
4	64341001	66600491	504	14	0.0000058123	0.000000209187
4	66600492	68059496	385	14	0.0002428144	0.000000179508
4	68059497	68854764	246	14	0.0000896969	0.000000101766
4	68854765	71049151	523	14	0.0001376741	0.000000189486
4	71049152	72140557	218	14	-0.0000781539	0.000000081684
4	72140558	74592389	490	14	0.0000771196	0.000000214732
4	74592390	77130706	733	14	0.0002052353	0.000000326408
4	77130707	79093978	730	14	-0.0000602750	0.000000333252
4	79093979	80990296	563	14	0.0001319168	0.000000228412
4	80990297	82125314	245	14	0.0000388810	0.000000111691
4	82125315	83372592	361	14	0.0000613755	0.000000171312
4	83372593	84799655	484	14	0.0000315538	0.000000223748
4	84799656	86930608	592	14	-0.0001314711	0.000000245352
4	86930609	87534647	138	14	0.0001822058	0.000000068520
4	87534648	89238027	570	14	0.0001100614	0.000000275120
4	89238028	90231563	323	14	0.0006841499	0.000000199887
4	90231564	91560676	339	14	0.0001760122	0.000000155522
4	91560677	94233298	567	14	0.0000664029	0.000000293960
4	94233299	96182187	607	14	0.0000493555	0.000000321970
4	96182188	97540702	488	14	0.0001661493	0.000000256046
4	97540703	99424066	403	14	0.0000026239	0.000000139173
4	99424067	100678359	412	14	0.0005963145	0.000000216400
4	100678360	103221355	796	14	0.0000186658	0.000000338646
4	103221356	105305293	489	14	-0.0000651868	0.000000198024
4	105305294	107501304	582	14	0.0003131706	0.000000265307
4	107501305	108815347	360	14	0.0002060931	0.000000165564
4	108815348	111256566	770	14	0.0004141867	0.000000365670
4	111256567	113870101	721	14	0.0000908126	0.000000343575
4	113870102	115666245	609	14	0.0000512292	0.000000329106
4	115666246	117276928	336	14	0.0000950117	0.000000133582
4	117276929	118479917	337	14	0.0000686313	0.000000150931
4	118479918	119933511	419	14	-0.0000526993	0.000000162915
4	119933512	120392683	148	14	-0.0000380519	0.000000052530
4	120392684	122657986	701	14	0.0002227713	0.000000352591
4	122657987	124286480	382	14	0.0002041369	0.000000160085
4	124286481	125210861	263	14	0.0001263441	0.000000127891
4	125210862	126480885	387	14	0.0003384126	0.000000210691
4	126480886	127275476	222	14	0.0000857049	0.000000111012
4	127275477	127830292	163	14	0.0002290441	0.000000092411
4	127830293	128996664	195	14	-0.0000553189	0.000000079483
4	128996665	130591884	442	14	0.0001026869	0.000000203788
4	130591885	131283820	183	14	0.0000747941	0.000000091975
4	131283821	132954032	354	14	0.0001566052	0.000000184582
4	132954033	134628433	371	14	0.0001286396	0.000000167053
4	134628434	136566406	425	14	0.0002483347	0.000000195599
4	136566407	138541970	513	14	-0.0000796265	0.000000250351
4	138541971	139556510	353	14	0.0000510321	0.000000180181
4	139556511	141084630	501	14	-0.0000096966	0.000000269954
4	141084631	143443264	717	14	-0.0000428598	0.000000334442
4	143443265	146178186	510	14	0.0001601608	0.000000204886
4	146178187	148521872	615	14	0.0001205658	0.000000303737
4	148521873	150683579	527	14	-0.0000088263	0.000000243423
4	150683580	152782183	516	14	0.0002387764	0.000000198401
4	152782184	154477640	501	14	0.0001719733	0.000000286814
4	154477641	155056125	205	14	0.0001877359	0.000000109630
4	155056126	157485096	801	14	0.0002458960	0.000000354171
4	157485097	158743717	320	14	0.0003570209	0.000000175093
4	158743718	161058863	518	14	0.0000082692	0.000000219307
4	161058864	161826434	263	14	0.0001717896	0.000000145976
4	161826435	163243678	436	14	0.0002389694	0.000000221464
4	163243679	164478233	330	14	0.0001476507	0.000000164971
4	164478234	165823447	419	14	-0.0001666052	0.000000212446
4	165823448	167018857	360	14	0.0003347254	0.000000214619
4	167018858	167852916	186	14	0.0000673572	0.000000085872
4	167852917	169676824	577	14	0.0000617398	0.000000305077
4	169676825	170776509	315	14	0.0001858724	0.000000158185
4	170776510	172558634	413	14	0.0000143786	0.000000193613
4	172558635	174264131	393	14	0.0000458554	0.000000181205
4	174264132	176570715	626	14	0.0000399670	0.000000340101
4	176570716	178991909	821	14	0.0000182014	0.000000338614
4	178991910	180122042	320	14	0.0002286048	0.000000181943
4	180122043	182066806	805	14	-0.0000587783	0.000000333354
4	182066807	183371274	707	14	-0.0000660672	0.000000332856
4	183371275	184929454	585	14	0.0001505502	0.000000347657
4	184929455	186909089	870	14	0.0000505866	0.000000340827
4	186909090	188472980	610	14	0.0001343643	0.000000346551
4	188472981	189693510	409	14	-0.0000212067	0.000000230234
4	189693511	191043593	294	14	0.0001780221	0.000000161659
5	11940	982251	229	14	0.0002100405	0.000000118750
5	982252	2132441	453	14	-0.0000623295	0.000000270111
5	2132442	3361940	784	14	0.0000949431	0.000000343857
5	3361941	4632109	532	14	0.0002281384	0.000000283902
5	4632110	5973232	691	14	0.0002502650	0.000000354470
5	5973233	7143217	573	14	-0.0000285297	0.000000292812
5	7143218	8446335	584	14	0.0000031964	0.000000285865
5	8446336	9718831	600	14	0.0000752577	0.000000300649
5	9718832	11173270	730	14	0.0000451331	0.000000340454
5	11173271	13464831	561	14	0.0000359907	0.000000274559
5	13464832	14757803	583	14	0.0000838539	0.000000292117
5	14757804	16963612	753	14	0.0003104552	0.000000358583
5	16963613	18051591	265	14	0.0002628933	0.000000156086
5	18051592	19917715	543	14	0.0005751207	0.000000275086
5	19917716	22152072	440	14	0.0000482929	0.000000190347
5	22152073	23494323	403	14	0.0002957296	0.000000191258
5	23494324	26184850	648	14	-0.0000090969	0.000000317980
5	26184851	26857603	150	14	-0.0000648822	0.000000062834
5	26857604	27984512	218	14	0.0000116347	0.000000104111
5	27984513	29714819	400	14	0.0000324106	0.000000170033
5	29714820	31390248	569	14	0.0001939277	0.000000277849
5	31390249	33500179	807	14	0.0001686444	0.000000348893
5	33500180	35048969	544	14	0.0001589585	0.000000294964
5	35048970	36433953	476	14	0.0002929862	0.000000227955
5	36433954	38802409	754	14	0.0000555123	0.000000341163
5	38802410	40287728	533	14	0.0005809327	0.000000254595
5	40287729	41888709	540	14	0.0002033209	0.000000202931
5	41888710	43983498	406	14	0.0002429790	0.000000170742
5	43983499	50163397	413	14	0.0002473487	0.000000158348
5	50163398	52134621	556	14	0.0001964950	0.000000266181
5	52134622	53703043	597	14	0.0004741242	0.000000328603
5	53703044	55417348	589	14	0.0000644764	0.000000266070
5	55417349	56621101	497	14	0.0002447271	0.000000254822
5	56621102	57340072	265	14	0.0001911792	0.000000125806
5	57340073	58524621	529	14	0.0000101270	0.000000246173
5	58524622	60935906	678	14	0.0000643021	0.000000306784
5	60935907	61672994	266	14	-0.0000827775	0.000000106698
5	61672995	63218986	476	14	-0.0000983783	0.000000183190
5	63218987	63968303	174	14	0.0000167771	0.000000075673
5	63968304	65911285	612	14	0.0001970548	0.000000281041
5	65911286	67850859	770	14	0.0005137871	0.000000372476
5	67850860	71240455	446	14	-0.0000007166	0.000000199584
5	71240456	73759325	954	14	0.0004259152	0.000000366472
5	73759326	75798865	675	14	0.0003480955	0.000000349376
5	75798866	77623331	709	14	-0.0001242931	0.000000328878
5	77623332	79393143	648	14	0.0004639703	0.000000369072
5	79393144	80481470	444	14	-0.0000777144	0.000000221353
5	80481471	82025647	497	14	0.0000795907	0.000000267840
5	82025648	83972688	521	14	-0.0000596903	0.000000289926
5	83972689	85767289	490	14	-0.0000768013	0.000000219260
5	85767290	87389990	269	14	0.0000639079	0.000000132791
5	87389991	88891529	301	14	0.0000667149	0.000000129065
5	88891530	90422653	419	14	0.0002070927	0.000000196947
5	90422654	91840541	264	14	-0.0000854487	0.000000116201
5	91840542	93809983	406	14	0.0000735466	0.000000174178
5	93809984	95963518	685	14	0.0001606623	0.000000348348
5	95963519	97315600	407	14	0.0001919831	0.000000176749
5	97315601	99260991	480	14	0.0003498730	0.000000231105
5	99260992	101578768	497	14	-0.0001225555	0.000000202606
5	101578769	103320004	475	14	0.0002801508	0.000000220731
5	103320005	104851482	407	14	0.0001929461	0.000000206409
5	104851483	105893054	165	14	0.0000908458	0.000000094931
5	105893055	107264195	548	14	0.0002024643	0.000000337871
5	107264196	108633933	378	14	0.0002144669	0.000000205078
5	108633934	110821143	621	14	0.0000418634	0.000000302191
5	110821144	111981561	415	14	0.0001282064	0.000000231741
5	111981562	113396284	535	14	0.0001872181	0.000000281864
5	113396285	114830369	512	14	-0.0000412668	0.000000242679
5	114830370	115831046	424	14	0.0000346402	0.000000213977
5	115831047	117346212	544	14	0.0003879256	0.000000338874
5	117346213	118608819	367	14	0.0001165368	0.000000203328
5	118608820	119669041	326	14	-0.0000949547	0.000000155312
5	119669042	120452165	228	14	0.0000977364	0.000000120151
5	120452166	122556904	655	14	0.0000553014	0.000000341149
5	122556905	123798099	434	14	0.0004473640	0.000000249820
5	123798100	125785648	821	14	0.0002951045	0.000000357534
5	125785649	127344603	425	14	-0.0000481641	0.000000192167
5	127344604	129519024	645	14	0.0001452788	0.000000280503
5	129519025	132139648	601	14	0.0003936063	0.000000237616
5	132139649	134777400	892	14	0.0000379673	0.000000339964
5	134777401	136376049	584	14	0.0004255785	0.000000283234
5	136376050	139265071	686	14	0.0000974195	0.000000287753
5	139265072	140645970	349	14	0.0003825980	0.000000152985
5	140645971	142981247	910	14	0.0000468305	0.000000340570
5	142981248	144943353	619	14	0.0001728567	0.000000288375
5	144943354	147181997	729	14	0.0002800288	0.000000356504
5	147181998	148662623	547	14	0.0000144844	0.000000261187
5	148662624	150561297	841	14	-0.0000142624	0.000000336396
5	150561298	152867773	835	14	0.0000383387	0.000000339202
5	152867774	153773087	425	14	0.0004221207	0.000000196395
5	153773088	155373504	554	14	0.0001948220	0.000000283128
5	155373505	156628699	371	14	0.0001001771	0.000000175298
5	156628700	158825697	867	14	0.0002616700	0.000000355249
5	158825698	159973943	412	14	0.0003281686	0.000000238872
5	159973944	161482132	513	14	-0.0000396779	0.000000218197
5	161482133	162743907	350	14	0.0001922397	0.000000181526
5	162743908	163771581	375	14	-0.0000391584	0.000000184424
5	163771582	165642394	534	14	-0.0000928280	0.000000297603
5	165642395	166847739	414	14	0.0000416557	0.000000251245
5	166847740	168525317	761	14	0.0001935075	0.000000350592
5	168525318	169505663	473	14	0.0000128788	0.000000258119
5	169505664	171074291	647	14	0.0005331102	0.000000373796
5	171074292	172678326	665	14	0.0000606617	0.000000341515
5	172678327	173642870	488	14	0.0001007557	0.000000261144
5	173642871	175450594	806	14	-0.0000494712	0.000000333990
5	175450595	177251506	336	14	0.0002237695	0.000000172136
5	177251507	178413463	430	14	0.0002737437	0.000000262628
5	178413464	179401243	350	14	0.0002551299	0.000000209227
5	179401244	180559932	323	14	0.0000078608	0.000000163619
5	180559933	180885155	42	9	-0.0000675223	0.000000016455
6	73924	1452361	673	14	-0.0000271514	0.000000335515
6	1452362	2458935	431	14	0.0001093536	0.000000233334
6	2458936	3573592	577	14	0.0000484714	0.000000322686
6	3573593	4617816	512	14	0.0000673950	0.000000269983
6	4617817	5791471	587	14	0.0000163611	0.000000327506
6	5791472	6785206	590	14	0.0001708618	0.000000349045
6	6785207	7808935	511	14	0.0002297647	0.000000299032
6	7808936	9020025	494	14	0.0001574512	0.000000240201
6	9020026	10540316	606	14	0.0002173646	0.000000339669
6	10540317	11790815	562	14	-0.0000156987	0.000000301329
6	11790816	13209387	590	14	0.0001009699	0.000000308518
6	13209388	14802923	673	14	0.0001674432	0.000000348811
6	14802924	17386404	985	14	0.0001265274	0.000000346015
6	17386405	19207486	635	14	0.0002261968	0.000000286011
6	19207487	21684064	1019	14	0.0002632232	0.000000355355
6	21684065	22748306	513	14	0.0001688817	0.000000294129
6	22748307	23936618	487	14	0.0000734205	0.000000282356
6	23936619	24852274	399	14	0.0002610027	0.000000244349
6	24852275	25684586	448	14	0.0000003077	0.000000218767
6	25684587	26791232	476	14	0.0001067403	0.000000166248
6	26791233	28017818	276	14	-0.0000235216	0.000000090996
6	28017819	28917607	317	14	-0.0000637268	0.000000082655
6	28917608	29737970	527	14	0.0000182163	0.000000158240
6	29737971	30798167	910	14	-0.0001163031	0.000000205158
6	30798168	31571217	797	14	0.0002239161	0.000000241831
6	31571218	32682663	698	14	0.0000064424	0.000000227066
6	32682664	33236496	628	14	0.0000645286	0.000000218136
6	33236497	35455755	752	14	0.0007610411	0.000000389370
6	35455756	37572595	817	14	0.0000791947	0.000000342781
6	37572596	39295676	760	14	-0.0000900602	0.000000331217
6	39295677	40345114	400	14	0.0000363418	0.000000196496
6	40345115	42038720	714	14	-0.0000362997	0.000000334890
6	42038721	43756168	444	14	0.0001813515	0.000000228911
6	43756169	45406562	576	14	-0.0000163186	0.000000305125
6	45406563	47311897	758	14	0.0000096947	0.000000338033
6	47311898	48391124	354	14	0.0002318420	0.000000151348
6	48391125	50386144	494	14	0.0002331499	0.000000187024
6	50386145	52210475	620	14	0.0002900628	0.000000291855
6	52210476	53279101	427	14	0.0002684503	0.000000212922
6	53279102	55468269	855	14	0.0001416259	0.000000346259
6	55468270	56105312	211	14	0.0001918051	0.000000084366
6	56105313	57599464	366	14	0.0000161218	0.000000152057
6	57599465	61880511	119	9	0.0003415307	0.000000057216
6	61880512	63552887	334	14	0.0001792497	0.000000121150
6	63552888	65765741	443	14	0.0003705960	0.000000203187
6	65765742	67329214	481	14	0.0001402223	0.000000224694
6	67329215	68849482	461	14	0.0002488551	0.000000208801
6	68849483	69523447	217	14	0.0001237743	0.000000099027
6	69523448	71609509	741	14	0.0000893534	0.000000321597
6	71609510	73450096	629	14	0.0001567979	0.000000303160
6	73450097	75462002	573	14	-0.0000592673	0.000000242919
6	75462003	77414880	447	14	-0.0001134662	0.000000169047
6	77414881	78957727	485	14	0.0002447251	0.000000181673
6	78957728	80691169	580	14	0.0004549486	0.000000294122
6	80691170	81929221	369	14	0.0000421874	0.000000122863
6	81929222	83127148	348	14	0.0002546378	0.000000170858
6	83127149	85209988	555	14	-0.0000578620	0.000000230638
6	85209989	87069499	592	14	-0.0000459480	0.000000214914
6	87069500	88822139	540	14	0.0001331172	0.000000229925
6	88822140	89973051	431	14	0.0003214773	0.000000234856
6	89973052	91843195	735	14	0.0004319552	0.000000366884
6	91843196	93428643	465	14	0.0001054485	0.000000231632
6	93428644	94118141	281	14	0.0000925390	0.000000127556
6	94118142	94441174	83	8	0.0000930826	0.000000034147
6	94441175	97093510	614	14	0.0001285103	0.000000281606
6	97093511	97842283	228	14	0.0000658799	0.000000096386
6	97842284	100630145	786	14	0.0000431200	0.000000340316
6	100630146	102636771	492	14	-0.0000615900	0.000000225327
6	102636772	103983394	331	14	0.0002567723	0.000000151713
6	103983395	106056732	660	14	0.0002003922	0.000000319137
6	106056733	107450305	622	14	0.0000840147	0.000000343111
6	107450306	108464379	349	14	0.0001988721	0.000000186073
6	108464380	110304246	533	14	-0.0000671713	0.000000214187
6	110304247	112345013	614	14	0.0001659520	0.000000297710
6	112345014	114220832	625	14	0.0000592025	0.000000282139
6	114220833	116131395	475	14	0.0002060642	0.000000191362
6	116131396	117672971	468	14	0.0002740304	0.000000211205
6	117672972	118963114	369	14	0.0005516303	0.000000191603
6	118963115	119963277	320	14	0.0000584487	0.000000141621
6	119963278	120512127	164	14	0.0000428934	0.000000067031
6	120512128	121905675	377	14	0.0002367696	0.000000153661
6	121905676	123856180	597	14	0.0001675263	0.000000251760
6	123856181	125424382	594	14	0.0000397416	0.000000340086
6	125424383	127540460	458	14	0.0003193231	0.000000225501
6	127540461	129861030	611	14	0.0000457122	0.000000291033
6	129861031	130935453	491	14	0.0001708629	0.000000260762
6	130935454	132765668	599	14	0.0000799061	0.000000296399
6	132765669	134244242	584	14	0.0003054706	0.000000304189
6	134244243	136224176	582	14	0.0002613527	0.000000343453
6	136224177	137614217	337	14	-0.0001433440	0.000000164968
6	137614218	138822628	473	14	0.0000944597	0.000000248253
6	138822629	139845435	381	14	-0.0000048879	0.000000201408
6	139845436	142288478	526	14	0.0001436077	0.000000245048
6	142288479	145319809	1031	14	0.0002528097	0.000000354644
6	145319810	146665423	310	14	-0.0000093237	0.000000101428
6	146665424	148920351	914	14	0.0001558036	0.000000348016
6	148920352	150253403	515	14	0.0002881252	0.000000254139
6	150253404	151912702	880	14	-0.0000051478	0.000000337018
6	151912703	153094495	556	14	0.0002215897	0.000000285698
6	153094496	154974119	792	14	0.0001054598	0.000000344576
6	154974120	156763325	722	14	0.0000709468	0.000000342218
6	156763326	158218718	372	14	0.0007291561	0.000000244140
6	158218719	160580496	1030	14	0.0001366636	0.000000346708
6	160580497	162169563	758	14	-0.0000758486	0.000000332188
6	162169564	162931202	371	14	-0.0000590552	0.000000199847
6	162931203	164383520	674	14	-0.0000174827	0.000000336176
6	164383521	165586863	535	14	0.0000526157	0.000000263040
6	165586864	167024732	801	14	0.0001140809	0.000000345165
6	167024733	168042834	421	14	0.0002381470	0.000000229203
6	168042835	169382049	576	14	0.0001959805	0.000000307353
6	169382050	170330172	393	14	0.0001061562	0.000000181853
6	170330173	171051269	234	14	0.0000736543	0.000000116599
7	16161	972751	88	14	0.0003420502	0.000000070259
7	972752	1353066	98	14	0.0001838341	0.000000063226
7	1353067	2062397	137	14	0.0001250865	0.000000084187
7	2062398	2772226	216	14	-0.0000713023	0.000000113916
7	2772227	4573427	846	14	0.0001972926	0.000000350851
7	4573428	5416231	201	14	0.0000478381	0.000000121302
7	5416232	5854525	98	14	0.0001895012	0.000000066003
7	5854526	6573856	140	14	0.0000031559	0.000000075373
7	6573857	7808751	413	14	0.0001145191	0.000000242347
7	7808752	9123422	722	14	0.0000654636	0.000000341843
7	9123423	9987498	354	14	0.0002314108	0.000000216020
7	9987499	11299197	467	14	0.0001301755	0.000000279475
7	11299198	12635460	691	14	0.0001689032	0.000000348911
7	12635461	13884201	563	14	0.0005248649	0.000000373232
7	13884202	15143656	569	14	0.0000705292	0.000000342189
7	15143657	16902068	748	14	0.0001621850	0.000000348452
7	16902069	19481546	1019	14	0.0000261248	0.000000339155
7	19481547	20124907	228	14	-0.0000514938	0.000000117194
7	20124908	22507628	1188	14	-0.0000061770	0.000000336948
7	22507629	23471441	309	14	0.0001065221	0.000000173005
7	23471442	25077258	697	14	0.0001067859	0.000000344666
7	25077259	25909554	445	14	0.0006492830	0.000000265675
7	25909555	28360308	881	14	0.0001423643	0.000000347097
7	28360309	31137288	1235	14	0.0002812112	0.000000356584
7	31137289	33555767	986	14	0.0000744658	0.000000342458
7	33555768	36213537	1005	14	0.0000344727	0.000000339726
7	36213538	37555183	631	14	0.0001660686	0.000000348717
7	37555184	38966702	631	14	-0.0000009088	0.000000288614
7	38966703	39862669	313	14	0.0002640271	0.000000152861
7	39862670	42001810	613	14	0.0001992858	0.000000305295
7	42001811	43159073	400	14	0.0000499114	0.000000203016
7	43159074	44763827	466	14	0.0003229527	0.000000235667
7	44763828	45952921	351	14	0.0000308092	0.000000178812
7	45952922	46986719	409	14	0.0000636902	0.000000187928
7	46986720	49212277	895	14	0.0002400766	0.000000353774
7	49212278	51675321	886	14	0.0005029317	0.000000371734
7	51675322	53176311	630	14	0.0000878086	0.000000302267
7	53176312	54222975	372	14	0.0001452692	0.000000156775
7	54222976	55691583	527	14	0.0001466318	0.000000269436
7	55691584	57382637	242	14	0.0000584210	0.000000102820
7	57382638	63307358	126	14	0.0001797147	0.000000067149
7	63307359	63641124	53	6	0.0000482062	0.000000024780
7	63641125	65689808	306	14	0.0003302488	0.000000136468
7	65689809	68234073	704	14	0.0001078292	0.000000329072
7	68234074	69085363	264	14	0.0002718108	0.000000146164
7	69085364	71874884	834	14	-0.0000099687	0.000000336689
7	71874885	73334601	147	14	0.0000379732	0.000000068526
7	73334602	76458563	347	14	0.0002335678	0.000000185686
7	76458564	78093858	604	14	0.0003706617	0.000000357186
7	78093859	79888068	644	14	0.0002550641	0.000000347721
7	79888069	82022685	714	14	0.0001766388	0.000000349439
7	82022686	83801202	627	14	0.0001955374	0.000000333502
7	83801203	85572181	402	14	0.0000519808	0.000000162545
7	85572182	87825003	563	14	0.0000106484	0.000000218754
7	87825004	90661783	952	14	0.0000352943	0.000000339782
7	90661784	92493751	423	14	0.0001981379	0.000000193579
7	92493752	93966600	355	14	0.0001148891	0.000000195552
7	93966601	96073507	691	14	0.0002012642	0.000000351122
7	96073508	97099569	309	14	0.0002122549	0.000000155315
7	97099570	98715473	417	14	0.0001530369	0.000000210708
7	98715474	100196650	248	14	0.0005878686	0.000000134674
7	100196651	101199252	245	14	0.0002091379	0.000000139324
7	101199253	103197509	384	14	0.0000296045	0.000000191164
7	103197510	104159524	475	14	0.0000600797	0.000000237201
7	104159525	105682904	535	14	-0.0000796802	0.000000266685
7	105682905	107780177	742	14	0.0000797677	0.000000342820
7	107780178	109647593	552	14	0.0002761956	0.000000273813
7	109647594	112618683	829	14	0.0001241023	0.000000345850
7	112618684	113712386	219	14	0.0000842448	0.000000101399
7	113712387	116780177	709	14	0.0001958623	0.000000321138
7	116780178	118351580	372	14	-0.0000170924	0.000000137181
7	118351581	121045272	437	14	0.0003355393	0.000000198063
7	121045273	121933629	228	14	0.0001950570	0.000000105709
7	121933630	124156804	661	14	0.0001764841	0.000000290126
7	124156805	124167551	6	2	0.0000791936	0.000000008095
7	124167552	126519169	659	14	0.0002394290	0.000000266158
7	126519170	126869220	139	14	0.0000670129	0.000000060786
7	126869221	128778385	591	14	0.0002860846	0.000000264929
7	128778386	130422413	469	14	-0.0001229115	0.000000216847
7	130422414	132805847	922	14	0.0001299725	0.000000346251
7	132805848	134307595	441	14	0.0002336565	0.000000200821
7	134307596	135591082	500	14	0.0000692567	0.000000234934
7	135591083	136876561	408	14	0.0001512556	0.000000204981
7	136876562	138744678	611	14	0.0000722471	0.000000342307
7	138744679	139933176	330	14	0.0000711855	0.000000163844
7	139933177	140235209	120	14	0.0001914354	0.000000072763
7	140235210	141226556	281	14	0.0000520766	0.000000122882
7	141226557	142656309	444	14	0.0000820033	0.000000174750
7	142656310	144968288	550	14	-0.0000366388	0.000000242994
7	144968289	146427959	379	14	0.0000008269	0.000000175410
7	146427960	147815317	570	14	0.0002802090	0.000000301713
7	147815318	149840657	617	14	0.0000345747	0.000000339733
7	149840658	150711504	307	14	0.0001939080	0.000000141562
7	150711505	152249805	458	14	0.0000518309	0.000000275637
7	152249806	153674018	463	14	0.0001427956	0.000000274370
7	153674019	154964729	548	14	0.0001845627	0.000000330422
7	154964730	156065249	475	14	0.0002410278	0.000000280310
7	156065250	157634596	521	14	-0.0000013877	0.000000293900
7	157634597	159128574	459	14	0.0006762462	0.000000269661
8	10422	1044216	396	14	0.0001737547	0.000000259492
8	1044217	1163244	71	12	-0.0000023562	0.000000038862
8	1163245	2042941	457	14	0.0002390618	0.000000305725
8	2042942	2573278	259	14	0.0004669578	0.000000179843
8	2573279	3392925	594	14	0.0004853322	0.000000370531
8	3392926	3783016	424	14	-0.0000089562	0.000000257373
8	3783017	4480475	669	14	0.0000587416	0.000000341384
8	4480476	5146926	492	14	0.0002823307	0.000000329350
8	5146927	6142796	753	14	-0.0000395596	0.000000334667
8	6142797	7153078	546	14	-0.0000621832	0.000000332334
8	7153079	9154693	554	14	0.0001815491	0.000000349775
8	9154694	9640786	237	14	0.0004370896	0.000000159938
8	9640787	10463196	463	14	0.0001833232	0.000000304968
8	10463197	11278997	388	14	0.0001945325	0.000000236243
8	11278998	13491774	802	14	0.0001635919	0.000000348548
8	13491775	13944991	252	14	0.0001604073	0.000000143235
8	13944992	15991659	1082	14	-0.0000201881	0.000000335991
8	15991660	17387875	550	14	0.0001650330	0.000000348646
8	17387876	17836398	271	14	0.0000726091	0.000000158556
8	17836399	19492839	966	14	0.0003482354	0.000000361164
8	19492840	20060855	335	14	0.0000626400	0.000000188548
8	20060856	21661736	748	14	0.0001180889	0.000000345439
8	21661737	22897056	462	14	0.0003801499	0.000000294996
8	22897057	24674717	656	14	0.0003326196	0.000000360097
8	24674718	25483453	287	14	0.0001365232	0.000000137690
8	25483454	26682524	617	14	0.0004037291	0.000000343827
8	26682525	28162391	737	14	0.0000527710	0.000000340976
8	28162392	29327895	368	14	0.0001802979	0.000000190305
8	29327896	31133728	542	14	0.0001915865	0.000000283655
8	31133729	31548359	125	14	0.0002480681	0.000000074148
8	31548360	32977217	485	14	0.0000725932	0.000000219394
8	32977218	35317231	537	14	0.0002694994	0.000000205329
8	35317232	37379388	359	14	0.0001317780	0.000000171999
8	37379389	38938805	290	14	0.0002875713	0.000000171070
8	38938806	40703336	583	14	0.0002812589	0.000000284536
8	40703337	41721453	381	14	0.0003493674	0.000000228950
8	41721454	42773822	192	14	0.0000431635	0.000000082385
8	42773823	46841314	43	7	0.0001413562	0.000000029867
8	46841315	50082469	395	14	-0.0000311910	0.000000169139
8	50082470	53302929	785	14	-0.0000163430	0.000000303587
8	53302930	54418043	344	14	0.0001118193	0.000000160535
8	54418044	55945580	474	14	0.0003173624	0.000000219038
8	55945581	56956382	353	14	-0.0001229948	0.000000149368
8	56956383	59068650	664	14	0.0001431910	0.000000327598
8	59068651	59728099	275	14	-0.0000072597	0.000000122773
8	59728100	62329098	789	14	0.0000793473	0.000000342792
8	62329099	63349305	328	14	-0.0000154165	0.000000126785
8	63349306	65232871	516	14	0.0000415676	0.000000217289
8	65232872	66489089	361	14	0.0002525414	0.000000172061
8	66489090	69863056	863	14	0.0000998653	0.000000344194
8	69863057	70867978	404	14	-0.0000413981	0.000000203865
8	70867979	72289453	440	14	-0.0000753740	0.000000184053
8	72289454	73817198	689	14	0.0003446790	0.000000351490
8	73817199	75445063	616	14	0.0002971077	0.000000311201
8	75445064	76456541	291	14	0.0003301322	0.000000144880
8	76456542	79132860	687	14	0.0001268486	0.000000286746
8	79132861	81956394	803	14	0.0000304114	0.000000339448
8	81956395	82693738	218	14	0.0001458507	0.000000104286
8	82693739	84225588	416	14	0.0002014729	0.000000168609
8	84225589	85955618	356	14	0.0002266217	0.000000162271
8	85955619	87411708	267	14	0.0001131734	0.000000108409
8	87411709	89085480	483	14	-0.0000543290	0.000000210072
8	89085481	90638161	394	14	0.0000617307	0.000000171336
8	90638162	93554385	674	14	0.0001133308	0.000000317820
8	93554386	95005526	386	14	0.0001321588	0.000000193256
8	95005527	96534805	625	14	0.0002288875	0.000000332671
8	96534806	99401580	1101	14	0.0002051563	0.000000351388
8	99401581	101620957	504	14	-0.0000608742	0.000000172606
8	101620958	104123305	986	14	0.0001628521	0.000000348497
8	104123306	104988751	249	14	0.0001755775	0.000000103769
8	104988752	107410753	819	14	0.0001793990	0.000000349628
8	107410754	108648176	469	14	-0.0000089315	0.000000197625
8	108648177	109248172	204	14	0.0000457581	0.000000076392
8	109248173	110484313	350	14	0.0002041469	0.000000131195
8	110484314	111850846	287	14	0.0002658214	0.000000126343
8	111850847	113064319	233	14	0.0001830410	0.000000093653
8	113064320	116096494	781	14	-0.0000757914	0.000000277463
8	116096495	119685456	1154	14	0.0004501402	0.000000368127
8	119685457	121201699	527	14	0.0000190690	0.000000222900
8	121201700	124861458	1337	14	-0.0000011621	0.000000337291
8	124861459	125683718	333	14	-0.0000206565	0.000000146232
8	125683719	126410916	254	14	0.0000052062	0.000000130138
8	126410917	128659110	912	14	0.0001229408	0.000000345770
8	128659111	130381138	672	14	0.0001182673	0.000000345451
8	130381139	131639624	465	14	0.0001974908	0.000000239318
8	131639625	133351143	759	14	0.0000352819	0.000000339781
8	133351144	134570000	706	14	-0.0000178714	0.000000336149
8	134570001	136035604	752	14	-0.0000107039	0.000000336639
8	136035605	137524150	552	14	0.0001754295	0.000000269175
8	137524151	139254829	738	14	0.0001564983	0.000000347275
8	139254830	140725642	754	14	0.0000782618	0.000000342718
8	140725643	143044913	822	14	0.0001487552	0.000000347534
8	143044914	144236880	365	14	0.0000325895	0.000000175505
8	144236881	146303866	338	14	0.0001949007	0.000000193360
9	10023	1079706	575	14	-0.0000952377	0.000000330863
9	1079707	1916876	600	14	0.0000997408	0.000000344185
9	1916877	3190063	765	14	0.0001346151	0.000000346568
9	3190064	4495327	737	14	-0.0000245587	0.000000335692
9	4495328	4884925	229	14	0.0000626066	0.000000134667
9	4884926	6557588	556	14	-0.0000392591	0.000000334688
9	6557589	7154922	293	14	0.0001605976	0.000000175304
9	7154923	8456298	927	14	0.0000905636	0.000000343558
9	8456299	9166402	399	14	0.0000141585	0.000000240611
9	9166403	10879252	836	14	0.0002103912	0.000000351746
9	10879253	12276488	463	14	0.0000271907	0.000000246601
9	12276489	14836362	1262	14	-0.0000340905	0.000000335041
9	14836363	16659654	802	14	0.0004698958	0.000000369477
9	16659655	18661050	938	14	0.0002261316	0.000000352821
9	18661051	20463533	822	14	0.0001262665	0.000000345998
9	20463534	22206558	685	14	0.0001333370	0.000000346481
9	22206559	24158517	603	14	0.0001559849	0.000000347240
9	24158518	25330809	295	14	0.0000222797	0.000000178235
9	25330810	26111756	272	14	0.0003020467	0.000000180804
9	26111757	28224282	948	14	-0.0000056424	0.000000336985
9	28224283	28811583	251	14	-0.0000122362	0.000000126999
9	28811584	30387391	550	14	0.0001168376	0.000000239610
9	30387392	31310382	245	14	0.0002426993	0.000000117133
9	31310383	32019367	206	14	-0.0000681270	0.000000076759
9	32019368	33578333	587	14	0.0000612200	0.000000293606
9	33578334	34642242	285	14	0.0000844313	0.000000103939
9	34642243	36743282	583	14	-0.0000127635	0.000000299997
9	36743283	38641598	720	14	0.0001215125	0.000000345673
9	38641599	65472189	101	14	0.0000363337	0.000000056322
9	65472190	72512710	563	14	-0.0000130921	0.000000276464
9	72512711	72753754	100	10	0.0000679341	0.000000043575
9	72753755	74253039	594	14	0.0003304853	0.000000284911
9	74253040	76203945	571	14	-0.0000476620	0.000000251788
9	76203946	76973080	180	14	0.0001020345	0.000000085725
9	76973081	78900182	803	14	0.0000415638	0.000000340210
9	78900183	79471207	292	14	0.0001687521	0.000000171116
9	79471208	81079054	523	14	0.0000254938	0.000000293450
9	81079055	82590927	629	14	0.0000227588	0.000000338925
9	82590928	84211232	655	14	-0.0000697763	0.000000332603
9	84211233	85440800	328	14	0.0000940528	0.000000182406
9	85440801	86938195	635	14	-0.0000345850	0.000000317794
9	86938196	88109332	500	14	0.0004271252	0.000000265760
9	88109333	88590416	113	14	0.0000367740	0.000000045620
9	88590417	90136245	597	14	0.0000792669	0.000000319360
9	90136246	92528697	854	14	-0.0000387021	0.000000334726
9	92528698	94167202	621	14	-0.0000177070	0.000000323618
9	94167203	96671697	789	14	0.0000866811	0.000000343293
9	96671698	98922039	665	14	0.0002562907	0.000000319877
9	98922040	101592858	860	14	0.0003138380	0.000000358814
9	101592859	104624436	964	14	-0.0000305342	0.000000335284
9	104624437	105967975	567	14	0.0002284738	0.000000272783
9	105967976	107581748	602	14	0.0002335087	0.000000257702
9	107581749	109298753	603	14	0.0001602221	0.000000315629
9	109298754	110695061	571	14	0.0001214269	0.000000315290
9	110695062	112778023	1099	14	-0.0001094605	0.000000329891
9	112778024	114831081	908	14	0.0004234835	0.000000366305
9	114831082	115693144	314	14	0.0000073813	0.000000132907
9	115693145	117019800	642	14	-0.0000177921	0.000000336154
9	117019801	117921959	465	14	0.0001640024	0.000000251521
9	117921960	121321536	1466	14	0.0000748405	0.000000342484
9	121321537	122260296	359	14	0.0001516874	0.000000181512
9	122260297	124871321	773	14	0.0001137813	0.000000345144
9	124871322	126971886	684	14	0.0001840752	0.000000349947
9	126971887	129059664	563	14	-0.0000722718	0.000000270184
9	129059665	130055509	326	14	0.0001568768	0.000000169637
9	130055510	132165469	499	14	0.0001598797	0.000000265165
9	132165470	133223216	319	14	0.0001529463	0.000000175466
9	133223217	134127887	338	14	0.0001464220	0.000000194222
9	134127888	135298841	434	14	0.0001454787	0.000000218660
9	135298842	137041121	655	14	0.0004719171	0.000000369615
9	137041122	137589363	207	14	0.0000664216	0.000000123850
9	137589364	138938977	626	14	0.0000611693	0.000000341550
9	138938978	139500341	118	14	0.0001225807	0.000000071776
9	139500342	141144795	240	14	0.0000890519	0.000000130571
10	60523	751338	125	14	0.0001657908	0.000000077723
10	751339	1523543	341	14	0.0002522672	0.000000200006
10	1523544	2254499	440	14	-0.0000242461	0.000000234371
10	2254500	3352698	673	14	0.0000096505	0.000000338030
10	3352699	4572273	614	14	0.0001631061	0.000000348515
10	4572274	5983761	710	14	0.0000996412	0.000000344178
10	5983762	7171483	745	14	0.0001012691	0.000000344290
10	7171484	8774664	869	14	0.0001130909	0.000000345097
10	8774665	10249395	565	14	0.0000544266	0.000000274319
10	10249396	12586796	1037	14	0.0001602203	0.000000348317
10	12586797	13321599	445	14	0.0001260171	0.000000278445
10	13321600	15026067	950	14	-0.0000387102	0.000000334725
10	15026068	16551766	563	14	0.0000288465	0.000000336194
10	16551767	18537266	776	14	-0.0000293620	0.000000335364
10	18537267	19716877	532	14	0.0000121591	0.000000264737
10	19716878	22772282	991	14	0.0000602531	0.000000341487
10	22772283	23175131	126	14	-0.0000318948	0.000000062007
10	23175132	25578595	770	14	0.0000308785	0.000000339480
10	25578596	26888683	535	14	-0.0000177890	0.000000212551
10	26888684	29323235	906	14	0.0002376432	0.000000353608
10	29323236	29783691	268	14	0.0000831279	0.000000136051
10	29783692	30458837	363	14	0.0001581786	0.000000211056
10	30458838	31907518	480	14	0.0000859778	0.000000230310
10	31907519	33707967	628	14	0.0002227254	0.000000279065
10	33707968	35109354	501	14	0.0001630310	0.000000257297
10	35109355	36572507	422	14	0.0000487777	0.000000191768
10	36572508	37790028	321	14	0.0001020484	0.000000143245
10	37790029	42372578	199	13	0.0000568192	0.000000051717
10	42372579	43894770	299	14	0.0001406750	0.000000142560
10	43894771	44730074	292	14	0.0000658358	0.000000127704
10	44730075	48760449	673	14	0.0000375173	0.000000339934
10	48760450	50840914	666	14	0.0002170259	0.000000308026
10	50840915	53616628	752	14	0.0005517718	0.000000375071
10	53616629	55103571	680	14	0.0002438094	0.000000352453
10	55103572	57031139	762	14	0.0002463783	0.000000354204
10	57031140	57662145	178	14	0.0000346265	0.000000057409
10	57662146	58959527	381	14	0.0001343020	0.000000120687
10	58959528	60289986	422	14	0.0001855614	0.000000163507
10	60289987	61891408	586	14	0.0000094937	0.000000307655
10	61891409	62659678	303	14	0.0000713979	0.000000138542
10	62659679	63341694	161	14	-0.0000752376	0.000000066418
10	63341695	65794113	849	14	0.0004753220	0.000000369847
10	65794114	67549614	481	14	0.0001891930	0.000000209651
10	67549615	69900147	896	14	0.0005924203	0.000000377848
10	69900148	70195990	116	11	0.0000529593	0.000000048484
10	70195991	72220849	895	14	0.0001720429	0.000000349125
10	72220850	73508511	743	14	0.0000856134	0.000000343220
10	73508512	75422549	439	14	0.0002762749	0.000000167629
10	75422550	78706813	842	14	0.0001385541	0.000000346837
10	78706814	80876748	1016	14	0.0000592133	0.000000341416
10	80876749	82414678	496	14	0.0004354364	0.000000282429
10	82414679	84383744	715	14	0.0002224534	0.000000352570
10	84383745	85458702	439	14	-0.0000030353	0.000000171727
10	85458703	87937576	980	14	0.0002150727	0.000000352065
10	87937577	89127063	272	14	0.0000467227	0.000000129019
10	89127064	91013380	729	14	0.0006640814	0.000000382745
10	91013381	92006580	376	14	0.0000117385	0.000000176149
10	92006581	93335046	446	14	0.0000905868	0.000000201569
10	93335047	95396367	666	14	0.0000923631	0.000000314077
10	95396368	96221242	264	14	-0.0000247242	0.000000126810
10	96221243	97822356	583	14	0.0002755052	0.000000231737
10	97822357	100241301	919	14	0.0003303638	0.000000359943
10	100241302	100668399	148	14	-0.0000320471	0.000000052933
10	100668400	102949238	767	14	-0.0000484924	0.000000334057
10	102949239	104380409	306	14	0.0002392908	0.000000125196
10	104380410	106695047	764	14	0.0001786083	0.000000349574
10	106695048	108726685	673	14	-0.0000420874	0.000000308760
10	108726686	110317704	640	14	0.0002745638	0.000000333461
10	110317705	112561492	662	14	0.0000392653	0.000000317404
10	112561493	115328431	1025	14	0.0001830773	0.000000349879
10	115328432	116421405	494	14	0.0000570084	0.000000250823
10	116421406	119523933	999	14	0.0003290051	0.000000359850
10	119523934	120591352	410	14	0.0000709039	0.000000221416
10	120591353	122407322	681	14	0.0000221393	0.000000338883
10	122407323	123231464	391	14	0.0002901499	0.000000215092
10	123231465	123900544	279	14	0.0004798063	0.000000177373
10	123900545	125869345	859	14	0.0000254279	0.000000339108
10	125869346	128001097	956	14	0.0000364991	0.000000339864
10	128001098	129154361	528	14	0.0001732624	0.000000290659
10	129154362	130844283	935	14	-0.0000206646	0.000000335958
10	130844284	131741326	415	14	0.0003180161	0.000000231779
10	131741327	132580244	413	14	0.0000283953	0.000000203664
10	132580245	134336328	847	14	0.0000271957	0.000000339228
10	134336329	134494672	39	6	0.0000996747	0.000000023634
10	134494673	135523864	282	14	0.0001287537	0.000000151002
11	70855	1213589	255	14	0.0002145599	0.000000140342
11	1213590	3665480	798	14	0.0000318505	0.000000339546
11	3665481	4746708	425	14	0.0003623964	0.000000251233
11	4746709	6322868	984	14	0.0001699607	0.000000348983
11	6322869	7436700	545	14	-0.0001104964	0.000000248990
11	7436701	8333273	491	14	-0.0000845206	0.000000282917
11	8333274	9087316	272	14	0.0005069289	0.000000169918
11	9087317	10952026	639	14	-0.0000262880	0.000000335574
11	10952027	12564228	1099	14	0.0001472160	0.000000347429
11	12564229	13373123	399	14	0.0000178793	0.000000193850
11	13373124	15742551	770	14	0.0002310065	0.000000346862
11	15742552	17578401	598	14	0.0000237019	0.000000272975
11	17578402	19569534	783	14	0.0002065481	0.000000351483
11	19569535	21017137	785	14	0.0004412329	0.000000367518
11	21017138	22374141	547	14	0.0000859377	0.000000293774
11	22374142	24088516	589	14	0.0000551496	0.000000278110
11	24088517	26045752	655	14	0.0000748354	0.000000342483
11	26045753	27020460	355	14	0.0001224203	0.000000157234
11	27020461	28481592	405	14	0.0002341540	0.000000176213
11	28481593	30141356	411	14	0.0000194794	0.000000191869
11	30141357	32276900	627	14	0.0000558334	0.000000244899
11	32276901	33958738	553	14	-0.0000250978	0.000000255536
11	33958739	35502604	813	14	0.0004000442	0.000000364704
11	35502605	37116814	740	14	0.0000805159	0.000000342872
11	37116815	39382002	417	14	0.0002032125	0.000000187736
11	39382003	42310002	914	14	0.0001169484	0.000000345361
11	42310003	44693798	961	14	-0.0000630187	0.000000333064
11	44693799	47006136	707	14	0.0002253144	0.000000352765
11	47006137	49866049	477	14	0.0003481159	0.000000170478
11	49866050	54695472	131	7	0.0001137429	0.000000036694
11	54695473	55082656	6	3	-0.0000162198	0.000000002276
11	55082657	58457494	1056	14	0.0001339407	0.000000330854
11	58457495	58780548	67	6	0.0000312431	0.000000027106
11	58780549	62223770	983	14	-0.0000910653	0.000000331148
11	62223771	63804568	302	14	0.0001286514	0.000000139123
11	63804569	65898630	492	14	0.0005350923	0.000000276007
11	65898631	68005824	316	14	0.0004476548	0.000000164597
11	68005825	69516129	460	14	0.0001910012	0.000000235286
11	69516130	70926291	466	14	0.0000921696	0.000000267954
11	70926292	72286016	305	14	0.0000041022	0.000000119647
11	72286017	74412350	597	14	0.0003959730	0.000000292342
11	74412351	76797208	760	14	0.0004011443	0.000000364779
11	76797209	78355057	415	14	0.0000318607	0.000000165920
11	78355058	80722372	1058	14	0.0001926638	0.000000350534
11	80722373	81266711	259	14	-0.0000869500	0.000000120001
11	81266712	84381271	1163	14	-0.0000418161	0.000000334513
11	84381272	86619300	771	14	-0.0000344121	0.000000334232
11	86619301	87430234	309	14	0.0002173956	0.000000142493
11	87430235	89208935	564	14	0.0003637615	0.000000321079
11	89208936	90966489	378	14	0.0002906966	0.000000165266
11	90966490	92077143	345	14	0.0000993191	0.000000163050
11	92077144	93276156	396	14	0.0000776065	0.000000176500
11	93276157	94242259	269	14	0.0000837329	0.000000110879
11	94242260	95726040	590	14	0.0000099742	0.000000304614
11	95726041	97057057	499	14	-0.0000833053	0.000000264943
11	97057058	98705064	555	14	0.0000897159	0.000000313897
11	98705065	100417168	760	14	0.0001047739	0.000000344529
11	100417169	101331120	404	14	-0.0001404765	0.000000172722
11	101331121	103959635	1080	14	-0.0000148297	0.000000336357
11	103959636	104873283	283	14	0.0003275121	0.000000107105
11	104873284	106520893	467	14	-0.0000761307	0.000000187480
11	106520894	107844199	466	14	0.0000536124	0.000000233871
11	107844200	108437036	135	11	0.0001137569	0.000000053751
11	108437037	109866115	341	14	0.0000708598	0.000000165172
11	109866116	111114396	488	14	0.0003052337	0.000000235177
11	111114397	112459487	381	14	-0.0000748465	0.000000156672
11	112459488	114257727	786	14	0.0002905995	0.000000357226
11	114257728	114830665	228	14	0.0003108515	0.000000118552
11	114830666	116383347	653	14	0.0003710886	0.000000362725
11	116383348	117747109	599	14	0.0000466681	0.000000340559
11	117747110	119215475	516	14	0.0001908055	0.000000274665
11	119215476	120766805	623	14	0.0000361707	0.000000339842
11	120766806	121175942	198	14	0.0000736097	0.000000092520
11	121175943	122591909	463	14	0.0001307213	0.000000261709
11	122591910	123500116	417	14	0.0000472490	0.000000236330
11	123500117	124495527	479	14	0.0001195775	0.000000186883
11	124495528	126311319	797	14	0.0005158436	0.000000372616
11	126311320	127316678	560	14	0.0002897566	0.000000287350
11	127316679	128188536	307	14	0.0000989049	0.000000150315
11	128188537	130342574	853	14	-0.0000134719	0.000000336450
11	130342575	131074611	365	14	0.0001100557	0.000000199398
11	131074612	133000045	1092	14	-0.0000852512	0.000000331545
11	133000046	134205992	547	14	0.0001583827	0.000000340334
11	134205993	134946451	399	14	0.0002782153	0.000000236911
12	61107	1080330	311	14	0.0000885724	0.000000177242
12	1080331	2544785	485	14	0.0000207467	0.000000260133
12	2544786	3677036	507	14	0.0003567867	0.000000317552
12	3677037	4417678	388	14	0.0001019692	0.000000219254
12	4417679	5321471	501	14	-0.0000468648	0.000000273414
12	5321472	6419752	553	14	0.0000929673	0.000000310274
12	6419753	8377535	525	14	-0.0000399442	0.000000292034
12	8377536	9031394	131	14	0.0005556748	0.000000105754
12	9031395	10481533	533	14	0.0000745200	0.000000265271
12	10481534	11754845	336	14	-0.0000660026	0.000000138513
12	11754846	12733527	438	14	0.0001539854	0.000000269936
12	12733528	15241483	1021	14	-0.0000193240	0.000000336050
12	15241484	16310459	254	14	0.0002103218	0.000000134850
12	16310460	18087872	556	14	-0.0000784014	0.000000288651
12	18087873	20863942	930	14	-0.0000397146	0.000000334657
12	20863943	23820633	1099	14	-0.0000191661	0.000000336061
12	23820634	25371082	713	14	0.0001001515	0.000000344213
12	25371083	27799772	1020	14	0.0001189903	0.000000345500
12	27799773	29651254	693	14	-0.0000590337	0.000000305290
12	29651255	30512405	461	14	0.0002549091	0.000000225373
12	30512406	32165591	630	14	0.0000951775	0.000000327430
12	32165592	33076988	378	14	-0.0000365364	0.000000175628
12	33076989	37856716	355	14	0.0004240363	0.000000151865
12	37856717	39227168	135	7	0.0001410974	0.000000059759
12	39227169	40816184	497	14	0.0001351188	0.000000215835
12	40816185	41658585	352	14	0.0003516063	0.000000154169
12	41658586	43984473	898	14	-0.0000280097	0.000000335456
12	43984474	46024228	475	14	0.0001979057	0.000000203260
12	46024229	47714792	466	14	0.0001602488	0.000000223918
12	47714793	49001865	540	14	0.0002176307	0.000000262474
12	49001866	51776493	630	14	0.0000251034	0.000000274566
12	51776494	53039003	633	14	0.0003872116	0.000000309757
12	53039004	54778822	588	14	0.0000334937	0.000000287173
12	54778823	55665836	273	14	0.0001014230	0.000000130755
12	55665837	57548859	422	14	0.0006020909	0.000000224385
12	57548860	59308665	463	14	0.0002188935	0.000000208865
12	59308666	61123728	451	14	0.0000194069	0.000000189779
12	61123729	64032460	946	14	0.0001035473	0.000000344445
12	64032461	65559694	376	14	0.0003239524	0.000000205551
12	65559695	67181143	514	14	0.0001626269	0.000000254345
12	67181144	67909728	322	14	0.0001451293	0.000000140235
12	67909729	69826541	813	14	0.0000247611	0.000000339062
12	69826542	70957986	496	14	-0.0000009106	0.000000208024
12	70957987	72645074	566	14	0.0000600650	0.000000258377
12	72645075	73818453	302	14	-0.0000250947	0.000000125479
12	73818454	76511313	763	14	0.0000934970	0.000000343758
12	76511314	78570569	755	14	0.0000019529	0.000000337504
12	78570570	80448149	405	14	0.0000139907	0.000000182491
12	80448150	81467766	307	14	-0.0000264120	0.000000127350
12	81467767	83502665	560	14	0.0000386179	0.000000241546
12	83502666	84303843	230	14	0.0001307150	0.000000087035
12	84303844	85990425	392	14	0.0003119455	0.000000154778
12	85990426	89682121	750	14	0.0003262837	0.000000314711
12	89682122	92066154	643	14	0.0001705786	0.000000255616
12	92066155	94514566	905	14	-0.0000516198	0.000000333843
12	94514567	96020784	692	14	0.0000550492	0.000000341131
12	96020785	97108838	454	14	0.0001426386	0.000000239917
12	97108839	99305986	927	14	0.0000456071	0.000000340486
12	99305987	101447640	654	14	0.0002982837	0.000000346757
12	101447641	101862689	148	14	0.0002620449	0.000000082971
12	101862690	102964985	334	14	0.0011584522	0.000000242110
12	102964986	104848695	761	14	0.0000971089	0.000000344005
12	104848696	106436212	845	14	-0.0000375808	0.000000334802
12	106436213	106958747	233	14	-0.0000240246	0.000000110016
12	106958748	109025900	741	14	-0.0000267812	0.000000333966
12	109025901	110336718	399	14	-0.0000782588	0.000000179699
12	110336719	113263517	462	14	0.0002076045	0.000000199750
12	113263518	113986708	216	14	0.0004018957	0.000000126584
12	113986709	115036601	539	14	0.0001711187	0.000000277785
12	115036602	115503215	194	14	0.0000691622	0.000000104811
12	115503216	117087470	747	14	0.0003926779	0.000000364201
12	117087471	118135374	459	14	0.0000187061	0.000000254092
12	118135375	119754109	684	14	0.0000350369	0.000000339764
12	119754110	122007650	675	14	0.0002132622	0.000000343299
12	122007651	124977979	694	14	0.0002028491	0.000000346509
12	124977980	126445504	622	14	0.0001386532	0.000000346844
12	126445505	127875097	638	14	0.0000150537	0.000000321960
12	127875098	129237296	699	14	0.0001014710	0.000000344303
12	129237297	130377920	680	14	-0.0000390260	0.000000334704
12	130377921	131786750	733	14	0.0001355993	0.000000346635
12	131786751	132807033	289	14	0.0002330401	0.000000154731
12	132807034	133841510	169	14	0.0002927236	0.000000099168
13	19020013	20686719	290	14	0.0002152575	0.000000145624
13	20686720	22242173	583	14	0.0003168057	0.000000318642
13	22242174	23594701	669	14	0.0001085288	0.000000344786
13	23594702	24531936	508	14	0.0001047973	0.000000274017
13	24531937	25784361	643	14	0.0000043717	0.000000337669
13	25784362	27284361	543	14	-0.0000315965	0.000000261017
13	27284362	29257550	850	14	-0.0000926664	0.000000331039
13	29257551	30483266	502	14	0.0000178643	0.000000243777
13	30483267	32301814	772	14	0.0001386532	0.000000346844
13	32301815	33776902	579	14	0.0000349080	0.000000270751
13	33776903	35026463	455	14	0.0002335745	0.000000238176
13	35026464	36046366	221	14	0.0002786244	0.000000127205
13	36046367	37498184	647	14	0.0000402324	0.000000340119
13	37498185	38878162	544	14	0.0002858455	0.000000245316
13	38878163	41069262	869	14	0.0001571330	0.000000348107
13	41069263	43101026	628	14	0.0001333266	0.000000294731
13	43101027	44901408	803	14	0.0000082222	0.000000337932
13	44901409	46495213	530	14	0.0000050444	0.000000268718
13	46495214	47431078	363	14	0.0000499561	0.000000170539
13	47431079	49383961	616	14	0.0000617371	0.000000297442
13	49383962	51591090	743	14	0.0000493291	0.000000340741
13	51591091	53339621	449	14	0.0003084608	0.000000244695
13	53339622	54682863	524	14	0.0000483691	0.000000262012
13	54682864	55817130	319	14	0.0002648821	0.000000145043
13	55817131	57554216	297	14	0.0002798591	0.000000112047
13	57554217	58410625	205	14	0.0002141240	0.000000084027
13	58410626	59302270	216	14	0.0002412110	0.000000094466
13	59302271	60854777	554	14	0.0000146090	0.000000255286
13	60854778	61591948	284	14	0.0002191903	0.000000141960
13	61591949	63971558	635	14	0.0000745272	0.000000309784
13	63971559	65200601	301	14	-0.0000492013	0.000000100650
13	65200602	67844452	782	14	-0.0000473995	0.000000334131
13	67844453	70724515	886	14	0.0003635401	0.000000362210
13	70724516	71526790	316	14	0.0002123854	0.000000170019
13	71526791	73934088	845	14	0.0001680337	0.000000348851
13	73934089	75670142	735	14	0.0003592967	0.000000361920
13	75670143	77410554	782	14	0.0000112741	0.000000338140
13	77410555	78808812	435	14	0.0000704436	0.000000186313
13	78808813	80585675	574	14	0.0003489841	0.000000286912
13	80585676	82581813	607	14	0.0002880437	0.000000318976
13	82581814	84133143	392	14	0.0002496540	0.000000144669
13	84133144	85610915	411	14	0.0000852753	0.000000181812
13	85610916	88559881	756	14	0.0001899251	0.000000336235
13	88559882	90521310	466	14	-0.0000884980	0.000000176932
13	90521311	93129690	861	14	0.0000716190	0.000000342264
13	93129691	93586454	121	14	0.0001324812	0.000000068803
13	93586455	96087557	1200	14	0.0000328846	0.000000339617
13	96087558	97519209	357	14	0.0003847067	0.000000197279
13	97519210	98938918	435	14	0.0001589231	0.000000251905
13	98938919	100574094	788	14	0.0000851827	0.000000343190
13	100574095	102300522	768	14	0.0000399168	0.000000340098
13	102300523	104066709	927	14	0.0000411231	0.000000340180
13	104066710	104844113	309	14	0.0001758225	0.000000161510
13	104844114	106247553	623	14	0.0001778108	0.000000349519
13	106247554	106749999	271	14	0.0001224235	0.000000138048
13	106750000	108189876	607	14	0.0000208633	0.000000338796
13	108189877	109121209	437	14	0.0000514053	0.000000240235
13	109121210	109815111	327	14	0.0000792139	0.000000171838
13	109815112	111232072	755	14	0.0000414575	0.000000340203
13	111232073	112247591	461	14	0.0001992350	0.000000259758
13	112247592	113572487	461	14	0.0002844590	0.000000274375
13	113572488	115109852	407	14	0.0000805959	0.000000213552
14	19002084	21589401	590	14	0.0001592658	0.000000348252
14	21589402	23018664	706	14	0.0001357292	0.000000346644
14	23018665	24905122	701	14	0.0001885155	0.000000350251
14	24905123	26135685	559	14	0.0001467623	0.000000251807
14	26135686	28466532	696	14	0.0001763651	0.000000349421
14	28466533	29972144	380	14	0.0001390489	0.000000190268
14	29972145	32383264	590	14	-0.0000874946	0.000000307980
14	32383265	34846250	1263	14	0.0000015511	0.000000337476
14	34846251	35859592	246	14	0.0001568514	0.000000122849
14	35859593	38667724	877	14	0.0000578817	0.000000341325
14	38667725	40341989	543	14	-0.0000281502	0.000000247232
14	40341990	41615501	347	14	0.0000513280	0.000000126725
14	41615502	43137388	415	14	0.0005158376	0.000000206836
14	43137389	44543226	357	14	0.0000584083	0.000000184119
14	44543227	46081895	379	14	0.0001980365	0.000000179195
14	46081896	46749129	188	14	0.0002635948	0.000000076399
14	46749130	48573585	585	14	-0.0000078760	0.000000293458
14	48573586	49005470	112	13	0.0001970150	0.000000057554
14	49005471	50507759	463	14	-0.0000405999	0.000000232535
14	50507760	51493571	368	14	0.0002917263	0.000000207529
14	51493572	53474382	850	14	-0.0000058688	0.000000336969
14	53474383	53997830	176	14	0.0004041127	0.000000101713
14	53997831	55233680	449	14	0.0000970071	0.000000249156
14	55233681	56216879	292	14	0.0000389744	0.000000125892
14	56216880	57481261	666	14	-0.0001709353	0.000000325691
14	57481262	59448335	707	14	0.0000594132	0.000000341430
14	59448336	61680423	609	14	-0.0000196535	0.000000255906
14	61680424	63790014	811	14	0.0001137769	0.000000345144
14	63790015	65220297	350	14	0.0005067641	0.000000199397
14	65220298	66399554	407	14	0.0001888745	0.000000206831
14	66399555	67992316	418	14	0.0001657998	0.000000140975
14	67992317	71131956	1239	14	0.0002248567	0.000000352734
14	71131957	72889614	680	14	0.0002817569	0.000000354258
14	72889615	76444766	1153	14	0.0002263746	0.000000352838
14	76444767	77229471	355	14	0.0001599689	0.000000193756
14	77229472	78561944	638	14	0.0001669248	0.000000340917
14	78561945	80186578	611	14	0.0003768797	0.000000340443
14	80186579	81579713	510	14	0.0001215202	0.000000258142
14	81579714	83138096	473	14	0.0001304357	0.000000234046
14	83138097	84241632	378	14	0.0001650162	0.000000189271
14	84241633	85746318	469	14	0.0000308422	0.000000242473
14	85746319	86647001	305	14	0.0000006962	0.000000146342
14	86647002	87635340	305	14	-0.0000039546	0.000000148028
14	87635341	89497642	607	14	0.0001470887	0.000000271691
14	89497643	91296859	698	14	-0.0000865186	0.000000331459
14	91296860	93132298	675	14	-0.0000839228	0.000000331636
14	93132299	94325284	413	14	0.0002429405	0.000000213994
14	94325285	95750866	875	14	-0.0000454392	0.000000334265
14	95750867	96262414	380	14	-0.0000193929	0.000000186457
14	96262415	98341161	845	14	0.0001059208	0.000000344607
14	98341162	99138531	369	14	0.0003892689	0.000000190770
14	99138532	101534306	899	14	0.0001563813	0.000000348055
14	101534307	103012101	434	14	0.0001108549	0.000000239203
14	103012102	105001722	475	14	0.0000330737	0.000000232477
14	105001723	106340357	159	14	0.0000332960	0.000000084202
14	106340358	107289453	39	5	0.0000567898	0.000000023056
15	20001200	21131603	6	2	0.0000581695	0.000000007251
15	21131604	24195126	303	14	0.0003086327	0.000000190765
15	24195127	25108589	194	14	0.0000470290	0.000000096374
15	25108590	27298111	868	14	0.0001980846	0.000000350905
15	27298112	29338501	472	14	0.0001238112	0.000000258298
15	29338502	30165567	295	14	0.0000490205	0.000000151607
15	30165568	31591820	299	14	0.0003052101	0.000000178316
15	31591821	32441810	262	14	0.0000976382	0.000000130500
15	32441811	34015424	728	14	-0.0000080882	0.000000336817
15	34015425	35083250	402	14	0.0003755332	0.000000230724
15	35083251	37456501	932	14	0.0001453369	0.000000347301
15	37456502	38530776	347	14	0.0000660545	0.000000186016
15	38530777	40384131	782	14	0.0003458989	0.000000361004
15	40384132	41177513	234	14	0.0000649308	0.000000116653
15	41177514	42776398	430	14	0.0000047551	0.000000209824
15	42776399	44198048	273	14	-0.0000032958	0.000000093616
15	44198049	46618786	497	14	0.0002203210	0.000000232268
15	46618787	48136047	585	14	0.0001694511	0.000000287393
15	48136048	50008042	445	14	0.0001647384	0.000000197540
15	50008043	51677559	611	14	0.0002659407	0.000000282749
15	51677560	53069095	404	14	0.0001879383	0.000000177833
15	53069096	54508527	629	14	0.0003098787	0.000000338198
15	54508528	55136268	253	14	-0.0001088289	0.000000133632
15	55136269	56901772	534	14	0.0000632977	0.000000299071
15	56901773	58441365	626	14	0.0000592227	0.000000341417
15	58441366	59694115	513	14	0.0005992613	0.000000351745
15	59694116	61265835	665	14	0.0002223198	0.000000352561
15	61265836	63215221	914	14	0.0001341729	0.000000346538
15	63215222	65104667	490	14	0.0002278491	0.000000250770
15	65104668	67094766	618	14	0.0000247807	0.000000337489
15	67094767	69017998	746	14	0.0002129698	0.000000351922
15	69017999	70133340	296	14	0.0000340232	0.000000151261
15	70133341	71922648	706	14	0.0001352425	0.000000346611
15	71922649	73628713	368	14	0.0001537032	0.000000154681
15	73628714	76398623	596	14	0.0000257548	0.000000321913
15	76398624	78516052	529	14	0.0000329027	0.000000223123
15	78516053	80860977	983	14	0.0004596232	0.000000368775
15	80860978	84260467	911	14	0.0007498072	0.000000388602
15	84260468	86652904	772	14	0.0000028337	0.000000337564
15	86652905	88369942	765	14	0.0001514519	0.000000347718
15	88369943	90475550	720	14	0.0003300787	0.000000359923
15	90475551	92164391	622	14	-0.0000662995	0.000000332840
15	92164392	93780901	816	14	0.0000853951	0.000000343205
15	93780902	94924329	580	14	0.0002246885	0.000000352722
15	94924330	96141595	585	14	0.0003127732	0.000000358741
15	96141596	98030909	747	14	0.0001231207	0.000000345783
15	98030910	99244058	566	14	0.0001921238	0.000000350497
15	99244059	100636846	547	14	0.0000772707	0.000000330884
15	100636847	101552693	405	14	0.0000497035	0.000000232885
15	101552694	102520965	433	14	0.0000767588	0.000000262464
16	60054	1207205	294	14	0.0000983910	0.000000176541
16	1207206	2764828	363	14	0.0002294948	0.000000208187
16	2764829	4001195	298	14	0.0000762090	0.000000178457
16	4001196	5118344	376	14	0.0001054231	0.000000234506
16	5118345	5891579	348	14	0.0002603692	0.000000224328
16	5891580	6893550	701	14	0.0001580768	0.000000348171
16	6893551	7529120	482	14	0.0003498980	0.000000318607
16	7529121	8338518	535	14	0.0002520625	0.000000341257
16	8338519	9799418	711	14	0.0001486151	0.000000347525
16	9799419	10426031	369	14	0.0002402832	0.000000199886
16	10426032	11520160	441	14	0.0002148480	0.000000274817
16	11520161	12613097	396	14	0.0002619643	0.000000255993
16	12613098	13154436	309	14	0.0002332941	0.000000172106
16	13154437	14464001	559	14	-0.0000179747	0.000000305012
16	14464002	16154059	314	14	-0.0000618592	0.000000155523
16	16154060	17644748	396	14	0.0003142022	0.000000239353
16	17644749	18643606	175	14	0.0002610888	0.000000110154
16	18643607	20150570	422	14	0.0004865241	0.000000236837
16	20150571	22448903	437	14	0.0000619720	0.000000197535
16	22448904	24136874	512	14	0.0000606026	0.000000265807
16	24136875	25986861	749	14	-0.0000367826	0.000000334857
16	25986862	27445754	648	14	0.0000898657	0.000000343510
16	27445755	29036612	336	14	0.0003304431	0.000000165953
16	29036613	31382942	268	14	0.0003387728	0.000000153303
16	31382943	46399472	122	14	0.0000473848	0.000000058265
16	46399473	49007925	299	14	0.0001560571	0.000000129247
16	49007926	52035822	1083	14	0.0001335682	0.000000346496
16	52035823	53382571	452	14	-0.0000040099	0.000000193064
16	53382572	55903773	1185	14	0.0002176459	0.000000352241
16	55903774	57664329	633	14	-0.0000432741	0.000000334413
16	57664330	59045404	508	14	0.0002104670	0.000000299986
16	59045405	60745693	500	14	0.0001178398	0.000000268959
16	60745694	62229848	360	14	0.0001788217	0.000000161713
16	62229849	63691588	441	14	-0.0000801596	0.000000219750
16	63691589	65938565	808	14	-0.0000225485	0.000000335829
16	65938566	68841362	676	14	0.0002504722	0.000000338809
16	68841363	71054027	387	14	0.0003169890	0.000000209935
16	71054028	72935149	453	14	-0.0000178883	0.000000212545
16	72935150	74971502	790	14	0.0000946522	0.000000343837
16	74971503	75977953	227	14	0.0003422935	0.000000137925
16	75977954	77523677	681	14	0.0000732148	0.000000342373
16	77523678	78456291	643	14	0.0002390883	0.000000353706
16	78456292	79134814	564	14	-0.0000426106	0.000000334459
16	79134815	80297373	783	14	0.0009061613	0.000000399285
16	80297374	81772535	787	14	-0.0000217167	0.000000335886
16	81772536	82747727	585	14	0.0002320349	0.000000353224
16	82747728	83477207	604	14	0.0000765640	0.000000342602
16	83477208	84445882	718	14	0.0000308285	0.000000339477
16	84445883	85148684	462	14	0.0001269530	0.000000301126
16	85148685	86156598	473	14	0.0003833488	0.000000327774
16	86156599	86815410	528	14	0.0002736564	0.000000356068
16	86815411	87647348	365	14	-0.0000838983	0.000000216627
16	87647349	89041164	358	14	0.0000692561	0.000000219880
16	89041165	90292811	313	14	-0.0000768887	0.000000170836
17	56	1172398	312	14	0.0003495362	0.000000206592
17	1172399	1928730	253	14	0.0003888789	0.000000159313
17	1928731	3702311	645	14	0.0002295340	0.000000353053
17	3702312	4696260	361	14	0.0001259235	0.000000196299
17	4696261	5741333	389	14	-0.0000365424	0.000000191558
17	5741334	7317397	629	14	-0.0000406172	0.000000334595
17	7317398	8306424	316	14	0.0000816195	0.000000180878
17	8306425	9965920	659	14	0.0000137220	0.000000338308
17	9965921	11102814	472	14	0.0002510010	0.000000264743
17	11102815	12534768	560	14	0.0000386643	0.000000328248
17	12534769	13180371	297	14	0.0000052408	0.000000164119
17	13180372	13894636	369	14	0.0003256441	0.000000233717
17	13894637	15019096	604	14	0.0000999785	0.000000344201
17	15019097	16412341	319	14	-0.0000236919	0.000000160131
17	16412342	18856319	564	14	0.0000647038	0.000000267570
17	18856320	21290356	383	14	-0.0000209414	0.000000182197
17	21290357	27334243	510	14	0.0001319300	0.000000278101
17	27334244	29786490	501	14	0.0000466002	0.000000177823
17	29786491	31538424	544	14	0.0000397096	0.000000291382
17	31538425	32912797	830	14	-0.0000761387	0.000000332168
17	32912798	34469035	521	14	-0.0000261103	0.000000259166
17	34469036	36809343	514	14	-0.0000046895	0.000000270295
17	36809344	38877403	447	14	0.0000137977	0.000000213984
17	38877404	39899809	324	14	0.0001123440	0.000000128243
17	39899810	41772086	378	14	0.0002951969	0.000000162243
17	41772087	43056904	340	14	0.0001474527	0.000000153594
17	43056905	45876021	601	14	0.0000144389	0.000000247197
17	45876022	47517399	536	14	0.0002747299	0.000000255407
17	47517400	49898956	775	14	0.0002647488	0.000000355460
17	49898957	50719054	285	14	0.0000380789	0.000000123883
17	50719055	51826117	308	14	0.0002039638	0.000000136370
17	51826118	53599431	615	14	0.0002008955	0.000000328434
17	53599432	55357540	610	14	-0.0000433994	0.000000301741
17	55357541	57487511	686	14	-0.0000395959	0.000000334665
17	57487512	59312754	246	14	0.0000297275	0.000000085204
17	59312755	61545588	445	14	0.0000658351	0.000000225358
17	61545589	63148127	306	14	-0.0000781890	0.000000117989
17	63148128	64800429	634	14	0.0000081152	0.000000309101
17	64800430	67858769	947	14	-0.0000962056	0.000000330797
17	67858770	69387816	648	14	0.0000006678	0.000000319423
17	69387817	72672202	1432	14	0.0001280611	0.000000346120
17	72672203	74375559	410	14	0.0001618083	0.000000229012
17	74375560	76263412	736	14	0.0000378980	0.000000339960
17	76263413	77298635	470	14	0.0001127692	0.000000304732
17	77298636	78837587	543	14	0.0004068750	0.000000335532
17	78837588	80034407	239	14	0.0001308157	0.000000139270
17	80034408	81194907	308	14	0.0000542760	0.000000145309
18	10644	912485	405	14	-0.0001029261	0.000000213905
18	912486	1942910	366	14	0.0000389870	0.000000168437
18	1942911	3891657	771	14	0.0000668519	0.000000341938
18	3891658	5834179	789	14	0.0001290414	0.000000346187
18	5834180	7090484	576	14	-0.0000275173	0.000000317499
18	7090485	8498930	584	14	0.0001500793	0.000000332735
18	8498931	11075912	1270	14	0.0000179418	0.000000338596
18	11075913	11905439	258	14	0.0000137354	0.000000134650
18	11905440	14440798	750	14	0.0002500294	0.000000354454
18	14440799	19485843	159	14	0.0001031248	0.000000069255
18	19485844	20649471	300	14	0.0004222807	0.000000166185
18	20649472	22996650	826	14	0.0002055370	0.000000351414
18	22996651	24026190	313	14	-0.0000186771	0.000000157094
18	24026191	25927681	785	14	0.0002751383	0.000000356169
18	25927682	26875586	246	14	0.0001514628	0.000000113530
18	26875587	27866477	269	14	-0.0001008314	0.000000101636
18	27866478	30264065	884	14	0.0001585365	0.000000348202
18	30264066	31780066	345	14	0.0001399103	0.000000155746
18	31780067	33861963	613	14	0.0001115954	0.000000283453
18	33861964	35075249	483	14	0.0001104725	0.000000248612
18	35075250	36365489	493	14	0.0003343768	0.000000224407
18	36365490	37684366	352	14	0.0001846026	0.000000149478
18	37684367	39892647	774	14	0.0000680558	0.000000334165
18	39892648	42922105	930	14	0.0000862927	0.000000343266
18	42922106	44299245	693	14	-0.0000609544	0.000000333205
18	44299246	45939731	598	14	-0.0000912623	0.000000305405
18	45939732	47730583	785	14	0.0000245209	0.000000339046
18	47730584	51062184	1187	14	0.0000919879	0.000000343655
18	51062185	51554174	174	14	0.0005013859	0.000000100271
18	51554175	55213837	1118	14	0.0002594629	0.000000355098
18	55213838	56530219	613	14	0.0001920330	0.000000345770
18	56530220	57630482	584	14	0.0000558077	0.000000335680
18	57630483	59020750	436	14	0.0001511730	0.000000228290
18	59020751	60277714	544	14	0.0001762670	0.000000281118
18	60277715	61820251	578	14	0.0000678742	0.000000274487
18	61820252	63463401	520	14	0.0001678651	0.000000242352
18	63463402	64252800	242	14	0.0000675389	0.000000099644
18	64252801	66125816	731	14	0.0002048040	0.000000351364
18	66125817	67175819	328	14	0.0005103569	0.000000205096
18	67175820	68621178	465	14	0.0000070377	0.000000257722
18	68621179	69621617	384	14	0.0000968406	0.000000198503
18	69621618	71038473	563	14	0.0001754560	0.000000310535
18	71038474	71971461	493	14	0.0000089768	0.000000289288
18	71971462	73526986	664	14	0.0001535335	0.000000347861
18	73526987	74813814	594	14	0.0000286836	0.000000339330
18	74813815	75976316	592	14	0.0000697094	0.000000336629
18	75976317	77149990	411	14	-0.0000923904	0.000000182206
18	77149991	78017157	267	14	0.0000481680	0.000000135004
19	80840	610728	99	14	-0.0000127080	0.000000053030
19	610729	2098395	295	14	-0.0000797760	0.000000170641
19	2098396	3019659	237	14	0.0002414876	0.000000152659
19	3019660	4348966	319	14	-0.0000054153	0.000000188097
19	4348967	5811851	407	14	0.0005468863	0.000000280460
19	5811852	6684884	208	14	0.0001122353	0.000000120485
19	6684885	8347512	524	14	0.0002820208	0.000000321631
19	8347513	9238392	262	14	0.0000917529	0.000000113974
19	9238393	11284027	497	14	0.0002007488	0.000000246755
19	11284028	13471126	418	14	-0.0000348911	0.000000211391
19	13471127	14486346	206	14	0.0001125848	0.000000113461
19	14486347	15648609	372	14	0.0002769519	0.000000209311
19	15648610	16374415	363	14	-0.0000183672	0.000000143058
19	16374416	18409861	554	14	0.0001346786	0.000000334023
19	18409862	19877470	329	14	0.0003386074	0.000000185308
19	19877471	20905756	131	14	0.0000475041	0.000000068557
19	20905757	22732895	311	14	0.0000779491	0.000000130474
19	22732896	23467745	127	13	0.0003604195	0.000000073282
19	23467746	28557892	277	14	0.0001966403	0.000000117210
19	28557893	29790946	467	14	0.0001719212	0.000000240462
19	29790947	30727953	332	14	0.0001405472	0.000000178029
19	30727954	32746519	647	14	0.0003716563	0.000000362764
19	32746520	34262951	514	14	0.0003288168	0.000000291502
19	34262952	36469294	662	14	0.0000341561	0.000000339704
19	36469295	37527032	233	14	0.0000423295	0.000000084809
19	37527033	40170618	639	14	0.0001517302	0.000000324305
19	40170619	40984600	186	14	0.0005896422	0.000000123492
19	40984601	42131572	303	14	0.0001646736	0.000000164778
19	42131573	43862454	167	14	-0.0000163946	0.000000072828
19	43862455	44744107	300	14	0.0002131955	0.000000146798
19	44744108	46102696	363	14	0.0002068499	0.000000212249
19	46102697	47150081	291	14	0.0000555495	0.000000158746
19	47150082	49282226	596	14	-0.0000549970	0.000000313295
19	49282227	51532566	638	14	0.0001358492	0.000000346652
19	51532567	52985289	643	14	0.0001305944	0.000000346293
19	52985290	54602361	503	14	-0.0000332593	0.000000297834
19	54602362	55728079	360	14	0.0001537417	0.000000210756
19	55728080	57521334	681	14	0.0000325393	0.000000339593
19	57521335	59118838	544	14	0.0000236954	0.000000288775
20	60479	697599	271	14	0.0001870243	0.000000160930
20	697600	2469500	1012	14	0.0002616877	0.000000355250
20	2469501	3828412	499	14	0.0000296278	0.000000270392
20	3828413	5477849	808	14	-0.0000233538	0.000000335774
20	5477850	7084072	741	14	0.0003106815	0.000000358598
20	7084073	8117010	409	14	0.0001528857	0.000000189138
20	8117011	9730920	778	14	0.0001643100	0.000000348597
20	9730921	11249535	736	14	0.0000065797	0.000000337820
20	11249536	12447498	500	14	0.0004933112	0.000000256524
20	12447499	13689863	552	14	-0.0000914133	0.000000273386
20	13689864	15958358	989	14	0.0000278535	0.000000339273
20	15958359	17487231	945	14	0.0001067755	0.000000344666
20	17487232	18972202	615	14	0.0000822705	0.000000322664
20	18972203	20959709	891	14	-0.0000023175	0.000000337212
20	20959710	22491455	407	14	0.0000614995	0.000000161840
20	22491456	23293789	360	14	0.0000499450	0.000000168499
20	23293790	24717723	529	14	0.0001932264	0.000000263017
20	24717724	25344230	222	14	0.0000002609	0.000000082601
20	25344231	31614822	597	14	0.0004226671	0.000000272018
20	31614823	32813440	293	14	0.0001301359	0.000000134646
20	32813441	34960445	462	14	0.0001887884	0.000000161050
20	34960446	36909529	492	14	0.0003768110	0.000000238609
20	36909530	38436760	514	14	-0.0000292037	0.000000226085
20	38436761	39610855	469	14	0.0000272326	0.000000248067
20	39610856	40585688	290	14	-0.0000066613	0.000000132616
20	40585689	41615459	583	14	-0.0000052157	0.000000333867
20	41615460	42680175	397	14	0.0003020624	0.000000227863
20	42680176	44839055	785	14	0.0002931056	0.000000357397
20	44839056	47199979	1033	14	0.0002298645	0.000000353076
20	47199980	49239657	763	14	0.0001953327	0.000000350717
20	49239658	52472548	1351	14	0.0002369544	0.000000353560
20	52472549	54055265	618	14	0.0000704508	0.000000342184
20	54055266	56447958	1144	14	0.0001772919	0.000000349484
20	56447959	58406571	888	14	0.0000985262	0.000000344102
20	58406572	59561723	540	14	0.0000335220	0.000000280390
20	59561724	61301854	756	14	0.0003048183	0.000000358197
20	61301855	62190179	294	14	0.0001602340	0.000000173246
20	62190180	62965162	235	14	0.0000129360	0.000000120891
21	9411243	15950981	285	14	-0.0000433787	0.000000142699
21	15950982	18053164	661	14	0.0000334792	0.000000339658
21	18053165	19480374	441	14	0.0002526665	0.000000263390
21	19480375	20962338	610	14	0.0001347116	0.000000346575
21	20962339	22072763	358	14	0.0000092526	0.000000184933
21	22072764	23362874	526	14	0.0000350450	0.000000261845
21	23362875	24696230	354	14	0.0001998491	0.000000184088
21	24696231	26469121	652	14	-0.0000324761	0.000000329650
21	26469122	27271018	222	14	-0.0000312727	0.000000103769
21	27271019	29125225	875	14	0.0001725478	0.000000349160
21	29125226	31197024	692	14	0.0003803010	0.000000329101
21	31197025	32668641	454	14	0.0001567280	0.000000187335
21	32668642	34376998	664	14	0.0000690180	0.000000342086
21	34376999	35225464	289	14	-0.0000182388	0.000000150405
21	35225465	36524372	570	14	0.0000292327	0.000000339368
21	36524373	37870778	539	14	0.0001378058	0.000000274030
21	37870779	38711703	314	14	0.0003027136	0.000000151526
21	38711704	40482901	842	14	0.0002292461	0.000000353034
21	40482902	41389526	499	14	0.0001253845	0.000000235142
21	41389527	43321527	1013	14	-0.0001606816	0.000000326391
21	43321528	44506267	692	14	0.0002698791	0.000000355810
21	44506268	46177104	575	14	0.0000827627	0.000000343025
21	46177105	47492225	505	14	-0.0000697612	0.000000268108
21	47492226	48119751	241	14	0.0000799315	0.000000116380
22	16050408	17674294	215	14	0.0002691593	0.000000135579
22	17674295	18296087	260	14	0.0001487416	0.000000146397
22	18296088	19912357	539	14	-0.0000324358	0.000000281171
22	19912358	22357324	601	14	0.0001368352	0.000000295727
22	22357325	23712646	335	14	0.0001759918	0.000000178384
22	23712647	24984203	362	14	0.0002350730	0.000000169536
22	24984204	26791627	749	14	0.0000462142	0.000000340528
22	26791628	27834751	741	14	0.0000534702	0.000000341024
22	27834752	29651798	578	14	-0.0000819338	0.000000329412
22	29651799	31439917	553	14	0.0003040195	0.000000272756
22	31439918	32664985	357	14	0.0002987083	0.000000183966
22	32664986	34494913	933	14	0.0002949877	0.000000357526
22	34494914	35530984	497	14	0.0001003297	0.000000215598
22	35530985	37570268	843	14	0.0003104335	0.000000358581
22	37570269	39307893	535	14	0.0000966611	0.000000308224
22	39307894	40545796	336	14	0.0001823751	0.000000191823
22	40545797	42690817	464	14	0.0000652136	0.000000183891
22	42690818	43714199	408	14	0.0001234131	0.000000223554
22	43714200	44995307	709	14	0.0000136201	0.000000338301
22	44995308	46470494	626	14	0.0000643702	0.000000341768
22	46470495	47596317	454	14	0.0000639410	0.000000259378
22	47596318	48903702	741	14	0.0003062919	0.000000358298
22	48903703	49824533	613	14	0.0000189800	0.000000338667
22	49824534	51243297	394	14	0.0000900962	0.000000217739
