chr	start	end	num_snp	k	local_h2g	var
1	10583	1892606	107	21	-0.0000036523	0.000000002058
1	1892607	3582735	432	40	0.0000167679	0.000000009199
1	3582736	4380810	268	40	-0.0000036160	0.000000005304
1	4380811	5913892	846	40	-0.0000128885	0.000000011665
1	5913893	7247334	421	40	0.0001703078	0.000000010334
1	7247335	9365198	680	40	0.0000004147	0.000000011848
1	9365199	10806983	345	40	0.0000218837	0.000000006314
1	10806984	11777840	250	40	0.0000603219	0.000000005779
1	11777841	12779465	277	40	-0.0000535122	0.000000004926
1	12779466	14891510	602	40	0.0000667284	0.000000012758
1	14891511	16897729	657	40	0.0000312648	0.000000012248
1	16897730	18662898	642	40	0.0000146364	0.000000012043
1	18662899	20469148	702	40	0.0000639326	0.000000012720
1	20469149	21736587	445	40	0.0000026444	0.000000008271
1	21736588	23086882	502	40	0.0000352176	0.000000010520
1	23086883	23920589	219	28	0.0000009856	0.000000004095
1	23920590	25516844	510	40	0.0000339887	0.000000010550
1	25516845	27401866	403	40	0.0000939879	0.000000007750
1	27401867	30161880	536	40	0.0000554649	0.000000009683
1	30161881	32438684	893	40	-0.0000304557	0.000000011424
1	32438685	34799757	659	40	0.0000301759	0.000000012257
1	34799758	37549182	548	40	0.0000765601	0.000000010944
1	37549183	38731846	364	40	-0.0000187068	0.000000006276
1	38731847	40200566	436	40	0.0001498280	0.000000010006
1	40200567	41975326	539	40	0.0001412482	0.000000011002
1	41975327	43758456	521	40	0.0001364479	0.000000010272
1	43758457	44969182	359	35	0.0001139556	0.000000007292
1	44969183	46899500	446	38	0.0004253071	0.000000011582
1	46899501	48002575	290	33	0.0000173891	0.000000005002
1	48002576	48978187	331	40	0.0000797094	0.000000007342
1	48978188	49894176	243	28	0.0001228630	0.000000006259
1	49894177	51713725	254	25	0.0000977357	0.000000004762
1	51713726	54226261	553	40	0.0000459018	0.000000010500
1	54226262	56413116	813	40	0.0000228989	0.000000012157
1	56413117	57021727	260	30	0.0000938179	0.000000005555
1	57021728	58865398	829	40	0.0000421568	0.000000012421
1	58865399	59890408	370	40	-0.0000026302	0.000000006190
1	59890409	61922364	657	40	0.0000493233	0.000000012519
1	61922365	63455088	517	40	0.0000235120	0.000000009837
1	63455089	65041703	636	40	0.0000207864	0.000000010203
1	65041704	66939403	636	40	0.0001010654	0.000000011874
1	66939404	68477894	671	40	0.0001379152	0.000000011810
1	68477895	69687615	375	40	0.0000043106	0.000000006639
1	69687616	71372469	507	40	0.0000014142	0.000000008491
1	71372470	71684404	82	10	0.0000095385	0.000000001301
1	71684405	74326906	545	40	0.0001667241	0.000000009977
1	74326907	76728134	714	40	0.0001305727	0.000000011733
1	76728135	79661197	925	40	0.0000535883	0.000000012578
1	79661198	81354190	453	40	0.0000433742	0.000000008357
1	81354191	83991747	945	40	0.0001588700	0.000000014024
1	83991748	84844494	306	35	-0.0000117241	0.000000004509
1	84844495	86454750	634	40	-0.0000538957	0.000000010199
1	86454751	88128630	555	40	0.0002752813	0.000000013339
1	88128631	90066302	509	40	0.0001294559	0.000000010484
1	90066303	91886316	549	40	0.0000086409	0.000000009325
1	91886317	93536458	494	40	0.0000339011	0.000000007943
1	93536459	94506190	253	26	0.0000583800	0.000000004458
1	94506191	96150892	632	40	0.0001007040	0.000000012464
1	96150893	97885248	590	40	0.0000701996	0.000000009458
1	97885249	99800603	627	40	0.0001008845	0.000000011017
1	99800604	100826404	331	36	0.0000870655	0.000000006122
1	100826405	102041015	439	40	0.0000185085	0.000000007495
1	102041016	102898744	274	37	0.0000171254	0.000000004716
1	102898745	103914210	198	21	-0.0000072240	0.000000002807
1	103914211	106087841	444	40	0.0000113698	0.000000007634
1	106087842	108409664	720	40	0.0000747830	0.000000012869
1	108409665	110303930	558	40	0.0000090758	0.000000009141
1	110303931	111741736	558	40	0.0000660403	0.000000011845
1	111741737	113273305	704	40	0.0000585542	0.000000012646
1	113273306	114873844	503	40	0.0001352858	0.000000010730
1	114873845	115880592	339	36	0.0000058258	0.000000005362
1	115880593	118839066	827	40	0.0001380895	0.000000013738
1	118839067	144977493	552	40	-0.0000292690	0.000000008615
1	144977494	148361252	426	40	0.0000401604	0.000000007887
1	148361253	151538880	349	34	0.0001279793	0.000000007201
1	151538881	153180828	463	40	0.0000568566	0.000000007596
1	153180829	154770402	446	40	0.0000374734	0.000000008039
1	154770403	156336132	302	38	0.0000516859	0.000000006156
1	156336133	158027411	598	40	0.0002461217	0.000000013841
1	158027412	159913047	661	40	0.0000810273	0.000000012836
1	159913048	162346720	859	40	0.0000136133	0.000000012029
1	162346721	165191701	1179	40	0.0000403179	0.000000012396
1	165191702	166460516	520	40	0.0000125633	0.000000010066
1	166460517	169086323	1084	40	0.0000157700	0.000000012059
1	169086324	170557775	552	40	0.0001334734	0.000000009781
1	170557776	173097906	875	40	0.0000385308	0.000000012371
1	173097907	175089767	405	32	0.0001010539	0.000000006007
1	175089768	177433380	764	40	0.0000888872	0.000000012991
1	177433381	178944308	475	40	0.0000385174	0.000000008385
1	178944309	178954469	2	1	-0.0000018790	0.000000000021
1	178954470	181144120	730	40	0.0000262220	0.000000011822
1	181144121	182755355	584	40	0.0000716578	0.000000011803
1	182755356	184595512	610	40	0.0000906157	0.000000010805
1	184595513	186810022	511	40	0.0000383782	0.000000008430
1	186810023	188759944	604	40	-0.0000105111	0.000000009346
1	188759945	189904129	211	17	-0.0000307498	0.000000002344
1	189904130	191868929	530	40	0.0001265469	0.000000008953
1	191868930	194107441	559	40	0.0000226137	0.000000009279
1	194107442	196176200	561	40	0.0000033754	0.000000008210
1	196176201	197311513	189	16	-0.0000054434	0.000000002315
1	197311514	199239883	492	40	0.0000488709	0.000000008929
1	199239884	200137648	296	35	0.0000621766	0.000000005852
1	200137649	201589974	688	40	0.0000158664	0.000000012060
1	201589975	203334733	598	40	0.0000245007	0.000000011679
1	203334734	204681067	476	40	0.0000218077	0.000000009008
1	204681068	206073264	565	40	0.0002225254	0.000000013423
1	206073265	208410363	608	40	0.0004384155	0.000000017528
1	208410364	210787749	900	40	0.0000315849	0.000000012276
1	210787750	212842329	680	40	0.0000843677	0.000000013001
1	212842330	214578265	604	40	0.0000107012	0.000000011442
1	214578266	216243633	580	40	0.0000121356	0.000000010274
1	216243634	218705512	1064	40	0.0001598187	0.000000014037
1	218705513	219590570	274	33	0.0000444707	0.000000005209
1	219590571	221858230	676	40	0.0000641039	0.000000012342
1	221858231	222230219	170	21	0.0000036228	0.000000003402
1	222230220	224938519	450	40	0.0000876613	0.000000009177
1	224938520	226810859	501	40	0.0000423818	0.000000009195
1	226810860	229156247	681	40	0.0001711316	0.000000013383
1	229156248	230685254	521	40	0.0000239132	0.000000010222
1	230685255	232090251	579	40	0.0000536365	0.000000011223
1	232090252	233429283	594	40	-0.0000380309	0.000000011177
1	233429284	234599433	520	40	0.0000180895	0.000000010379
1	234599434	235819435	378	40	0.0000243768	0.000000007765
1	235819436	237555627	715	40	0.0000842459	0.000000012999
1	237555628	238567806	421	40	0.0001867145	0.000000010701
1	238567807	239925313	482	40	0.0000387916	0.000000009904
1	239925314	240564090	329	40	0.0001284257	0.000000008104
1	240564091	241582219	512	40	-0.0000226146	0.000000010628
1	241582220	242071601	217	39	0.0000134308	0.000000004642
1	242071602	244109498	609	40	-0.0000333750	0.000000010980
1	244109499	245506745	510	40	0.0000672085	0.000000011101
1	245506746	247344517	688	40	0.0000364588	0.000000012343
1	247344518	249239465	381	40	0.0000119659	0.000000007477
2	10133	1781021	664	40	0.0000169959	0.000000012076
2	1781022	3973778	968	40	0.0000059146	0.000000011923
2	3973779	5708336	635	40	0.0000828048	0.000000012979
2	5708337	6836253	567	40	0.0000549391	0.000000010838
2	6836254	8422146	657	40	-0.0000048606	0.000000011775
2	8422147	10298468	675	40	0.0000410860	0.000000012406
2	10298469	12419149	974	40	0.0001133915	0.000000013399
2	12419150	14335307	596	40	0.0000354809	0.000000011069
2	14335308	16329734	747	40	0.0001191448	0.000000013478
2	16329735	18647422	860	40	0.0000772397	0.000000012903
2	18647423	19692403	384	40	0.0000599742	0.000000008017
2	19692404	21050489	640	40	0.0000880429	0.000000012789
2	21050490	23341382	624	40	0.0000459414	0.000000012473
2	23341383	24686917	441	40	0.0000448870	0.000000008306
2	24686918	26894984	560	40	0.0001760710	0.000000012262
2	26894985	28598776	416	33	0.0002372676	0.000000009785
2	28598777	29217558	249	33	0.0002324372	0.000000007784
2	29217559	30463710	636	40	0.0000252246	0.000000012189
2	30463711	31550449	531	40	0.0000304301	0.000000011190
2	31550450	33363776	494	40	0.0000064789	0.000000010481
2	33363777	35345027	805	40	0.0000814632	0.000000012961
2	35345028	36122005	290	30	0.0000106894	0.000000005429
2	36122006	38132711	925	40	0.0000474108	0.000000012493
2	38132712	39031336	326	38	-0.0000198082	0.000000006757
2	39031337	40281482	303	32	-0.0000151517	0.000000005995
2	40281483	43309589	1307	40	-0.0000101304	0.000000011703
2	43309590	44313802	400	40	0.0000328339	0.000000008591
2	44313803	46482633	1066	40	0.0000365267	0.000000012344
2	46482634	47318771	416	40	0.0000506804	0.000000010233
2	47318772	48213000	300	40	0.0000668940	0.000000007662
2	48213001	50022256	713	40	0.0000015379	0.000000011863
2	50022257	50818927	345	34	0.0001440606	0.000000008649
2	50818928	52491132	647	40	-0.0000184527	0.000000011589
2	52491133	53508451	464	40	0.0000562891	0.000000009694
2	53508452	54685225	433	40	0.0000565843	0.000000009366
2	54685226	56203344	613	40	0.0000064976	0.000000011931
2	56203345	57429099	428	40	-0.0000049080	0.000000008523
2	57429100	58297314	272	29	0.0000898060	0.000000006537
2	58297315	60291999	738	40	0.0002066120	0.000000014679
2	60292000	62429043	586	40	0.0000497869	0.000000012431
2	62429044	64625912	583	40	-0.0000124013	0.000000010959
2	64625913	65933443	465	40	0.0000230315	0.000000009380
2	65933444	67226165	554	40	0.0000357661	0.000000010480
2	67226166	68010175	423	40	-0.0000248151	0.000000007374
2	68010176	69139563	469	40	-0.0000260387	0.000000007925
2	69139564	70755197	534	40	0.0000283531	0.000000009500
2	70755198	73174847	799	40	0.0000029951	0.000000011883
2	73174848	75630085	723	40	0.0000686235	0.000000012784
2	75630086	76913660	515	40	0.0000049117	0.000000009890
2	76913661	78079263	395	40	-0.0000291251	0.000000007930
2	78079264	80050402	827	40	0.0000586641	0.000000012648
2	80050403	81620840	579	40	0.0000415676	0.000000012246
2	81620841	85140679	890	40	0.0000192994	0.000000010586
2	85140680	88038506	632	40	0.0000303954	0.000000010406
2	88038507	89154525	243	30	0.0000327428	0.000000004601
2	89154526	95326451	4	2	-0.0000011735	0.000000000078
2	95326452	98995200	425	40	0.0001286458	0.000000008863
2	98995201	101822328	905	40	0.0001995121	0.000000014582
2	101822329	102688764	259	30	0.0000417505	0.000000004748
2	102688765	103588214	406	36	0.0000513574	0.000000006033
2	103588215	105125033	303	40	0.0000413628	0.000000005920
2	105125034	106210057	412	40	0.0000362976	0.000000008118
2	106210058	107408266	442	40	0.0000998655	0.000000009084
2	107408267	108429176	355	40	0.0000782084	0.000000006354
2	108429177	110572431	526	40	0.0000233446	0.000000009029
2	110572432	113921855	798	40	0.0000651390	0.000000012737
2	113921856	116772469	758	40	0.0000768092	0.000000012897
2	116772470	118367465	394	37	0.0000074913	0.000000005904
2	118367466	121303782	991	40	0.0000183477	0.000000012094
2	121303783	123302905	581	40	0.0001079092	0.000000011992
2	123302906	124732249	428	40	0.0000896316	0.000000007525
2	124732250	125840920	381	40	0.0000581230	0.000000007353
2	125840921	127373763	409	37	0.0000070639	0.000000005804
2	127373764	128034346	259	40	0.0000438206	0.000000005365
2	128034347	129474440	433	40	-0.0000299950	0.000000006783
2	129474441	130067169	221	26	-0.0000166832	0.000000003289
2	130067170	130658084	203	26	0.0000333383	0.000000004044
2	130658085	133042783	214	36	0.0000312065	0.000000004486
2	133042784	135158577	914	40	0.0000159620	0.000000012061
2	135158578	137042793	456	40	0.0001320174	0.000000008390
2	137042794	138698116	594	40	0.0000748302	0.000000011301
2	138698117	140100270	438	40	0.0000234024	0.000000006334
2	140100271	141805350	569	40	0.0000727896	0.000000011035
2	141805351	142518601	298	33	0.0000866413	0.000000006918
2	142518602	144519483	656	40	0.0001192999	0.000000012719
2	144519484	146445569	441	40	0.0000076521	0.000000007961
2	146445570	147277161	151	15	0.0000147431	0.000000002873
2	147277162	150210291	661	40	0.0001050771	0.000000011597
2	150210292	151731461	474	40	0.0000057593	0.000000008243
2	151731462	152486781	285	29	-0.0000134437	0.000000004368
2	152486782	154005055	481	40	0.0000266035	0.000000008718
2	154005056	155391134	486	40	0.0000181330	0.000000008981
2	155391135	157560634	553	40	0.0000744522	0.000000010417
2	157560635	158533217	173	26	-0.0000092500	0.000000003555
2	158533218	159577081	330	39	0.0000234975	0.000000006288
2	159577082	161769732	720	40	0.0001283899	0.000000013129
2	161769733	163503550	389	36	0.0001251743	0.000000007257
2	163503551	164466637	194	24	0.0000553265	0.000000004228
2	164466638	165178839	174	21	0.0000382632	0.000000003665
2	165178840	167160269	629	40	0.0001112267	0.000000011848
2	167160270	167355969	73	10	-0.0000121046	0.000000001098
2	167355970	169968235	830	40	-0.0000000704	0.000000011841
2	169968236	171226244	491	40	0.0000195656	0.000000008835
2	171226245	173138904	572	40	0.0001213512	0.000000012533
2	173138905	175588928	842	40	0.0001181331	0.000000013464
2	175588929	177363635	531	40	0.0000714228	0.000000009996
2	177363636	178553182	471	40	0.0000052847	0.000000007456
2	178553183	181312738	1005	40	0.0006095270	0.000000020211
2	181312739	182266030	297	32	0.0000188977	0.000000005070
2	182266031	184357607	614	40	0.0000083918	0.000000010793
2	184357608	185280172	232	25	0.0000012102	0.000000003886
2	185280173	189882064	954	40	0.0001845474	0.000000014376
2	189882065	191973356	499	40	0.0000595486	0.000000009028
2	191973357	195861163	715	40	0.0000040721	0.000000011898
2	195861164	196447455	153	20	0.0000790005	0.000000003753
2	196447456	198078109	451	40	0.0001216348	0.000000008200
2	198078110	199311124	304	26	0.0000243625	0.000000004462
2	199311125	201576283	628	40	0.0002225938	0.000000013542
2	201576284	202818636	315	39	0.0000075938	0.000000005646
2	202818637	205799240	746	40	0.0000599857	0.000000012666
2	205799241	206735703	404	40	0.0000324900	0.000000008870
2	206735704	208645398	654	40	0.0000650942	0.000000012736
2	208645399	209941528	334	40	0.0000083613	0.000000006105
2	209941529	212379517	738	40	0.0000510252	0.000000012543
2	212379518	214014281	628	40	-0.0000031338	0.000000011799
2	214014282	215573794	442	40	0.0000703121	0.000000009057
2	215573795	217715660	799	40	0.0000151541	0.000000012050
2	217715661	218395479	276	36	0.0000331089	0.000000005831
2	218395480	220454550	600	40	0.0003107912	0.000000014087
2	220454551	222521175	851	40	-0.0000077478	0.000000011736
2	222521176	224859418	786	40	0.0000074156	0.000000011944
2	224859419	225840003	349	36	0.0000655321	0.000000006180
2	225840004	228119841	735	40	0.0000709616	0.000000012222
2	228119842	229370786	456	40	0.0001597024	0.000000009597
2	229370787	231843388	932	40	-0.0000145158	0.000000011643
2	231843389	233550002	467	40	0.0002303097	0.000000011394
2	233550003	235150986	788	40	-0.0000181877	0.000000011593
2	235150987	236043549	421	40	0.0000305804	0.000000009412
2	236043550	237449031	468	40	0.0000048719	0.000000008965
2	237449032	238760980	536	40	-0.0000130903	0.000000009833
2	238760981	239952642	412	40	0.0000963735	0.000000009107
2	239952643	241560083	651	40	-0.0000118672	0.000000011679
2	241560084	242149920	214	30	0.0000320136	0.000000004332
2	242149921	243188919	131	17	0.0000086055	0.000000002461
3	60157	1441778	620	40	0.0000764718	0.000000012892
3	1441779	2992119	897	40	0.0000255052	0.000000012192
3	2992120	4431646	770	40	0.0000165846	0.000000012070
3	4431647	6083182	772	40	0.0000235016	0.000000012165
3	6083183	7083386	431	40	0.0000322919	0.000000009483
3	7083387	8648560	861	40	0.0000781721	0.000000012916
3	8648561	9543182	490	40	0.0000092261	0.000000010163
3	9543183	11019664	593	40	0.0000177716	0.000000012086
3	11019665	13070798	738	40	0.0000793817	0.000000012932
3	13070799	14816899	794	40	0.0000565493	0.000000012619
3	14816900	16282441	530	40	0.0001523547	0.000000011273
3	16282442	17891117	500	40	0.0000728345	0.000000009755
3	17891118	19125143	344	40	0.0000658537	0.000000007176
3	19125144	20091347	196	25	0.0000547726	0.000000004761
3	20091348	21643706	637	40	-0.0000023573	0.000000011810
3	21643707	22204243	381	40	0.0000589693	0.000000008334
3	22204244	23804864	529	40	0.0000240871	0.000000010557
3	23804865	25461557	745	40	0.0001149911	0.000000013421
3	25461558	26877768	468	40	0.0000468344	0.000000008925
3	26877769	27840909	273	31	0.0001050656	0.000000006604
3	27840910	29142259	447	40	0.0000252840	0.000000009174
3	29142260	30717954	684	40	-0.0000126268	0.000000011669
3	30717955	32351714	657	40	-0.0000306171	0.000000011422
3	32351715	33255591	279	40	-0.0000133583	0.000000005713
3	33255592	35283457	582	40	0.0000727924	0.000000010703
3	35283458	36486841	408	40	0.0000169672	0.000000007663
3	36486842	38356115	595	40	0.0000296219	0.000000010561
3	38356116	40221297	657	40	0.0003503112	0.000000015295
3	40221298	41064527	151	16	0.0000731251	0.000000003626
3	41064528	42540001	449	40	0.0000661853	0.000000008788
3	42540002	45165152	707	40	0.0000664099	0.000000012254
3	45165153	46657499	516	40	0.0000990245	0.000000009854
3	46657500	47727211	176	17	0.0000367968	0.000000003316
3	47727212	49316971	255	15	0.0001956790	0.000000005256
3	49316972	51832014	438	25	0.0002630558	0.000000007661
3	51832015	54081389	606	40	0.0003106687	0.000000014323
3	54081390	55348859	662	40	0.0000759031	0.000000012884
3	55348860	56433906	371	40	0.0000160413	0.000000007343
3	56433907	58157518	542	40	0.0000494892	0.000000009624
3	58157519	60272905	975	40	0.0000099295	0.000000011979
3	60272906	62355665	980	40	0.0000160019	0.000000012062
3	62355666	63669285	671	40	-0.0000138614	0.000000011652
3	63669286	65273537	757	40	0.0000310021	0.000000012268
3	65273538	66270446	343	40	0.0000472245	0.000000008173
3	66270447	68286913	639	40	0.0000762341	0.000000012889
3	68286914	69276761	365	40	0.0000915981	0.000000008710
3	69276762	70449027	389	40	0.0002568367	0.000000011426
3	70449028	72529328	791	40	0.0000703403	0.000000012808
3	72529329	74321816	718	40	0.0000299451	0.000000012253
3	74321817	75704948	273	31	0.0001089929	0.000000006399
3	75704949	77508834	484	40	0.0000743747	0.000000010013
3	77508835	79024540	405	40	0.0000288703	0.000000007897
3	79024541	81427309	487	40	0.0000230777	0.000000006991
3	81427310	82643885	294	27	0.0000049296	0.000000004432
3	82643886	84367478	314	32	0.0000278480	0.000000005499
3	84367479	85582230	253	22	0.0000649749	0.000000004854
3	85582231	87409731	450	40	0.0001501119	0.000000009016
3	87409732	88298372	188	19	-0.0000205837	0.000000002437
3	88298373	94255315	460	40	0.0000934757	0.000000008689
3	94255316	95311970	215	18	0.0000128129	0.000000003199
3	95311971	98215949	564	40	0.0000078730	0.000000008461
3	98215950	99373761	329	39	0.0001002204	0.000000006491
3	99373762	100592216	332	28	0.0001417692	0.000000006636
3	100592217	103084959	661	40	0.0000160888	0.000000010399
3	103084960	104581612	412	40	0.0000309911	0.000000007005
3	104581613	106982810	712	40	0.0000165791	0.000000012070
3	106982811	109522394	762	40	0.0000954708	0.000000013153
3	109522395	110513769	250	25	0.0000457892	0.000000003980
3	110513770	112815698	693	40	0.0000388855	0.000000011686
3	112815699	113947862	377	40	0.0000178007	0.000000006399
3	113947863	115447079	408	40	0.0001031521	0.000000009508
3	115447080	116800152	521	40	0.0000146385	0.000000009383
3	116800153	118530250	573	40	0.0000340090	0.000000011287
3	118530251	120523054	666	40	0.0000329572	0.000000010299
3	120523055	121974096	388	37	0.0000254026	0.000000005112
3	121974097	123517767	528	40	0.0002414663	0.000000012163
3	123517768	124936641	624	40	0.0001056210	0.000000012175
3	124936642	126214942	384	40	0.0000453479	0.000000006966
3	126214943	128194860	671	40	0.0000404961	0.000000011875
3	128194861	130244734	436	40	0.0000498377	0.000000007759
3	130244735	131836515	548	40	0.0000172309	0.000000008661
3	131836516	133252172	515	40	0.0001065955	0.000000009626
3	133252173	135456905	864	40	0.0000446052	0.000000012455
3	135456906	137371082	441	39	0.0000745291	0.000000007554
3	137371083	139954596	844	40	0.0000289411	0.000000012240
3	139954597	141339096	477	40	0.0000680891	0.000000009832
3	141339097	143164627	625	40	0.0000538213	0.000000011987
3	143164628	144410815	388	40	0.0000083251	0.000000006860
3	144410816	145664618	351	40	0.0000576352	0.000000006143
3	145664619	146726628	336	40	0.0000150543	0.000000005913
3	146726629	149043236	683	40	0.0000194981	0.000000012110
3	149043237	150252003	425	40	-0.0000121694	0.000000008092
3	150252004	151348729	366	40	-0.0000177545	0.000000006644
3	151348730	153256570	565	40	0.0000142759	0.000000010019
3	153256571	154714217	407	40	0.0000300619	0.000000006237
3	154714218	156008699	331	40	-0.0000225026	0.000000005752
3	156008700	157312027	451	40	0.0001718586	0.000000009361
3	157312028	159477889	643	40	0.0001825184	0.000000011639
3	159477890	161524503	567	40	0.0000000329	0.000000007786
3	161524504	163253204	472	40	0.0000100640	0.000000007096
3	163253205	165055468	435	35	0.0000621636	0.000000006252
3	165055469	167117428	451	40	0.0000052242	0.000000006935
3	167117429	168580959	363	40	0.0000489242	0.000000006401
3	168580960	170964908	719	40	0.0001140698	0.000000013408
3	170964909	172295730	512	40	0.0001804134	0.000000012465
3	172295731	173477284	387	40	0.0001230406	0.000000009307
3	173477285	175116538	598	40	0.0000040862	0.000000011898
3	175116539	176320286	341	40	-0.0000238657	0.000000005427
3	176320287	178107164	535	40	0.0001301788	0.000000011680
3	178107165	179374585	385	40	0.0002408112	0.000000009810
3	179374586	181511165	464	40	0.0000008871	0.000000008153
3	181511166	183769682	668	40	0.0000231794	0.000000011566
3	183769683	185068254	416	40	0.0000436109	0.000000008833
3	185068255	186890343	665	40	0.0000217365	0.000000012141
3	186890344	188856213	806	40	0.0000178589	0.000000012087
3	188856214	190226606	623	40	-0.0000073447	0.000000011741
3	190226607	192343813	745	40	0.0000476132	0.000000012496
3	192343814	194059670	518	40	0.0000255426	0.000000010672
3	194059671	194786673	268	40	-0.0000271646	0.000000005146
3	194786674	195971407	227	37	-0.0000465799	0.000000004032
3	195971408	197075986	289	40	0.0000685733	0.000000006529
3	197075987	197946621	183	29	0.0000197260	0.000000003881
4	10240	694714	106	13	0.0000021395	0.000000002161
4	694715	1478710	221	25	0.0000926561	0.000000005304
4	1478711	2842978	263	40	0.0001338443	0.000000007046
4	2842979	3846039	261	37	0.0000686955	0.000000006365
4	3846040	4684115	226	37	0.0000668690	0.000000005680
4	4684116	5502387	393	40	0.0000522445	0.000000009141
4	5502388	6773042	692	40	0.0000359131	0.000000012335
4	6773043	7539691	410	40	-0.0000060317	0.000000009029
4	7539692	8152234	358	40	-0.0000022551	0.000000007896
4	8152235	9326478	248	40	0.0000801901	0.000000006263
4	9326479	10699151	509	38	0.0000290220	0.000000008302
4	10699152	12323033	646	40	0.0000699860	0.000000012803
4	12323034	14272000	711	40	0.0000285209	0.000000012234
4	14272001	15147445	381	40	0.0000497987	0.000000008066
4	15147446	15927008	249	33	0.0001045307	0.000000006267
4	15927009	17383321	665	40	-0.0000081550	0.000000011730
4	17383322	18841873	419	40	0.0000135051	0.000000007592
4	18841874	20544556	468	40	0.0000189968	0.000000007644
4	20544557	22319346	668	40	0.0000638235	0.000000012719
4	22319347	24135528	604	40	0.0002909407	0.000000014813
4	24135529	25609321	604	40	0.0000015490	0.000000011840
4	25609322	27343721	568	40	-0.0000161778	0.000000011263
4	27343722	27965867	199	28	0.0000209132	0.000000004203
4	27965868	29762207	527	40	-0.0000044907	0.000000008979
4	29762208	30454534	158	24	0.0000039593	0.000000002843
4	30454535	31782980	404	40	0.0000464789	0.000000008186
4	31782981	33172765	313	37	-0.0000019907	0.000000005774
4	33172766	35151414	359	32	0.0000504684	0.000000005573
4	35151415	36020435	273	34	0.0000142944	0.000000004419
4	36020436	37255046	432	40	0.0001445885	0.000000008869
4	37255047	38907021	788	40	-0.0000132052	0.000000011661
4	38907022	40202608	400	40	0.0000443556	0.000000007259
4	40202609	42213057	715	40	0.0000469597	0.000000012487
4	42213058	43965044	528	40	0.0000016483	0.000000008897
4	43965045	45189156	339	38	0.0000745989	0.000000006069
4	45189157	47411895	454	40	-0.0000146259	0.000000006970
4	47411896	48123599	221	25	0.0000013372	0.000000003300
4	48123600	53877432	484	39	-0.0000237610	0.000000006987
4	53877433	55429555	534	40	0.0000871952	0.000000010450
4	55429556	56547643	369	40	0.0000378997	0.000000007194
4	56547644	58935007	849	40	0.0000404307	0.000000012397
4	58935008	60741086	450	40	0.0000370270	0.000000007797
4	60741087	62371762	425	40	0.0000309883	0.000000007714
4	62371763	64341000	434	40	0.0001035755	0.000000009253
4	64341001	66600491	502	40	0.0000912839	0.000000008990
4	66600492	68059496	385	40	0.0000687067	0.000000007144
4	68059497	68854764	245	31	-0.0000098018	0.000000003642
4	68854765	71049151	438	40	-0.0000153851	0.000000005449
4	71049152	72140557	222	28	0.0000833351	0.000000004682
4	72140558	74592389	487	40	0.0000214052	0.000000008055
4	74592390	77130706	732	40	-0.0000064181	0.000000010969
4	77130707	79093978	730	40	0.0000530235	0.000000012570
4	79093979	80990296	561	40	-0.0000037586	0.000000008041
4	80990297	82125314	244	30	0.0000131805	0.000000004450
4	82125315	83372592	363	40	0.0000363784	0.000000006890
4	83372593	84799655	485	40	0.0000366815	0.000000008714
4	84799656	86930608	589	40	0.0000129000	0.000000009383
4	86930609	87534647	139	18	0.0000260388	0.000000002652
4	87534648	89238027	567	40	0.0000704815	0.000000010624
4	89238028	90231563	325	40	0.0000480134	0.000000006601
4	90231564	91560676	338	40	0.0000322817	0.000000005961
4	91560677	94233298	566	40	0.0000384513	0.000000010849
4	94233299	96182187	607	40	0.0000468797	0.000000011915
4	96182188	97540702	488	40	0.0000381434	0.000000009492
4	97540703	99424066	403	36	0.0001376465	0.000000007239
4	99424067	100678359	411	40	0.0000867678	0.000000007817
4	100678360	103221355	795	40	-0.0000114865	0.000000011685
4	103221356	105305293	488	40	0.0000220189	0.000000007827
4	105305294	107501304	581	40	0.0000556349	0.000000009685
4	107501305	108815347	359	40	0.0000153858	0.000000005989
4	108815348	111256566	771	40	0.0001072791	0.000000013315
4	111256567	113870101	723	40	0.0000039301	0.000000011896
4	113870102	115666245	608	40	0.0000808651	0.000000012596
4	115666246	117276928	337	36	0.0000581836	0.000000005750
4	117276929	118479917	338	38	0.0000307489	0.000000006058
4	118479918	119933511	418	40	0.0000679722	0.000000007252
4	119933512	120392683	148	16	0.0000462591	0.000000002859
4	120392684	122657986	698	40	0.0000094610	0.000000011972
4	122657987	124286480	381	37	0.0000130315	0.000000005791
4	124286481	125210861	264	36	0.0000183831	0.000000004922
4	125210862	126480885	387	40	0.0001114622	0.000000008581
4	126480886	127275476	218	31	0.0000182341	0.000000004308
4	127275477	127830292	162	22	0.0000799624	0.000000004142
4	127830293	128996664	194	15	-0.0000040300	0.000000003227
4	128996665	130591884	444	40	0.0000587000	0.000000008212
4	130591885	131283820	185	23	0.0000037767	0.000000003545
4	131283821	132954032	352	40	0.0000248776	0.000000006921
4	132954033	134628433	370	40	0.0000258155	0.000000006391
4	134628434	136566406	426	40	0.0000737460	0.000000007780
4	136566407	138541970	513	40	0.0000496583	0.000000009982
4	138541971	139556510	353	40	0.0000529014	0.000000007400
4	139556511	141084630	502	40	0.0000250721	0.000000010143
4	141084631	143443264	720	40	0.0000569425	0.000000012624
4	143443265	146178186	509	40	0.0002459600	0.000000010637
4	146178187	148521872	614	40	0.0000641980	0.000000011440
4	148521873	150683579	528	40	0.0002752319	0.000000012745
4	150683580	152782183	514	40	0.0000460415	0.000000007471
4	152782184	154477640	501	40	0.0000134821	0.000000010103
4	154477641	155056125	205	28	-0.0000022925	0.000000003791
4	155056126	157485096	796	40	-0.0000215487	0.000000011546
4	157485097	158743717	320	40	-0.0000360441	0.000000005284
4	158743718	161058863	518	40	0.0000960625	0.000000009410
4	161058864	161826434	263	33	0.0000458732	0.000000005817
4	161826435	163243678	435	40	0.0000802043	0.000000008720
4	163243679	164478233	329	40	0.0000822040	0.000000007022
4	164478234	165823447	416	40	0.0000297403	0.000000008643
4	165823448	167018857	359	40	0.0000180169	0.000000007418
4	167018858	167852916	185	26	0.0000148117	0.000000003414
4	167852917	169676824	576	40	0.0000130365	0.000000010904
4	169676825	170776509	315	37	0.0000653901	0.000000006532
4	170776510	172558634	411	40	0.0000404851	0.000000007773
4	172558635	174264131	393	40	0.0000398997	0.000000007269
4	174264132	176570715	626	40	0.0001478874	0.000000013873
4	176570716	178991909	821	40	0.0000030107	0.000000011884
4	178991910	180122042	319	40	0.0000208939	0.000000006607
4	180122043	182066806	806	40	-0.0000228318	0.000000011529
4	182066807	183371274	708	40	0.0000172721	0.000000012079
4	183371275	184929454	591	40	0.0000038308	0.000000011895
4	184929455	186909089	877	40	-0.0000388907	0.000000011308
4	186909090	188472980	580	40	-0.0000491084	0.000000011168
4	188472981	189693510	340	40	0.0000197949	0.000000007300
4	189693511	191043593	279	40	0.0000622719	0.000000006324
5	11940	982251	230	26	0.0000121513	0.000000004272
5	982252	2132441	459	40	0.0000435122	0.000000010633
5	2132442	3361940	784	40	0.0000145652	0.000000012042
5	3361941	4632109	534	40	0.0000378900	0.000000010271
5	4632110	5973232	691	40	-0.0000085422	0.000000011725
5	5973233	7143217	569	40	0.0000245986	0.000000010777
5	7143218	8446335	583	40	0.0000082597	0.000000010363
5	8446336	9718831	602	40	0.0000524137	0.000000011325
5	9718832	11173270	734	40	0.0000803544	0.000000012946
5	11173271	13464831	559	40	0.0000094262	0.000000009952
5	13464832	14757803	584	40	0.0000352601	0.000000010781
5	14757804	16963612	750	40	-0.0000377759	0.000000011324
5	16963613	18051591	265	40	0.0000156386	0.000000005591
5	18051592	19917715	543	40	0.0000442044	0.000000009268
5	19917716	22152072	437	40	-0.0000013964	0.000000006963
5	22152073	23494323	405	40	0.0001367545	0.000000008431
5	23494324	26184850	648	40	0.0000422385	0.000000011875
5	26184851	26857603	150	22	-0.0000150378	0.000000002489
5	26857604	27984512	217	32	0.0000536745	0.000000004770
5	27984513	29714819	395	40	0.0000649142	0.000000007139
5	29714820	31390248	569	40	0.0000885724	0.000000010801
5	31390249	33500179	811	40	0.0000019588	0.000000011869
5	33500180	35048969	542	40	0.0000340113	0.000000010622
5	35048970	36433953	472	40	0.0000260301	0.000000008048
5	36433954	38802409	757	40	-0.0000032733	0.000000011797
5	38802410	40287728	533	40	0.0000691736	0.000000008923
5	40287729	41888709	538	40	-0.0000347448	0.000000006600
5	41888710	43983498	405	31	0.0000135596	0.000000006058
5	43983499	50163397	411	30	0.0001429190	0.000000007382
5	50163398	52134621	556	40	0.0000892384	0.000000010430
5	52134622	53703043	594	40	-0.0000109579	0.000000010361
5	53703044	55417348	591	40	0.0000552781	0.000000010273
5	55417349	56621101	498	40	0.0000682883	0.000000009693
5	56621102	57340072	265	36	0.0000375830	0.000000004926
5	57340073	58524621	529	40	-0.0000245755	0.000000008656
5	58524622	60935906	679	40	0.0000292148	0.000000011197
5	60935907	61672994	265	27	0.0000515683	0.000000005094
5	61672995	63218986	475	40	0.0000719296	0.000000008086
5	63218987	63968303	174	19	0.0000533282	0.000000003707
5	63968304	65911285	612	40	0.0000703171	0.000000010669
5	65911286	67850859	773	40	0.0000338254	0.000000012307
5	67850860	71240455	444	40	0.0000787713	0.000000008487
5	71240456	73759325	952	40	0.0000167836	0.000000012073
5	73759326	75798865	674	40	0.0000290836	0.000000011885
5	75798866	77623331	709	40	0.0000466935	0.000000012483
5	77623332	79393143	648	40	0.0000572847	0.000000012629
5	79393144	80481470	439	40	0.0000329963	0.000000008711
5	80481471	82025647	495	40	0.0000598729	0.000000010312
5	82025648	83972688	524	40	0.0000892550	0.000000011807
5	83972689	85767289	489	40	0.0000438131	0.000000008883
5	85767290	87389990	269	31	0.0000880732	0.000000006183
5	87389991	88891529	300	32	0.0001151652	0.000000006389
5	88891530	90422653	420	40	0.0001761366	0.000000009302
5	90422654	91840541	262	32	0.0000184806	0.000000004994
5	91840542	93809983	407	40	0.0000949912	0.000000007740
5	93809984	95963518	684	40	0.0000862422	0.000000013026
5	95963519	97315600	405	40	-0.0000116612	0.000000006066
5	97315601	99260991	479	40	0.0000156861	0.000000007930
5	99260992	101578768	497	40	0.0000585840	0.000000008636
5	101578769	103320004	473	40	0.0000698958	0.000000008460
5	103320005	104851482	404	40	0.0000739803	0.000000008232
5	104851483	105893054	163	21	0.0000073739	0.000000003571
5	105893055	107264195	547	40	0.0000098691	0.000000011573
5	107264196	108633933	377	40	0.0002084324	0.000000009981
5	108633934	110821143	620	40	-0.0000044815	0.000000010663
5	110821144	111981561	413	40	0.0000859212	0.000000009390
5	111981562	113396284	535	40	0.0000179891	0.000000009975
5	113396285	114830369	508	40	0.0000044023	0.000000009006
5	114830370	115831046	424	40	0.0000406062	0.000000008413
5	115831047	117346212	543	40	0.0000170321	0.000000011315
5	117346213	118608819	366	40	0.0000173945	0.000000007527
5	118608820	119669041	325	37	0.0000813298	0.000000007270
5	119669042	120452165	227	24	0.0000492744	0.000000005086
5	120452166	122556904	657	40	0.0000959264	0.000000013159
5	122556905	123798099	434	40	0.0000850669	0.000000009283
5	123798100	125785648	823	40	0.0000869836	0.000000013037
5	125785649	127344603	423	40	-0.0000168839	0.000000007057
5	127344604	129519024	644	40	0.0001039840	0.000000011226
5	129519025	132139648	600	40	0.0000405168	0.000000008388
5	132139649	134777400	889	40	0.0000106122	0.000000011988
5	134777401	136376049	586	40	0.0000507583	0.000000009997
5	136376050	139265071	684	40	0.0003302013	0.000000014615
5	139265072	140645970	349	31	0.0001196737	0.000000006569
5	140645971	142981247	912	40	0.0001154503	0.000000013427
5	142981248	144943353	617	40	0.0000401620	0.000000010492
5	144943354	147181997	731	40	0.0000656982	0.000000012744
5	147181998	148662623	548	40	-0.0000107768	0.000000009319
5	148662624	150561297	841	40	0.0000003973	0.000000011848
5	150561298	152867773	837	40	0.0001170780	0.000000013426
5	152867774	153773087	423	40	0.0000067504	0.000000006460
5	153773088	155373504	557	40	0.0000445335	0.000000010434
5	155373505	156628699	371	40	0.0000344922	0.000000006864
5	156628700	158825697	862	40	0.0000583007	0.000000012643
5	158825698	159973943	415	40	0.0000398960	0.000000008640
5	159973944	161482132	511	40	0.0000427017	0.000000008726
5	161482133	162743907	353	40	-0.0000004416	0.000000006456
5	162743908	163771581	376	40	0.0000289593	0.000000007450
5	163771582	165642394	536	40	0.0000434740	0.000000011464
5	165642395	166847739	415	40	0.0000881636	0.000000010297
5	166847740	168525317	762	40	0.0000217363	0.000000012141
5	168525318	169505663	474	40	0.0000349541	0.000000009852
5	169505664	171074291	650	40	0.0000216608	0.000000012140
5	171074292	172678326	666	40	0.0001443669	0.000000013824
5	172678327	173642870	495	40	0.0000667783	0.000000010359
5	173642871	175450594	803	40	-0.0000190039	0.000000011581
5	175450595	177251506	339	40	0.0001026295	0.000000007444
5	177251507	178413463	428	40	0.0000527992	0.000000009599
5	178413464	179401243	353	40	0.0000390700	0.000000007801
5	179401244	180559932	328	40	0.0000291150	0.000000006719
5	180559933	180885155	42	9	0.0000553163	0.000000001623
6	73924	1452361	673	40	0.0000103473	0.000000011984
6	1452362	2458935	436	40	0.0000441755	0.000000009078
6	2458936	3573592	571	40	0.0000663218	0.000000012111
6	3573593	4617816	512	40	0.0000675669	0.000000010560
6	4617817	5791471	584	40	0.0000158982	0.000000011680
6	5791472	6785206	591	40	0.0000238852	0.000000012170
6	6785207	7808935	510	40	0.0001403073	0.000000012080
6	7808936	9020025	496	40	0.0000393708	0.000000009035
6	9020026	10540316	602	40	0.0000271111	0.000000011739
6	10540317	11790815	545	40	0.0000851999	0.000000011514
6	11790816	13209387	589	40	0.0000076847	0.000000010854
6	13209388	14802923	676	40	0.0000466036	0.000000012482
6	14802924	17386404	985	40	0.0001112123	0.000000013369
6	17386405	19207486	634	40	0.0001686885	0.000000012066
6	19207487	21684064	1025	40	-0.0000008041	0.000000011831
6	21684065	22748306	514	40	0.0001555131	0.000000012313
6	22748307	23936618	489	40	0.0000575958	0.000000010827
6	23936619	24852274	399	40	-0.0000182436	0.000000008103
6	24852275	25684586	447	40	0.0001060490	0.000000009524
6	25684587	26791232	474	35	0.0000305672	0.000000006433
6	26791233	28017818	273	19	0.0000201698	0.000000003911
6	28017819	28917607	187	14	0.0000467655	0.000000002514
6	28917608	29737970	28	4	0.0000344615	0.000000000799
6	29737971	30798167	1	0	-0.0000000000	0.000000000023
6	30798168	31571217	105	18	0.0000605224	0.000000002796
6	31571218	32682663	96	12	0.0000475770	0.000000002243
6	32682664	33236496	176	26	-0.0000187637	0.000000002861
6	33236497	35455755	702	40	0.0001290516	0.000000013495
6	35455756	37572595	818	40	0.0001186821	0.000000013472
6	37572596	39295676	758	40	-0.0000045541	0.000000011780
6	39295677	40345114	402	40	-0.0000123885	0.000000007143
6	40345115	42038720	715	40	0.0001047259	0.000000013280
6	42038721	43756168	454	40	0.0000537548	0.000000008972
6	43756169	45406562	579	40	-0.0000086729	0.000000010867
6	45406563	47311897	759	40	0.0001221267	0.000000013519
6	47311898	48391124	355	38	0.0000645361	0.000000006143
6	48391125	50386144	491	40	0.0000818031	0.000000007583
6	50386145	52210475	621	40	0.0000727582	0.000000010845
6	52210476	53279101	427	40	0.0000710895	0.000000008287
6	53279102	55468269	855	40	0.0001037322	0.000000013243
6	55468270	56105312	210	20	-0.0000191318	0.000000002574
6	56105313	57599464	345	37	0.0000530694	0.000000006222
6	57599465	61880511	116	9	0.0000230300	0.000000001696
6	61880512	63552887	334	22	0.0000252856	0.000000004616
6	63552888	65765741	443	40	-0.0000269059	0.000000006353
6	65765742	67329214	481	40	0.0000062567	0.000000008061
6	67329215	68849482	461	40	0.0001312188	0.000000008993
6	68849483	69523447	216	26	0.0000037102	0.000000003615
6	69523448	71609509	741	40	0.0000469586	0.000000011845
6	71609510	73450096	628	40	0.0000689153	0.000000011409
6	73450097	75462002	571	40	0.0000587843	0.000000009823
6	75462003	77414880	450	40	0.0000277714	0.000000007102
6	77414881	78957727	485	40	0.0000090059	0.000000006397
6	78957728	80691169	577	40	0.0000508197	0.000000010188
6	80691170	81929221	366	27	0.0000130919	0.000000004826
6	81929222	83127148	348	40	0.0000909567	0.000000007119
6	83127149	85209988	555	40	0.0000361518	0.000000009110
6	85209989	87069499	592	40	0.0000390086	0.000000008604
6	87069500	88822139	540	40	-0.0000192662	0.000000007876
6	88822140	89973051	430	40	0.0000572906	0.000000008666
6	89973052	91843195	736	40	0.0000395328	0.000000012385
6	91843196	93428643	464	40	0.0000254578	0.000000008608
6	93428644	94118141	281	40	0.0000450834	0.000000005335
6	94118142	94441174	83	8	0.0000189353	0.000000001406
6	94441175	97093510	615	40	-0.0000051738	0.000000009799
6	97093511	97842283	228	26	0.0000799974	0.000000004730
6	97842284	100630145	791	40	0.0000642411	0.000000012724
6	100630146	102636771	490	40	0.0000312663	0.000000008853
6	102636772	103983394	330	33	0.0000373045	0.000000005676
6	103983395	106056732	665	40	0.0000589455	0.000000011772
6	106056733	107450305	625	40	-0.0000147476	0.000000011640
6	107450306	108464379	348	40	0.0000802946	0.000000007633
6	108464380	110304246	532	40	0.0000768797	0.000000009171
6	110304247	112345013	609	40	0.0000993750	0.000000011590
6	112345014	114220832	626	40	0.0000777738	0.000000011080
6	114220833	116131395	473	40	0.0000444212	0.000000007260
6	116131396	117672971	467	40	0.0000439038	0.000000007820
6	117672972	118963114	368	39	0.0009265042	0.000000018569
6	118963115	119963277	318	36	0.0007106456	0.000000015020
6	119963278	120512127	164	18	0.0000154415	0.000000002789
6	120512128	121905675	375	36	0.0005803749	0.000000013187
6	121905676	123856180	596	40	0.0010357112	0.000000023010
6	123856181	125424382	599	40	0.0000537617	0.000000012580
6	125424383	127540460	459	40	0.0000948988	0.000000008921
6	127540461	129861030	610	40	-0.0000062676	0.000000010211
6	129861031	130935453	493	40	0.0001335337	0.000000010896
6	130935454	132765668	596	40	0.0000430042	0.000000010959
6	132765669	134244242	580	40	0.0001210094	0.000000011792
6	134244243	136224176	584	40	0.0000061589	0.000000011618
6	136224177	137614217	340	40	0.0000886771	0.000000007890
6	137614218	138822628	474	40	0.0001121386	0.000000010413
6	138822629	139845435	379	40	0.0000658919	0.000000008405
6	139845436	142288478	526	40	0.0000072507	0.000000008737
6	142288479	145319809	1034	40	0.0000158455	0.000000012060
6	145319810	146665423	310	26	0.0000011304	0.000000004027
6	146665424	148920351	913	40	0.0000875386	0.000000013044
6	148920352	150253403	514	40	0.0000675981	0.000000009517
6	150253404	151912702	885	40	-0.0000177217	0.000000011599
6	151912703	153094495	555	40	0.0000494037	0.000000010501
6	153094496	154974119	793	40	0.0000656479	0.000000012744
6	154974120	156763325	723	40	0.0000372060	0.000000012353
6	156763326	158218718	376	40	-0.0000123657	0.000000007214
6	158218719	160580496	1026	40	0.0000285501	0.000000012234
6	160580497	162169563	758	40	-0.0000097985	0.000000011708
6	162169564	162931202	372	40	0.0000510394	0.000000008320
6	162931203	164383520	672	40	-0.0000087436	0.000000011722
6	164383521	165586863	537	40	0.0000582016	0.000000010265
6	165586864	167024732	804	40	-0.0000236682	0.000000011517
6	167024733	168042834	420	40	0.0000477082	0.000000008534
6	168042835	169382049	579	40	-0.0000098439	0.000000010471
6	169382050	170330172	392	40	0.0000130751	0.000000006783
6	170330173	171051269	234	30	0.0000406205	0.000000004920
7	16161	972751	89	15	0.0000216612	0.000000002240
7	972752	1353066	100	16	0.0000135632	0.000000002294
7	1353067	2062397	142	23	0.0000377548	0.000000003611
7	2062398	2772226	214	34	0.0000415520	0.000000005145
7	2772227	4573427	843	40	0.0000420244	0.000000012419
7	4573428	5416231	204	40	0.0000676874	0.000000005597
7	5416232	5854525	99	16	0.0000051257	0.000000002249
7	5854526	6573856	139	22	0.0000467016	0.000000003616
7	6573857	7808751	416	40	-0.0000309003	0.000000008237
7	7808752	9123422	729	40	0.0000267107	0.000000012209
7	9123423	9987498	353	40	0.0000438220	0.000000008055
7	9987499	11299197	466	40	-0.0000073265	0.000000009651
7	11299198	12635460	691	40	-0.0000152996	0.000000011632
7	12635461	13884201	563	40	0.0000482694	0.000000012505
7	13884202	15143656	571	40	0.0001861510	0.000000014398
7	15143657	16902068	746	40	0.0000622970	0.000000012698
7	16902069	19481546	1021	40	0.0000802463	0.000000012944
7	19481547	20124907	230	29	0.0000037397	0.000000004792
7	20124908	22507628	1189	40	0.0000692128	0.000000012793
7	22507629	23471441	308	40	0.0000320974	0.000000006713
7	23471442	25077258	696	40	0.0000264196	0.000000012205
7	25077259	25909554	444	40	-0.0000060488	0.000000008081
7	25909555	28360308	878	40	0.0001903212	0.000000014455
7	28360309	31137288	1231	40	-0.0000082003	0.000000011730
7	31137289	33555767	984	40	0.0000340323	0.000000012310
7	33555768	36213537	1005	40	0.0001744946	0.000000014238
7	36213538	37555183	640	40	0.0000846338	0.000000013004
7	37555184	38966702	630	40	-0.0000118056	0.000000010159
7	38966703	39862669	313	35	0.0000184325	0.000000005464
7	39862670	42001810	613	40	0.0001274460	0.000000012213
7	42001811	43159073	399	40	0.0000457343	0.000000008105
7	43159074	44763827	466	40	0.0000830658	0.000000009066
7	44763828	45952921	351	40	0.0000596774	0.000000007493
7	45952922	46986719	407	40	0.0000979902	0.000000008230
7	46986720	49212277	891	40	0.0000171193	0.000000012077
7	49212278	51675321	885	40	0.0000473710	0.000000012493
7	51675322	53176311	630	40	0.0000365117	0.000000011083
7	53176312	54222975	370	40	0.0000109841	0.000000005740
7	54222976	55691583	526	40	0.0000166103	0.000000009647
7	55691584	57382637	241	28	0.0000410333	0.000000004432
7	57382638	63307358	123	14	-0.0000271844	0.000000001783
7	63307359	63641124	52	6	0.0000071958	0.000000000964
7	63641125	65689808	305	26	0.0000033176	0.000000004504
7	65689809	68234073	698	40	0.0000289425	0.000000011740
7	68234074	69085363	264	39	0.0000195545	0.000000005221
7	69085364	71874884	833	40	-0.0000078618	0.000000011734
7	71874885	73334601	150	23	0.0000316770	0.000000003152
7	73334602	76458563	351	40	0.0000599922	0.000000007355
7	76458564	78093858	604	40	0.0000277264	0.000000012056
7	78093859	79888068	646	40	0.0000663676	0.000000012611
7	79888069	82022685	714	40	0.0000783114	0.000000012917
7	82022686	83801202	627	40	-0.0000155288	0.000000011106
7	83801203	85572181	401	40	0.0001491134	0.000000008104
7	85572182	87825003	562	40	0.0000249329	0.000000008388
7	87825004	90661783	952	40	0.0000105568	0.000000011987
7	90661784	92493751	423	40	0.0000347122	0.000000007292
7	92493752	93966600	356	40	0.0000899696	0.000000008333
7	93966601	96073507	691	40	-0.0000010283	0.000000011828
7	96073508	97099569	309	40	0.0000532447	0.000000006177
7	97099570	98715473	418	40	0.0000783010	0.000000008575
7	98715474	100196650	249	26	0.0002519084	0.000000007226
7	100196651	101199252	245	37	0.0006171743	0.000000013314
7	101199253	103197509	384	40	0.0000870982	0.000000008294
7	103197510	104159524	471	40	-0.0000053791	0.000000008422
7	104159525	105682904	537	40	0.0000307194	0.000000010292
7	105682905	107780177	741	40	0.0000707381	0.000000012813
7	107780178	109647593	552	40	0.0000534462	0.000000010011
7	109647594	112618683	826	40	0.0000962023	0.000000013163
7	112618684	113712386	217	26	0.0000671997	0.000000004673
7	113712387	116780177	711	40	0.0001378465	0.000000012878
7	116780178	118351580	372	38	0.0000360103	0.000000005823
7	118351581	121045272	438	40	0.0000342140	0.000000007120
7	121045273	121933629	228	28	0.0000982092	0.000000005003
7	121933630	124156804	656	40	0.0000886082	0.000000011181
7	124156805	124167551	6	2	-0.0000002418	0.000000000114
7	124167552	126519169	659	40	-0.0000218831	0.000000008811
7	126519170	126869220	139	18	0.0000236119	0.000000002596
7	126869221	128778385	590	40	0.0002424890	0.000000012296
7	128778386	130422413	468	40	0.0000131958	0.000000008511
7	130422414	132805847	921	40	0.0001452811	0.000000013837
7	132805848	134307595	439	35	0.0000865270	0.000000008121
7	134307596	135591082	499	40	0.0000973892	0.000000009784
7	135591083	136876561	408	40	0.0003264050	0.000000011788
7	136876562	138744678	612	40	0.0000880900	0.000000013052
7	138744679	139933176	330	40	0.0000099691	0.000000006221
7	139933177	140235209	121	25	-0.0000027138	0.000000002400
7	140235210	141226556	281	32	0.0000273764	0.000000005022
7	141226557	142656309	363	40	0.0000495995	0.000000005821
7	142656310	144968288	551	40	-0.0000236023	0.000000008716
7	144968289	146427959	376	40	0.0000258266	0.000000006910
7	146427960	147815317	570	40	0.0000878846	0.000000011385
7	147815318	149840657	619	40	0.0000390515	0.000000012378
7	149840658	150711504	308	38	0.0000813982	0.000000006091
7	150711505	152249805	460	40	0.0000224676	0.000000010178
7	152249806	153674018	464	40	0.0000135511	0.000000009795
7	153674019	154964729	551	40	0.0000561890	0.000000012138
7	154964730	156065249	483	40	0.0000127919	0.000000009951
7	156065250	157634596	520	40	0.0000203480	0.000000010767
7	157634597	159128574	460	40	0.0000821486	0.000000009433
8	10422	1044216	396	40	0.0000093003	0.000000009168
8	1044217	1163244	71	12	0.0000157736	0.000000001808
8	1163245	2042941	456	40	0.0000665099	0.000000011258
8	2042942	2573278	256	40	0.0000064473	0.000000005701
8	2573279	3392925	593	40	0.0000009120	0.000000011855
8	3392926	3783016	426	40	0.0000038262	0.000000009472
8	3783017	4480475	670	40	0.0000273588	0.000000012218
8	4480476	5146926	494	40	0.0000260177	0.000000011415
8	5146927	6142796	753	40	0.0000529473	0.000000012569
8	6142797	7153078	545	40	0.0000578946	0.000000012590
8	7153079	9154693	554	40	0.0000573062	0.000000012629
8	9154694	9640786	237	25	0.0000366325	0.000000005549
8	9640787	10463196	463	40	0.0000559253	0.000000011231
8	10463197	11278997	384	40	0.0001112376	0.000000009690
8	11278998	13491774	801	40	0.0001825079	0.000000014348
8	13491775	13944991	252	31	0.0000365514	0.000000005618
8	13944992	15991659	1083	40	0.0000387848	0.000000012375
8	15991660	17387875	549	40	0.0000780691	0.000000012914
8	17387876	17836398	269	35	0.0000120713	0.000000005990
8	17836399	19492839	962	40	0.0000509255	0.000000012541
8	19492840	20060855	332	40	0.0000075726	0.000000006991
8	20060856	21661736	752	40	0.0000106841	0.000000011989
8	21661737	22897056	464	40	0.0000838754	0.000000010950
8	22897057	24674717	655	40	0.0001410576	0.000000013779
8	24674718	25483453	289	35	0.0000194707	0.000000005290
8	25483454	26682524	615	40	0.0001170340	0.000000012807
8	26682525	28162391	735	40	0.0000274083	0.000000012219
8	28162392	29327895	370	40	0.0000218457	0.000000007068
8	29327896	31133728	541	40	0.0000168332	0.000000010030
8	31133729	31548359	125	20	0.0000033155	0.000000002365
8	31548360	32977217	483	40	0.0001046649	0.000000009363
8	32977218	35317231	535	40	0.0000246060	0.000000007319
8	35317232	37379388	359	40	-0.0000164279	0.000000005977
8	37379389	38938805	294	40	0.0001084262	0.000000007382
8	38938806	40703336	582	40	-0.0000159075	0.000000009391
8	40703337	41721453	382	40	0.0000851052	0.000000008834
8	41721454	42773822	192	22	0.0000514713	0.000000003893
8	42773823	46841314	43	7	-0.0000047061	0.000000000778
8	46841315	50082469	393	36	0.0000327921	0.000000006935
8	50082470	53302929	784	40	0.0000529598	0.000000011642
8	53302930	54418043	343	40	0.0000387588	0.000000006356
8	54418044	55945580	477	40	0.0000805655	0.000000008559
8	55945581	56956382	351	40	0.0000084678	0.000000006106
8	56956383	59068650	664	40	0.0000069636	0.000000011343
8	59068651	59728099	275	34	0.0001057037	0.000000006236
8	59728100	62329098	788	40	0.0000377927	0.000000012361
8	62329099	63349305	327	35	0.0000543164	0.000000005673
8	63349306	65232871	515	40	0.0000455799	0.000000008552
8	65232872	66489089	361	40	0.0000695154	0.000000006872
8	66489090	69863056	863	40	0.0000376610	0.000000012359
8	69863057	70867978	407	40	0.0000373759	0.000000008274
8	70867979	72289453	439	40	0.0000192328	0.000000007340
8	72289454	73817198	687	40	0.0000524050	0.000000012276
8	73817199	75445063	614	40	-0.0000332755	0.000000009959
8	75445064	76456541	290	38	0.0000777412	0.000000005829
8	76456542	79132860	687	40	0.0000213133	0.000000010329
8	79132861	81956394	804	40	0.0001222246	0.000000013520
8	81956395	82693738	218	33	0.0000611004	0.000000004566
8	82693739	84225588	415	40	0.0000947629	0.000000007218
8	84225589	85955618	356	39	0.0000153212	0.000000005846
8	85955619	87411708	267	25	-0.0000175046	0.000000003724
8	87411709	89085480	482	40	0.0000170138	0.000000008137
8	89085481	90638161	393	40	0.0000188875	0.000000006603
8	90638162	93554385	673	40	0.0000456125	0.000000011612
8	93554386	95005526	387	40	0.0000198240	0.000000007230
8	95005527	96534805	623	40	0.0000618849	0.000000012050
8	96534806	99401580	1102	40	-0.0000178907	0.000000011597
8	99401581	101620957	504	40	0.0000553718	0.000000007434
8	101620958	104123305	986	40	0.0000763404	0.000000012890
8	104123306	104988751	248	24	0.0000194717	0.000000003878
8	104988752	107410753	819	40	0.0002058662	0.000000014669
8	107410754	108648176	468	40	0.0000668559	0.000000008300
8	108648177	109248172	204	23	0.0000305778	0.000000003348
8	109248173	110484313	350	31	0.0000458978	0.000000005205
8	110484314	111850846	287	33	0.0000088265	0.000000004367
8	111850847	113064319	231	19	-0.0000072677	0.000000003136
8	113064320	116096494	780	40	0.0000650529	0.000000011048
8	116096495	119685456	1151	40	0.0000996292	0.000000013210
8	119685457	121201699	525	40	-0.0000323572	0.000000007697
8	121201700	124861458	1335	40	0.0000818211	0.000000012966
8	124861459	125683718	333	40	0.0000426549	0.000000006268
8	125683719	126410916	255	40	0.0000192807	0.000000005335
8	126410917	128659110	916	40	-0.0000068783	0.000000011748
8	128659111	130381138	672	40	0.0000354146	0.000000012328
8	130381139	131639624	465	40	0.0000923188	0.000000009596
8	131639625	133351143	759	40	0.0000717279	0.000000012827
8	133351144	134570000	705	40	0.0001685473	0.000000014156
8	134570001	136035604	751	40	0.0000865332	0.000000013030
8	136035605	137524150	552	40	0.0000761812	0.000000010394
8	137524151	139254829	738	40	0.0000057386	0.000000011921
8	139254830	140725642	754	40	0.0000307817	0.000000012265
8	140725643	143044913	823	40	0.0001150980	0.000000013423
8	143044914	144236880	366	40	0.0000891933	0.000000007803
8	144236881	146303866	338	40	0.0002149431	0.000000009763
9	10023	1079706	574	40	0.0000428019	0.000000012430
9	1079707	1916876	603	40	0.0000067867	0.000000011935
9	1916877	3190063	765	40	0.0000512588	0.000000012546
9	3190064	4495327	736	40	0.0000097771	0.000000011976
9	4495328	4884925	231	40	0.0000180032	0.000000005341
9	4884926	6557588	555	40	0.0000193934	0.000000012109
9	6557589	7154922	293	38	-0.0000003462	0.000000006245
9	7154923	8456298	926	40	0.0000395739	0.000000012386
9	8456299	9166402	399	40	0.0000235311	0.000000009102
9	9166403	10879252	841	40	0.0000091314	0.000000011968
9	10879253	12276488	464	40	0.0000615423	0.000000009813
9	12276489	14836362	1267	40	0.0001444222	0.000000013825
9	14836363	16659654	800	40	0.0000601228	0.000000012668
9	16659655	18661050	933	40	0.0000502908	0.000000012533
9	18661051	20463533	823	40	0.0000967275	0.000000013170
9	20463534	22206558	685	40	0.0001128227	0.000000013391
9	22206559	24158517	604	40	0.0001000666	0.000000013192
9	24158518	25330809	294	40	0.0000068542	0.000000006745
9	25330810	26111756	272	40	0.0001023758	0.000000007511
9	26111757	28224282	947	40	0.0000481222	0.000000012503
9	28224283	28811583	249	36	-0.0000170287	0.000000004696
9	28811584	30387391	549	40	0.0000461711	0.000000009129
9	30387392	31310382	244	23	-0.0000066493	0.000000003849
9	31310383	32019367	205	24	0.0000148281	0.000000003415
9	32019368	33578333	588	40	0.0000957049	0.000000011730
9	33578334	34642242	285	27	0.0000552484	0.000000004627
9	34642243	36743282	581	40	0.0001605476	0.000000012905
9	36743283	38641598	721	40	0.0000879455	0.000000013050
9	38641599	65472189	105	22	0.0000253058	0.000000002619
9	65472190	72512710	563	40	0.0001036169	0.000000011411
9	72512711	72753754	100	10	-0.0000045702	0.000000001530
9	72753755	74253039	595	40	0.0000002296	0.000000009541
9	74253040	76203945	569	40	0.0000528472	0.000000009979
9	76203946	76973080	180	22	0.0000041782	0.000000003198
9	76973081	78900182	800	40	0.0000527182	0.000000012566
9	78900183	79471207	289	40	0.0000426715	0.000000006598
9	79471208	81079054	523	40	-0.0000569780	0.000000009658
9	81079055	82590927	629	40	0.0001153583	0.000000013426
9	82590928	84211232	651	40	0.0000737124	0.000000012854
9	84211233	85440800	330	40	0.0000404441	0.000000007253
9	85440801	86938195	635	40	0.0001225184	0.000000013001
9	86938196	88109332	498	40	-0.0000025449	0.000000008650
9	88109333	88590416	112	14	-0.0000021464	0.000000001704
9	88590417	90136245	598	40	0.0000932245	0.000000012409
9	90136246	92528697	852	40	0.0000334492	0.000000012302
9	92528698	94167202	622	40	0.0000204845	0.000000011767
9	94167203	96671697	789	40	0.0000049404	0.000000011910
9	96671698	98922039	664	40	0.0000366257	0.000000011275
9	98922040	101592858	857	40	0.0001745049	0.000000014238
9	101592859	104624436	960	40	0.0000398643	0.000000012390
9	104624437	105967975	568	40	0.0000228697	0.000000009686
9	105967976	107581748	601	40	0.0000404942	0.000000009406
9	107581749	109298753	601	40	0.0000300968	0.000000011233
9	109298754	110695061	568	40	0.0000509754	0.000000011543
9	110695062	112778023	1094	40	0.0000767670	0.000000012896
9	112778024	114831081	909	40	0.0001364301	0.000000013715
9	114831082	115693144	312	30	-0.0000347887	0.000000004617
9	115693145	117019800	646	40	0.0000027533	0.000000011880
9	117019801	117921959	466	40	0.0000319864	0.000000009266
9	117921960	121321536	1460	40	-0.0000095805	0.000000011711
9	121321537	122260296	360	40	0.0000188723	0.000000006768
9	122260297	124871321	774	40	0.0000792355	0.000000012930
9	124871322	126971886	683	40	0.0000608342	0.000000012678
9	126971887	129059664	562	40	0.0001663449	0.000000012176
9	129059665	130055509	323	40	0.0001398128	0.000000007953
9	130055510	132165469	498	40	0.0001115729	0.000000010784
9	132165470	133223216	321	40	0.0000108388	0.000000006469
9	133223217	134127887	346	40	0.0000551939	0.000000007856
9	134127888	135298841	435	40	0.0000685210	0.000000008725
9	135298842	137041121	660	40	0.0000488957	0.000000012514
9	137041122	137589363	210	40	0.0000851415	0.000000005884
9	137589364	138938977	630	40	0.0000889321	0.000000013063
9	138938978	139500341	123	23	-0.0000047559	0.000000002606
9	139500342	141144795	262	40	0.0000153528	0.000000005540
10	60523	751338	125	15	0.0000236989	0.000000002996
10	751339	1523543	341	40	0.0000848403	0.000000008050
10	1523544	2254499	436	40	-0.0000100009	0.000000008500
10	2254500	3352698	676	40	-0.0000318387	0.000000011405
10	3352699	4572273	618	40	0.0000141863	0.000000012037
10	4572274	5983761	707	40	0.0000799590	0.000000012940
10	5983762	7171483	743	40	0.0000302728	0.000000012258
10	7171484	8774664	874	40	0.0000278475	0.000000012225
10	8774665	10249395	563	40	0.0000057281	0.000000009806
10	10249396	12586796	1036	40	0.0000393809	0.000000012383
10	12586797	13321599	444	40	-0.0000236689	0.000000009403
10	13321600	15026067	949	40	0.0000926466	0.000000013114
10	15026068	16551766	562	40	0.0000515035	0.000000012454
10	16551767	18537266	773	40	0.0000303942	0.000000012260
10	18537267	19716877	532	40	0.0000823454	0.000000010692
10	19716878	22772282	985	40	-0.0000042134	0.000000011784
10	22772283	23175131	126	14	0.0000202691	0.000000002855
10	23175132	25578595	771	40	0.0000081378	0.000000011954
10	25578596	26888683	535	40	0.0000719561	0.000000008938
10	26888684	29323235	905	40	0.0001563045	0.000000013988
10	29323236	29783691	268	40	0.0000858020	0.000000006222
10	29783692	30458837	363	40	0.0002378436	0.000000010739
10	30458838	31907518	480	40	0.0001116133	0.000000009837
10	31907519	33707967	628	40	0.0000971047	0.000000010894
10	33707968	35109354	502	40	-0.0000273138	0.000000008642
10	35109355	36572507	422	40	0.0000622331	0.000000007929
10	36572508	37790028	321	40	0.0000700633	0.000000006219
10	37790029	42372578	197	13	0.0000263418	0.000000002304
10	42372579	43894770	297	34	0.0000764981	0.000000006142
10	43894771	44730074	289	34	0.0000339892	0.000000005230
10	44730075	48760449	672	40	-0.0000394023	0.000000011301
10	48760450	50840914	662	40	0.0001350230	0.000000012340
10	50840915	53616628	757	40	0.0000058169	0.000000011922
10	53616629	55103571	683	40	0.0001265944	0.000000013580
10	55103572	57031139	762	40	0.0000055459	0.000000011918
10	57031140	57662145	177	18	0.0000141766	0.000000002419
10	57662146	58959527	381	25	-0.0000183205	0.000000004113
10	58959528	60289986	421	40	0.0000324820	0.000000006223
10	60289987	61891408	592	40	0.0000160546	0.000000011278
10	61891409	62659678	302	34	0.0000797591	0.000000006234
10	62659679	63341694	161	19	0.0000471256	0.000000003504
10	63341695	65794113	847	40	0.0000055713	0.000000011919
10	65794114	67549614	479	40	0.0000677928	0.000000008266
10	67549615	69900147	895	40	0.0000450694	0.000000012461
10	69900148	70195990	116	11	-0.0000129555	0.000000001673
10	70195991	72220849	894	40	-0.0000024246	0.000000011809
10	72220850	73508511	741	40	0.0000743206	0.000000012863
10	73508512	75422549	439	36	0.0000559384	0.000000006474
10	75422550	78706813	842	40	0.0001361716	0.000000013712
10	78706814	80876748	1013	40	0.0000684350	0.000000012782
10	80876749	82414678	499	40	0.0000655241	0.000000010200
10	82414679	84383744	718	40	-0.0000156444	0.000000011627
10	84383745	85458702	438	40	0.0000318279	0.000000006922
10	85458703	87937576	976	40	0.0000318763	0.000000012280
10	87937577	89127063	271	35	0.0001129113	0.000000006452
10	89127064	91013380	727	40	0.0000626081	0.000000012702
10	91013381	92006580	377	40	0.0000013332	0.000000006669
10	92006581	93335046	444	40	0.0000292048	0.000000007713
10	93335047	95396367	665	40	0.0001566460	0.000000013065
10	95396368	96221242	265	32	0.0002236286	0.000000008064
10	96221243	97822356	582	40	0.0001550038	0.000000010029
10	97822357	100241301	918	40	0.0000824282	0.000000012974
10	100241302	100668399	149	15	0.0000314986	0.000000002680
10	100668400	102949238	764	40	0.0002222868	0.000000014894
10	102949239	104380409	306	28	0.0000598380	0.000000005089
10	104380410	106695047	760	40	0.0000836142	0.000000012990
10	106695048	108726685	673	40	0.0000756486	0.000000012072
10	108726686	110317704	640	40	-0.0000094373	0.000000011023
10	110317705	112561492	660	40	0.0000762035	0.000000012175
10	112561493	115328431	1029	40	0.0000942254	0.000000013136
10	115328432	116421405	494	40	-0.0000141886	0.000000008846
10	116421406	119523933	1005	40	0.0000530514	0.000000012571
10	119523934	120591352	415	40	0.0000555879	0.000000008903
10	120591353	122407322	683	40	0.0000355054	0.000000012330
10	122407323	123231464	393	40	0.0000491536	0.000000008034
10	123231465	123900544	279	40	0.0000754979	0.000000006600
10	123900545	125869345	861	40	0.0000051847	0.000000011913
10	125869346	128001097	953	40	-0.0000123935	0.000000011672
10	128001098	129154361	530	40	0.0000359036	0.000000010576
10	129154362	130844283	944	40	-0.0000351003	0.000000011360
10	130844284	131741326	420	40	0.0000186716	0.000000008160
10	131741327	132580244	412	40	0.0000924672	0.000000008769
10	132580245	134336328	843	40	0.0000323268	0.000000012286
10	134336329	134494672	39	6	0.0000681592	0.000000001635
10	134494673	135523864	282	40	0.0000893413	0.000000006695
11	70855	1213589	260	40	0.0000893878	0.000000006224
11	1213590	3665480	813	40	0.0000190173	0.000000012103
11	3665481	4746708	423	40	0.0000179310	0.000000008552
11	4746709	6322868	983	40	0.0000288576	0.000000012238
11	6322869	7436700	547	40	0.0000468492	0.000000010015
11	7436701	8333273	495	40	-0.0000351431	0.000000009958
11	8333274	9087316	273	30	0.0000717712	0.000000006242
11	9087317	10952026	639	40	0.0001658973	0.000000014120
11	10952027	12564228	1102	40	0.0000473318	0.000000012492
11	12564229	13373123	399	40	0.0000445592	0.000000007829
11	13373124	15742551	770	40	0.0002098705	0.000000014533
11	15742552	17578401	599	40	0.0000087386	0.000000009943
11	17578402	19569534	783	40	-0.0000086040	0.000000011724
11	19569535	21017137	784	40	0.0000158692	0.000000012060
11	21017138	22374141	549	40	0.0000554306	0.000000011129
11	22374142	24088516	586	40	0.0000990236	0.000000011205
11	24088517	26045752	655	40	0.0000254694	0.000000012192
11	26045753	27020460	356	40	-0.0000033022	0.000000005685
11	27020461	28481592	404	40	0.0000461655	0.000000006741
11	28481593	30141356	410	40	0.0000774528	0.000000008209
11	30141357	32276900	627	40	0.0000908858	0.000000010097
11	32276901	33958738	558	40	0.0001210857	0.000000011105
11	33958739	35502604	810	40	0.0000656180	0.000000012743
11	35502605	37116814	737	40	0.0000050970	0.000000011912
11	37116815	39382002	416	40	0.0001363145	0.000000008449
11	39382003	42310002	914	40	0.0000422801	0.000000012423
11	42310003	44693798	961	40	0.0000734571	0.000000012851
11	44693799	47006136	706	40	0.0001806569	0.000000014323
11	47006137	49866049	472	25	0.0000690108	0.000000006582
11	49866050	54695472	129	7	0.0000064763	0.000000001259
11	54695473	55082656	6	3	0.0000105991	0.000000000285
11	55082657	58457494	1051	40	0.0000109598	0.000000011469
11	58457495	58780548	67	6	0.0000062278	0.000000001115
11	58780549	62223770	985	40	0.0002727861	0.000000015588
11	62223771	63804568	305	38	0.0001356426	0.000000006976
11	63804569	65898630	491	40	0.0001083914	0.000000010266
11	65898631	68005824	316	35	0.0000914177	0.000000006441
11	68005825	69516129	459	40	0.0000293741	0.000000008614
11	69516130	70926291	459	40	0.0000529708	0.000000010099
11	70926292	72286016	305	36	0.0000555032	0.000000005430
11	72286017	74412350	596	40	0.0001146703	0.000000011159
11	74412351	76797208	759	40	0.0000904944	0.000000013085
11	76797209	78355057	414	36	0.0001750214	0.000000008648
11	78355058	80722372	1058	40	0.0000167126	0.000000012072
11	80722373	81266711	258	38	0.0000392741	0.000000005420
11	81266712	84381271	1161	40	0.0000419078	0.000000012418
11	84381272	86619300	770	40	0.0000063799	0.000000011906
11	86619301	87430234	307	36	0.0000526270	0.000000005627
11	87430235	89208935	560	40	0.0000266171	0.000000010971
11	89208936	90966489	377	34	0.0001241366	0.000000007243
11	90966490	92077143	345	38	0.0000238182	0.000000006293
11	92077144	93276156	395	40	0.0000092857	0.000000006613
11	93276157	94242259	268	26	0.0001011225	0.000000005490
11	94242260	95726040	591	40	0.0000379674	0.000000011365
11	95726041	97057057	498	40	0.0000011123	0.000000009767
11	97057058	98705064	552	40	0.0000432832	0.000000011509
11	98705065	100417168	763	40	0.0000867771	0.000000013034
11	100417169	101331120	404	40	0.0000603522	0.000000007691
11	101331121	103959635	1075	40	0.0000059545	0.000000011924
11	103959636	104873283	283	23	0.0000045376	0.000000003438
11	104873284	106520893	466	40	0.0000403846	0.000000007748
11	106520894	107844199	465	40	0.0000535242	0.000000009206
11	107844200	108437036	134	11	-0.0000026119	0.000000001814
11	108437037	109866115	344	40	0.0000794390	0.000000007268
11	109866116	111114396	487	40	-0.0000135069	0.000000007766
11	111114397	112459487	380	38	0.0000989265	0.000000007511
11	112459488	114257727	784	40	0.0000577171	0.000000012635
11	114257728	114830665	224	27	-0.0000025146	0.000000003765
11	114830666	116383347	649	40	0.0000350036	0.000000012323
11	116383348	117747109	598	40	-0.0000087978	0.000000011721
11	117747110	119215475	515	40	0.0001230060	0.000000011155
11	119215476	120766805	624	40	0.0000650258	0.000000012735
11	120766806	121175942	199	23	0.0000355510	0.000000003981
11	121175943	122591909	468	40	0.0001034853	0.000000010744
11	122591910	123500116	417	40	0.0000628079	0.000000009428
11	123500117	124495527	478	40	0.0000864680	0.000000007931
11	124495528	126311319	798	40	0.0000325055	0.000000012289
11	126311320	127316678	559	40	-0.0000215784	0.000000009361
11	127316679	128188536	306	40	0.0000491256	0.000000006191
11	128188537	130342574	853	40	0.0001399351	0.000000013764
11	130342575	131074611	366	40	0.0000578587	0.000000008011
11	131074612	133000045	1095	40	0.0000025747	0.000000011878
11	133000046	134205992	543	40	0.0001208726	0.000000013169
11	134205993	134946451	401	40	-0.0000213639	0.000000007824
12	61107	1080330	309	40	-0.0000545055	0.000000005691
12	1080331	2544785	492	40	0.0001533599	0.000000011666
12	2544786	3677036	508	40	0.0001018391	0.000000011909
12	3677037	4417678	392	40	0.0000600082	0.000000008798
12	4417679	5321471	500	40	-0.0000241765	0.000000009633
12	5321472	6419752	554	40	0.0000790280	0.000000011952
12	6419753	8377535	174	29	0.0001336834	0.000000005113
12	8377536	9031394	0	0	-0.0000178404	-0.000000000000
12	9031395	10481533	214	29	0.0000074057	0.000000003830
12	10481534	11754845	335	40	0.0000189397	0.000000005754
12	11754846	12733527	440	40	0.0000715531	0.000000010449
12	12733528	15241483	1023	40	0.0000513829	0.000000012548
12	15241484	16310459	254	36	-0.0000149353	0.000000004489
12	16310460	18087872	556	40	0.0000299245	0.000000010922
12	18087873	20863942	931	40	0.0000998478	0.000000013213
12	20863943	23820633	1092	40	0.0000817761	0.000000012965
12	23820634	25371082	713	40	0.0004536955	0.000000018072
12	25371083	27799772	1019	40	0.0001051856	0.000000013286
12	27799773	29651254	693	40	0.0000699613	0.000000011970
12	29651255	30512405	461	40	-0.0000066293	0.000000007647
12	30512406	32165591	630	40	0.0000305914	0.000000011763
12	32165592	33076988	378	40	0.0000984549	0.000000008071
12	33076989	37856716	353	24	0.0004299640	0.000000010678
12	37856717	39227168	135	7	0.0001087645	0.000000003526
12	39227169	40816184	496	40	0.0000860454	0.000000008847
12	40816185	41658585	349	36	0.0000694446	0.000000005998
12	41658586	43984473	896	40	0.0000636302	0.000000012716
12	43984474	46024228	475	40	0.0000189469	0.000000007383
12	46024229	47714792	463	40	-0.0000210213	0.000000007568
12	47714793	49001865	539	40	0.0000970709	0.000000010372
12	49001866	51776493	630	40	0.0000738514	0.000000010884
12	51776494	53039003	632	40	0.0000942006	0.000000011448
12	53039004	54778822	584	40	0.0001143264	0.000000011771
12	54778823	55665836	270	35	0.0000389575	0.000000005298
12	55665837	57548859	420	40	0.0000280505	0.000000007295
12	57548860	59308665	462	40	0.0000242666	0.000000007622
12	59308666	61123728	451	40	-0.0000098262	0.000000006941
12	61123729	64032460	945	40	0.0000397387	0.000000012388
12	64032461	65559694	374	40	0.0001038307	0.000000008311
12	65559695	67181143	515	40	0.0000600345	0.000000009745
12	67181144	67909728	321	40	-0.0000206518	0.000000004740
12	67909729	69826541	812	40	0.0000039588	0.000000011897
12	69826542	70957986	494	40	0.0001047126	0.000000009150
12	70957987	72645074	566	40	0.0000195339	0.000000009545
12	72645075	73818453	301	30	-0.0000017820	0.000000004881
12	73818454	76511313	766	40	0.0000511521	0.000000012545
12	76511314	78570569	754	40	0.0000264500	0.000000012205
12	78570570	80448149	405	40	0.0000109193	0.000000006990
12	80448150	81467766	306	35	0.0000573986	0.000000005763
12	81467767	83502665	559	40	0.0001617631	0.000000010951
12	83502666	84303843	230	27	0.0000743746	0.000000004136
12	84303844	85990425	391	34	0.0000027756	0.000000005203
12	85990426	89682121	746	40	0.0000184889	0.000000010694
12	89682122	92066154	641	40	-0.0000142538	0.000000008703
12	92066155	94514566	907	40	0.0000080635	0.000000011953
12	94514567	96020784	692	40	0.0000129769	0.000000012020
12	96020785	97108838	452	40	-0.0000123862	0.000000008278
12	97108839	99305986	925	40	0.0000757146	0.000000012882
12	99305987	101447640	652	40	0.0000005859	0.000000011493
12	101447641	101862689	148	16	0.0000049456	0.000000002692
12	101862690	102964985	334	40	0.0000626471	0.000000007085
12	102964986	104848695	760	40	0.0001263793	0.000000013577
12	104848696	106436212	845	40	-0.0000111369	0.000000011689
12	106436213	106958747	233	34	0.0000228238	0.000000004677
12	106958748	109025900	739	40	0.0000241926	0.000000012103
12	109025901	110336718	400	40	0.0001568101	0.000000009131
12	110336719	113263517	462	40	0.0001385404	0.000000008881
12	113263518	113986708	217	29	0.0000130660	0.000000004119
12	113986709	115036601	539	40	0.0000248812	0.000000009998
12	115036602	115503215	195	36	0.0000907685	0.000000005207
12	115503216	117087470	747	40	0.0000836697	0.000000012991
12	117087471	118135374	461	40	-0.0000080884	0.000000009166
12	118135375	119754109	689	40	0.0000118336	0.000000012005
12	119754110	122007650	670	40	0.0000673712	0.000000012410
12	122007651	124977979	696	40	0.0000823923	0.000000012878
12	124977980	126445504	625	40	-0.0000189693	0.000000011582
12	126445505	127875097	643	40	0.0000479538	0.000000012120
12	127875098	129237296	705	40	0.0000060807	0.000000011926
12	129237297	130377920	681	40	0.0000347390	0.000000012319
12	130377921	131786750	738	40	-0.0000147782	0.000000011639
12	131786751	132807033	288	40	-0.0000257930	0.000000004976
12	132807034	133841510	170	25	0.0001059269	0.000000004639
13	19020013	20686719	292	36	0.0000230748	0.000000005434
13	20686720	22242173	587	40	0.0000270021	0.000000011072
13	22242174	23594701	676	40	-0.0000453128	0.000000011220
13	23594702	24531936	505	40	0.0000307828	0.000000010032
13	24531937	25784361	644	40	-0.0000080728	0.000000011731
13	25784362	27284361	547	40	0.0000836985	0.000000010781
13	27284362	29257550	852	40	0.0000785582	0.000000012921
13	29257551	30483266	502	40	0.0000028300	0.000000008913
13	30483267	32301814	777	40	0.0000162947	0.000000012066
13	32301815	33776902	581	40	0.0000262559	0.000000010112
13	33776903	35026463	456	40	-0.0000187549	0.000000007954
13	35026464	36046366	222	30	0.0000610362	0.000000005106
13	36046367	37498184	645	40	0.0001196519	0.000000013485
13	37498185	38878162	540	40	0.0000432833	0.000000008876
13	38878163	41069262	871	40	0.0000004995	0.000000011849
13	41069263	43101026	629	40	0.0000565028	0.000000011025
13	43101027	44901408	804	40	0.0000536380	0.000000012579
13	44901409	46495213	530	40	0.0000733300	0.000000010710
13	46495214	47431078	364	40	0.0001014124	0.000000007781
13	47431079	49383961	614	40	0.0000441509	0.000000011093
13	49383962	51591090	739	40	0.0000579814	0.000000012638
13	51591091	53339621	450	40	0.0000314161	0.000000008713
13	53339622	54682863	522	40	0.0000977497	0.000000010713
13	54682864	55817130	320	36	0.0000637219	0.000000005802
13	55817131	57554216	296	22	0.0000094431	0.000000003811
13	57554217	58410625	204	21	0.0000019540	0.000000002816
13	58410626	59302270	215	22	-0.0000008206	0.000000003083
13	59302271	60854777	553	40	0.0000905970	0.000000010496
13	60854778	61591948	284	35	0.0000477942	0.000000005584
13	61591949	63971558	632	40	0.0001076969	0.000000012274
13	63971559	65200601	302	31	0.0000638573	0.000000004956
13	65200602	67844452	782	40	0.0000701809	0.000000012806
13	67844453	70724515	883	40	0.0001050797	0.000000013285
13	70724516	71526790	318	40	0.0000026143	0.000000006026
13	71526791	73934088	843	40	0.0000321109	0.000000012283
13	73934089	75670142	733	40	0.0000055576	0.000000011919
13	75670143	77410554	785	40	0.0000370819	0.000000012351
13	77410555	78808812	435	40	0.0000496205	0.000000007520
13	78808813	80585675	573	40	0.0000475619	0.000000010167
13	80585676	82581813	606	40	0.0001288568	0.000000012446
13	82581814	84133143	392	35	0.0000186034	0.000000005208
13	84133144	85610915	409	40	0.0000792091	0.000000007737
13	85610916	88559881	752	40	0.0001089771	0.000000012886
13	88559882	90521310	465	40	0.0000297707	0.000000007319
13	90521311	93129690	856	40	0.0000403038	0.000000012396
13	93129691	93586454	121	16	-0.0000296211	0.000000002008
13	93586455	96087557	1204	40	-0.0000148936	0.000000011638
13	96087558	97519209	357	38	0.0000845325	0.000000007644
13	97519210	98938918	436	40	0.0000495009	0.000000009530
13	98938919	100574094	789	40	0.0000911966	0.000000013094
13	100574095	102300522	769	40	0.0000631309	0.000000012709
13	102300523	104066709	926	40	0.0000417517	0.000000012416
13	104066710	104844113	310	40	0.0000167412	0.000000005984
13	104844114	106247553	623	40	0.0000686400	0.000000012785
13	106247554	106749999	274	40	0.0000427140	0.000000005679
13	106750000	108189876	617	40	0.0000071480	0.000000011940
13	108189877	109121209	440	40	0.0000657482	0.000000009682
13	109121210	109815111	328	40	0.0000440540	0.000000006948
13	109815112	111232072	763	40	0.0000847093	0.000000013005
13	111232073	112247591	459	40	-0.0000162127	0.000000008723
13	112247592	113572487	461	40	0.0000301946	0.000000009715
13	113572488	115109852	362	40	0.0000063123	0.000000006832
14	19002084	21589401	598	40	0.0000595974	0.000000012661
14	21589402	23018664	711	40	0.0000181758	0.000000012092
14	23018665	24905122	713	40	0.0011516346	0.000000027655
14	24905123	26135685	556	40	0.0000442796	0.000000009434
14	26135686	28466532	697	40	-0.0000025643	0.000000011807
14	28466533	29972144	380	40	0.0000028773	0.000000006856
14	29972145	32383264	590	40	0.0001243509	0.000000012836
14	32383265	34846250	1268	40	0.0000128626	0.000000012019
14	34846251	35859592	245	29	0.0000607039	0.000000005219
14	35859593	38667724	875	40	0.0000108116	0.000000011991
14	38667725	40341989	539	40	0.0000096435	0.000000009196
14	40341990	41615501	347	32	0.0000643461	0.000000005669
14	41615502	43137388	414	36	-0.0000319428	0.000000006048
14	43137389	44543226	358	40	0.0000327417	0.000000007265
14	44543227	46081895	381	40	0.0000036866	0.000000006347
14	46081896	46749129	188	16	0.0000200634	0.000000002641
14	46749130	48573585	586	40	0.0000498864	0.000000011196
14	48573586	49005470	112	13	0.0000163873	0.000000002028
14	49005471	50507759	463	40	0.0000476606	0.000000009315
14	50507760	51493571	368	40	0.0000087166	0.000000007172
14	51493572	53474382	851	40	0.0001240901	0.000000013546
14	53474383	53997830	175	19	0.0000178838	0.000000003222
14	53997831	55233680	448	40	0.0000846100	0.000000010035
14	55233681	56216879	292	27	0.0001123926	0.000000006328
14	56216880	57481261	664	40	0.0000139387	0.000000012034
14	57481262	59448335	707	40	-0.0000088109	0.000000011721
14	59448336	61680423	609	40	0.0000660242	0.000000010254
14	61680424	63790014	807	40	0.0000531712	0.000000012572
14	63790015	65220297	350	34	0.0001030304	0.000000007685
14	65220298	66399554	406	40	0.0000847739	0.000000008428
14	66399555	67992316	419	33	-0.0000063707	0.000000004960
14	67992317	71131956	1239	40	0.0000465929	0.000000012482
14	71131957	72889614	682	40	0.0001902242	0.000000014430
14	72889615	76444766	1153	40	0.0001249286	0.000000013558
14	76444767	77229471	354	40	-0.0000180510	0.000000006640
14	77229472	78561944	640	40	0.0001673891	0.000000013950
14	78561945	80186578	610	40	0.0000666147	0.000000012043
14	80186579	81579713	508	40	-0.0000182774	0.000000008813
14	81579714	83138096	474	40	0.0000487625	0.000000008998
14	83138097	84241632	378	40	0.0000053154	0.000000006795
14	84241633	85746318	467	40	0.0001193362	0.000000010440
14	85746319	86647001	305	36	0.0004666318	0.000000012007
14	86647002	87635340	306	40	0.0000052013	0.000000005778
14	87635341	89497642	606	40	0.0000414100	0.000000010083
14	89497643	91296859	699	40	0.0000393278	0.000000012382
14	91296860	93132298	672	40	0.0001792435	0.000000014303
14	93132299	94325284	411	40	-0.0000045081	0.000000007298
14	94325285	95750866	873	40	-0.0000133899	0.000000011658
14	95750867	96262414	381	40	0.0000764866	0.000000008125
14	96262415	98341161	852	40	0.0000207159	0.000000012127
14	98341162	99138531	369	40	0.0000880409	0.000000007456
14	99138532	101534306	900	40	-0.0000131884	0.000000011661
14	101534307	103012101	435	40	0.0000907492	0.000000009811
14	103012102	105001722	474	40	0.0000538517	0.000000009187
14	105001723	106340357	162	29	0.0000660239	0.000000004233
14	106340358	107289453	39	5	-0.0000053590	0.000000000722
15	20001200	21131603	6	2	-0.0000038291	0.000000000088
15	21131604	24195126	307	40	0.0001287690	0.000000008298
15	24195127	25108589	193	28	0.0000191073	0.000000003943
15	25108590	27298111	869	40	-0.0000195118	0.000000011574
15	27298112	29338501	477	40	0.0000311550	0.000000009681
15	29338502	30165567	296	40	0.0000250451	0.000000006074
15	30165568	31591820	298	40	0.0000163783	0.000000006214
15	31591821	32441810	259	37	-0.0000048464	0.000000004721
15	32441811	34015424	733	40	0.0000051536	0.000000011913
15	34015425	35083250	403	40	0.0000084231	0.000000007783
15	35083251	37456501	931	40	0.0000789376	0.000000012926
15	37456502	38530776	348	40	0.0000536762	0.000000007599
15	38530777	40384131	779	40	0.0000512257	0.000000012546
15	40384132	41177513	234	28	0.0000505087	0.000000005079
15	41177514	42776398	429	40	-0.0000017794	0.000000007761
15	42776399	44198048	272	17	0.0000015618	0.000000003703
15	44198049	46618786	497	40	0.0000571073	0.000000008853
15	46618787	48136047	585	40	0.0000197990	0.000000010261
15	48136048	50008042	447	40	0.0000337053	0.000000007515
15	50008043	51677559	609	40	0.0001191562	0.000000011197
15	51677560	53069095	400	39	0.0000512007	0.000000006881
15	53069096	54508527	632	40	0.0000023428	0.000000011327
15	54508528	55136268	253	32	-0.0000023765	0.000000005391
15	55136269	56901772	536	40	0.0000193931	0.000000010848
15	56901773	58441365	625	40	0.0000248337	0.000000012183
15	58441366	59694115	512	40	0.0000443075	0.000000011642
15	59694116	61265835	668	40	-0.0000231141	0.000000011525
15	61265836	63215221	911	40	0.0000780746	0.000000012914
15	63215222	65104667	487	40	0.0000597191	0.000000009386
15	65104668	67094766	616	40	0.0000412968	0.000000012362
15	67094767	69017998	743	40	0.0001645331	0.000000014101
15	69017999	70133340	299	40	0.0001191925	0.000000007435
15	70133341	71922648	704	40	0.0000307156	0.000000012264
15	71922649	73628713	365	32	0.0004764349	0.000000012023
15	73628714	76398623	597	40	0.0004437591	0.000000017435
15	76398624	78516052	528	40	0.0000756822	0.000000009202
15	78516053	80860977	987	40	0.0000450376	0.000000012461
15	80860978	84260467	911	40	0.0001503954	0.000000013907
15	84260468	86652904	771	40	0.0000737826	0.000000012855
15	86652905	88369942	767	40	0.0000877500	0.000000013047
15	88369943	90475550	725	40	0.0001330668	0.000000013669
15	90475551	92164391	625	40	0.0001112669	0.000000013370
15	92164392	93780901	817	40	0.0000238735	0.000000012170
15	93780902	94924329	582	40	-0.0000016274	0.000000011820
15	94924330	96141595	588	40	0.0001084684	0.000000013332
15	96141596	98030909	751	40	0.0000502859	0.000000012533
15	98030910	99244058	573	40	0.0000385608	0.000000012372
15	99244059	100636846	547	40	0.0000743352	0.000000012530
15	100636847	101552693	405	40	0.0000315174	0.000000008880
15	101552694	102520965	443	40	0.0000881185	0.000000010795
16	60054	1207205	304	40	0.0000507085	0.000000007370
16	1207206	2764828	375	40	0.0001199515	0.000000009123
16	2764829	4001195	301	40	0.0000583767	0.000000007404
16	4001196	5118344	377	40	0.0001701395	0.000000010734
16	5118345	5891579	347	40	0.0000608264	0.000000008501
16	5891580	6893550	704	40	0.0000282777	0.000000012230
16	6893551	7529120	482	40	0.0001157565	0.000000012100
16	7529121	8338518	540	40	0.0000286893	0.000000011951
16	8338519	9799418	706	40	0.0000038273	0.000000011895
16	9799419	10426031	371	39	0.0000110170	0.000000007109
16	10426032	11520160	447	40	0.0001443505	0.000000011542
16	11520161	12613097	397	40	-0.0000017077	0.000000008733
16	12613098	13154436	308	40	0.0000415553	0.000000006560
16	13154437	14464001	557	40	0.0000312231	0.000000011296
16	14464002	16154059	317	40	0.0004212362	0.000000011952
16	16154060	17644748	397	40	0.0000642884	0.000000008951
16	17644749	18643606	175	28	-0.0000143428	0.000000003462
16	18643607	20150570	428	40	0.0000809105	0.000000008848
16	20150571	22448903	438	40	0.0000456204	0.000000007938
16	22448904	24136874	517	40	0.0000344652	0.000000010106
16	24136875	25986861	750	40	0.0000467381	0.000000012484
16	25986862	27445754	654	40	0.0000022584	0.000000011873
16	27445755	29036612	338	40	0.0001020291	0.000000006964
16	29036613	31382942	267	33	0.0000396734	0.000000005590
16	31382943	46399472	121	16	0.0000541355	0.000000002966
16	46399473	49007925	299	33	0.0000671743	0.000000005543
16	49007926	52035822	1079	40	0.0000569447	0.000000012624
16	52035823	53382571	454	40	0.0000185904	0.000000007567
16	53382572	55903773	1194	40	0.0000517586	0.000000012553
16	55903774	57664329	636	40	-0.0000162866	0.000000011619
16	57664330	59045404	509	40	0.0000416573	0.000000010869
16	59045405	60745693	495	40	-0.0000144169	0.000000009198
16	60745694	62229848	361	40	0.0000256138	0.000000006129
16	62229849	63691588	442	40	-0.0000034434	0.000000008282
16	63691589	65938565	806	40	0.0002794470	0.000000015679
16	65938566	68841362	676	40	0.0000992575	0.000000012729
16	68841363	71054027	383	40	0.0000496771	0.000000007734
16	71054028	72935149	452	38	0.0000393644	0.000000008444
16	72935150	74971502	789	40	0.0000113377	0.000000011998
16	74971503	75977953	226	30	0.0000342468	0.000000004927
16	75977954	77523677	682	40	0.0000229488	0.000000012157
16	77523678	78456291	643	40	0.0001039361	0.000000013269
16	78456292	79134814	572	40	-0.0000135553	0.000000011656
16	79134815	80297373	784	40	0.0000377587	0.000000012361
16	80297374	81772535	794	40	-0.0000431568	0.000000011250
16	81772536	82747727	586	40	0.0001171646	0.000000013451
16	82747728	83477207	605	40	0.0000122613	0.000000012011
16	83477208	84445882	720	40	0.0000165378	0.000000012069
16	84445883	85148684	468	40	0.0000035714	0.000000010655
16	85148685	86156598	489	40	0.0000250680	0.000000011473
16	86156599	86815410	533	40	0.0000660254	0.000000012749
16	86815411	87647348	365	40	-0.0000313251	0.000000007805
16	87647349	89041164	367	40	0.0001147636	0.000000009762
16	89041165	90292811	313	34	-0.0000230729	0.000000006335
17	56	1172398	322	40	-0.0000024116	0.000000007090
17	1172399	1928730	258	40	0.0000499300	0.000000005943
17	1928731	3702311	648	40	0.0000655488	0.000000012742
17	3702312	4696260	370	40	0.0000122894	0.000000007434
17	4696261	5741333	391	40	0.0000001075	0.000000007361
17	5741334	7317397	637	40	-0.0000149436	0.000000011637
17	7317398	8306424	316	40	0.0000001814	0.000000006677
17	8306425	9965920	659	40	-0.0000079720	0.000000011733
17	9965921	11102814	481	40	0.0000087135	0.000000009397
17	11102815	12534768	565	40	0.0000097762	0.000000011715
17	12534769	13180371	300	40	0.0000150923	0.000000006504
17	13180372	13894636	372	40	0.0000565463	0.000000008703
17	13894637	15019096	610	40	-0.0000193513	0.000000011577
17	15019097	16412341	320	40	0.0002328020	0.000000009369
17	16412342	18856319	565	40	0.0001714293	0.000000011914
17	18856320	21290356	384	40	0.0000643781	0.000000007817
17	21290357	27334243	509	40	0.0000032381	0.000000009725
17	27334244	29786490	500	39	-0.0000534632	0.000000005847
17	29786491	31538424	547	40	0.0000013503	0.000000010458
17	31538425	32912797	827	40	0.0000024992	0.000000011877
17	32912798	34469035	520	40	0.0000302108	0.000000009881
17	34469036	36809343	512	40	0.0000244388	0.000000010087
17	36809344	38877403	450	40	0.0000733698	0.000000008981
17	38877404	39899809	324	34	0.0000138418	0.000000004883
17	39899810	41772086	375	39	0.0000916147	0.000000006679
17	41772087	43056904	341	38	-0.0000072340	0.000000005443
17	43056905	45876021	377	40	0.0000826442	0.000000007359
17	45876022	47517399	536	40	0.0001132144	0.000000010238
17	47517400	49898956	777	40	0.0000473959	0.000000012493
17	49898957	50719054	285	27	0.0000052467	0.000000004789
17	50719055	51826117	308	34	0.0000351985	0.000000005246
17	51826118	53599431	612	40	0.0001655513	0.000000013425
17	53599432	55357540	620	40	-0.0000491165	0.000000010407
17	55357541	57487511	684	40	0.0001335620	0.000000013676
17	57487512	59312754	245	23	0.0000046692	0.000000003346
17	59312755	61545588	444	40	0.0001183827	0.000000009788
17	61545589	63148127	306	37	0.0000472918	0.000000005459
17	63148128	64800429	634	40	0.0000315314	0.000000011395
17	64800430	67858769	945	40	0.0000180782	0.000000012090
17	67858770	69387816	648	40	0.0000957415	0.000000012610
17	69387817	72672202	1444	40	0.0000703515	0.000000012808
17	72672203	74375559	411	40	0.0000728754	0.000000009092
17	74375560	76263412	743	40	0.0001762779	0.000000014263
17	76263413	77298635	477	40	-0.0000288769	0.000000010376
17	77298636	78837587	562	40	0.0000052040	0.000000011462
17	78837588	80034407	241	40	0.0001172038	0.000000006723
17	80034408	81194907	310	35	0.0000190688	0.000000005756
18	10644	912485	411	40	0.0000584496	0.000000009131
18	912486	1942910	366	40	0.0000680468	0.000000007229
18	1942911	3891657	780	40	0.0000383698	0.000000012369
18	3891658	5834179	794	40	-0.0000515502	0.000000011134
18	5834180	7090484	582	40	0.0000110074	0.000000011637
18	7090485	8498930	585	40	0.0000356968	0.000000011952
18	8498931	11075912	1274	40	0.0000071408	0.000000011940
18	11075913	11905439	264	40	-0.0000373002	0.000000004795
18	11905440	14440798	751	40	0.0000715763	0.000000012825
18	14440799	19485843	158	17	-0.0000012936	0.000000002466
18	19485844	20649471	300	36	0.0002374209	0.000000008583
18	20649472	22996650	824	40	0.0000920202	0.000000013106
18	22996651	24026190	313	35	0.0000288546	0.000000006433
18	24026191	25927681	785	40	0.0001984348	0.000000014567
18	25927682	26875586	246	26	0.0003022362	0.000000008198
18	26875587	27866477	269	27	0.0000295182	0.000000004651
18	27866478	30264065	881	40	0.0001458643	0.000000013845
18	30264066	31780066	342	36	0.0000687185	0.000000006507
18	31780067	33861963	612	40	0.0000519212	0.000000010654
18	33861964	35075249	480	40	0.0001999823	0.000000011499
18	35075250	36365489	490	40	0.0000871863	0.000000008721
18	36365490	37684366	350	33	0.0000402025	0.000000005810
18	37684367	39892647	774	40	0.0000481111	0.000000012265
18	39892648	42922105	929	40	0.0000467664	0.000000012484
18	42922106	44299245	691	40	-0.0000004601	0.000000011836
18	44299246	45939731	596	40	-0.0000092795	0.000000010906
18	45939732	47730583	783	40	0.0001393521	0.000000013756
18	47730584	51062184	1188	40	0.0000156356	0.000000012057
18	51062185	51554174	174	15	-0.0000002675	0.000000002668
18	51554175	55213837	1113	40	0.0000188768	0.000000012101
18	55213838	56530219	611	40	0.0000414779	0.000000012245
18	56530220	57630482	587	40	0.0000076824	0.000000011853
18	57630483	59020750	436	40	0.0000846385	0.000000009230
18	59020751	60277714	544	40	0.0000068453	0.000000009822
18	60277715	61820251	581	40	0.0000576282	0.000000010613
18	61820252	63463401	523	40	0.0000127562	0.000000008765
18	63463402	64252800	240	22	0.0000269335	0.000000004121
18	64252801	66125816	733	40	0.0000486691	0.000000012510
18	66125817	67175819	328	40	-0.0000115514	0.000000006304
18	67175820	68621178	466	40	0.0000421991	0.000000009951
18	68621179	69621617	383	40	-0.0000430546	0.000000006604
18	69621618	71038473	563	40	0.0000212721	0.000000010946
18	71038474	71971461	496	40	0.0000497100	0.000000011098
18	71971462	73526986	670	40	0.0000464408	0.000000012480
18	73526987	74813814	599	40	0.0000139006	0.000000012033
18	74813815	75976316	591	40	0.0000048499	0.000000011719
18	75976317	77149990	413	40	0.0001067181	0.000000008587
18	77149991	78017157	267	39	0.0001591577	0.000000007275
19	80840	610728	105	25	-0.0000031902	0.000000002276
19	610729	2098395	331	40	0.0000065558	0.000000007639
19	2098396	3019659	244	40	0.0000572804	0.000000006209
19	3019660	4348966	330	40	-0.0000132452	0.000000007155
19	4348967	5811851	407	40	0.0000579553	0.000000009693
19	5811852	6684884	215	40	0.0000289073	0.000000004972
19	6684885	8347512	544	40	0.0000532426	0.000000011955
19	8347513	9238392	268	40	0.0000599205	0.000000005185
19	9238393	11284027	501	40	0.0000949673	0.000000009964
19	11284028	13471126	420	40	0.0000337385	0.000000008461
19	13471127	14486346	207	40	-0.0000024788	0.000000004142
19	14486347	15648609	372	40	0.0000097421	0.000000007304
19	15648610	16374415	363	40	0.0000558220	0.000000006330
19	16374416	18409861	566	40	0.0000780095	0.000000012818
19	18409862	19877470	329	40	0.0000553189	0.000000006937
19	19877471	20905756	133	20	-0.0000171958	0.000000002436
19	20905757	22732895	311	37	0.0000693200	0.000000005808
19	22732896	23467745	128	13	0.0000174307	0.000000002253
19	23467746	28557892	275	27	0.0000241301	0.000000004389
19	28557893	29790946	467	40	-0.0000354402	0.000000007938
19	29790947	30727953	333	40	0.0001087369	0.000000007905
19	30727954	32746519	647	40	0.0000493571	0.000000012520
19	32746520	34262951	511	40	0.0000051664	0.000000009728
19	34262952	36469294	669	40	-0.0000224656	0.000000011534
19	36469295	37527032	232	20	0.0000727660	0.000000004255
19	37527033	40170618	637	40	0.0001994984	0.000000013844
19	40170619	40984600	187	25	0.0002437662	0.000000006691
19	40984601	42131572	305	40	0.0000360515	0.000000006413
19	42131573	43862454	167	22	0.0000241573	0.000000003307
19	43862455	44744107	301	40	0.0000276541	0.000000005544
19	44744108	46102696	368	40	0.0000333649	0.000000007959
19	46102697	47150081	293	40	0.0001641077	0.000000008215
19	47150082	49282226	604	40	0.0000399531	0.000000011986
19	49282227	51532566	650	40	-0.0000060358	0.000000011759
19	51532567	52985289	650	40	0.0000268623	0.000000012211
19	52985290	54602361	517	40	0.0000214673	0.000000011328
19	54602362	55728079	381	40	-0.0000110258	0.000000007800
19	55728080	57521334	688	40	0.0000234177	0.000000012164
19	57521335	59118838	544	40	0.0000256902	0.000000010650
20	60479	697599	272	40	0.0000352359	0.000000006190
20	697600	2469500	1020	40	-0.0000310064	0.000000011417
20	2469501	3828412	502	40	0.0000190582	0.000000010037
20	3828413	5477849	812	40	0.0000625465	0.000000012701
20	5477850	7084072	744	40	-0.0000100729	0.000000011704
20	7084073	8117010	411	40	0.0000460685	0.000000007424
20	8117011	9730920	777	40	0.0000313835	0.000000012273
20	9730921	11249535	741	40	0.0000675828	0.000000012770
20	11249536	12447498	502	40	0.0000255465	0.000000008633
20	12447499	13689863	553	40	0.0000143419	0.000000010281
20	13689864	15958358	992	40	0.0000074808	0.000000011945
20	15958359	17487231	945	40	0.0000358827	0.000000012335
20	17487232	18972202	619	40	0.0000195767	0.000000011612
20	18972203	20959709	893	40	0.0000043794	0.000000011902
20	20959710	22491455	407	39	0.0000042493	0.000000006072
20	22491456	23293789	361	40	0.0000079038	0.000000006405
20	23293790	24717723	529	40	-0.0000225383	0.000000008826
20	24717724	25344230	222	22	0.0000262253	0.000000003641
20	25344231	31614822	594	40	0.0000274915	0.000000009228
20	31614823	32813440	293	29	0.0000379410	0.000000005402
20	32813441	34960445	462	32	0.0000438132	0.000000006284
20	34960446	36909529	492	40	0.0010808067	0.000000022725
20	36909530	38436760	510	40	0.0000898688	0.000000009610
20	38436761	39610855	467	40	0.0000182510	0.000000009243
20	39610856	40585688	289	33	0.0000886984	0.000000006356
20	40585689	41615459	583	40	0.0000529126	0.000000012474
20	41615460	42680175	396	40	-0.0000006666	0.000000007729
20	42680176	44839055	784	40	0.0000992037	0.000000013204
20	44839056	47199979	1037	40	0.0000374905	0.000000012357
20	47199980	49239657	762	40	0.0000681274	0.000000012778
20	49239658	52472548	1352	40	0.0000560294	0.000000012612
20	52472549	54055265	624	40	0.0000001868	0.000000011845
20	54055266	56447958	1149	40	-0.0000209404	0.000000011555
20	56447959	58406571	893	40	0.0000278206	0.000000012224
20	58406572	59561723	549	40	-0.0000202652	0.000000009948
20	59561724	61301854	771	40	0.0000363331	0.000000012341
20	61301855	62190179	301	40	0.0000101577	0.000000006483
20	62190180	62965162	238	39	0.0001013920	0.000000006130
21	9411243	15950981	282	40	0.0000184313	0.000000005794
21	15950982	18053164	669	40	-0.0000018411	0.000000011817
21	18053165	19480374	440	40	0.0000768876	0.000000010071
21	19480375	20962338	609	40	0.0000030087	0.000000011884
21	20962339	22072763	358	40	-0.0000078041	0.000000006851
21	22072764	23362874	527	40	0.0000006887	0.000000009453
21	23362875	24696230	354	40	0.0000088034	0.000000006583
21	24696231	26469121	652	40	-0.0000128184	0.000000011523
21	26469122	27271018	221	25	0.0000596342	0.000000004945
21	27271019	29125225	875	40	0.0000611763	0.000000012682
21	29125226	31197024	691	40	0.0000368460	0.000000011302
21	31197025	32668641	454	40	0.0000473612	0.000000007347
21	32668642	34376998	663	40	0.0000631764	0.000000012710
21	34376999	35225464	288	40	0.0000302266	0.000000006192
21	35225465	36524372	568	40	0.0000684026	0.000000012781
21	36524373	37870778	538	40	0.0000520613	0.000000010300
21	37870779	38711703	315	39	0.0000151858	0.000000005302
21	38711704	40482901	843	40	-0.0000196927	0.000000011572
21	40482902	41389526	502	40	-0.0000559312	0.000000007657
21	41389527	43321527	1005	40	0.0000694513	0.000000012796
21	43321528	44506267	693	40	0.0000675294	0.000000012769
21	44506268	46177104	572	40	0.0000304097	0.000000012212
21	46177105	47492225	508	40	0.0000794630	0.000000011008
21	47492226	48119751	242	26	0.0000349073	0.000000004819
22	16050408	17674294	216	38	0.0001016435	0.000000005992
22	17674295	18296087	266	40	0.0001505228	0.000000007463
22	18296088	19912357	539	40	0.0000616864	0.000000011073
22	19912358	22357324	602	40	0.0000271243	0.000000010670
22	22357325	23712646	335	40	0.0000107069	0.000000006467
22	23712647	24984203	364	40	0.0000176274	0.000000006184
22	24984204	26791627	754	40	0.0000425218	0.000000012426
22	26791628	27834751	743	40	0.0000687078	0.000000012786
22	27834752	29651798	575	40	0.0000982768	0.000000013049
22	29651799	31439917	549	40	0.0000414385	0.000000009727
22	31439918	32664985	356	33	0.0000286708	0.000000006595
22	32664986	34494913	929	40	0.0000102100	0.000000011982
22	34494914	35530984	492	40	0.0000540068	0.000000008408
22	35530985	37570268	844	40	0.0000498365	0.000000012527
22	37570269	39307893	532	40	0.0002725290	0.000000014418
22	39307894	40545796	337	40	0.0000667103	0.000000007707
22	40545797	42690817	463	34	0.0001255385	0.000000008466
22	42690818	43714199	405	40	-0.0000134290	0.000000007720
22	43714200	44995307	713	40	-0.0000000905	0.000000011841
22	44995308	46470494	623	40	0.0001177899	0.000000013460
22	46470495	47596317	455	40	0.0000723806	0.000000010294
22	47596318	48903702	743	40	-0.0000006405	0.000000011833
22	48903703	49824533	616	40	0.0000346930	0.000000012319
22	49824534	51243297	398	40	0.0000044100	0.000000008035
