chr	start	end	num_snp	k	local_h2g	var
1	10583	1892606	102	20	-0.0000351505	0.000000003614
1	1892607	3582735	442	40	-0.0000422129	0.000000019090
1	3582736	4380810	277	40	0.0000110721	0.000000012290
1	4380811	5913892	877	40	0.0001103842	0.000000028143
1	5913893	7247334	439	40	0.0000929839	0.000000020159
1	7247335	9365198	703	40	0.0000555777	0.000000027033
1	9365199	10806983	355	40	-0.0000150588	0.000000012949
1	10806984	11777840	259	40	0.0001377332	0.000000013869
1	11777841	12779465	297	40	0.0000737513	0.000000014485
1	12779466	14891510	618	40	0.0001689906	0.000000029331
1	14891511	16897729	693	40	0.0000736755	0.000000027400
1	16897730	18662898	671	40	0.0001990698	0.000000029940
1	18662899	20469148	724	40	0.0001196942	0.000000028332
1	20469149	21736587	462	40	0.0002122153	0.000000022727
1	21736588	23086882	527	40	-0.0000065570	0.000000022892
1	23086883	23920589	223	28	0.0000688202	0.000000010420
1	23920590	25516844	527	40	0.0000735246	0.000000024251
1	25516845	27401866	423	40	-0.0000190533	0.000000014315
1	27401867	30161880	558	40	0.0000441034	0.000000021253
1	30161881	32438684	933	40	0.0000420531	0.000000026759
1	32438685	34799757	677	40	0.0000479967	0.000000026879
1	34799758	37549182	557	40	0.0003110060	0.000000028065
1	37549183	38731846	375	40	0.0000621279	0.000000015904
1	38731847	40200566	448	40	0.0000477933	0.000000018725
1	40200567	41975326	556	40	0.0000474142	0.000000021320
1	41975327	43758456	549	40	0.0001216314	0.000000021675
1	43758457	44969182	372	35	0.0001645691	0.000000016164
1	44969183	46899500	460	38	-0.0000163480	0.000000012613
1	46899501	48002575	299	33	0.0001952232	0.000000014411
1	48002576	48978187	345	40	0.0001150496	0.000000016456
1	48978188	49894176	248	28	-0.0000357511	0.000000009337
1	49894177	51713725	260	25	0.0000492041	0.000000008690
1	51713726	54226261	565	40	0.0000596823	0.000000023135
1	54226262	56413116	842	40	0.0000803463	0.000000027535
1	56413117	57021727	272	31	0.0001038973	0.000000011847
1	57021728	58865398	857	40	0.0001998218	0.000000029955
1	58865399	59890408	384	40	0.0001222531	0.000000016602
1	59890409	61922364	672	40	-0.0000108530	0.000000025687
1	61922365	63455088	546	40	0.0001173067	0.000000024144
1	63455089	65041703	655	40	0.0001625957	0.000000025427
1	65041704	66939403	655	40	0.0001944063	0.000000027170
1	66939404	68477894	693	40	0.0001486054	0.000000025248
1	68477895	69687615	389	40	0.0001381094	0.000000017802
1	69687616	71372469	524	40	0.0001713185	0.000000022472
1	71372470	71684404	84	10	0.0000437196	0.000000003472
1	71684405	74326906	561	40	0.0002009731	0.000000020940
1	74326907	76728134	735	40	0.0002213736	0.000000026512
1	76728135	79661197	957	40	0.0001700340	0.000000029352
1	79661198	81354190	478	40	0.0000238949	0.000000018190
1	81354191	83991747	977	40	0.0000583862	0.000000027090
1	83991748	84844494	317	36	0.0000599796	0.000000011732
1	84844495	86454750	656	40	0.0001347365	0.000000027219
1	86454751	88128630	576	40	0.0001648507	0.000000024793
1	88128631	90066302	526	40	0.0000856455	0.000000021104
1	90066303	91886316	566	40	0.0002007280	0.000000024475
1	91886317	93536458	516	40	0.0000572766	0.000000017931
1	93536459	94506190	257	27	0.0000534254	0.000000009186
1	94506191	96150892	653	40	0.0000280272	0.000000025320
1	96150893	97885248	610	40	0.0000412972	0.000000019686
1	97885249	99800603	645	40	0.0000784778	0.000000023045
1	99800604	100826404	339	37	0.0000304097	0.000000011496
1	100826405	102041015	453	40	0.0000446477	0.000000016949
1	102041016	102898744	281	37	0.0000325804	0.000000010511
1	102898745	103914210	202	21	0.0000056833	0.000000006532
1	103914211	106087841	462	40	0.0000152815	0.000000017030
1	106087842	108409664	728	40	0.0001275829	0.000000028492
1	108409665	110303930	576	40	0.0000033076	0.000000020324
1	110303931	111741736	573	40	0.0000929425	0.000000026425
1	111741737	113273305	723	40	0.0002213025	0.000000030391
1	113273306	114873844	514	40	0.0000339444	0.000000020475
1	114873845	115880592	347	37	0.0001659608	0.000000014954
1	115880593	118839066	844	40	0.0001953794	0.000000029865
1	118839067	144977493	579	40	-0.0000089801	0.000000019971
1	144977494	148361252	435	40	0.0000743200	0.000000017653
1	148361253	151538880	353	34	0.0001464267	0.000000014714
1	151538881	153180828	479	40	0.0001215070	0.000000017570
1	153180829	154770402	463	40	0.0001751525	0.000000020470
1	154770403	156336132	307	38	0.0001630799	0.000000015308
1	156336133	158027411	599	40	0.0000231788	0.000000023284
1	158027412	159913047	690	40	-0.0000062434	0.000000025781
1	159913048	162346720	899	40	0.0001413472	0.000000028771
1	162346721	165191701	1199	40	-0.0000318157	0.000000025263
1	165191702	166460516	532	40	0.0000831223	0.000000023766
1	166460517	169086323	1117	40	-0.0000222241	0.000000025457
1	169086324	170557775	573	40	0.0001358564	0.000000020558
1	170557776	173097906	915	40	0.0002404381	0.000000030778
1	173097907	175089767	416	32	0.0000370188	0.000000010960
1	175089768	177433380	789	40	0.0001427818	0.000000028800
1	177433381	178944308	507	40	0.0000572864	0.000000018917
1	178944309	178954469	2	1	0.0000015335	0.000000000132
1	178954470	181144120	755	40	0.0000245416	0.000000025984
1	181144121	182755355	602	40	0.0002138887	0.000000028455
1	182755356	184595512	633	40	0.0000555145	0.000000022267
1	184595513	186810022	524	40	-0.0000044262	0.000000017514
1	186810023	188759944	625	40	-0.0000457471	0.000000020322
1	188759945	189904129	222	18	0.0000271137	0.000000006708
1	189904130	191868929	546	40	0.0000622233	0.000000017149
1	191868930	194107441	592	40	0.0001315633	0.000000022658
1	194107442	196176200	591	40	0.0001509635	0.000000021332
1	196176201	197311513	200	16	0.0000203600	0.000000005959
1	197311514	199239883	518	40	0.0001334538	0.000000020978
1	199239884	200137648	306	36	0.0000207430	0.000000011558
1	200137649	201589974	710	40	-0.0000059349	0.000000025787
1	201589975	203334733	616	40	0.0000322022	0.000000025982
1	203334734	204681067	490	40	0.0000723632	0.000000020887
1	204681068	206073264	575	40	0.0001645197	0.000000026408
1	206073265	208410363	631	40	0.0000172915	0.000000026257
1	208410364	210787749	945	40	0.0000945433	0.000000027822
1	210787750	212842329	704	40	0.0000391215	0.000000026700
1	212842330	214578265	622	40	0.0001957142	0.000000029242
1	214578266	216243633	596	40	0.0000888996	0.000000024301
1	216243634	218705512	1092	40	0.0000671334	0.000000027267
1	218705513	219590570	288	35	0.0000268918	0.000000010910
1	219590571	221858230	698	40	0.0002060289	0.000000029818
1	221858231	222230219	178	21	0.0000755100	0.000000009067
1	222230220	224938519	507	40	0.0000697425	0.000000020366
1	224938520	226810859	521	40	0.0001447132	0.000000022194
1	226810860	229156247	708	40	0.0000621671	0.000000025854
1	229156248	230685254	544	40	0.0001365798	0.000000025214
1	230685255	232090251	596	40	0.0000365580	0.000000024288
1	232090252	233429283	609	40	0.0000927741	0.000000027787
1	233429284	234599433	542	40	0.0000019904	0.000000022698
1	234599434	235819435	389	40	0.0000856193	0.000000018296
1	235819436	237555627	730	40	0.0000219140	0.000000026351
1	237555628	238567806	438	40	0.0002468130	0.000000023427
1	238567807	239925313	499	40	0.0000911516	0.000000022727
1	239925314	240564090	346	40	0.0001160553	0.000000016580
1	240564091	241582219	522	40	-0.0000566144	0.000000023187
1	241582220	242071601	218	38	-0.0000732259	0.000000008221
1	242071602	244109498	625	40	0.0000284671	0.000000025959
1	244109499	245506745	523	40	0.0000805288	0.000000024393
1	245506746	247344517	716	40	0.0000975221	0.000000027883
1	247344518	249239465	404	40	0.0000177215	0.000000017079
2	10133	1781021	676	40	0.0000338260	0.000000026592
2	1781022	3973778	974	40	0.0002253697	0.000000030473
2	3973779	5708336	631	40	0.0000308953	0.000000026533
2	5708337	6836253	572	40	0.0001407959	0.000000024986
2	6836254	8422146	658	40	0.0001297800	0.000000028536
2	8422147	10298468	678	40	0.0000669325	0.000000027263
2	10298469	12419149	978	40	0.0000983649	0.000000027900
2	12419150	14335307	596	40	0.0001155444	0.000000025259
2	14335308	16329734	751	40	0.0001394076	0.000000028731
2	16329735	18647422	865	40	-0.0000301506	0.000000025296
2	18647423	19692403	387	40	0.0000880742	0.000000017516
2	19692404	21050489	645	40	0.0000258649	0.000000026064
2	21050490	23341382	634	40	0.0002285495	0.000000030537
2	23341383	24686917	442	40	0.0000576038	0.000000017989
2	24686918	26894984	562	40	0.0000778347	0.000000023136
2	26894985	28598776	432	34	0.0000779390	0.000000016379
2	28598777	29217558	249	33	0.0000547485	0.000000011112
2	29217559	30463710	639	40	0.0000988572	0.000000027910
2	30463711	31550449	535	40	0.0000091650	0.000000023786
2	31550450	33363776	498	40	0.0001035796	0.000000024964
2	33363777	35345027	814	40	0.0000879005	0.000000027688
2	35345028	36122005	299	31	0.0001079155	0.000000013988
2	36122006	38132711	929	40	0.0001383741	0.000000028710
2	38132712	39031336	327	38	0.0000795226	0.000000016980
2	39031337	40281482	306	32	0.0000746366	0.000000015174
2	40281483	43309589	1313	40	0.0001265073	0.000000028470
2	43309590	44313802	408	40	0.0001814376	0.000000021844
2	44313803	46482633	1075	40	0.0000526907	0.000000026975
2	46482634	47318771	419	40	0.0000075155	0.000000021139
2	47318772	48213000	304	40	0.0000103558	0.000000015117
2	48213001	50022256	719	40	0.0001265392	0.000000028471
2	50022257	50818927	345	34	0.0000615788	0.000000015789
2	50818928	52491132	654	40	0.0000660719	0.000000027246
2	52491133	53508451	469	40	0.0001305861	0.000000022221
2	53508452	54685225	433	40	0.0001155203	0.000000021083
2	54685226	56203344	618	40	0.0000099864	0.000000026109
2	56203345	57429099	430	40	0.0000320319	0.000000019447
2	57429100	58297314	276	29	0.0001502506	0.000000014740
2	58297315	60291999	744	40	0.0001710264	0.000000029372
2	60292000	62429043	592	40	0.0001023915	0.000000027981
2	62429044	64625912	588	40	0.0001476151	0.000000027375
2	64625913	65933443	464	40	0.0000039043	0.000000019815
2	65933444	67226165	553	40	0.0001252603	0.000000024305
2	67226166	68010175	428	40	0.0001550925	0.000000020064
2	68010176	69139563	474	40	-0.0000358268	0.000000017502
2	69139564	70755197	536	40	0.0001105238	0.000000022128
2	70755198	73174847	810	40	0.0000846373	0.000000027622
2	73174848	75630085	733	40	0.0000330416	0.000000026577
2	75630086	76913660	518	40	0.0000821511	0.000000023224
2	76913661	78079263	394	40	0.0000491073	0.000000019116
2	78079264	80050402	843	40	0.0000174082	0.000000026260
2	80050403	81620840	583	40	0.0000739411	0.000000027195
2	81620841	85140679	905	40	0.0000287946	0.000000023293
2	85140680	88038506	640	40	0.0000533624	0.000000023163
2	88038507	89154525	246	30	0.0000105953	0.000000009245
2	89154526	95326451	4	2	0.0000175275	0.000000000556
2	95326452	98995200	431	40	0.0000439357	0.000000016520
2	98995201	101822328	912	40	0.0000637834	0.000000027199
2	101822329	102688764	260	30	-0.0000589417	0.000000007944
2	102688765	103588214	407	36	0.0000213678	0.000000012086
2	103588215	105125033	311	40	0.0001385131	0.000000014606
2	105125034	106210057	408	40	0.0002597557	0.000000021661
2	106210058	107408266	454	40	0.0001484846	0.000000020034
2	107408267	108429176	357	40	0.0003078803	0.000000017717
2	108429177	110572431	532	40	0.0002576513	0.000000024375
2	110572432	113921855	810	40	0.0001710062	0.000000029372
2	113921856	116772469	761	40	0.0001228748	0.000000028396
2	116772470	118367465	407	39	0.0000007163	0.000000012958
2	118367466	121303782	997	40	0.0000559241	0.000000027040
2	121303783	123302905	580	40	0.0000377635	0.000000023632
2	123302906	124732249	433	40	0.0002290498	0.000000018294
2	124732250	125840920	386	40	0.0000673664	0.000000015803
2	125840921	127373763	415	38	0.0000285406	0.000000013107
2	127373764	128034346	262	40	0.0000937455	0.000000012311
2	128034347	129474440	438	40	0.0000813552	0.000000017380
2	129474441	130067169	224	26	-0.0000175035	0.000000007293
2	130067170	130658084	206	26	0.0001120155	0.000000010060
2	130658085	133042783	214	35	-0.0000364969	0.000000007987
2	133042784	135158577	919	40	0.0000151150	0.000000026213
2	135158578	137042793	444	40	0.0000192951	0.000000014263
2	137042794	138698116	598	40	0.0000388671	0.000000023340
2	138698117	140100270	442	40	0.0000583461	0.000000014174
2	140100271	141805350	578	40	0.0000610897	0.000000023320
2	141805351	142518601	299	33	0.0000901557	0.000000014300
2	142518602	144519483	658	40	0.0002183590	0.000000028703
2	144519484	146445569	443	40	0.0001477816	0.000000020228
2	146445570	147277161	154	15	-0.0000042494	0.000000005820
2	147277162	150210291	667	40	0.0000891740	0.000000024097
2	150210292	151731461	480	40	0.0001042554	0.000000020127
2	151731462	152486781	285	29	0.0001406994	0.000000012745
2	152486782	154005055	487	40	0.0000265333	0.000000018867
2	154005056	155391134	494	40	0.0000406249	0.000000020141
2	155391135	157560634	557	40	0.0003625170	0.000000027853
2	157560635	158533217	173	25	0.0001176722	0.000000010328
2	158533218	159577081	335	39	0.0000576314	0.000000014366
2	159577082	161769732	726	40	0.0002035377	0.000000029138
2	161769733	163503550	399	37	0.0003153178	0.000000018590
2	163503551	164466637	197	24	0.0000778010	0.000000009113
2	164466638	165178839	177	21	0.0001690576	0.000000010339
2	165178840	167160269	641	40	0.0000098556	0.000000022910
2	167160270	167355969	74	10	0.0000295141	0.000000003389
2	167355970	169968235	846	40	0.0001464940	0.000000028875
2	169968236	171226244	494	40	0.0000285798	0.000000019273
2	171226245	173138904	578	40	0.0001541695	0.000000027036
2	173138905	175588928	849	40	-0.0000170631	0.000000025561
2	175588929	177363635	536	40	0.0000943671	0.000000021697
2	177363636	178553182	471	40	0.0000422091	0.000000016952
2	178553183	181312738	1012	40	-0.0000804993	0.000000024276
2	181312739	182266030	303	32	-0.0000138943	0.000000010292
2	182266031	184357607	617	40	0.0000751591	0.000000024912
2	184357608	185280172	234	25	0.0000222883	0.000000008968
2	185280173	189882064	965	40	0.0003154919	0.000000032299
2	189882065	191973356	501	40	0.0001529438	0.000000021008
2	191973357	195861163	721	40	0.0002231848	0.000000030429
2	195861164	196447455	154	20	0.0003131603	0.000000012068
2	196447456	198078109	453	40	0.0001315034	0.000000016892
2	198078110	199311124	308	26	0.0001028069	0.000000011106
2	199311125	201576283	632	40	0.0000668809	0.000000024221
2	201576284	202818636	319	39	0.0000952249	0.000000014041
2	202818637	205799240	763	40	0.0002154058	0.000000030271
2	205799241	206735703	404	40	0.0000536504	0.000000019468
2	206735704	208645398	659	40	0.0001177019	0.000000028292
2	208645399	209941528	339	40	0.0001459395	0.000000016150
2	209941529	212379517	745	40	0.0000398980	0.000000026715
2	212379518	214014281	630	40	0.0000602019	0.000000027127
2	214014282	215573794	448	40	0.0000109877	0.000000017981
2	215573795	217715660	806	40	0.0000254753	0.000000026423
2	217715661	218395479	276	36	0.0000134972	0.000000011978
2	218395480	220454550	602	40	0.0000849236	0.000000023123
2	220454551	222521175	860	40	0.0000923476	0.000000027778
2	222521176	224859418	788	40	0.0000256818	0.000000026427
2	224859419	225840003	353	36	0.0000429982	0.000000012419
2	225840004	228119841	742	40	0.0002040285	0.000000028990
2	228119842	229370786	459	40	0.0002306572	0.000000020865
2	229370787	231843388	938	40	0.0001193279	0.000000028325
2	231843389	233550002	472	40	0.0000521229	0.000000019177
2	233550003	235150986	805	40	0.0002744906	0.000000031468
2	235150987	236043549	426	40	-0.0000107759	0.000000019674
2	236043550	237449031	469	40	0.0000490427	0.000000020467
2	237449032	238760980	536	40	0.0000495650	0.000000022878
2	238760981	239952642	422	40	0.0001053806	0.000000019474
2	239952643	241560083	657	40	0.0001681429	0.000000029314
2	241560084	242149920	215	30	0.0000241614	0.000000008954
2	242149921	243188919	131	16	0.0000373030	0.000000005841
3	60157	1441778	623	40	0.0000460520	0.000000026840
3	1441779	2992119	904	40	0.0000826449	0.000000027581
3	2992120	4431646	776	40	-0.0000199043	0.000000025504
3	4431647	6083182	776	40	0.0000144668	0.000000026200
3	6083183	7083386	432	40	-0.0000463098	0.000000018747
3	7083387	8648560	867	40	0.0002150811	0.000000030265
3	8648561	9543182	498	40	0.0000581714	0.000000023418
3	9543183	11019664	594	40	0.0000322708	0.000000026561
3	11019665	13070798	750	40	0.0000706648	0.000000027339
3	13070799	14816899	804	40	-0.0000180347	0.000000025542
3	14816900	16282441	538	40	0.0000961470	0.000000022150
3	16282442	17891117	507	40	0.0002042935	0.000000023504
3	17891118	19125143	347	40	0.0001121914	0.000000015985
3	19125144	20091347	198	25	-0.0000106115	0.000000008560
3	20091348	21643706	648	40	0.0001086633	0.000000028109
3	21643707	22204243	387	40	0.0001297254	0.000000019240
3	22204244	23804864	539	40	0.0000473592	0.000000023565
3	23804865	25461557	747	40	0.0001950804	0.000000029859
3	25461558	26877768	476	40	0.0000601402	0.000000019495
3	26877769	27840909	275	31	0.0000082342	0.000000011511
3	27840910	29142259	456	40	-0.0000354332	0.000000018758
3	29142260	30717954	690	40	0.0000349566	0.000000026615
3	30717955	32351714	660	40	0.0001236580	0.000000028412
3	32351715	33255591	283	40	0.0000593650	0.000000014194
3	33255592	35283457	593	40	0.0002526078	0.000000026569
3	35283458	36486841	414	40	0.0001958999	0.000000020370
3	36486842	38356115	599	40	0.0000847843	0.000000023956
3	38356116	40221297	672	40	0.0000409792	0.000000024220
3	40221298	41064527	153	16	-0.0000303627	0.000000005191
3	41064528	42540001	463	40	-0.0000181123	0.000000017185
3	42540002	45165152	715	40	0.0001508084	0.000000028017
3	45165153	46657499	523	40	0.0000314557	0.000000019331
3	46657500	47727211	178	17	0.0000649006	0.000000007471
3	47727212	49316971	256	15	0.0001251506	0.000000008174
3	49316972	51832014	450	25	0.0003087130	0.000000015107
3	51832015	54081389	643	40	0.0001266634	0.000000025013
3	54081390	55348859	667	40	0.0001854596	0.000000029664
3	55348860	56433906	373	40	0.0000608645	0.000000016759
3	56433907	58157518	545	40	0.0001154586	0.000000021915
3	58157519	60272905	979	40	0.0000902248	0.000000027735
3	60272906	62355665	988	40	0.0000889425	0.000000027709
3	62355666	63669285	673	40	0.0001123385	0.000000028183
3	63669286	65273537	766	40	0.0000845897	0.000000027621
3	65273538	66270446	343	40	0.0001604657	0.000000019654
3	66270447	68286913	643	40	0.0001149244	0.000000028235
3	68286914	69276761	370	40	0.0001942803	0.000000020441
3	69276762	70449027	390	40	0.0001874728	0.000000021082
3	70449028	72529328	793	40	0.0001811608	0.000000029577
3	72529329	74321816	720	40	0.0002044705	0.000000030050
3	74321817	75704948	279	31	0.0000122456	0.000000011026
3	75704949	77508834	488	40	0.0001580941	0.000000022830
3	77508835	79024540	409	40	0.0000867747	0.000000018112
3	79024541	81427309	499	40	0.0001059454	0.000000016841
3	81427310	82643885	296	27	0.0001278535	0.000000012125
3	82643886	84367478	324	32	-0.0000053255	0.000000011237
3	84367479	85582230	261	23	0.0000487208	0.000000009604
3	85582231	87409731	459	40	0.0000977101	0.000000017400
3	87409732	88298372	195	19	0.0000996799	0.000000008070
3	88298373	94255315	465	40	0.0000076061	0.000000016460
3	94255316	95311970	218	18	0.0000321547	0.000000007271
3	95311971	98215949	581	40	0.0000427981	0.000000019300
3	98215950	99373761	336	39	0.0000535729	0.000000012324
3	99373762	100592216	335	29	0.0000542415	0.000000011308
3	100592217	103084959	671	40	-0.0000036133	0.000000022271
3	103084960	104581612	428	40	0.0000887343	0.000000016545
3	104581613	106982810	722	40	0.0000778091	0.000000027483
3	106982811	109522394	775	40	0.0000650215	0.000000027224
3	109522395	110513769	255	25	0.0001260409	0.000000009984
3	110513770	112815698	709	40	0.0000584141	0.000000025831
3	112815699	113947862	382	40	0.0001271945	0.000000016133
3	113947863	115447079	412	40	0.0001624754	0.000000021149
3	115447080	116800152	525	40	0.0001435449	0.000000023005
3	116800153	118530250	578	40	0.0001899658	0.000000027499
3	118530251	120523054	673	40	0.0000117663	0.000000021799
3	120523055	121974096	397	37	0.0000909861	0.000000012307
3	121974097	123517767	535	40	0.0001643535	0.000000022800
3	123517768	124936641	629	40	0.0000853440	0.000000025328
3	124936642	126214942	396	40	0.0002057880	0.000000018393
3	126214943	128194860	678	40	0.0000468113	0.000000025806
3	128194861	130244734	438	40	0.0001442633	0.000000018393
3	130244735	131836515	552	40	0.0001066802	0.000000020644
3	131836516	133252172	522	40	0.0000124638	0.000000018219
3	133252173	135456905	873	40	0.0000223198	0.000000026359
3	135456906	137371082	447	39	0.0001754901	0.000000017781
3	137371083	139954596	853	40	0.0001007069	0.000000027947
3	139954597	141339096	480	40	0.0000649539	0.000000020737
3	141339097	143164627	633	40	0.0000634526	0.000000026090
3	143164628	144410815	392	40	0.0000175827	0.000000015159
3	144410816	145664618	359	40	-0.0000256987	0.000000011238
3	145664619	146726628	344	40	0.0001200302	0.000000014955
3	146726629	149043236	691	40	0.0001712508	0.000000029377
3	149043237	150252003	432	40	0.0000745735	0.000000019735
3	150252004	151348729	367	40	0.0000355480	0.000000015729
3	151348730	153256570	571	40	0.0000272846	0.000000022218
3	153256571	154714217	410	40	0.0000796037	0.000000014345
3	154714218	156008699	333	40	0.0001856257	0.000000017003
3	156008700	157312027	455	40	0.0001903350	0.000000019168
3	157312028	159477889	652	40	0.0000981620	0.000000021982
3	159477890	161524503	575	40	0.0001724027	0.000000020674
3	161524504	163253204	487	40	0.0000041539	0.000000015457
3	163253205	165055468	444	37	0.0000204366	0.000000012273
3	165055469	167117428	458	40	0.0002258731	0.000000019731
3	167117429	168580959	368	40	0.0001027619	0.000000014606
3	168580960	170964908	734	40	0.0001583880	0.000000029116
3	170964909	172295730	514	40	0.0001226487	0.000000024357
3	172295731	173477284	390	40	0.0001446951	0.000000019698
3	173477285	175116538	607	40	-0.0000457183	0.000000024981
3	175116539	176320286	345	40	0.0001682634	0.000000016084
3	176320287	178107164	543	40	0.0001352699	0.000000024508
3	178107165	179374585	389	40	0.0000408851	0.000000015061
3	179374586	181511165	468	40	0.0000657756	0.000000019141
3	181511166	183769682	669	40	0.0000971824	0.000000026511
3	183769683	185068254	420	40	0.0001161066	0.000000020419
3	185068255	186890343	675	40	0.0000750552	0.000000027428
3	186890344	188856213	810	40	0.0002369190	0.000000030707
3	188856214	190226606	628	40	-0.0000030983	0.000000025844
3	190226607	192343813	756	40	0.0001339074	0.000000028620
3	192343814	194059670	520	40	0.0000715388	0.000000023950
3	194059671	194786673	272	40	0.0001619880	0.000000015493
3	194786674	195971407	230	37	0.0000280817	0.000000010780
3	195971408	197075986	293	40	0.0000771328	0.000000013727
3	197075987	197946621	187	29	-0.0000024857	0.000000007904
4	10240	694714	106	13	0.0000194301	0.000000005021
4	694715	1478710	225	26	0.0000911079	0.000000010818
4	1478711	2842978	272	40	0.0001759507	0.000000015310
4	2842979	3846039	258	36	0.0000730563	0.000000013129
4	3846040	4684115	228	37	0.0001631848	0.000000013713
4	4684116	5502387	395	40	0.0000662678	0.000000019827
4	5502388	6773042	702	40	-0.0000200195	0.000000025502
4	6773043	7539691	414	40	0.0000541016	0.000000021195
4	7539692	8152234	358	40	-0.0000042983	0.000000017205
4	8152235	9326478	252	40	0.0000921199	0.000000013257
4	9326479	10699151	518	38	0.0001758885	0.000000021004
4	10699152	12323033	650	40	0.0000868214	0.000000027666
4	12323034	14272000	717	40	0.0000072767	0.000000026055
4	14272001	15147445	383	40	0.0000286605	0.000000016678
4	15147446	15927008	253	33	0.0000670122	0.000000012029
4	15927009	17383321	666	40	0.0000286778	0.000000026488
4	17383322	18841873	423	40	0.0000591445	0.000000017346
4	18841874	20544556	473	40	0.0001670605	0.000000019527
4	20544557	22319346	671	40	0.0000280862	0.000000026476
4	22319347	24135528	608	40	0.0000359740	0.000000024486
4	24135529	25609321	609	40	0.0000199955	0.000000026312
4	25609322	27343721	571	40	0.0000363980	0.000000025962
4	27343722	27965867	201	29	0.0000711869	0.000000010006
4	27965868	29762207	539	40	0.0000737205	0.000000021592
4	29762208	30454534	162	24	-0.0000277838	0.000000005601
4	30454535	31782980	401	40	0.0001241783	0.000000018920
4	31782981	33172765	318	37	0.0000558133	0.000000013864
4	33172766	35151414	366	32	0.0001615430	0.000000013989
4	35151415	36020435	275	34	0.0000453214	0.000000010151
4	36020436	37255046	437	40	0.0000464035	0.000000015949
4	37255047	38907021	791	40	0.0000429955	0.000000026778
4	38907022	40202608	402	40	0.0001414582	0.000000017404
4	40202609	42213057	719	40	0.0000688870	0.000000027303
4	42213058	43965044	540	40	0.0000966473	0.000000021535
4	43965045	45189156	346	40	0.0000333972	0.000000011865
4	45189157	47411895	463	40	0.0000978798	0.000000017818
4	47411896	48123599	226	26	0.0001313597	0.000000009989
4	48123600	53877432	486	39	-0.0000179430	0.000000015528
4	53877433	55429555	539	40	0.0001457849	0.000000023259
4	55429556	56547643	379	40	0.0001267867	0.000000017366
4	56547644	58935007	863	40	0.0000282788	0.000000026480
4	58935008	60741086	459	40	0.0000746786	0.000000017556
4	60741087	62371762	432	40	0.0000840616	0.000000017798
4	62371763	64341000	436	40	0.0001509088	0.000000020187
4	64341001	66600491	512	40	0.0001375871	0.000000019918
4	66600492	68059496	390	40	0.0001527164	0.000000016752
4	68059497	68854764	247	31	0.0000784225	0.000000009793
4	68854765	71049151	448	40	0.0001676734	0.000000015711
4	71049152	72140557	223	27	0.0000460149	0.000000008523
4	72140558	74592389	497	40	0.0000208125	0.000000017453
4	74592390	77130706	737	40	0.0000003148	0.000000024287
4	77130707	79093978	738	40	0.0000166481	0.000000026244
4	79093979	80990296	569	40	0.0001455425	0.000000020702
4	80990297	82125314	248	30	0.0000164784	0.000000009723
4	82125315	83372592	366	40	0.0000261853	0.000000014557
4	83372593	84799655	489	40	0.0000062467	0.000000018041
4	84799656	86930608	597	40	0.0001209448	0.000000022600
4	86930609	87534647	140	18	0.0000311498	0.000000005614
4	87534648	89238027	580	40	0.0001301154	0.000000023985
4	89238028	90231563	325	40	0.0000583171	0.000000014070
4	90231564	91560676	339	40	0.0002296834	0.000000016705
4	91560677	94233298	576	40	0.0001522232	0.000000026054
4	94233299	96182187	614	40	0.0000692865	0.000000026208
4	96182188	97540702	500	40	0.0001230134	0.000000022433
4	97540703	99424066	410	36	0.0000690860	0.000000013204
4	99424067	100678359	416	40	0.0001136998	0.000000016739
4	100678360	103221355	806	40	0.0000292799	0.000000026500
4	103221356	105305293	498	40	0.0002417215	0.000000021452
4	105305294	107501304	590	40	0.0002031585	0.000000023689
4	107501305	108815347	366	40	-0.0000441403	0.000000011742
4	108815348	111256566	778	40	0.0001556681	0.000000029061
4	111256567	113870101	731	40	0.0000587584	0.000000027098
4	113870102	115666245	617	40	0.0001003783	0.000000027206
4	115666246	117276928	340	36	0.0000245168	0.000000011325
4	117276929	118479917	344	39	0.0000084867	0.000000012599
4	118479918	119933511	425	40	0.0000143407	0.000000014214
4	119933512	120392683	149	16	0.0000193447	0.000000005274
4	120392684	122657986	710	40	0.0000080998	0.000000026071
4	122657987	124286480	386	37	0.0000925951	0.000000014143
4	124286481	125210861	266	36	-0.0000263884	0.000000009629
4	125210862	126480885	393	40	0.0001207527	0.000000017866
4	126480886	127275476	219	31	0.0001961379	0.000000012835
4	127275477	127830292	166	23	0.0000193796	0.000000007166
4	127830293	128996664	196	15	0.0000204417	0.000000007598
4	128996665	130591884	453	40	0.0001275210	0.000000019039
4	130591885	131283820	186	23	-0.0000515350	0.000000006453
4	131283821	132954032	357	40	0.0000212998	0.000000014820
4	132954033	134628433	376	40	0.0002350386	0.000000018001
4	134628434	136566406	436	40	0.0000963824	0.000000016855
4	136566407	138541970	523	40	0.0000495989	0.000000021625
4	138541971	139556510	361	40	0.0001251457	0.000000017178
4	139556511	141084630	506	40	0.0000411356	0.000000022446
4	141084631	143443264	720	40	0.0000100217	0.000000026110
4	143443265	146178186	511	40	0.0001549838	0.000000019024
4	146178187	148521872	627	40	0.0000087796	0.000000023359
4	148521873	150683579	531	40	0.0000499093	0.000000020485
4	150683580	152782183	519	40	0.0001726821	0.000000018449
4	152782184	154477640	506	40	0.0000312210	0.000000022506
4	154477641	155056125	206	28	0.0000311380	0.000000008992
4	155056126	157485096	806	40	0.0000078244	0.000000026066
4	157485097	158743717	322	40	0.0000267498	0.000000013122
4	158743718	161058863	524	40	0.0000577358	0.000000018875
4	161058864	161826434	269	34	0.0000302846	0.000000011957
4	161826435	163243678	441	40	0.0001098516	0.000000019097
4	163243679	164478233	329	40	0.0002007895	0.000000016896
4	164478234	165823447	422	40	-0.0000008457	0.000000018158
4	165823448	167018857	361	40	0.0000167423	0.000000016074
4	167018858	167852916	188	26	0.0000709318	0.000000008514
4	167852917	169676824	581	40	0.0000757088	0.000000025185
4	169676825	170776509	319	38	0.0000000301	0.000000012222
4	170776510	172558634	418	40	-0.0000294724	0.000000015295
4	172558635	174264131	394	40	0.0001348215	0.000000017425
4	174264132	176570715	631	40	0.0000242133	0.000000026398
4	176570716	178991909	829	40	0.0001231804	0.000000028403
4	178991910	180122042	324	40	0.0000833058	0.000000015556
4	180122043	182066806	812	40	-0.0000710886	0.000000024467
4	182066807	183371274	711	40	0.0001708646	0.000000029369
4	183371275	184929454	587	40	0.0001580663	0.000000029109
4	184929455	186909089	873	40	0.0000432496	0.000000026783
4	186909090	188472980	585	40	0.0000669330	0.000000027263
4	188472981	189693510	345	40	-0.0000341483	0.000000014838
4	189693511	191043593	279	40	0.0001255883	0.000000014448
5	11940	982251	230	26	-0.0000431264	0.000000008109
5	982252	2132441	464	40	-0.0000273460	0.000000021582
5	2132442	3361940	785	40	0.0000521147	0.000000026963
5	3361941	4632109	536	40	0.0000040131	0.000000021329
5	4632110	5973232	691	40	0.0001765274	0.000000029483
5	5973233	7143217	578	40	0.0000301502	0.000000023739
5	7143218	8446335	591	40	0.0001714507	0.000000025972
5	8446336	9718831	609	40	-0.0000044265	0.000000023144
5	9718832	11173270	740	40	0.0000359186	0.000000026635
5	11173271	13464831	569	40	0.0000447735	0.000000022519
5	13464832	14757803	589	40	0.0001880744	0.000000026466
5	14757804	16963612	751	40	-0.0000113473	0.000000025677
5	16963613	18051591	265	40	-0.0000361810	0.000000010923
5	18051592	19917715	551	40	0.0001395614	0.000000021830
5	19917716	22152072	445	40	0.0001445455	0.000000018295
5	22152073	23494323	407	40	0.0001622886	0.000000017566
5	23494324	26184850	653	40	0.0001868980	0.000000028591
5	26184851	26857603	151	22	0.0000646325	0.000000007158
5	26857604	27984512	220	32	0.0001391078	0.000000011582
5	27984513	29714819	400	40	0.0000581026	0.000000014840
5	29714820	31390248	576	40	0.0001345118	0.000000023813
5	31390249	33500179	814	40	-0.0000167394	0.000000025568
5	33500180	35048969	546	40	0.0000084679	0.000000022568
5	35048970	36433953	478	40	0.0000009174	0.000000016947
5	36433954	38802409	764	40	0.0000437019	0.000000026792
5	38802410	40287728	537	40	0.0001296952	0.000000020070
5	40287729	41888709	543	40	0.0000635834	0.000000016814
5	41888710	43983498	410	31	0.0001561122	0.000000015942
5	43983499	50163397	419	31	0.0000050289	0.000000012065
5	50163398	52134621	562	40	0.0001857551	0.000000024120
5	52134622	53703043	599	40	0.0001535034	0.000000026237
5	53703044	55417348	597	40	0.0001210744	0.000000023333
5	55417349	56621101	501	40	0.0000119529	0.000000019405
5	56621102	57340072	268	36	0.0000466724	0.000000010692
5	57340073	58524621	533	40	0.0000484904	0.000000020717
5	58524622	60935906	683	40	0.0000519798	0.000000024705
5	60935907	61672994	267	27	0.0001190894	0.000000012000
5	61672995	63218986	484	40	0.0001420365	0.000000018503
5	63218987	63968303	179	20	-0.0000045066	0.000000006429
5	63968304	65911285	617	40	0.0000377739	0.000000022012
5	65911286	67850859	774	40	-0.0000789953	0.000000024307
5	67850860	71240455	452	40	0.0001453632	0.000000019244
5	71240456	73759325	957	40	0.0001390715	0.000000028725
5	73759326	75798865	688	40	0.0001487719	0.000000028396
5	75798866	77623331	713	40	0.0000847155	0.000000027623
5	77623332	79393143	653	40	0.0002437915	0.000000030846
5	79393144	80481470	442	40	0.0001163669	0.000000020476
5	80481471	82025647	499	40	0.0000310796	0.000000021459
5	82025648	83972688	528	40	-0.0000575303	0.000000022069
5	83972689	85767289	496	40	0.0000881925	0.000000020114
5	85767290	87389990	275	32	0.0000031344	0.000000011151
5	87389991	88891529	303	32	0.0002398724	0.000000015364
5	88891530	90422653	423	40	0.0001498491	0.000000018143
5	90422654	91840541	268	32	0.0000081826	0.000000010635
5	91840542	93809983	409	40	0.0001578938	0.000000017270
5	93809984	95963518	686	40	0.0001788034	0.000000029530
5	95963519	97315600	413	40	0.0000572388	0.000000014823
5	97315601	99260991	481	40	0.0002188434	0.000000021301
5	99260992	101578768	513	40	0.0000274222	0.000000018054
5	101578769	103320004	480	40	0.0000809425	0.000000017994
5	103320005	104851482	415	40	0.0000869364	0.000000017804
5	104851483	105893054	169	22	0.0000679498	0.000000009171
5	105893055	107264195	552	40	0.0001192749	0.000000027483
5	107264196	108633933	385	40	0.0000640143	0.000000017030
5	108633934	110821143	627	40	0.0001533414	0.000000026705
5	110821144	111981561	423	40	0.0000291763	0.000000018817
5	111981562	113396284	543	40	0.0001338502	0.000000024270
5	113396285	114830369	513	40	0.0001304570	0.000000022323
5	114830370	115831046	426	40	0.0000700805	0.000000018657
5	115831047	117346212	548	40	0.0000876528	0.000000026213
5	117346213	118608819	370	40	0.0000791304	0.000000017594
5	118608820	119669041	330	38	0.0000898661	0.000000015430
5	119669042	120452165	230	24	0.0000215959	0.000000010083
5	120452166	122556904	665	40	0.0000556399	0.000000027034
5	122556905	123798099	438	40	0.0000768716	0.000000019365
5	123798100	125785648	836	40	0.0000456471	0.000000026832
5	125785649	127344603	427	40	0.0001214954	0.000000018451
5	127344604	129519024	657	40	0.0000410309	0.000000022496
5	129519025	132139648	607	40	0.0001368709	0.000000019851
5	132139649	134777400	895	40	-0.0000153656	0.000000025596
5	134777401	136376049	585	40	0.0001054236	0.000000022286
5	136376050	139265071	688	40	0.0001073563	0.000000024256
5	139265072	140645970	351	31	0.0000739737	0.000000012221
5	140645971	142981247	913	40	-0.0000135184	0.000000025633
5	142981248	144943353	625	40	0.0002321663	0.000000026574
5	144943354	147181997	732	40	0.0000652198	0.000000027228
5	147181998	148662623	550	40	0.0000613467	0.000000021967
5	148662624	150561297	843	40	-0.0000076698	0.000000025752
5	150561298	152867773	843	40	0.0001382283	0.000000028655
5	152867774	153773087	425	40	0.0001696499	0.000000017301
5	153773088	155373504	564	40	0.0001111769	0.000000023968
5	155373505	156628699	381	40	0.0000346652	0.000000014780
5	156628700	158825697	868	40	-0.0000183066	0.000000025536
5	158825698	159973943	415	40	0.0001406757	0.000000020448
5	159973944	161482132	513	40	0.0001753480	0.000000021357
5	161482133	162743907	355	40	0.0001573695	0.000000017208
5	162743908	163771581	379	40	0.0000854987	0.000000017101
5	163771582	165642394	541	40	0.0003384370	0.000000030873
5	165642395	166847739	415	40	0.0001006067	0.000000021875
5	166847740	168525317	764	40	0.0000470117	0.000000026860
5	168525318	169505663	476	40	0.0001487822	0.000000023528
5	169505664	171074291	651	40	0.0000586988	0.000000027096
5	171074292	172678326	670	40	0.0000885275	0.000000027701
5	172678327	173642870	486	40	0.0001299080	0.000000022781
5	173642871	175450594	805	40	0.0000209556	0.000000026332
5	175450595	177251506	343	40	0.0001517054	0.000000016266
5	177251507	178413463	434	40	-0.0000515643	0.000000018536
5	178413464	179401243	356	40	0.0000599548	0.000000017155
5	179401244	180559932	330	40	0.0000714555	0.000000015265
5	180559933	180885155	42	9	-0.0000037714	0.000000001803
6	73924	1452361	679	40	-0.0000149899	0.000000025603
6	1452362	2458935	438	40	0.0000052573	0.000000018645
6	2458936	3573592	581	40	-0.0000207907	0.000000024384
6	3573593	4617816	516	40	0.0002262975	0.000000025671
6	4617817	5791471	589	40	0.0000878214	0.000000026951
6	5791472	6785206	594	40	0.0000422274	0.000000026763
6	6785207	7808935	513	40	-0.0000140658	0.000000021903
6	7808936	9020025	501	40	0.0001001643	0.000000020617
6	9020026	10540316	605	40	-0.0000014875	0.000000024985
6	10540317	11790815	548	40	0.0002178840	0.000000027069
6	11790816	13209387	598	40	0.0001698089	0.000000027143
6	13209388	14802923	682	40	0.0000206618	0.000000026326
6	14802924	17386404	1000	40	-0.0000236228	0.000000025429
6	17386405	19207486	641	40	0.0001931851	0.000000025262
6	19207487	21684064	1035	40	0.0001195465	0.000000028329
6	21684065	22748306	518	40	-0.0000500192	0.000000021384
6	22748307	23936618	498	40	0.0001762017	0.000000025807
6	23936619	24852274	401	40	0.0001994849	0.000000022365
6	24852275	25684586	461	40	0.0001047537	0.000000020241
6	25684587	26791232	512	37	0.0001236425	0.000000016113
6	26791233	28017818	277	19	0.0002167439	0.000000012378
6	28017819	28917607	190	14	0.0000706671	0.000000005544
6	28917608	29737970	28	4	0.0000174603	0.000000001062
6	29737971	30798167	1	0	-0.0000000000	0.000000000051
6	30798168	31571217	112	18	0.0001355415	0.000000007260
6	31571218	32682663	101	12	0.0001263157	0.000000006206
6	32682664	33236496	179	26	0.0002243490	0.000000011301
6	33236497	35455755	707	40	0.0002544342	0.000000030957
6	35455756	37572595	822	40	0.0000759782	0.000000027446
6	37572596	39295676	765	40	0.0001255069	0.000000028450
6	39295677	40345114	403	40	0.0000456975	0.000000016815
6	40345115	42038720	720	40	0.0000905182	0.000000027741
6	42038721	43756168	456	40	0.0000334577	0.000000018695
6	43756169	45406562	581	40	0.0001201752	0.000000026557
6	45406563	47311897	763	40	0.0002600915	0.000000031176
6	47311898	48391124	357	38	0.0000219739	0.000000011892
6	48391125	50386144	508	40	0.0000319301	0.000000014932
6	50386145	52210475	630	40	0.0000562385	0.000000022699
6	52210476	53279101	431	40	0.0000909866	0.000000017938
6	53279102	55468269	865	40	0.0000553971	0.000000026977
6	55468270	56105312	211	20	0.0000541030	0.000000007253
6	56105313	57599464	348	37	0.0000714967	0.000000013459
6	57599465	61880511	120	9	-0.0000123930	0.000000002850
6	61880512	63552887	342	22	0.0000789727	0.000000010985
6	63552888	65765741	449	40	0.0001340278	0.000000017461
6	65765742	67329214	489	40	-0.0000069162	0.000000017411
6	67329215	68849482	471	40	-0.0000228778	0.000000015273
6	68849483	69523447	223	27	0.0000384073	0.000000008729
6	69523448	71609509	754	40	0.0001695193	0.000000028134
6	71609510	73450096	636	40	0.0000718482	0.000000024374
6	73450097	75462002	582	40	0.0002344842	0.000000024793
6	75462003	77414880	455	40	0.0000266576	0.000000015135
6	77414881	78957727	491	40	0.0000409656	0.000000014546
6	78957728	80691169	586	40	0.0001238511	0.000000023493
6	80691170	81929221	373	28	-0.0000374497	0.000000009560
6	81929222	83127148	352	40	0.0000880644	0.000000014774
6	83127149	85209988	558	40	0.0000540467	0.000000019944
6	85209989	87069499	601	40	-0.0000032446	0.000000017693
6	87069500	88822139	546	40	0.0000135099	0.000000018136
6	88822140	89973051	432	40	0.0000822916	0.000000018852
6	89973052	91843195	738	40	0.0000384357	0.000000026686
6	91843196	93428643	471	40	0.0000957871	0.000000020112
6	93428644	94118141	284	40	0.0000429714	0.000000011132
6	94118142	94441174	84	8	0.0000182252	0.000000002907
6	94441175	97093510	628	40	0.0000508997	0.000000022905
6	97093511	97842283	232	27	0.0001424100	0.000000010827
6	97842284	100630145	797	40	0.0001588110	0.000000029125
6	100630146	102636771	496	40	0.0000783227	0.000000020071
6	102636772	103983394	339	33	0.0000275192	0.000000011952
6	103983395	106056732	670	40	0.0000471756	0.000000025027
6	106056733	107450305	627	40	0.0000608376	0.000000027140
6	107450306	108464379	352	40	0.0001207939	0.000000016779
6	108464380	110304246	535	40	0.0000743569	0.000000019367
6	110304247	112345013	616	40	0.0000506604	0.000000023632
6	112345014	114220832	631	40	0.0001238108	0.000000024433
6	114220833	116131395	476	40	0.0000918441	0.000000016401
6	116131396	117672971	471	40	0.0001620258	0.000000019114
6	117672972	118963114	377	39	0.0001850991	0.000000016734
6	118963115	119963277	323	36	0.0001327376	0.000000014335
6	119963278	120512127	165	19	0.0001457504	0.000000008539
6	120512128	121905675	379	36	0.0000995717	0.000000013459
6	121905676	123856180	606	40	0.0001714850	0.000000022788
6	123856181	125424382	603	40	0.0000725552	0.000000027377
6	125424383	127540460	467	40	0.0001819050	0.000000020398
6	127540461	129861030	614	40	0.0000158174	0.000000022926
6	129861031	130935453	497	40	0.0000735589	0.000000021432
6	130935454	132765668	602	40	0.0001912877	0.000000026688
6	132765669	134244242	591	40	0.0000382389	0.000000023119
6	134244243	136224176	588	40	0.0000457211	0.000000026308
6	136224177	137614217	340	40	0.0000560704	0.000000015678
6	137614218	138822628	480	40	0.0001331614	0.000000022169
6	138822629	139845435	384	40	-0.0000035144	0.000000016390
6	139845436	142288478	536	40	0.0000755482	0.000000020535
6	142288479	145319809	1038	40	0.0001459285	0.000000028864
6	145319810	146665423	316	26	0.0001014855	0.000000010823
6	146665424	148920351	921	40	0.0000352165	0.000000026621
6	148920352	150253403	519	40	0.0000805324	0.000000020480
6	150253404	151912702	888	40	0.0000685272	0.000000027295
6	151912703	153094495	563	40	0.0000434130	0.000000022596
6	153094496	154974119	803	40	0.0001424465	0.000000028793
6	154974120	156763325	734	40	0.0000120008	0.000000026150
6	156763326	158218718	377	40	0.0001133808	0.000000018442
6	158218719	160580496	1040	40	0.0000263649	0.000000026441
6	160580497	162169563	774	40	0.0000332437	0.000000026581
6	162169564	162931202	372	40	0.0000169734	0.000000016960
6	162931203	164383520	675	40	-0.0000139236	0.000000025625
6	164383521	165586863	542	40	0.0000279719	0.000000021292
6	165586864	167024732	809	40	0.0000613718	0.000000027150
6	167024733	168042834	422	40	0.0000666532	0.000000018587
6	168042835	169382049	584	40	0.0000054396	0.000000023239
6	169382050	170330172	399	40	-0.0000070288	0.000000014403
6	170330173	171051269	234	30	0.0000309604	0.000000010118
7	16161	972751	96	16	0.0000476490	0.000000005437
7	972752	1353066	100	16	0.0000203946	0.000000004989
7	1353067	2062397	142	22	0.0000733000	0.000000008152
7	2062398	2772226	216	35	0.0001150014	0.000000012329
7	2772227	4573427	851	40	0.0001960140	0.000000029878
7	4573428	5416231	206	40	0.0000779214	0.000000011837
7	5416232	5854525	99	16	0.0000071765	0.000000004876
7	5854526	6573856	141	22	0.0000076566	0.000000006725
7	6573857	7808751	419	40	0.0001511207	0.000000022012
7	7808752	9123422	732	40	0.0000674601	0.000000027274
7	9123423	9987498	365	40	-0.0000078008	0.000000016615
7	9987499	11299197	474	40	0.0001873193	0.000000025457
7	11299198	12635460	703	40	0.0000890321	0.000000027711
7	12635461	13884201	568	40	0.0000633858	0.000000027191
7	13884202	15143656	586	40	0.0000646634	0.000000027217
7	15143657	16902068	757	40	0.0001126803	0.000000028190
7	16902069	19481546	1035	40	0.0000643344	0.000000027210
7	19481547	20124907	230	28	0.0000000312	0.000000010316
7	20124908	22507628	1196	40	0.0001069105	0.000000028073
7	22507629	23471441	317	40	0.0000384371	0.000000014805
7	23471442	25077258	704	40	0.0001905242	0.000000029767
7	25077259	25909554	449	40	0.0000371123	0.000000018613
7	25909555	28360308	892	40	-0.0000058692	0.000000025788
7	28360309	31137288	1243	40	0.0000164954	0.000000026241
7	31137289	33555767	992	40	0.0001315762	0.000000028573
7	33555768	36213537	1016	40	0.0000357270	0.000000026631
7	36213538	37555183	638	40	0.0000813489	0.000000027555
7	37555184	38966702	634	40	0.0000631056	0.000000023936
7	38966703	39862669	313	35	0.0001516192	0.000000014407
7	39862670	42001810	612	40	0.0000490494	0.000000023756
7	42001811	43159073	400	40	0.0000052734	0.000000016464
7	43159074	44763827	487	40	0.0001016383	0.000000019814
7	44763828	45952921	353	40	0.0001879311	0.000000018343
7	45952922	46986719	415	40	0.0000515795	0.000000016208
7	46986720	49212277	905	40	0.0001247508	0.000000028434
7	49212278	51675321	895	40	0.0001017776	0.000000027969
7	51675322	53176311	637	40	0.0002473289	0.000000028346
7	53176312	54222975	373	40	0.0000229872	0.000000012685
7	54222976	55691583	535	40	0.0000557781	0.000000021907
7	55691584	57382637	247	28	0.0000947567	0.000000010533
7	57382638	63307358	130	15	-0.0000070048	0.000000004794
7	63307359	63641124	53	6	-0.0000028241	0.000000001873
7	63641125	65689808	314	26	-0.0000195802	0.000000009612
7	65689809	68234073	709	40	0.0000729562	0.000000026440
7	68234074	69085363	264	39	-0.0000031680	0.000000010663
7	69085364	71874884	844	40	0.0002257742	0.000000030481
7	71874885	73334601	172	24	0.0000933041	0.000000008504
7	73334602	76458563	356	40	0.0001135793	0.000000016685
7	76458564	78093858	608	40	0.0001410694	0.000000028502
7	78093859	79888068	650	40	0.0000851629	0.000000027317
7	79888069	82022685	720	40	-0.0000084799	0.000000025735
7	82022686	83801202	627	40	0.0002061244	0.000000028928
7	83801203	85572181	407	40	0.0000253448	0.000000013765
7	85572182	87825003	569	40	0.0000892676	0.000000019512
7	87825004	90661783	965	40	0.0000968179	0.000000027869
7	90661784	92493751	426	40	0.0001239613	0.000000017361
7	92493752	93966600	362	40	0.0001289370	0.000000018290
7	93966601	96073507	699	40	0.0001094424	0.000000028124
7	96073508	97099569	309	40	0.0001236478	0.000000014306
7	97099570	98715473	421	40	-0.0000050122	0.000000016360
7	98715474	100196650	250	26	0.0001174583	0.000000010632
7	100196651	101199252	246	37	0.0000780776	0.000000012201
7	101199253	103197509	389	40	0.0001164705	0.000000017883
7	103197510	104159524	473	40	0.0001933740	0.000000022450
7	104159525	105682904	542	40	0.0001064048	0.000000023819
7	105682905	107780177	749	40	0.0002566448	0.000000031107
7	107780178	109647593	554	40	-0.0000507187	0.000000019230
7	109647594	112618683	839	40	0.0000549054	0.000000027019
7	112618684	113712386	223	27	0.0000390907	0.000000009153
7	113712387	116780177	718	40	0.0002045530	0.000000028214
7	116780178	118351580	375	38	0.0002214152	0.000000016125
7	118351581	121045272	448	40	0.0001246191	0.000000017219
7	121045273	121933629	228	28	0.0000328627	0.000000008617
7	121933630	124156804	666	40	0.0000234960	0.000000022611
7	124156805	124167551	6	2	0.0000036649	0.000000000327
7	124167552	126519169	670	40	0.0001430562	0.000000022943
7	126519170	126869220	143	18	0.0001441075	0.000000007943
7	126869221	128778385	596	40	0.0000210412	0.000000020213
7	128778386	130422413	473	40	0.0000931160	0.000000020214
7	130422414	132805847	923	40	0.0000231567	0.000000026376
7	132805848	134307595	440	35	0.0001149698	0.000000017438
7	134307596	135591082	505	40	0.0001486578	0.000000021597
7	135591083	136876561	412	40	0.0001583608	0.000000019248
7	136876562	138744678	620	40	0.0001514755	0.000000028976
7	138744679	139933176	332	40	0.0001093248	0.000000015565
7	139933177	140235209	120	25	-0.0000591431	0.000000004049
7	140235210	141226556	288	33	0.0000975472	0.000000012131
7	141226557	142656309	442	40	0.0000505758	0.000000014895
7	142656310	144968288	557	40	0.0000847292	0.000000021606
7	144968289	146427959	383	40	-0.0000197621	0.000000014094
7	146427960	147815317	576	40	-0.0000375426	0.000000021689
7	147815318	149840657	623	40	0.0001109906	0.000000028156
7	149840658	150711504	318	38	0.0000927852	0.000000012961
7	150711505	152249805	465	40	-0.0000456524	0.000000020898
7	152249806	153674018	470	40	0.0000902018	0.000000023073
7	153674019	154964729	554	40	0.0000894140	0.000000026511
7	154964730	156065249	483	40	0.0000379845	0.000000022121
7	156065250	157634596	531	40	0.0000466281	0.000000024387
7	157634597	159128574	466	40	0.0001961803	0.000000022402
8	10422	1044216	400	40	0.0001056506	0.000000022082
8	1044217	1163244	71	12	0.0000242810	0.000000003946
8	1163245	2042941	457	40	0.0001297441	0.000000025285
8	2042942	2573278	257	40	0.0001200987	0.000000014698
8	2573279	3392925	599	40	-0.0000287302	0.000000025325
8	3392926	3783016	428	40	0.0002159144	0.000000025043
8	3783017	4480475	676	40	0.0000130032	0.000000026171
8	4480476	5146926	492	40	0.0001316728	0.000000026738
8	5146927	6142796	773	40	0.0001269215	0.000000028478
8	6142797	7153078	549	40	-0.0000070454	0.000000025764
8	7153079	9154693	558	40	0.0003354351	0.000000032703
8	9154694	9640786	238	25	0.0001960430	0.000000014943
8	9640787	10463196	469	40	0.0005007070	0.000000033267
8	10463197	11278997	390	40	0.0004778958	0.000000027736
8	11278998	13491774	808	40	0.0004691612	0.000000035412
8	13491775	13944991	255	32	0.0000396662	0.000000012094
8	13944992	15991659	1090	40	0.0001029689	0.000000027993
8	15991660	17387875	554	40	0.0001753087	0.000000029459
8	17387876	17836398	274	35	0.0000159239	0.000000013162
8	17836399	19492839	976	40	-0.0000867678	0.000000024149
8	19492840	20060855	339	40	0.0001158455	0.000000017456
8	20060856	21661736	759	40	0.0001026921	0.000000027988
8	21661737	22897056	466	40	0.0000396905	0.000000022260
8	22897057	24674717	663	40	0.0000248233	0.000000026410
8	24674718	25483453	291	35	0.0000296683	0.000000011532
8	25483454	26682524	621	40	0.0000860567	0.000000026496
8	26682525	28162391	748	40	0.0002191134	0.000000030346
8	28162392	29327895	371	40	0.0000699170	0.000000016113
8	29327896	31133728	548	40	0.0001586028	0.000000024771
8	31133729	31548359	129	20	0.0000366860	0.000000005879
8	31548360	32977217	484	40	0.0000243018	0.000000017835
8	32977218	35317231	542	40	0.0000434909	0.000000016149
8	35317232	37379388	363	40	0.0001241958	0.000000016072
8	37379389	38938805	294	40	0.0001919924	0.000000016718
8	38938806	40703336	595	40	0.0000396830	0.000000022155
8	40703337	41721453	387	40	0.0001172341	0.000000019247
8	41721454	42773822	192	23	0.0000447342	0.000000007832
8	42773823	46841314	48	7	0.0000155629	0.000000002294
8	46841315	50082469	412	37	-0.0000103181	0.000000014337
8	50082470	53302929	797	40	0.0000538860	0.000000024953
8	53302930	54418043	347	40	0.0000981051	0.000000014719
8	54418044	55945580	481	40	0.0001166255	0.000000018612
8	55945581	56956382	353	40	0.0000363561	0.000000013884
8	56956383	59068650	671	40	0.0000079859	0.000000024914
8	59068651	59728099	278	34	-0.0000048222	0.000000010321
8	59728100	62329098	796	40	0.0001309308	0.000000028560
8	62329099	63349305	331	35	0.0001323572	0.000000013503
8	63349306	65232871	520	40	0.0000240019	0.000000017881
8	65232872	66489089	366	40	0.0001952810	0.000000016991
8	66489090	69863056	873	40	-0.0000459023	0.000000024977
8	69863057	70867978	411	40	0.0000540516	0.000000018177
8	70867979	72289453	444	40	-0.0000764532	0.000000013931
8	72289454	73817198	693	40	0.0000500931	0.000000026397
8	73817199	75445063	619	40	0.0001006728	0.000000025010
8	75445064	76456541	294	38	0.0000861085	0.000000012208
8	76456542	79132860	698	40	0.0000460151	0.000000023067
8	79132861	81956394	811	40	0.0001327393	0.000000028596
8	81956395	82693738	219	33	-0.0000279897	0.000000007594
8	82693739	84225588	420	40	0.0000872253	0.000000014757
8	84225589	85955618	358	39	0.0000857080	0.000000014055
8	85955619	87411708	268	25	-0.0000250690	0.000000008115
8	87411709	89085480	487	40	0.0001187344	0.000000019744
8	89085481	90638161	401	40	0.0001157188	0.000000016314
8	90638162	93554385	679	40	0.0001313440	0.000000026731
8	93554386	95005526	388	40	0.0000119370	0.000000015459
8	95005527	96534805	628	40	0.0000466208	0.000000025540
8	96534806	99401580	1123	40	0.0000481289	0.000000026882
8	99401581	101620957	508	40	0.0000633573	0.000000015877
8	101620958	104123305	997	40	0.0000384349	0.000000026686
8	104123306	104988751	254	24	0.0000772426	0.000000009461
8	104988752	107410753	824	40	0.0001270857	0.000000028482
8	107410754	108648176	475	40	0.0001280860	0.000000018740
8	108648177	109248172	205	23	0.0000248308	0.000000006867
8	109248173	110484313	355	31	-0.0000512442	0.000000009024
8	110484314	111850846	291	33	-0.0000013636	0.000000009312
8	111850847	113064319	234	19	0.0000240982	0.000000007518
8	113064320	116096494	795	40	0.0000817104	0.000000024155
8	116096495	119685456	1162	40	0.0000983086	0.000000027899
8	119685457	121201699	528	40	0.0000477113	0.000000018776
8	121201700	124861458	1350	40	-0.0000018911	0.000000025869
8	124861459	125683718	333	40	0.0002130365	0.000000016679
8	125683719	126410916	255	40	0.0001855308	0.000000014782
8	126410917	128659110	923	40	-0.0000473181	0.000000024948
8	128659111	130381138	677	40	0.0000137380	0.000000026185
8	130381139	131639624	466	40	0.0000185817	0.000000018602
8	131639625	133351143	768	40	0.0002132273	0.000000030227
8	133351144	134570000	711	40	0.0000225370	0.000000026364
8	134570001	136035604	758	40	0.0001634622	0.000000029219
8	136035605	137524150	554	40	0.0001142613	0.000000022777
8	137524151	139254829	743	40	0.0001443975	0.000000028833
8	139254830	140725642	757	40	0.0000993370	0.000000027920
8	140725643	143044913	826	40	0.0000744867	0.000000027416
8	143044914	144236880	371	40	0.0000573075	0.000000015548
8	144236881	146303866	340	40	0.0000712170	0.000000016346
9	10023	1079706	578	40	0.0000689890	0.000000027305
9	1079707	1916876	604	40	0.0000270903	0.000000026456
9	1916877	3190063	771	40	0.0000154501	0.000000026220
9	3190064	4495327	744	40	0.0001831485	0.000000029618
9	4495328	4884925	231	39	0.0000243011	0.000000011578
9	4884926	6557588	562	40	0.0000957054	0.000000027846
9	6557589	7154922	296	39	0.0001637018	0.000000017025
9	7154923	8456298	931	40	-0.0000119502	0.000000025665
9	8456299	9166402	401	40	0.0000686266	0.000000020655
9	9166403	10879252	846	40	0.0001278207	0.000000028497
9	10879253	12276488	469	40	0.0004612434	0.000000029067
9	12276489	14836362	1274	40	0.0001222667	0.000000028384
9	14836363	16659654	807	40	0.0000666549	0.000000027257
9	16659655	18661050	945	40	0.0001764560	0.000000029482
9	18661051	20463533	824	40	0.0000700548	0.000000027326
9	20463534	22206558	698	40	-0.0000096575	0.000000025711
9	22206559	24158517	612	40	0.0003312608	0.000000032566
9	24158518	25330809	298	40	0.0000510140	0.000000015731
9	25330810	26111756	273	40	0.0000886439	0.000000015147
9	26111757	28224282	955	40	0.0001088533	0.000000028112
9	28224283	28811583	251	36	0.0000711721	0.000000012216
9	28811584	30387391	561	40	0.0000418906	0.000000019542
9	30387392	31310382	246	23	0.0000677234	0.000000009987
9	31310383	32019367	206	24	0.0000551742	0.000000008145
9	32019368	33578333	588	40	0.0001184607	0.000000025161
9	33578334	34642242	288	27	-0.0000268341	0.000000007976
9	34642243	36743282	585	40	0.0001401982	0.000000026386
9	36743283	38641598	726	40	0.0000476811	0.000000026873
9	38641599	65472189	103	21	-0.0000046734	0.000000004688
9	65472190	72512710	567	40	-0.0000223717	0.000000021474
9	72512711	72753754	100	10	0.0000302242	0.000000004065
9	72753755	74253039	599	40	0.0001663786	0.000000024197
9	74253040	76203945	577	40	-0.0000007734	0.000000020345
9	76203946	76973080	182	22	0.0000696895	0.000000008284
9	76973081	78900182	808	40	0.0000282034	0.000000026478
9	78900183	79471207	292	40	0.0000578087	0.000000014318
9	79471208	81079054	526	40	0.0000429118	0.000000023788
9	81079055	82590927	631	40	0.0001874690	0.000000029705
9	82590928	84211232	661	40	0.0001261876	0.000000028464
9	84211233	85440800	332	40	0.0001160822	0.000000016994
9	85440801	86938195	639	40	0.0000661489	0.000000026145
9	86938196	88109332	501	40	0.0001859841	0.000000022769
9	88109333	88590416	112	14	0.0000451530	0.000000004672
9	88590417	90136245	601	40	0.0001211402	0.000000026892
9	90136246	92528697	857	40	0.0000014748	0.000000025937
9	92528698	94167202	631	40	0.0000356255	0.000000025999
9	94167203	96671697	805	40	0.0000703897	0.000000027333
9	96671698	98922039	676	40	0.0000867850	0.000000025619
9	98922040	101592858	865	40	0.0000919545	0.000000027770
9	101592859	104624436	971	40	0.0000733683	0.000000027393
9	104624437	105967975	579	40	0.0000676390	0.000000022095
9	105967976	107581748	604	40	0.0001054102	0.000000021504
9	107581749	109298753	605	40	0.0000319783	0.000000024509
9	109298754	110695061	571	40	0.0001141810	0.000000026122
9	110695062	112778023	1096	40	0.0001700484	0.000000029352
9	112778024	114831081	914	40	0.0000598481	0.000000027120
9	114831082	115693144	313	30	0.0000215654	0.000000011523
9	115693145	117019800	646	40	0.0000038841	0.000000025986
9	117019801	117921959	470	40	0.0001373701	0.000000022150
9	117921960	121321536	1476	40	0.0001881646	0.000000029719
9	121321537	122260296	361	40	0.0001854451	0.000000017930
9	122260297	124871321	784	40	0.0000823936	0.000000027576
9	124871322	126971886	686	40	0.0001084881	0.000000028105
9	126971887	129059664	569	40	0.0002172740	0.000000026115
9	129059665	130055509	328	40	0.0000012120	0.000000013226
9	130055510	132165469	505	40	0.0000611603	0.000000021755
9	132165470	133223216	320	40	0.0000370728	0.000000014467
9	133223217	134127887	345	40	-0.0000152675	0.000000015116
9	134127888	135298841	440	40	0.0001053928	0.000000019371
9	135298842	137041121	697	40	0.0001094506	0.000000028125
9	137041122	137589363	207	40	0.0000239817	0.000000010594
9	137589364	138938977	633	40	0.0000342109	0.000000026600
9	138938978	139500341	121	22	0.0000528563	0.000000006767
9	139500342	141144795	259	39	0.0001352301	0.000000014179
10	60523	751338	126	15	0.0000418750	0.000000006699
10	751339	1523543	342	40	0.0000517244	0.000000016056
10	1523544	2254499	441	40	0.0000822007	0.000000020670
10	2254500	3352698	675	40	0.0000324295	0.000000026564
10	3352699	4572273	621	40	0.0000481610	0.000000026883
10	4572274	5983761	715	40	0.0000444568	0.000000026808
10	5983762	7171483	750	40	0.0000531972	0.000000026985
10	7171484	8774664	872	40	0.0001165205	0.000000028268
10	8774665	10249395	566	40	0.0000388314	0.000000022086
10	10249396	12586796	1050	40	0.0001880386	0.000000029717
10	12586797	13321599	448	40	0.0000516807	0.000000022502
10	13321600	15026067	953	40	0.0000225272	0.000000026363
10	15026068	16551766	564	40	0.0000688010	0.000000027143
10	16551767	18537266	779	40	0.0000473483	0.000000026866
10	18537267	19716877	538	40	0.0000455497	0.000000022013
10	19716878	22772282	992	40	0.0001714822	0.000000029381
10	22772283	23175131	126	14	0.0000164996	0.000000005932
10	23175132	25578595	781	40	0.0000531363	0.000000026984
10	25578596	26888683	545	40	0.0000528600	0.000000018568
10	26888684	29323235	919	40	0.0000273831	0.000000026462
10	29323236	29783691	275	40	0.0001414953	0.000000014048
10	29783692	30458837	367	40	0.0000433738	0.000000017286
10	30458838	31907518	493	40	0.0000026658	0.000000018489
10	31907519	33707967	640	40	0.0000306989	0.000000021765
10	33707968	35109354	502	40	0.0001497605	0.000000022713
10	35109355	36572507	427	40	0.0001906675	0.000000019434
10	36572508	37790028	328	40	0.0000598421	0.000000012863
10	37790029	42372578	205	13	-0.0000102899	0.000000004064
10	42372579	43894770	314	36	0.0001657257	0.000000014846
10	43894771	44730074	293	34	0.0000185395	0.000000010896
10	44730075	48760449	686	40	-0.0000006742	0.000000025893
10	48760450	50840914	666	40	0.0001183508	0.000000025316
10	50840915	53616628	760	40	0.0000513313	0.000000026947
10	53616629	55103571	686	40	-0.0000397239	0.000000025102
10	55103572	57031139	772	40	0.0000744432	0.000000027415
10	57031140	57662145	178	18	0.0000316091	0.000000005471
10	57662146	58959527	387	25	0.0001350394	0.000000012373
10	58959528	60289986	427	40	0.0001191586	0.000000015041
10	60289987	61891408	596	40	0.0000761945	0.000000025562
10	61891409	62659678	305	34	0.0000911610	0.000000013031
10	62659679	63341694	164	19	0.0000076314	0.000000006367
10	63341695	65794113	855	40	0.0000824026	0.000000027577
10	65794114	67549614	487	40	0.0000861529	0.000000017840
10	67549615	69900147	903	40	0.0000768861	0.000000027465
10	69900148	70195990	116	11	0.0000435285	0.000000004843
10	70195991	72220849	900	40	0.0000142106	0.000000026195
10	72220850	73508511	750	40	-0.0000471047	0.000000024953
10	73508512	75422549	440	36	0.0000695650	0.000000013832
10	75422550	78706813	851	40	0.0001907014	0.000000029771
10	78706814	80876748	1019	40	-0.0000260179	0.000000025380
10	80876749	82414678	501	40	-0.0000082037	0.000000020195
10	82414679	84383744	729	40	0.0000162552	0.000000026236
10	84383745	85458702	444	40	0.0000916088	0.000000016086
10	85458703	87937576	994	40	0.0000726233	0.000000027378
10	87937577	89127063	273	35	0.0001003507	0.000000012753
10	89127064	91013380	731	40	-0.0000449549	0.000000024996
10	91013381	92006580	377	40	0.0000787108	0.000000016084
10	92006581	93335046	448	40	0.0002434008	0.000000020863
10	93335047	95396367	681	40	0.0001381992	0.000000027027
10	95396368	96221242	266	32	0.0000707345	0.000000012310
10	96221243	97822356	588	40	0.0001367713	0.000000020057
10	97822357	100241301	921	40	0.0000962861	0.000000027858
10	100241302	100668399	150	15	0.0001037442	0.000000006976
10	100668400	102949238	773	40	0.0001476560	0.000000028899
10	102949239	104380409	313	29	0.0000281585	0.000000010010
10	104380410	106695047	773	40	0.0001529214	0.000000029005
10	106695048	108726685	678	40	0.0001668461	0.000000027712
10	108726686	110317704	646	40	0.0000093229	0.000000024732
10	110317705	112561492	663	40	0.0000559634	0.000000025519
10	112561493	115328431	1037	40	0.0001331439	0.000000028605
10	115328432	116421405	496	40	0.0001152588	0.000000022120
10	116421406	119523933	1009	40	0.0001980894	0.000000029920
10	119523934	120591352	410	40	0.0001700154	0.000000020937
10	120591353	122407322	688	40	-0.0000024771	0.000000025857
10	122407323	123231464	396	40	0.0000167912	0.000000016490
10	123231465	123900544	281	40	0.0000046891	0.000000012316
10	123900545	125869345	864	40	-0.0000292873	0.000000025314
10	125869346	128001097	958	40	0.0001213148	0.000000028365
10	128001098	129154361	529	40	-0.0000014344	0.000000021950
10	129154362	130844283	945	40	0.0000247049	0.000000026408
10	130844284	131741326	417	40	0.0001595983	0.000000020311
10	131741327	132580244	415	40	0.0000002257	0.000000016466
10	132580245	134336328	850	40	0.0001381447	0.000000028706
10	134336329	134494672	40	6	0.0000035058	0.000000001644
10	134494673	135523864	282	40	0.0000182440	0.000000012280
11	70855	1213589	262	40	0.0000746718	0.000000012441
11	1213590	3665480	831	40	-0.0000072457	0.000000025760
11	3665481	4746708	428	40	0.0000142543	0.000000018463
11	4746709	6322868	996	40	0.0000082063	0.000000026073
11	6322869	7436700	548	40	-0.0000039625	0.000000020385
11	7436701	8333273	497	40	0.0000998608	0.000000024941
11	8333274	9087316	281	31	0.0000805442	0.000000013281
11	9087317	10952026	643	40	0.0004925270	0.000000035885
11	10952027	12564228	1104	40	0.0000107113	0.000000026124
11	12564229	13373123	399	40	0.0001542367	0.000000018853
11	13373124	15742551	773	40	0.0000797915	0.000000027156
11	15742552	17578401	617	40	0.0000814394	0.000000023418
11	17578402	19569534	789	40	0.0000937854	0.000000027807
11	19569535	21017137	785	40	-0.0000083409	0.000000025738
11	21017138	22374141	553	40	0.0000710494	0.000000024149
11	22374142	24088516	591	40	0.0001862459	0.000000025435
11	24088517	26045752	661	40	0.0000206507	0.000000026325
11	26045753	27020460	358	40	0.0001406600	0.000000015320
11	27020461	28481592	411	40	0.0000767125	0.000000014906
11	28481593	30141356	418	40	-0.0000069215	0.000000015803
11	30141357	32276900	630	40	0.0002232075	0.000000023834
11	32276901	33958738	562	40	0.0001116150	0.000000022985
11	33958739	35502604	818	40	-0.0000034614	0.000000025837
11	35502605	37116814	745	40	0.0000873565	0.000000027677
11	37116815	39382002	421	40	0.0001430169	0.000000017332
11	39382003	42310002	922	40	0.0000500568	0.000000026921
11	42310003	44693798	968	40	-0.0000038709	0.000000025829
11	44693799	47006136	723	40	0.0002074932	0.000000030111
11	47006137	49866049	505	26	0.0003674601	0.000000020108
11	49866050	54695472	133	7	0.0000297045	0.000000003189
11	54695473	55082656	10	3	0.0000209743	0.000000000879
11	55082657	58457494	1065	40	0.0002647848	0.000000030431
11	58457495	58780548	74	7	0.0000238879	0.000000002869
11	58780549	62223770	1004	40	0.0000670946	0.000000027266
11	62223771	63804568	307	38	0.0000904461	0.000000013017
11	63804569	65898630	493	40	0.0000980088	0.000000021198
11	65898631	68005824	325	35	0.0001551604	0.000000014839
11	68005825	69516129	464	40	0.0001022121	0.000000020086
11	69516130	70926291	461	40	0.0001163248	0.000000022871
11	70926292	72286016	306	36	0.0000934518	0.000000012099
11	72286017	74412350	609	40	0.0001188367	0.000000023601
11	74412351	76797208	765	40	0.0000773296	0.000000027474
11	76797209	78355057	428	37	0.0000525862	0.000000014935
11	78355058	80722372	1065	40	0.0000131262	0.000000026173
11	80722373	81266711	259	38	0.0000182388	0.000000011044
11	81266712	84381271	1172	40	0.0001127677	0.000000028192
11	84381272	86619300	780	40	-0.0000088163	0.000000025676
11	86619301	87430234	311	36	0.0001187926	0.000000013177
11	87430235	89208935	568	40	0.0002094328	0.000000027579
11	89208936	90966489	384	35	0.0000543053	0.000000013215
11	90966490	92077143	347	38	0.0000055693	0.000000013211
11	92077144	93276156	402	40	-0.0000016975	0.000000014200
11	93276157	94242259	274	27	0.0000589587	0.000000010221
11	94242260	95726040	597	40	0.0001927102	0.000000027764
11	95726041	97057057	506	40	0.0001271305	0.000000024239
11	97057058	98705064	566	40	-0.0000214926	0.000000024003
11	98705065	100417168	777	40	0.0002392038	0.000000030753
11	100417169	101331120	406	40	0.0000341877	0.000000015753
11	101331121	103959635	1090	40	-0.0000143096	0.000000025617
11	103959636	104873283	289	23	0.0001387504	0.000000010292
11	104873284	106520893	474	40	0.0000818500	0.000000017494
11	106520894	107844199	470	40	0.0000785980	0.000000020232
11	107844200	108437036	139	11	0.0000185518	0.000000004493
11	108437037	109866115	347	40	0.0001237843	0.000000016064
11	109866116	111114396	489	40	0.0000282755	0.000000017915
11	111114397	112459487	382	38	0.0001139260	0.000000015761
11	112459488	114257727	790	40	0.0002946959	0.000000031877
11	114257728	114830665	229	27	0.0000895122	0.000000010170
11	114830666	116383347	652	40	0.0001459822	0.000000028865
11	116383348	117747109	603	40	0.0000695745	0.000000027317
11	117747110	119215475	523	40	0.0001135042	0.000000023284
11	119215476	120766805	629	40	0.0001176548	0.000000028291
11	120766806	121175942	201	23	0.0000507064	0.000000008669
11	121175943	122591909	468	40	0.0000968392	0.000000022268
11	122591910	123500116	419	40	-0.0000215477	0.000000018363
11	123500117	124495527	483	40	0.0001411654	0.000000017605
11	124495528	126311319	807	40	0.0001105570	0.000000028147
11	126311320	127316678	562	40	0.0002389153	0.000000026031
11	127316679	128188536	308	40	0.0000872400	0.000000013777
11	128188537	130342574	860	40	0.0000675582	0.000000027276
11	130342575	131074611	366	40	0.0001279561	0.000000018322
11	131074612	133000045	1105	40	0.0001837620	0.000000029630
11	133000046	134205992	546	40	0.0000358675	0.000000026004
11	134205993	134946451	402	40	-0.0000354964	0.000000016937
12	61107	1080330	314	40	0.0000722584	0.000000015643
12	1080331	2544785	486	40	-0.0000275339	0.000000020012
12	2544786	3677036	509	40	-0.0000122351	0.000000022777
12	3677037	4417678	390	40	0.0000215419	0.000000017727
12	4417679	5321471	505	40	0.0000998494	0.000000023843
12	5321472	6419752	554	40	0.0001189853	0.000000026062
12	6419753	8377535	535	40	-0.0000057662	0.000000023222
12	8377536	9031394	135	24	-0.0000296402	0.000000005564
12	9031395	10481533	536	40	0.0000453097	0.000000021695
12	10481534	11754845	343	40	0.0000338806	0.000000012854
12	11754846	12733527	443	40	0.0000639699	0.000000022125
12	12733528	15241483	1032	40	-0.0000112541	0.000000025679
12	15241484	16310459	256	36	0.0000248549	0.000000010766
12	16310460	18087872	558	40	0.0002649312	0.000000028336
12	18087873	20863942	947	40	0.0000012207	0.000000025932
12	20863943	23820633	1098	40	0.0000639279	0.000000027202
12	23820634	25371082	721	40	0.0001072452	0.000000028080
12	25371083	27799772	1031	40	0.0001045548	0.000000028025
12	27799773	29651254	702	40	0.0000167461	0.000000024620
12	29651255	30512405	467	40	0.0001670818	0.000000020410
12	30512406	32165591	635	40	0.0000392369	0.000000025757
12	32165592	33076988	384	40	0.0000857944	0.000000016589
12	33076989	37856716	360	24	0.0000200745	0.000000010978
12	37856717	39227168	142	7	0.0000412819	0.000000005461
12	39227169	40816184	503	40	0.0001427933	0.000000019712
12	40816185	41658585	352	36	0.0000891993	0.000000012940
12	41658586	43984473	907	40	0.0000714377	0.000000027354
12	43984474	46024228	478	40	0.0001233360	0.000000018073
12	46024229	47714792	472	40	-0.0000773770	0.000000015831
12	47714793	49001865	554	40	0.0000771711	0.000000021766
12	49001866	51776493	635	40	0.0001975266	0.000000025768
12	51776494	53039003	636	40	0.0001118268	0.000000024504
12	53039004	54778822	585	40	0.0000206964	0.000000022763
12	54778823	55665836	275	36	0.0000419352	0.000000011368
12	55665837	57548859	426	40	0.0001440370	0.000000018077
12	57548860	59308665	466	40	0.0001400012	0.000000018721
12	59308666	61123728	455	40	0.0001374584	0.000000018255
12	61123729	64032460	958	40	-0.0000106511	0.000000025691
12	64032461	65559694	378	40	0.0000352431	0.000000015827
12	65559695	67181143	521	40	0.0000018572	0.000000019669
12	67181144	67909728	324	40	0.0001376653	0.000000013764
12	67909729	69826541	818	40	0.0000785389	0.000000027498
12	69826542	70957986	503	40	0.0000412466	0.000000017918
12	70957987	72645074	574	40	0.0002088798	0.000000024588
12	72645075	73818453	306	30	0.0001351131	0.000000013507
12	73818454	76511313	771	40	0.0002135621	0.000000030234
12	76511314	78570569	758	40	-0.0000122922	0.000000025658
12	78570570	80448149	411	40	0.0000754122	0.000000016638
12	80448150	81467766	307	36	0.0001446957	0.000000013803
12	81467767	83502665	563	40	0.0001331528	0.000000021909
12	83502666	84303843	234	27	0.0000145096	0.000000007171
12	84303844	85990425	396	34	0.0000116187	0.000000011528
12	85990426	89682121	758	40	0.0001632418	0.000000026329
12	89682122	92066154	648	40	0.0000644207	0.000000020935
12	92066155	94514566	911	40	0.0001076965	0.000000028089
12	94514567	96020784	696	40	0.0000814424	0.000000027557
12	96020785	97108838	458	40	0.0000570164	0.000000019796
12	97108839	99305986	924	40	0.0000773857	0.000000027475
12	99305987	101447640	655	40	0.0001599688	0.000000028413
12	101447641	101862689	148	16	0.0000952519	0.000000007622
12	101862690	102964985	343	40	0.0001195082	0.000000016132
12	102964986	104848695	768	40	0.0000884342	0.000000027699
12	104848696	106436212	853	40	0.0001178967	0.000000028296
12	106436213	106958747	236	34	0.0000801444	0.000000011214
12	106958748	109025900	741	40	0.0002062553	0.000000030033
12	109025901	110336718	403	40	0.0001334879	0.000000018071
12	110336719	113263517	503	40	0.0000964906	0.000000018256
12	113263518	113986708	218	29	-0.0000155673	0.000000008255
12	113986709	115036601	539	40	0.0000060083	0.000000021161
12	115036602	115503215	196	36	0.0000117818	0.000000008858
12	115503216	117087470	748	40	0.0000236828	0.000000026387
12	117087471	118135374	460	40	0.0001195691	0.000000022624
12	118135375	119754109	696	40	0.0002345325	0.000000030659
12	119754110	122007650	679	40	0.0001465495	0.000000028351
12	122007651	124977979	702	40	0.0002249254	0.000000030464
12	124977980	126445504	624	40	0.0001410584	0.000000028765
12	126445505	127875097	649	40	0.0001262941	0.000000027783
12	127875098	129237296	705	40	0.0001094440	0.000000028124
12	129237297	130377920	688	40	0.0000388969	0.000000026695
12	130377921	131786750	740	40	-0.0000215419	0.000000025471
12	131786751	132807033	293	40	0.0000853569	0.000000013532
12	132807034	133841510	173	25	0.0001403091	0.000000009760
13	19020013	20686719	296	36	0.0000291794	0.000000011831
13	20686720	22242173	591	40	0.0000638297	0.000000024840
13	22242174	23594701	683	40	0.0000136287	0.000000026183
13	23594702	24531936	514	40	0.0000826250	0.000000022972
13	24531937	25784361	650	40	0.0001165680	0.000000028269
13	25784362	27284361	544	40	0.0000068052	0.000000021020
13	27284362	29257550	857	40	0.0000195640	0.000000026303
13	29257551	30483266	508	40	0.0001191813	0.000000021938
13	30483267	32301814	787	40	0.0001776168	0.000000029506
13	32301815	33776902	586	40	0.0000829775	0.000000023136
13	33776903	35026463	460	40	0.0000240197	0.000000018557
13	35026464	36046366	221	30	0.0000303611	0.000000009849
13	36046367	37498184	651	40	0.0000537261	0.000000026996
13	37498185	38878162	553	40	0.0000700568	0.000000019800
13	38878163	41069262	881	40	0.0001600689	0.000000029150
13	41069263	43101026	634	40	0.0001109703	0.000000024748
13	43101027	44901408	806	40	0.0000065777	0.000000026040
13	44901409	46495213	526	40	0.0000433185	0.000000022072
13	46495214	47431078	364	40	0.0000655615	0.000000015043
13	47431079	49383961	627	40	0.0002750365	0.000000028593
13	49383962	51591090	742	40	0.0000579136	0.000000027080
13	51591091	53339621	452	40	0.0001358585	0.000000020922
13	53339622	54682863	527	40	0.0002167044	0.000000025007
13	54682864	55817130	322	36	0.0001352107	0.000000013509
13	55817131	57554216	304	22	0.0000654526	0.000000009633
13	57554217	58410625	209	21	0.0001435850	0.000000009006
13	58410626	59302270	218	22	0.0000759640	0.000000008257
13	59302271	60854777	561	40	0.0001624070	0.000000023699
13	60854778	61591948	292	35	0.0001256845	0.000000013471
13	61591949	63971558	644	40	0.0000494896	0.000000024969
13	63971559	65200601	308	31	0.0000551631	0.000000010042
13	65200602	67844452	796	40	0.0001183892	0.000000028306
13	67844453	70724515	899	40	0.0001537021	0.000000029021
13	70724516	71526790	317	40	0.0001328066	0.000000015678
13	71526791	73934088	853	40	0.0000934518	0.000000027800
13	73934089	75670142	736	40	0.0001338245	0.000000028618
13	75670143	77410554	788	40	0.0000055492	0.000000026020
13	77410555	78808812	437	40	-0.0000125974	0.000000014653
13	78808813	80585675	578	40	0.0002253453	0.000000025495
13	80585676	82581813	620	40	0.0001191740	0.000000026223
13	82581814	84133143	400	36	0.0001056336	0.000000013014
13	84133144	85610915	412	40	0.0002170277	0.000000018879
13	85610916	88559881	761	40	0.0001339226	0.000000027780
13	88559882	90521310	472	40	0.0000152451	0.000000015474
13	90521311	93129690	860	40	-0.0000058409	0.000000025789
13	93129691	93586454	122	16	0.0000283718	0.000000005865
13	93586455	96087557	1207	40	0.0000530301	0.000000026981
13	96087558	97519209	360	38	0.0001030967	0.000000016215
13	97519210	98938918	439	40	0.0002812075	0.000000025112
13	98938919	100574094	796	40	0.0002838626	0.000000031658
13	100574095	102300522	772	40	0.0000431033	0.000000026780
13	102300523	104066709	937	40	0.0000930969	0.000000027793
13	104066710	104844113	311	40	-0.0000206935	0.000000012113
13	104844114	106247553	630	40	0.0001028295	0.000000027990
13	106247554	106749999	273	40	0.0000499923	0.000000011994
13	106750000	108189876	617	40	0.0001261254	0.000000028462
13	108189877	109121209	436	40	-0.0000296723	0.000000018355
13	109121210	109815111	329	40	0.0000885612	0.000000015611
13	109815112	111232072	771	40	0.0000574150	0.000000027070
13	111232073	112247591	463	40	0.0000964018	0.000000021582
13	112247592	113572487	466	40	0.0000478059	0.000000021433
13	113572488	115109852	419	40	0.0000007698	0.000000017255
14	19002084	21589401	598	40	0.0000452684	0.000000026824
14	21589402	23018664	715	40	0.0000814755	0.000000027558
14	23018665	24905122	715	40	0.0000110584	0.000000026131
14	24905123	26135685	558	40	0.0000544666	0.000000020369
14	26135686	28466532	697	40	-0.0000373428	0.000000025151
14	28466533	29972144	384	40	0.0000853690	0.000000016736
14	29972145	32383264	598	40	0.0001506479	0.000000027647
14	32383265	34846250	1263	40	0.0000721905	0.000000027370
14	34846251	35859592	250	30	0.0000900015	0.000000011516
14	35859593	38667724	886	40	0.0000358583	0.000000026634
14	38667725	40341989	547	40	0.0001073843	0.000000022169
14	40341990	41615501	356	32	0.0000159508	0.000000010946
14	41615502	43137388	430	36	0.0001456734	0.000000017282
14	43137389	44543226	363	40	0.0000519482	0.000000016009
14	44543227	46081895	384	40	0.0001260020	0.000000016315
14	46081896	46749129	196	17	-0.0000139048	0.000000005063
14	46749130	48573585	588	40	0.0001227601	0.000000025562
14	48573586	49005470	113	13	0.0000117646	0.000000004203
14	49005471	50507759	466	40	0.0000804499	0.000000020582
14	50507760	51493571	374	40	0.0000738120	0.000000017124
14	51493572	53474382	857	40	-0.0000026931	0.000000025853
14	53474383	53997830	176	19	0.0001112865	0.000000008764
14	53997831	55233680	449	40	0.0002058383	0.000000023587
14	55233681	56216879	292	27	0.0001978136	0.000000014412
14	56216880	57481261	665	40	0.0001659595	0.000000029269
14	57481262	59448335	713	40	0.0000209935	0.000000026332
14	59448336	61680423	614	40	0.0000487107	0.000000021503
14	61680424	63790014	814	40	0.0000770757	0.000000027469
14	63790015	65220297	354	34	0.0000556266	0.000000014842
14	65220298	66399554	408	40	-0.0000049744	0.000000015791
14	66399555	67992316	409	33	0.0000572089	0.000000012140
14	67992317	71131956	1248	40	0.0000132951	0.000000026176
14	71131957	72889614	685	40	0.0001320722	0.000000028583
14	72889615	76444766	1163	40	0.0001387438	0.000000028718
14	76444767	77229471	356	40	-0.0000149101	0.000000014813
14	77229472	78561944	641	40	0.0000839542	0.000000027188
14	78561945	80186578	612	40	0.0002309392	0.000000029063
14	80186579	81579713	514	40	0.0000988222	0.000000021996
14	81579714	83138096	478	40	0.0000540079	0.000000019371
14	83138097	84241632	382	40	0.0000798694	0.000000016366
14	84241633	85746318	474	40	0.0001337656	0.000000022077
14	85746319	86647001	306	36	0.0000874363	0.000000014039
14	86647002	87635340	308	40	-0.0000647746	0.000000011119
14	87635341	89497642	611	40	0.0000576443	0.000000021997
14	89497643	91296859	701	40	0.0000333336	0.000000026582
14	91296860	93132298	677	40	-0.0000450596	0.000000024994
14	93132299	94325284	414	40	0.0001548122	0.000000019280
14	94325285	95750866	880	40	0.0002091266	0.000000030144
14	95750867	96262414	381	40	0.0000941870	0.000000017329
14	96262415	98341161	852	40	0.0001551767	0.000000029051
14	98341162	99138531	369	40	0.0000051233	0.000000013718
14	99138532	101534306	903	40	0.0001654221	0.000000029258
14	101534307	103012101	438	40	0.0001195185	0.000000021164
14	103012102	105001722	481	40	0.0001800858	0.000000022285
14	105001723	106340357	162	29	0.0001389126	0.000000009988
14	106340358	107289453	38	5	0.0000548955	0.000000002781
15	20001200	21131603	5	2	-0.0000013858	0.000000000226
15	21131604	24195126	308	40	0.0000400944	0.000000015097
15	24195127	25108589	196	28	0.0000380457	0.000000008824
15	25108590	27298111	877	40	-0.0000613826	0.000000024664
15	27298112	29338501	483	40	0.0000196438	0.000000020654
15	29338502	30165567	296	40	0.0000870893	0.000000014186
15	30165568	31591820	301	40	0.0000922310	0.000000015013
15	31591821	32441810	266	37	0.0000938253	0.000000012570
15	32441811	34015424	737	40	0.0000095663	0.000000026101
15	34015425	35083250	404	40	0.0000485083	0.000000017701
15	35083251	37456501	937	40	0.0002156346	0.000000030276
15	37456502	38530776	350	40	-0.0000208885	0.000000014537
15	38530777	40384131	784	40	0.0000180963	0.000000026274
15	40384132	41177513	237	28	0.0001139543	0.000000011999
15	41177514	42776398	430	40	0.0001178726	0.000000019363
15	42776399	44198048	275	17	0.0001127226	0.000000010382
15	44198049	46618786	502	40	0.0001281573	0.000000020351
15	46618787	48136047	588	40	0.0001138799	0.000000024127
15	48136048	50008042	447	40	0.0000568427	0.000000016522
15	50008043	51677559	619	40	0.0001223618	0.000000023620
15	51677560	53069095	403	39	0.0000995075	0.000000015522
15	53069096	54508527	637	40	-0.0000682874	0.000000023370
15	54508528	55136268	256	32	0.0000058490	0.000000012081
15	55136269	56901772	542	40	-0.0000774701	0.000000021770
15	56901773	58441365	631	40	-0.0000378698	0.000000025140
15	58441366	59694115	518	40	0.0001045669	0.000000026294
15	59694116	61265835	669	40	0.0001802545	0.000000029559
15	61265836	63215221	922	40	0.0000023546	0.000000025955
15	63215222	65104667	491	40	0.0001182957	0.000000021139
15	65104668	67094766	619	40	0.0001142330	0.000000028169
15	67094767	69017998	754	40	0.0000608979	0.000000027141
15	69017999	70133340	302	40	0.0000711067	0.000000014173
15	70133341	71922648	709	40	0.0001511643	0.000000028970
15	71922649	73628713	370	33	0.0000338998	0.000000012699
15	73628714	76398623	617	40	0.0001535746	0.000000028178
15	76398624	78516052	534	40	0.0002928246	0.000000023837
15	78516053	80860977	998	40	0.0001275024	0.000000028490
15	80860978	84260467	912	40	0.0000481300	0.000000026882
15	84260468	86652904	777	40	0.0000949191	0.000000027830
15	86652905	88369942	771	40	0.0001317493	0.000000028576
15	88369943	90475550	726	40	0.0001274575	0.000000028489
15	90475551	92164391	634	40	0.0000574513	0.000000027071
15	92164392	93780901	824	40	0.0000320817	0.000000026557
15	93780902	94924329	583	40	-0.0000214405	0.000000025473
15	94924330	96141595	586	40	0.0001094542	0.000000028125
15	96141596	98030909	752	40	0.0001045287	0.000000028025
15	98030910	99244058	566	40	0.0000518712	0.000000026958
15	99244059	100636846	554	40	0.0001222394	0.000000028016
15	100636847	101552693	409	40	0.0000992827	0.000000020547
15	101552694	102520965	444	40	0.0000641289	0.000000022128
16	60054	1207205	304	40	0.0000806856	0.000000016176
16	1207206	2764828	371	40	0.0000290833	0.000000016635
16	2764829	4001195	305	40	0.0001099042	0.000000016766
16	4001196	5118344	377	40	0.0001394892	0.000000021100
16	5118345	5891579	351	40	0.0001104114	0.000000019109
16	5891580	6893550	705	40	0.0002346330	0.000000030661
16	6893551	7529120	482	40	-0.0000219357	0.000000022580
16	7529121	8338518	537	40	0.0000895563	0.000000026881
16	8338519	9799418	706	40	0.0001119917	0.000000028176
16	9799419	10426031	372	39	0.0000630858	0.000000016441
16	10426032	11520160	449	40	0.0000677497	0.000000022358
16	11520161	12613097	403	40	0.0000260313	0.000000019794
16	12613098	13154436	310	40	0.0000825993	0.000000014715
16	13154437	14464001	558	40	0.0001874306	0.000000027605
16	14464002	16154059	319	40	-0.0000308230	0.000000012940
16	16154060	17644748	398	40	-0.0000246736	0.000000017104
16	17644749	18643606	177	28	0.0002274739	0.000000012646
16	18643607	20150570	430	40	-0.0000021710	0.000000016936
16	20150571	22448903	439	40	0.0001054509	0.000000018075
16	22448904	24136874	518	40	0.0000270310	0.000000021638
16	24136875	25986861	755	40	0.0001103908	0.000000028144
16	25986862	27445754	658	40	0.0000282849	0.000000026480
16	27445755	29036612	365	40	0.0000652347	0.000000014364
16	29036613	31382942	270	33	0.0001757322	0.000000014584
16	31382943	46399472	121	16	0.0000347733	0.000000005534
16	46399473	49007925	299	33	0.0001604196	0.000000013297
16	49007926	52035822	1087	40	0.0000143140	0.000000026197
16	52035823	53382571	458	40	0.0000928648	0.000000017872
16	53382572	55903773	1202	40	-0.0000542294	0.000000024808
16	55903774	57664329	650	40	0.0000471834	0.000000026863
16	57664330	59045404	521	40	0.0001094702	0.000000024822
16	59045405	60745693	501	40	0.0002656464	0.000000026102
16	60745694	62229848	362	40	0.0000834552	0.000000014268
16	62229849	63691588	446	40	0.0000567736	0.000000019427
16	63691589	65938565	813	40	0.0001120604	0.000000028177
16	65938566	68841362	693	40	-0.0000238021	0.000000024900
16	68841363	71054027	388	40	0.0000970739	0.000000017491
16	71054028	72935149	461	38	0.0000965266	0.000000019451
16	72935150	74971502	792	40	0.0000707196	0.000000027340
16	74971503	75977953	229	30	0.0000522681	0.000000010857
16	75977954	77523677	686	40	0.0000472576	0.000000026865
16	77523678	78456291	647	40	-0.0000287575	0.000000025324
16	78456292	79134814	570	40	0.0000351364	0.000000026619
16	79134815	80297373	782	40	-0.0000282260	0.000000025335
16	80297374	81772535	793	40	0.0000250026	0.000000026414
16	81772536	82747727	587	40	0.0000247122	0.000000026408
16	82747728	83477207	606	40	0.0001871620	0.000000029699
16	83477208	84445882	721	40	0.0001043059	0.000000028020
16	84445883	85148684	474	40	-0.0000111803	0.000000023269
16	85148685	86156598	491	40	0.0000004345	0.000000024447
16	86156599	86815410	535	40	0.0000105873	0.000000026122
16	86815411	87647348	365	40	0.0000605921	0.000000019140
16	87647349	89041164	369	40	0.0000187138	0.000000018345
16	89041165	90292811	316	34	0.0001403943	0.000000017486
17	56	1172398	321	40	0.0000278241	0.000000015987
17	1172399	1928730	261	40	0.0001267725	0.000000014111
17	1928731	3702311	649	40	0.0001548589	0.000000029044
17	3702312	4696260	368	40	0.0001095262	0.000000017898
17	4696261	5741333	393	40	0.0000447374	0.000000016951
17	5741334	7317397	634	40	-0.0000416038	0.000000025064
17	7317398	8306424	318	40	-0.0000484958	0.000000013617
17	8306425	9965920	662	40	0.0000665824	0.000000027256
17	9965921	11102814	478	40	0.0000550330	0.000000021214
17	11102815	12534768	566	40	0.0000002195	0.000000025282
17	12534769	13180371	303	40	0.0000633384	0.000000015153
17	13180372	13894636	368	40	0.0001045779	0.000000019198
17	13894637	15019096	611	40	0.0000245580	0.000000026405
17	15019097	16412341	321	40	-0.0000005288	0.000000013501
17	16412342	18856319	571	40	0.0001552426	0.000000024337
17	18856320	21290356	388	40	0.0001462076	0.000000017966
17	21290357	27334243	519	40	0.0001304871	0.000000023993
17	27334244	29786490	504	39	0.0000903666	0.000000016164
17	29786491	31538424	555	40	-0.0000108600	0.000000022804
17	31538425	32912797	837	40	0.0000828005	0.000000027585
17	32912798	34469035	525	40	-0.0000045309	0.000000020634
17	34469036	36809343	516	40	-0.0000550107	0.000000020291
17	36809344	38877403	470	40	0.0000918796	0.000000019565
17	38877404	39899809	327	34	-0.0000057608	0.000000010097
17	39899810	41772086	379	39	0.0001646958	0.000000015135
17	41772087	43056904	342	38	0.0000533070	0.000000013195
17	43056905	45876021	384	40	0.0002096216	0.000000017901
17	45876022	47517399	537	40	0.0001184627	0.000000021403
17	47517400	49898956	776	40	0.0000877307	0.000000027684
17	49898957	50719054	289	27	0.0000673701	0.000000011727
17	50719055	51826117	312	34	0.0000060362	0.000000010540
17	51826118	53599431	616	40	0.0000260938	0.000000025019
17	53599432	55357540	623	40	0.0000951372	0.000000026155
17	55357541	57487511	687	40	0.0000091522	0.000000026093
17	57487512	59312754	245	23	0.0000196391	0.000000007530
17	59312755	61545588	450	40	0.0000480495	0.000000018887
17	61545589	63148127	310	37	0.0000485436	0.000000011553
17	63148128	64800429	641	40	0.0000563222	0.000000025212
17	64800430	67858769	948	40	0.0000410350	0.000000026738
17	67858770	69387816	654	40	0.0000528989	0.000000025981
17	69387817	72672202	1448	40	0.0000597200	0.000000027117
17	72672203	74375559	415	40	0.0000577969	0.000000019032
17	74375560	76263412	747	40	0.0000037267	0.000000025983
17	76263413	77298635	478	40	0.0000339233	0.000000024287
17	77298636	78837587	562	40	0.0000598650	0.000000026123
17	78837588	80034407	241	40	0.0003061067	0.000000017268
17	80034408	81194907	321	36	0.0001056332	0.000000014664
18	10644	912485	408	40	-0.0000292985	0.000000017374
18	912486	1942910	370	40	0.0000893336	0.000000015575
18	1942911	3891657	784	40	0.0000782324	0.000000027492
18	3891658	5834179	802	40	0.0000706437	0.000000027338
18	5834180	7090484	583	40	0.0002378304	0.000000029885
18	7090485	8498930	588	40	0.0000914912	0.000000027026
18	8498931	11075912	1279	40	0.0000069289	0.000000026047
18	11075913	11905439	267	40	-0.0000161479	0.000000011328
18	11905440	14440798	760	40	0.0001238433	0.000000028416
18	14440799	19485843	166	17	0.0000771722	0.000000007309
18	19485844	20649471	305	36	0.0000971367	0.000000013616
18	20649472	22996650	824	40	0.0000327383	0.000000026570
18	22996651	24026190	317	35	0.0001016805	0.000000015359
18	24026191	25927681	791	40	0.0000301682	0.000000026518
18	25927682	26875586	251	26	0.0001991379	0.000000012896
18	26875587	27866477	275	28	-0.0000201408	0.000000008984
18	27866478	30264065	888	40	0.0000691892	0.000000027309
18	30264066	31780066	347	36	0.0001152346	0.000000014600
18	31780067	33861963	619	40	0.0001070953	0.000000024147
18	33861964	35075249	483	40	0.0002413483	0.000000024045
18	35075250	36365489	496	40	0.0003400598	0.000000023440
18	36365490	37684366	353	33	0.0000003937	0.000000011611
18	37684367	39892647	781	40	0.0001730882	0.000000029046
18	39892648	42922105	947	40	0.0000228462	0.000000026370
18	42922106	44299245	692	40	-0.0000040592	0.000000025825
18	44299246	45939731	597	40	0.0000838064	0.000000025821
18	45939732	47730583	791	40	0.0000121619	0.000000026153
18	47730584	51062184	1202	40	0.0002475272	0.000000030922
18	51062185	51554174	176	16	0.0001483134	0.000000008846
18	51554175	55213837	1115	40	0.0006921148	0.000000039929
18	55213838	56530219	618	40	-0.0000709248	0.000000024418
18	56530220	57630482	590	40	0.0000088108	0.000000025928
18	57630483	59020750	443	40	0.0001136582	0.000000020057
18	59020751	60277714	546	40	0.0001262369	0.000000023855
18	60277715	61820251	583	40	0.0000327986	0.000000022120
18	61820252	63463401	519	40	0.0001775897	0.000000022287
18	63463402	64252800	246	22	0.0000352483	0.000000009024
18	64252801	66125816	743	40	0.0000161000	0.000000026233
18	66125817	67175819	334	40	0.0001030097	0.000000016316
18	67175820	68621178	470	40	0.0001516976	0.000000023691
18	68621179	69621617	385	40	0.0000956574	0.000000017617
18	69621618	71038473	569	40	-0.0000045660	0.000000023350
18	71038474	71971461	500	40	0.0001170728	0.000000025238
18	71971462	73526986	670	40	-0.0000182952	0.000000025536
18	73526987	74813814	601	40	0.0000192969	0.000000026298
18	74813815	75976316	596	40	0.0000287671	0.000000026227
18	75976317	77149990	419	40	0.0002825317	0.000000021291
18	77149991	78017157	272	39	0.0001638073	0.000000014447
19	80840	610728	105	25	0.0001259467	0.000000007577
19	610729	2098395	327	40	-0.0000266450	0.000000015508
19	2098396	3019659	245	40	0.0000800734	0.000000013374
19	3019660	4348966	330	40	0.0000542207	0.000000017091
19	4348967	5811851	413	40	0.0000616969	0.000000020984
19	5811852	6684884	216	40	0.0001344542	0.000000012670
19	6684885	8347512	550	40	-0.0000290139	0.000000024217
19	8347513	9238392	267	40	0.0000134064	0.000000009712
19	9238393	11284027	509	40	0.0000804692	0.000000020791
19	11284028	13471126	430	40	0.0001201940	0.000000020034
19	13471127	14486346	209	40	0.0001205089	0.000000011515
19	14486347	15648609	377	40	0.0000109543	0.000000016009
19	15648610	16374415	367	40	0.0001614510	0.000000015430
19	16374416	18409861	569	40	0.0000680484	0.000000027233
19	18409862	19877470	351	40	0.0000224423	0.000000014378
19	19877471	20905756	141	21	0.0000174318	0.000000006360
19	20905757	22732895	343	38	0.0001148277	0.000000013664
19	22732896	23467745	137	13	0.0000006953	0.000000004490
19	23467746	28557892	295	27	-0.0000477725	0.000000008478
19	28557893	29790946	477	40	0.0000335042	0.000000019268
19	29790947	30727953	335	40	0.0001144909	0.000000016290
19	30727954	32746519	649	40	0.0001923701	0.000000029804
19	32746520	34262951	512	40	0.0001553028	0.000000024286
19	34262952	36469294	672	40	0.0000305079	0.000000026525
19	36469295	37527032	240	20	-0.0000022240	0.000000007191
19	37527033	40170618	650	40	-0.0000341238	0.000000024062
19	40170619	40984600	189	25	-0.0000248812	0.000000006786
19	40984601	42131572	301	40	0.0002113406	0.000000017006
19	42131573	43862454	168	21	-0.0000413298	0.000000005584
19	43862455	44744107	305	40	0.0000305441	0.000000011859
19	44744108	46102696	376	40	0.0000818970	0.000000018376
19	46102697	47150081	314	40	0.0002818116	0.000000019670
19	47150082	49282226	604	40	0.0000108373	0.000000025182
19	49282227	51532566	650	40	-0.0000130424	0.000000025643
19	51532567	52985289	656	40	0.0001668515	0.000000029287
19	52985290	54602361	526	40	0.0001594973	0.000000027721
19	54602362	55728079	383	40	-0.0000093977	0.000000017205
19	55728080	57521334	694	40	0.0000299941	0.000000026515
19	57521335	59118838	550	40	0.0000325844	0.000000023370
20	60479	697599	275	40	0.0000015640	0.000000012614
20	697600	2469500	1029	40	-0.0000047053	0.000000025812
20	2469501	3828412	508	40	0.0000572581	0.000000022668
20	3828413	5477849	820	40	0.0000610905	0.000000027145
20	5477850	7084072	743	40	0.0000324567	0.000000026565
20	7084073	8117010	415	40	0.0000933847	0.000000016794
20	8117011	9730920	783	40	0.0000793744	0.000000027515
20	9730921	11249535	744	40	0.0001234504	0.000000028408
20	11249536	12447498	511	40	0.0001582644	0.000000021428
20	12447499	13689863	562	40	0.0000462844	0.000000023386
20	13689864	15958358	1002	40	0.0000466213	0.000000026852
20	15958359	17487231	958	40	0.0000233784	0.000000026381
20	17487232	18972202	625	40	0.0000854842	0.000000026641
20	18972203	20959709	901	40	0.0000606735	0.000000027136
20	20959710	22491455	416	39	0.0000203802	0.000000013716
20	22491456	23293789	361	40	0.0000326384	0.000000014326
20	23293790	24717723	535	40	0.0000636592	0.000000021388
20	24717724	25344230	230	22	0.0000293131	0.000000007776
20	25344231	31614822	602	40	0.0000934690	0.000000021314
20	31614823	32813440	295	30	-0.0000184480	0.000000010355
20	32813441	34960445	463	32	0.0000302164	0.000000012986
20	34960446	36909529	495	40	0.0001545576	0.000000020469
20	36909530	38436760	516	40	0.0000356606	0.000000019156
20	38436761	39610855	470	40	0.0000521091	0.000000020686
20	39610856	40585688	299	34	0.0000451697	0.000000012412
20	40585689	41615459	584	40	-0.0000007159	0.000000025683
20	41615460	42680175	398	40	0.0001590002	0.000000020091
20	42680176	44839055	803	40	0.0002508855	0.000000030990
20	44839056	47199979	1042	40	0.0000498309	0.000000026917
20	47199980	49239657	766	40	0.0000807244	0.000000027543
20	49239658	52472548	1357	40	0.0000982215	0.000000027897
20	52472549	54055265	630	40	0.0000655576	0.000000027235
20	54055266	56447958	1159	40	0.0000070844	0.000000026051
20	56447959	58406571	901	40	0.0001133113	0.000000028203
20	58406572	59561723	555	40	0.0000735201	0.000000024042
20	59561724	61301854	771	40	0.0000603610	0.000000027130
20	61301855	62190179	307	40	0.0000682954	0.000000015511
20	62190180	62965162	238	39	0.0000886927	0.000000012106
21	9411243	15950981	283	40	0.0000636279	0.000000013403
21	15950982	18053164	675	40	0.0000958107	0.000000027848
21	18053165	19480374	450	40	-0.0000622256	0.000000018789
21	19480375	20962338	615	40	-0.0000072408	0.000000025760
21	20962339	22072763	360	40	0.0001043803	0.000000017379
21	22072764	23362874	532	40	0.0001475246	0.000000023763
21	23362875	24696230	361	40	0.0000881724	0.000000015965
21	24696231	26469121	657	40	0.0000575349	0.000000026810
21	26469122	27271018	224	25	-0.0000315999	0.000000008445
21	27271019	29125225	876	40	-0.0000325806	0.000000025247
21	29125226	31197024	704	40	0.0000135890	0.000000024085
21	31197025	32668641	460	40	0.0003331661	0.000000021433
21	32668642	34376998	669	40	0.0000982311	0.000000027897
21	34376999	35225464	290	40	0.0000157283	0.000000013003
21	35225465	36524372	570	40	0.0000260453	0.000000026435
21	36524373	37870778	540	40	0.0000091630	0.000000021120
21	37870779	38711703	319	39	0.0000263385	0.000000011774
21	38711704	40482901	852	40	0.0001228759	0.000000028396
21	40482902	41389526	505	40	-0.0000590532	0.000000017084
21	41389527	43321527	1013	40	0.0000797003	0.000000027522
21	43321528	44506267	704	40	0.0001468672	0.000000028883
21	44506268	46177104	581	40	-0.0000620310	0.000000024650
21	46177105	47492225	515	40	0.0000183164	0.000000022141
21	47492226	48119751	246	26	0.0000981172	0.000000011525
22	16050408	17674294	221	38	0.0000814395	0.000000011703
22	17674295	18296087	266	40	0.0000441188	0.000000012648
22	18296088	19912357	543	40	-0.0000318648	0.000000021856
22	19912358	22357324	610	40	0.0002394855	0.000000027507
22	22357325	23712646	342	40	0.0000544113	0.000000015076
22	23712647	24984203	366	40	-0.0000069345	0.000000012752
22	24984204	26791627	761	40	0.0000150545	0.000000026212
22	26791628	27834751	749	40	0.0001308682	0.000000028558
22	27834752	29651798	583	40	0.0000637230	0.000000027198
22	29651799	31439917	558	40	0.0000135869	0.000000020532
22	31439918	32664985	357	33	0.0000772513	0.000000015072
22	32664986	34494913	941	40	0.0000765654	0.000000027458
22	34494914	35530984	510	40	-0.0000323611	0.000000016430
22	35530985	37570268	850	40	0.0000272313	0.000000026459
22	37570269	39307893	541	40	0.0000758405	0.000000025188
22	39307894	40545796	339	40	0.0002369875	0.000000019645
22	40545797	42690817	467	34	0.0003130063	0.000000021129
22	42690818	43714199	408	40	0.0000867834	0.000000019150
22	43714200	44995307	723	40	0.0001208446	0.000000028355
22	44995308	46470494	633	40	0.0000829974	0.000000027589
22	46470495	47596317	463	40	0.0000333742	0.000000021088
22	47596318	48903702	751	40	0.0000789703	0.000000027507
22	48903703	49824533	623	40	0.0000236352	0.000000026386
22	49824534	51243297	404	40	0.0000546939	0.000000018761
