chr	start	end	num_snp	k	local_h2g	var
1	10583	1892606	97	18	-0.0000007898	0.000000001633
1	1892607	3582735	426	40	0.0000243064	0.000000007853
1	3582736	4380810	261	40	0.0000904846	0.000000005583
1	4380811	5913892	845	40	0.0000171491	0.000000010336
1	5913893	7247334	416	40	0.0000094500	0.000000006876
1	7247335	9365198	678	40	0.0000235983	0.000000010417
1	9365199	10806983	342	40	0.0000226304	0.000000005368
1	10806984	11777840	250	40	0.0000156260	0.000000004433
1	11777841	12779465	271	40	0.0000202514	0.000000004995
1	12779466	14891510	601	40	0.0000032592	0.000000010159
1	14891511	16897729	654	40	0.0000048550	0.000000010098
1	16897730	18662898	632	40	0.0000838604	0.000000011182
1	18662899	20469148	690	40	-0.0000109629	0.000000009979
1	20469149	21736587	445	40	0.0001309686	0.000000008700
1	21736588	23086882	501	40	0.0000369674	0.000000009026
1	23086883	23920589	219	28	0.0000382519	0.000000003975
1	23920590	25516844	508	40	0.0000033744	0.000000008660
1	25516845	27401866	401	40	-0.0000014186	0.000000005467
1	27401867	30161880	535	40	0.0000584219	0.000000008346
1	30161881	32438684	891	40	-0.0000107110	0.000000009982
1	32438685	34799757	658	40	0.0000238936	0.000000010401
1	34799758	37549182	540	40	-0.0000116962	0.000000008145
1	37549183	38731846	362	40	0.0000313057	0.000000005942
1	38731847	40200566	436	40	0.0000183244	0.000000007029
1	40200567	41975326	539	40	0.0000626330	0.000000008541
1	41975327	43758456	519	40	0.0001399958	0.000000008916
1	43758457	44969182	359	35	0.0000691345	0.000000005776
1	44969183	46899500	446	38	0.0000049258	0.000000004983
1	46899501	48002575	290	33	0.0000458595	0.000000004655
1	48002576	48978187	331	40	0.0000069822	0.000000005432
1	48978188	49894176	243	28	-0.0000102826	0.000000003783
1	49894177	51713725	254	25	0.0000243526	0.000000003236
1	51713726	54226261	553	40	0.0000173275	0.000000008655
1	54226262	56413116	812	40	0.0000039357	0.000000010168
1	56413117	57021727	260	30	0.0000185419	0.000000003887
1	57021728	58865398	827	40	0.0001092615	0.000000011505
1	58865399	59890408	370	40	0.0000787156	0.000000006321
1	59890409	61922364	656	40	-0.0000526579	0.000000009449
1	61922365	63455088	517	40	0.0000467668	0.000000008725
1	63455089	65041703	633	40	0.0000125636	0.000000008574
1	65041704	66939403	635	40	-0.0000061907	0.000000008863
1	66939404	68477894	669	40	0.0000455413	0.000000009033
1	68477895	69687615	375	40	0.0000196625	0.000000005875
1	69687616	71372469	507	40	0.0000051494	0.000000007307
1	71372470	71684404	82	10	-0.0000036999	0.000000000955
1	71684405	74326906	543	40	0.0000155693	0.000000006752
1	74326907	76728134	714	40	0.0000359569	0.000000008952
1	76728135	79661197	923	40	0.0000214649	0.000000010390
1	79661198	81354190	453	40	0.0000400598	0.000000007143
1	81354191	83991747	945	40	0.0000073196	0.000000010211
1	83991748	84844494	306	35	0.0000309775	0.000000004386
1	84844495	86454750	633	40	-0.0000298580	0.000000008948
1	86454751	88128630	551	40	-0.0000007139	0.000000008082
1	88128631	90066302	509	40	0.0001229248	0.000000009003
1	90066303	91886316	549	40	0.0000054494	0.000000007937
1	91886317	93536458	493	40	-0.0000259085	0.000000006064
1	93536459	94506190	252	26	0.0000531178	0.000000003802
1	94506191	96150892	632	40	0.0000112591	0.000000009611
1	96150893	97885248	587	40	0.0000339067	0.000000007671
1	97885249	99800603	623	40	0.0000486424	0.000000008809
1	99800604	100826404	330	36	-0.0000135588	0.000000004023
1	100826405	102041015	438	40	0.0000180826	0.000000006400
1	102041016	102898744	271	36	0.0000344236	0.000000004209
1	102898745	103914210	197	21	0.0000301992	0.000000002848
1	103914211	106087841	444	40	0.0000494788	0.000000007020
1	106087842	108409664	716	40	0.0000628623	0.000000010916
1	108409665	110303930	554	40	0.0000618728	0.000000008410
1	110303931	111741736	554	40	0.0000947465	0.000000010489
1	111741737	113273305	703	40	-0.0000091189	0.000000010002
1	113273306	114873844	503	40	0.0000133381	0.000000007754
1	114873845	115880592	338	36	0.0000472448	0.000000005096
1	115880593	118839066	824	40	0.0000533836	0.000000010796
1	118839067	144977493	552	40	0.0000576116	0.000000008417
1	144977494	148361252	424	40	-0.0000109732	0.000000006092
1	148361253	151538880	347	34	0.0000236860	0.000000004918
1	151538881	153180828	463	40	0.0000442565	0.000000006389
1	153180829	154770402	442	40	0.0000152847	0.000000006546
1	154770403	156336132	302	38	0.0000105150	0.000000004791
1	156336133	158027411	594	40	-0.0000078345	0.000000008761
1	158027412	159913047	660	40	0.0000192209	0.000000010240
1	159913048	162346720	853	40	0.0000072754	0.000000010210
1	162346721	165191701	1175	40	0.0000378845	0.000000010599
1	165191702	166460516	519	40	0.0000755385	0.000000009394
1	166460517	169086323	1082	40	0.0000187524	0.000000010356
1	169086324	170557775	551	40	0.0000758582	0.000000007738
1	170557776	173097906	874	40	0.0000059513	0.000000010193
1	173097907	175089767	405	32	0.0000374561	0.000000004428
1	175089768	177433380	761	40	0.0000335524	0.000000010442
1	177433381	178944308	475	40	-0.0000215047	0.000000006443
1	178944309	178954469	2	1	-0.0000030573	0.000000000001
1	178954470	181144120	728	40	0.0000202364	0.000000010030
1	181144121	182755355	583	40	0.0001540761	0.000000011181
1	182755356	184595512	609	40	0.0000274644	0.000000008500
1	184595513	186810022	512	40	0.0000257081	0.000000007103
1	186810023	188759944	604	40	0.0000254300	0.000000008434
1	188759945	189904129	211	17	0.0000311085	0.000000002759
1	189904130	191868929	530	40	0.0000925278	0.000000007344
1	191868930	194107441	558	40	0.0001272518	0.000000009260
1	194107442	196176200	560	40	0.0000359277	0.000000007414
1	196176201	197311513	189	16	0.0000387419	0.000000002535
1	197311514	199239883	492	40	0.0000858497	0.000000008148
1	199239884	200137648	296	35	-0.0000263356	0.000000003942
1	200137649	201589974	687	40	0.0001161931	0.000000011593
1	201589975	203334733	597	40	0.0000190549	0.000000009893
1	203334734	204681067	474	40	0.0000355581	0.000000007854
1	204681068	206073264	565	40	0.0000615528	0.000000009642
1	206073265	208410363	608	40	0.0000483996	0.000000010448
1	208410364	210787749	899	40	0.0000369074	0.000000010586
1	210787750	212842329	680	40	0.0000621783	0.000000010907
1	212842330	214578265	603	40	0.0000335062	0.000000010056
1	214578266	216243633	579	40	0.0000933918	0.000000009802
1	216243634	218705512	1062	40	-0.0000031508	0.000000010078
1	218705513	219590570	275	33	0.0000123921	0.000000004111
1	219590571	221858230	676	40	-0.0000000364	0.000000009793
1	221858231	222230219	170	21	0.0000724487	0.000000003785
1	222230220	224938519	449	40	-0.0000016011	0.000000006776
1	224938520	226810859	501	40	0.0000181885	0.000000007593
1	226810860	229156247	681	40	-0.0000074971	0.000000009333
1	229156248	230685254	520	40	0.0000562488	0.000000009149
1	230685255	232090251	579	40	0.0001241920	0.000000010538
1	232090252	233429283	593	40	0.0000061449	0.000000010054
1	233429284	234599433	520	40	-0.0000111909	0.000000008516
1	234599434	235819435	376	40	-0.0000327258	0.000000005897
1	235819436	237555627	709	40	0.0000310168	0.000000010512
1	237555628	238567806	419	40	0.0000707208	0.000000007815
1	238567807	239925313	480	40	0.0000302901	0.000000008354
1	239925314	240564090	328	40	0.0000206744	0.000000005666
1	240564091	241582219	509	40	-0.0000075412	0.000000009190
1	241582220	242071601	215	38	0.0000143977	0.000000003955
1	242071602	244109498	607	40	0.0000064552	0.000000009814
1	244109499	245506745	504	40	0.0000491696	0.000000009221
1	245506746	247344517	688	40	0.0001261966	0.000000011720
1	247344518	249239465	379	40	0.0000749125	0.000000007161
2	10133	1781021	662	40	0.0000432790	0.000000010667
2	1781022	3973778	965	40	0.0001022642	0.000000011416
2	3973779	5708336	629	40	0.0000252131	0.000000010438
2	5708337	6836253	565	40	0.0001219419	0.000000010124
2	6836254	8422146	653	40	0.0001052791	0.000000011454
2	8422147	10298468	672	40	0.0000069995	0.000000010207
2	10298469	12419149	970	40	-0.0000103513	0.000000009986
2	12419150	14335307	593	40	-0.0000391725	0.000000008485
2	14335308	16329734	745	40	-0.0000154621	0.000000009921
2	16329735	18647422	859	40	-0.0000054452	0.000000010049
2	18647423	19692403	383	40	0.0000929570	0.000000007309
2	19692404	21050489	637	40	-0.0000034171	0.000000009790
2	21050490	23341382	623	40	0.0001599178	0.000000012148
2	23341383	24686917	441	40	0.0000920090	0.000000007741
2	24686918	26894984	559	40	0.0001099320	0.000000009789
2	26894985	28598776	416	33	0.0000237739	0.000000005887
2	28598777	29217558	246	31	0.0000532461	0.000000004548
2	29217559	30463710	636	40	0.0000493938	0.000000010745
2	30463711	31550449	530	40	-0.0000129110	0.000000009021
2	31550450	33363776	494	40	0.0000335475	0.000000009306
2	33363777	35345027	802	40	0.0000615406	0.000000010899
2	35345028	36122005	290	30	0.0000489010	0.000000005137
2	36122006	38132711	922	40	-0.0000137499	0.000000009943
2	38132712	39031336	326	38	0.0000296453	0.000000006385
2	39031337	40281482	303	32	-0.0000090231	0.000000005189
2	40281483	43309589	1306	40	0.0000302836	0.000000010502
2	43309590	44313802	400	40	0.0000351161	0.000000007404
2	44313803	46482633	1066	40	-0.0000049260	0.000000010055
2	46482634	47318771	415	40	0.0000569719	0.000000008854
2	47318772	48213000	298	40	0.0000776090	0.000000006711
2	48213001	50022256	713	40	0.0000134456	0.000000010288
2	50022257	50818927	345	34	0.0000274582	0.000000006055
2	50818928	52491132	647	40	0.0000148980	0.000000010307
2	52491133	53508451	464	40	0.0000202731	0.000000007883
2	53508452	54685225	433	40	0.0000008072	0.000000007353
2	54685226	56203344	612	40	0.0000521947	0.000000010780
2	56203345	57429099	428	40	0.0000637828	0.000000008151
2	57429100	58297314	272	29	0.0000040194	0.000000004588
2	58297315	60291999	736	40	0.0001031622	0.000000011428
2	60292000	62429043	586	40	0.0001132563	0.000000011474
2	62429044	64625912	583	40	0.0000463071	0.000000010097
2	64625913	65933443	464	40	0.0000691337	0.000000008604
2	65933444	67226165	553	40	-0.0000247513	0.000000008202
2	67226166	68010175	423	40	0.0000309284	0.000000006987
2	68010176	69139563	468	40	-0.0000347415	0.000000006619
2	69139564	70755197	534	40	0.0001355451	0.000000009507
2	70755198	73174847	799	40	-0.0000091726	0.000000010001
2	73174848	75630085	720	40	0.0000424874	0.000000010657
2	75630086	76913660	515	40	0.0000380013	0.000000008877
2	76913661	78079263	393	40	-0.0000137651	0.000000006905
2	78079264	80050402	823	40	0.0000463376	0.000000010706
2	80050403	81620840	578	40	0.0000028078	0.000000009991
2	81620841	85140679	890	40	0.0000665208	0.000000009664
2	85140680	88038506	632	40	0.0000679141	0.000000009398
2	88038507	89154525	243	30	0.0000671082	0.000000004401
2	89154526	95326451	4	2	0.0000044426	0.000000000136
2	95326452	98995200	425	40	0.0000309967	0.000000006463
2	98995201	101822328	904	40	0.0000845332	0.000000011191
2	101822329	102688764	259	30	0.0000661643	0.000000004409
2	102688765	103588214	406	36	0.0000709132	0.000000005456
2	103588215	105125033	303	40	0.0000345146	0.000000005015
2	105125034	106210057	405	40	0.0000572507	0.000000007098
2	106210058	107408266	442	40	0.0000421774	0.000000007130
2	107408267	108429176	355	40	0.0000459117	0.000000005099
2	108429177	110572431	525	40	0.0000160092	0.000000007626
2	110572432	113921855	792	40	-0.0000002556	0.000000010115
2	113921856	116772469	757	40	0.0000166226	0.000000010329
2	116772470	118367465	394	37	0.0000128049	0.000000005123
2	118367466	121303782	990	40	0.0000408908	0.000000010637
2	121303783	123302905	578	40	0.0000522452	0.000000009584
2	123302906	124732249	427	40	0.0000099559	0.000000005490
2	124732250	125840920	381	40	0.0000250387	0.000000005923
2	125840921	127373763	409	37	0.0000310365	0.000000005273
2	127373764	128034346	259	40	0.0000124504	0.000000004232
2	128034347	129474440	433	40	-0.0000004337	0.000000006145
2	129474441	130067169	219	26	0.0000763438	0.000000003955
2	130067170	130658084	201	26	0.0000086213	0.000000003138
2	130658085	133042783	211	35	0.0000029700	0.000000003448
2	133042784	135158577	913	40	-0.0000177112	0.000000009893
2	135158578	137042793	440	40	0.0000204259	0.000000005663
2	137042794	138698116	594	40	0.0000013656	0.000000008797
2	138698117	140100270	436	40	0.0000124097	0.000000005259
2	140100271	141805350	568	40	0.0000493289	0.000000009183
2	141805351	142518601	298	33	0.0000011662	0.000000004915
2	142518602	144519483	656	40	0.0000033688	0.000000009511
2	144519484	146445569	438	40	0.0000233435	0.000000006951
2	146445570	147277161	151	15	0.0000272452	0.000000002630
2	147277162	150210291	660	40	0.0000913716	0.000000009817
2	150210292	151731461	473	40	0.0001002780	0.000000008230
2	151731462	152486781	285	29	0.0000420151	0.000000004425
2	152486782	154005055	481	40	0.0000614631	0.000000007920
2	154005056	155391134	486	40	0.0001398317	0.000000009237
2	155391135	157560634	552	40	0.0000968291	0.000000009238
2	157560635	158533217	172	25	0.0000344859	0.000000003566
2	158533218	159577081	330	39	0.0000616344	0.000000005883
2	159577082	161769732	719	40	0.0000170406	0.000000009908
2	161769733	163503550	389	36	0.0000420749	0.000000005272
2	163503551	164466637	192	23	0.0000178808	0.000000003154
2	164466638	165178839	174	21	0.0000698447	0.000000003571
2	165178840	167160269	629	40	0.0000538191	0.000000009503
2	167160270	167355969	73	10	0.0000230206	0.000000001373
2	167355970	169968235	829	40	0.0000724668	0.000000011038
2	169968236	171226244	490	40	0.0000621153	0.000000008090
2	171226245	173138904	572	40	0.0000350116	0.000000009730
2	173138905	175588928	841	40	0.0000047490	0.000000010178
2	175588929	177363635	530	40	0.0000870604	0.000000008791
2	177363636	178553182	471	40	0.0000088757	0.000000006424
2	178553183	181312738	1005	40	0.0000719793	0.000000011032
2	181312739	182266030	297	32	0.0000259929	0.000000004444
2	182266031	184357607	614	40	0.0000307422	0.000000009514
2	184357608	185280172	231	25	-0.0000067838	0.000000003224
2	185280173	189882064	953	40	0.0000393255	0.000000010617
2	189882065	191973356	498	40	-0.0000036260	0.000000006953
2	191973357	195861163	711	40	0.0000636324	0.000000010926
2	195861164	196447455	152	20	0.0000378981	0.000000002745
2	196447456	198078109	448	40	-0.0000027393	0.000000005490
2	198078110	199311124	304	26	0.0000564542	0.000000004246
2	199311125	201576283	627	40	-0.0000115725	0.000000008774
2	201576284	202818636	316	39	0.0000347017	0.000000005179
2	202818637	205799240	743	40	0.0001009279	0.000000011399
2	205799241	206735703	404	40	0.0000168430	0.000000007415
2	206735704	208645398	654	40	0.0000693330	0.000000010998
2	208645399	209941528	333	40	0.0000914067	0.000000006260
2	209941529	212379517	738	40	-0.0000292405	0.000000009747
2	212379518	214014281	626	40	0.0000680001	0.000000010981
2	214014282	215573794	442	40	0.0000810808	0.000000007946
2	215573795	217715660	796	40	0.0000177660	0.000000010343
2	217715661	218395479	276	36	0.0000361420	0.000000005056
2	218395480	220454550	594	40	-0.0000144734	0.000000008089
2	220454551	222521175	850	40	0.0000129097	0.000000010282
2	222521176	224859418	785	40	0.0000154871	0.000000010314
2	224859419	225840003	349	36	0.0000506289	0.000000005159
2	225840004	228119841	730	40	0.0000293130	0.000000009881
2	228119842	229370786	451	40	0.0000827543	0.000000007301
2	229370787	231843388	931	40	0.0000605157	0.000000010886
2	231843389	233550002	466	40	0.0000388921	0.000000007512
2	233550003	235150986	787	40	0.0000342028	0.000000010552
2	235150987	236043549	420	40	-0.0000178545	0.000000007439
2	236043550	237449031	467	40	-0.0000126195	0.000000007425
2	237449032	238760980	532	40	0.0000154625	0.000000008672
2	238760981	239952642	411	40	0.0000156214	0.000000006833
2	239952643	241560083	645	40	-0.0000194837	0.000000009870
2	241560084	242149920	213	29	0.0000012510	0.000000003326
2	242149921	243188919	127	15	0.0000115428	0.000000002070
3	60157	1441778	618	40	0.0000318307	0.000000010522
3	1441779	2992119	896	40	0.0000187444	0.000000010356
3	2992120	4431646	767	40	0.0000384486	0.000000010606
3	4431647	6083182	765	40	0.0000015191	0.000000010137
3	6083183	7083386	428	40	0.0000995136	0.000000008928
3	7083387	8648560	860	40	0.0000041423	0.000000010170
3	8648561	9543182	486	40	0.0000118563	0.000000008646
3	9543183	11019664	593	40	0.0000311321	0.000000010513
3	11019665	13070798	737	40	0.0001043748	0.000000011443
3	13070799	14816899	792	40	0.0000114333	0.000000010263
3	14816900	16282441	530	40	0.0000170545	0.000000008064
3	16282442	17891117	500	40	0.0000798078	0.000000008496
3	17891118	19125143	342	40	0.0000218706	0.000000005601
3	19125144	20091347	196	25	-0.0000249356	0.000000003115
3	20091348	21643706	637	40	0.0001207674	0.000000011651
3	21643707	22204243	380	40	0.0000047981	0.000000006474
3	22204244	23804864	526	40	0.0000842471	0.000000009747
3	23804865	25461557	745	40	0.0000128048	0.000000010280
3	25461558	26877768	467	40	0.0000199493	0.000000007312
3	26877769	27840909	271	30	0.0000685559	0.000000005245
3	27840910	29142259	447	40	0.0000294355	0.000000007918
3	29142260	30717954	683	40	0.0000682887	0.000000010985
3	30717955	32351714	656	40	0.0001282832	0.000000011746
3	32351715	33255591	276	40	-0.0000159529	0.000000004778
3	33255592	35283457	582	40	0.0000926962	0.000000009469
3	35283458	36486841	408	40	0.0000803464	0.000000007371
3	36486842	38356115	595	40	0.0000778241	0.000000009666
3	38356116	40221297	656	40	0.0000746880	0.000000009910
3	40221298	41064527	150	16	0.0000065373	0.000000002308
3	41064528	42540001	449	40	0.0000447156	0.000000007303
3	42540002	45165152	704	40	0.0000558554	0.000000010340
3	45165153	46657499	516	40	0.0000094213	0.000000007381
3	46657500	47727211	176	17	-0.0000044067	0.000000002350
3	47727212	49316971	255	15	0.0000304633	0.000000002591
3	49316972	51832014	437	25	0.0000633070	0.000000004273
3	51832015	54081389	605	40	0.0001150774	0.000000010037
3	54081390	55348859	662	40	0.0000315091	0.000000010518
3	55348860	56433906	370	40	0.0000013112	0.000000006086
3	56433907	58157518	541	40	0.0000786121	0.000000008623
3	58157519	60272905	973	40	0.0000338403	0.000000010547
3	60272906	62355665	979	40	0.0000478054	0.000000010725
3	62355666	63669285	670	40	0.0001643945	0.000000012205
3	63669286	65273537	756	40	0.0000113333	0.000000010262
3	65273538	66270446	342	40	0.0001284133	0.000000008041
3	66270447	68286913	640	40	-0.0000215703	0.000000009844
3	68286914	69276761	365	40	0.0000471078	0.000000006970
3	69276762	70449027	389	40	0.0000178135	0.000000006982
3	70449028	72529328	790	40	0.0000512969	0.000000010769
3	72529329	74321816	717	40	0.0000823807	0.000000011164
3	74321817	75704948	271	31	0.0000321256	0.000000004562
3	75704949	77508834	482	40	0.0000670906	0.000000008497
3	77508835	79024540	405	40	0.0000109478	0.000000006552
3	79024541	81427309	487	40	0.0001644861	0.000000007792
3	81427310	82643885	294	27	-0.0000182878	0.000000003501
3	82643886	84367478	313	32	0.0000944004	0.000000005552
3	84367479	85582230	253	22	0.0000624608	0.000000004181
3	85582231	87409731	450	40	0.0000756693	0.000000006908
3	87409732	88298372	187	19	0.0000002419	0.000000002308
3	88298373	94255315	460	40	0.0000685923	0.000000007202
3	94255316	95311970	215	18	0.0000502518	0.000000003223
3	95311971	98215949	563	40	0.0001065660	0.000000008472
3	98215950	99373761	328	39	0.0000584036	0.000000005116
3	99373762	100592216	332	28	-0.0000028457	0.000000003978
3	100592217	103084959	657	40	0.0000211728	0.000000008906
3	103084960	104581612	411	40	0.0000091084	0.000000005721
3	104581613	106982810	711	40	0.0000095449	0.000000010239
3	106982811	109522394	762	40	0.0000454085	0.000000010694
3	109522395	110513769	250	25	0.0000402808	0.000000003378
3	110513770	112815698	691	40	0.0000151907	0.000000009702
3	112815699	113947862	375	40	-0.0000119614	0.000000005071
3	113947863	115447079	405	40	0.0000289960	0.000000007225
3	115447080	116800152	519	40	0.0000506417	0.000000008450
3	116800153	118530250	569	40	0.0000695710	0.000000010047
3	118530251	120523054	666	40	0.0000180910	0.000000008624
3	120523055	121974096	388	37	-0.0000011313	0.000000004060
3	121974097	123517767	525	40	0.0000850561	0.000000008583
3	123517768	124936641	624	40	0.0000449555	0.000000009735
3	124936642	126214942	384	40	0.0000270912	0.000000005768
3	126214943	128194860	670	40	0.0000429955	0.000000010197
3	128194861	130244734	436	40	-0.0000443475	0.000000005487
3	130244735	131836515	547	40	0.0000233049	0.000000007476
3	131836516	133252172	515	40	0.0000672975	0.000000007832
3	133252173	135456905	864	40	0.0000435967	0.000000010671
3	135456906	137371082	440	38	0.0000302934	0.000000005949
3	137371083	139954596	843	40	0.0001080274	0.000000011489
3	139954597	141339096	476	40	0.0000412022	0.000000008108
3	141339097	143164627	624	40	0.0000192321	0.000000009834
3	143164628	144410815	388	40	0.0000120170	0.000000005919
3	144410816	145664618	351	40	-0.0000510434	0.000000003931
3	145664619	146726628	336	40	0.0000736792	0.000000005814
3	146726629	149043236	682	40	-0.0000024239	0.000000010087
3	149043237	150252003	425	40	-0.0000089760	0.000000006946
3	150252004	151348729	365	40	0.0000457292	0.000000006448
3	151348730	153256570	565	40	0.0000761339	0.000000009361
3	153256571	154714217	407	40	0.0000115664	0.000000005127
3	154714218	156008699	330	40	0.0000158332	0.000000005363
3	156008700	157312027	451	40	-0.0000022392	0.000000005961
3	157312028	159477889	642	40	0.0000520653	0.000000008448
3	159477890	161524503	567	40	0.0000133037	0.000000006824
3	161524504	163253204	472	40	0.0000400774	0.000000006457
3	163253205	165055468	435	35	0.0000075911	0.000000004714
3	165055469	167117428	451	40	0.0000339575	0.000000006298
3	167117429	168580959	363	40	0.0000669111	0.000000005748
3	168580960	170964908	719	40	-0.0000088054	0.000000010006
3	170964909	172295730	508	40	0.0000160926	0.000000008660
3	172295731	173477284	385	40	-0.0000267556	0.000000006134
3	173477285	175116538	598	40	0.0000247728	0.000000010432
3	175116539	176320286	338	40	0.0000050152	0.000000004923
3	176320287	178107164	533	40	0.0000366442	0.000000008880
3	178107165	179374585	385	40	0.0000456306	0.000000006144
3	179374586	181511165	462	40	0.0000218714	0.000000007195
3	181511166	183769682	663	40	0.0000482925	0.000000010122
3	183769683	185068254	415	40	0.0000246990	0.000000007332
3	185068255	186890343	660	40	0.0000250324	0.000000010436
3	186890344	188856213	804	40	0.0000233478	0.000000010414
3	188856214	190226606	621	40	-0.0000116507	0.000000009970
3	190226607	192343813	742	40	0.0000154908	0.000000010314
3	192343814	194059670	512	40	0.0000063661	0.000000008779
3	194059671	194786673	264	40	0.0000074191	0.000000004732
3	194786674	195971407	226	37	0.0000249759	0.000000004290
3	195971408	197075986	287	40	0.0000266356	0.000000005076
3	197075987	197946621	181	28	0.0000206655	0.000000003310
4	10240	694714	105	12	0.0000112253	0.000000001946
4	694715	1478710	220	25	0.0000098093	0.000000003575
4	1478711	2842978	261	40	0.0000000563	0.000000004417
4	2842979	3846039	257	36	0.0000341967	0.000000004991
4	3846040	4684115	226	37	0.0000003413	0.000000004079
4	4684116	5502387	391	40	0.0000357917	0.000000007614
4	5502388	6773042	687	40	-0.0000087658	0.000000010006
4	6773043	7539691	402	40	-0.0000310745	0.000000007231
4	7539692	8152234	355	40	0.0000364586	0.000000007178
4	8152235	9326478	245	40	0.0000628926	0.000000005153
4	9326479	10699151	509	38	0.0000565467	0.000000007473
4	10699152	12323033	644	40	0.0000331309	0.000000010538
4	12323034	14272000	711	40	0.0000025472	0.000000010150
4	14272001	15147445	381	40	0.0000364950	0.000000006775
4	15147446	15927008	249	33	0.0000266212	0.000000004472
4	15927009	17383321	663	40	0.0000421926	0.000000010653
4	17383322	18841873	419	40	0.0000021626	0.000000006360
4	18841874	20544556	467	40	0.0000034618	0.000000006336
4	20544557	22319346	668	40	0.0000613444	0.000000010897
4	22319347	24135528	604	40	0.0000629664	0.000000010045
4	24135529	25609321	602	40	0.0000906424	0.000000011208
4	25609322	27343721	566	40	0.0000071293	0.000000009863
4	27343722	27965867	199	28	0.0000855350	0.000000004434
4	27965868	29762207	527	40	0.0000910021	0.000000008881
4	29762208	30454534	158	24	-0.0000104268	0.000000002254
4	30454535	31782980	400	40	0.0000184153	0.000000006646
4	31782981	33172765	312	36	0.0000673436	0.000000005794
4	33172766	35151414	357	32	0.0000265308	0.000000004471
4	35151415	36020435	273	34	0.0000336050	0.000000004037
4	36020436	37255046	432	40	0.0000457189	0.000000006468
4	37255047	38907021	786	40	-0.0000070811	0.000000010028
4	38907022	40202608	400	40	0.0000346219	0.000000006125
4	40202609	42213057	715	40	0.0000164340	0.000000010326
4	42213058	43965044	528	40	-0.0000080921	0.000000007482
4	43965045	45189156	339	38	0.0000335200	0.000000004741
4	45189157	47411895	453	40	0.0000734260	0.000000007041
4	47411896	48123599	221	25	-0.0000071367	0.000000002717
4	48123600	53877432	481	39	0.0000286364	0.000000006554
4	53877433	55429555	534	40	0.0000112171	0.000000008051
4	55429556	56547643	368	40	0.0000063659	0.000000005767
4	56547644	58935007	849	40	0.0000143735	0.000000010300
4	58935008	60741086	450	40	-0.0000219186	0.000000005953
4	60741087	62371762	425	40	0.0001261314	0.000000007830
4	62371763	64341000	434	40	0.0000145011	0.000000006880
4	64341001	66600491	502	40	0.0000218796	0.000000006892
4	66600492	68059496	385	40	0.0000128406	0.000000005466
4	68059497	68854764	245	31	0.0001331185	0.000000004916
4	68854765	71049151	438	40	0.0000557906	0.000000005547
4	71049152	72140557	219	27	0.0000003926	0.000000002973
4	72140558	74592389	486	40	0.0000796967	0.000000007626
4	74592390	77130706	731	40	0.0000277028	0.000000009780
4	77130707	79093978	729	40	0.0000357487	0.000000010572
4	79093979	80990296	560	40	0.0000681241	0.000000007762
4	80990297	82125314	243	30	0.0000503785	0.000000004270
4	82125315	83372592	361	40	0.0000218134	0.000000005701
4	83372593	84799655	481	40	0.0000188995	0.000000007198
4	84799656	86930608	588	40	0.0000899543	0.000000008989
4	86930609	87534647	139	18	0.0000115400	0.000000002110
4	87534648	89238027	567	40	0.0000100828	0.000000008381
4	89238028	90231563	322	40	-0.0000064833	0.000000004939
4	90231564	91560676	338	40	-0.0000370345	0.000000004249
4	91560677	94233298	565	40	0.0000176887	0.000000009044
4	94233299	96182187	607	40	0.0000975678	0.000000010869
4	96182188	97540702	486	40	-0.0000041176	0.000000007573
4	97540703	99424066	403	36	0.0000263863	0.000000004912
4	99424067	100678359	410	40	0.0000504668	0.000000006286
4	100678360	103221355	795	40	0.0000038864	0.000000010167
4	103221356	105305293	488	40	0.0001269542	0.000000008043
4	105305294	107501304	580	40	0.0000243265	0.000000007914
4	107501305	108815347	359	40	0.0000020644	0.000000004966
4	108815348	111256566	769	40	0.0000551049	0.000000010817
4	111256567	113870101	722	40	0.0000126215	0.000000010278
4	113870102	115666245	606	40	0.0000326278	0.000000010187
4	115666246	117276928	337	36	-0.0000073086	0.000000004143
4	117276929	118479917	337	38	0.0000073453	0.000000004892
4	118479918	119933511	418	40	-0.0000085035	0.000000005296
4	119933512	120392683	148	16	-0.0000048338	0.000000001843
4	120392684	122657986	698	40	0.0000002232	0.000000010121
4	122657987	124286480	381	37	0.0000598895	0.000000005558
4	124286481	125210861	263	36	0.0000894939	0.000000005108
4	125210862	126480885	387	40	0.0000286608	0.000000006393
4	126480886	127275476	218	31	-0.0000012874	0.000000003454
4	127275477	127830292	162	22	-0.0000282796	0.000000002248
4	127830293	128996664	194	15	0.0000111017	0.000000002948
4	128996665	130591884	443	40	0.0000272912	0.000000006658
4	130591885	131283820	183	22	0.0000517275	0.000000003603
4	131283821	132954032	352	40	0.0000666787	0.000000006471
4	132954033	134628433	369	39	0.0000178231	0.000000005368
4	134628434	136566406	424	40	0.0000726001	0.000000006667
4	136566407	138541970	513	40	0.0000431010	0.000000008496
4	138541971	139556510	352	40	0.0000853405	0.000000006768
4	139556511	141084630	502	40	0.0000772591	0.000000009355
4	141084631	143443264	713	40	0.0000238841	0.000000010421
4	143443265	146178186	509	40	0.0000047526	0.000000006271
4	146178187	148521872	613	40	0.0000734706	0.000000009935
4	148521873	150683579	527	40	0.0001282551	0.000000009273
4	150683580	152782183	514	40	0.0000917766	0.000000007011
4	152782184	154477640	501	40	0.0000517362	0.000000009132
4	154477641	155056125	205	28	-0.0000191107	0.000000003028
4	155056126	157485096	796	40	0.0000726923	0.000000011041
4	157485097	158743717	320	40	0.0001271716	0.000000006552
4	158743718	161058863	518	40	0.0000397395	0.000000007422
4	161058864	161826434	263	33	0.0000108774	0.000000004575
4	161826435	163243678	435	40	-0.0000103084	0.000000006383
4	163243679	164478233	328	40	0.0000980545	0.000000006264
4	164478234	165823447	416	40	0.0000026062	0.000000007072
4	165823448	167018857	359	40	-0.0000107175	0.000000005994
4	167018858	167852916	185	26	-0.0000130396	0.000000002582
4	167852917	169676824	576	40	-0.0000563055	0.000000008450
4	169676825	170776509	313	37	0.0000310029	0.000000005172
4	170776510	172558634	411	40	0.0000632409	0.000000006972
4	172558635	174264131	392	40	0.0000221941	0.000000006008
4	174264132	176570715	626	40	0.0000000430	0.000000010118
4	176570716	178991909	817	40	-0.0000419401	0.000000009585
4	178991910	180122042	319	40	0.0000271028	0.000000005747
4	180122043	182066806	804	40	0.0000209470	0.000000010384
4	182066807	183371274	707	40	0.0000340574	0.000000010550
4	183371275	184929454	584	40	0.0000375462	0.000000010594
4	184929455	186909089	870	40	0.0000170758	0.000000010335
4	186909090	188472980	609	40	0.0000370810	0.000000010589
4	188472981	189693510	403	40	0.0000036583	0.000000007207
4	189693511	191043593	286	40	0.0000168866	0.000000004953
5	11940	982251	229	26	-0.0000016882	0.000000003490
5	982252	2132441	453	40	-0.0000108686	0.000000008317
5	2132442	3361940	782	40	-0.0000151405	0.000000009926
5	3361941	4632109	530	40	0.0000023739	0.000000008323
5	4632110	5973232	689	40	-0.0000474044	0.000000009516
5	5973233	7143217	568	40	0.0000196085	0.000000009150
5	7143218	8446335	582	40	0.0000478781	0.000000009346
5	8446336	9718831	601	40	0.0000495542	0.000000009672
5	9718832	11173270	730	40	0.0000165432	0.000000010328
5	11173271	13464831	559	40	0.0000081574	0.000000008498
5	13464832	14757803	584	40	0.0000533488	0.000000009477
5	14757804	16963612	750	40	0.0000256492	0.000000010443
5	16963613	18051591	262	40	0.0000475069	0.000000005139
5	18051592	19917715	543	40	0.0000010845	0.000000007417
5	19917716	22152072	436	40	-0.0000047116	0.000000005889
5	22152073	23494323	402	40	0.0000021951	0.000000005573
5	23494324	26184850	647	40	0.0000054225	0.000000009700
5	26184851	26857603	150	22	-0.0000028682	0.000000002269
5	26857604	27984512	217	32	0.0000309287	0.000000003842
5	27984513	29714819	395	40	0.0001061265	0.000000006689
5	29714820	31390248	569	40	0.0000105230	0.000000008326
5	31390249	33500179	803	40	-0.0000081180	0.000000010015
5	33500180	35048969	540	40	0.0000110084	0.000000008777
5	35048970	36433953	472	40	0.0000068829	0.000000006662
5	36433954	38802409	754	40	0.0000100460	0.000000010245
5	38802410	40287728	533	40	0.0000114197	0.000000006962
5	40287729	41888709	538	40	0.0000471145	0.000000006647
5	41888710	43983498	405	31	0.0000955928	0.000000006232
5	43983499	50163397	411	30	0.0000580403	0.000000005374
5	50163398	52134621	556	40	0.0000267721	0.000000008208
5	52134622	53703043	593	40	0.0000409399	0.000000009481
5	53703044	55417348	589	40	0.0000115417	0.000000008278
5	55417349	56621101	496	40	0.0000066112	0.000000007527
5	56621102	57340072	265	36	-0.0000011582	0.000000003758
5	57340073	58524621	529	40	0.0000628308	0.000000008483
5	58524622	60935906	678	40	0.0000840731	0.000000010272
5	60935907	61672994	265	27	0.0000559911	0.000000004462
5	61672995	63218986	474	40	0.0001125323	0.000000007496
5	63218987	63968303	174	19	-0.0000088976	0.000000002434
5	63968304	65911285	612	40	0.0000367387	0.000000008759
5	65911286	67850859	769	40	0.0000802484	0.000000011137
5	67850860	71240455	443	40	0.0002246617	0.000000009161
5	71240456	73759325	949	40	0.0000122544	0.000000010273
5	73759326	75798865	673	40	0.0000637280	0.000000010602
5	75798866	77623331	707	40	0.0000495947	0.000000010747
5	77623332	79393143	647	40	0.0000404273	0.000000010631
5	79393144	80481470	439	40	0.0000771037	0.000000008037
5	80481471	82025647	495	40	0.0000696359	0.000000008995
5	82025648	83972688	521	40	0.0000612119	0.000000009759
5	83972689	85767289	489	40	0.0000382982	0.000000007565
5	85767290	87389990	269	31	0.0000793668	0.000000005261
5	87389991	88891529	300	32	0.0000040835	0.000000004166
5	88891530	90422653	419	40	0.0000498481	0.000000006520
5	90422654	91840541	261	32	0.0000399518	0.000000004540
5	91840542	93809983	406	40	0.0000661068	0.000000006323
5	93809984	95963518	680	40	0.0000088657	0.000000010230
5	95963519	97315600	406	40	-0.0000498963	0.000000004691
5	97315601	99260991	477	40	0.0000099778	0.000000006681
5	99260992	101578768	496	40	0.0000576438	0.000000007427
5	101578769	103320004	473	40	0.0000181814	0.000000006643
5	103320005	104851482	404	40	0.0000546940	0.000000006864
5	104851483	105893054	163	21	0.0000563645	0.000000003682
5	105893055	107264195	547	40	0.0000774645	0.000000010756
5	107264196	108633933	376	40	0.0000496013	0.000000006719
5	108633934	110821143	617	40	0.0000365749	0.000000009568
5	110821144	111981561	413	40	0.0000241174	0.000000007325
5	111981562	113396284	535	40	0.0000698832	0.000000009200
5	113396285	114830369	508	40	0.0000142014	0.000000007826
5	114830370	115831046	424	40	0.0000577036	0.000000007448
5	115831047	117346212	543	40	-0.0000004181	0.000000009463
5	117346213	118608819	366	40	0.0000333218	0.000000006654
5	118608820	119669041	325	37	0.0000854463	0.000000006346
5	119669042	120452165	227	24	0.0000316870	0.000000004174
5	120452166	122556904	654	40	-0.0000009999	0.000000010105
5	122556905	123798099	433	40	0.0000572615	0.000000007644
5	123798100	125785648	820	40	0.0000842201	0.000000011187
5	125785649	127344603	423	40	0.0000659142	0.000000007067
5	127344604	129519024	643	40	0.0000056543	0.000000008426
5	129519025	132139648	600	40	0.0000843526	0.000000007765
5	132139649	134777400	889	40	0.0000396663	0.000000010621
5	134777401	136376049	583	40	0.0000996678	0.000000009153
5	136376050	139265071	685	40	0.0000121886	0.000000008792
5	139265072	140645970	349	31	0.0000726284	0.000000005135
5	140645971	142981247	906	40	0.0000194411	0.000000010365
5	142981248	144943353	617	40	0.0000253174	0.000000008817
5	144943354	147181997	727	40	0.0000658274	0.000000010954
5	147181998	148662623	545	40	-0.0000042476	0.000000007976
5	148662624	150561297	840	40	0.0000699613	0.000000011006
5	150561298	152867773	833	40	0.0001012973	0.000000011384
5	152867774	153773087	423	40	0.0000029241	0.000000005481
5	153773088	155373504	555	40	0.0000388384	0.000000008847
5	155373505	156628699	371	40	0.0000887444	0.000000006589
5	156628700	158825697	861	40	0.0000476650	0.000000010723
5	158825698	159973943	412	40	0.0000045226	0.000000006915
5	159973944	161482132	511	40	0.0000182210	0.000000007189
5	161482133	162743907	350	40	-0.0000104227	0.000000005332
5	162743908	163771581	375	40	0.0000485118	0.000000006624
5	163771582	165642394	536	40	0.0000454847	0.000000009863
5	165642395	166847739	414	40	0.0001119717	0.000000009167
5	166847740	168525317	759	40	0.0000799427	0.000000011133
5	168525318	169505663	473	40	0.0000213403	0.000000008260
5	169505664	171074291	648	40	0.0000234400	0.000000010415
5	171074292	172678326	663	40	0.0000599695	0.000000010879
5	172678327	173642870	485	40	0.0000358759	0.000000008323
5	173642871	175450594	797	40	-0.0000067331	0.000000010032
5	175450595	177251506	335	40	-0.0000106849	0.000000004966
5	177251507	178413463	428	40	0.0000272390	0.000000007931
5	178413464	179401243	347	40	0.0000440117	0.000000006668
5	179401244	180559932	323	40	0.0000164949	0.000000005512
5	180559933	180885155	41	9	0.0000111511	0.000000000862
6	73924	1452361	667	40	-0.0000185093	0.000000009883
6	1452362	2458935	429	40	0.0000267503	0.000000007439
6	2458936	3573592	571	40	0.0000230209	0.000000009862
6	3573593	4617816	509	40	0.0000855156	0.000000009257
6	4617817	5791471	582	40	0.0000112888	0.000000009896
6	5791472	6785206	590	40	0.0000029550	0.000000010155
6	6785207	7808935	509	40	0.0000433833	0.000000009208
6	7808936	9020025	494	40	0.0000119985	0.000000007373
6	9020026	10540316	602	40	0.0000036577	0.000000009758
6	10540317	11790815	543	40	0.0000649413	0.000000009664
6	11790816	13209387	589	40	0.0000075988	0.000000009281
6	13209388	14802923	673	40	0.0000236892	0.000000010419
6	14802924	17386404	984	40	0.0000038233	0.000000010166
6	17386405	19207486	634	40	0.0000270955	0.000000008678
6	19207487	21684064	1020	40	0.0000185369	0.000000010353
6	21684065	22748306	513	40	0.0000208738	0.000000008943
6	22748307	23936618	487	40	0.0000094736	0.000000008677
6	23936619	24852274	397	40	0.0000771539	0.000000008078
6	24852275	25684586	447	40	0.0001331216	0.000000008586
6	25684587	26791232	475	35	0.0000907169	0.000000006312
6	26791233	28017818	273	19	0.0000641215	0.000000003921
6	28017819	28917607	186	14	0.0001015027	0.000000002868
6	28917608	29737970	28	4	0.0000167485	0.000000000492
6	29737971	30798167	1	0	-0.0000000000	0.000000000020
6	30798168	31571217	104	18	0.0000787564	0.000000002660
6	31571218	32682663	96	12	0.0000396460	0.000000001864
6	32682664	33236496	176	26	0.0000438026	0.000000003221
6	33236497	35455755	699	40	0.0000158238	0.000000010177
6	35455756	37572595	814	40	0.0000452482	0.000000010692
6	37572596	39295676	758	40	0.0000631750	0.000000010920
6	39295677	40345114	399	40	0.0000464529	0.000000006780
6	40345115	42038720	714	40	-0.0000221760	0.000000009836
6	42038721	43756168	443	40	0.0000240870	0.000000007143
6	43756169	45406562	576	40	0.0000109170	0.000000009465
6	45406563	47311897	756	40	-0.0000057935	0.000000010044
6	47311898	48391124	354	38	0.0000224421	0.000000004761
6	48391125	50386144	491	40	0.0000603513	0.000000006290
6	50386145	52210475	620	40	0.0000563289	0.000000009109
6	52210476	53279101	426	40	0.0000681387	0.000000007095
6	53279102	55468269	854	40	0.0000727989	0.000000011022
6	55468270	56105312	210	20	-0.0000044272	0.000000002370
6	56105313	57599464	345	37	0.0000102108	0.000000004828
6	57599465	61880511	116	9	0.0000114869	0.000000001327
6	61880512	63552887	334	22	0.0000350228	0.000000004095
6	63552888	65765741	443	40	0.0000003092	0.000000005751
6	65765742	67329214	480	40	0.0000573080	0.000000007544
6	67329215	68849482	461	40	0.0000096863	0.000000006273
6	68849483	69523447	216	26	0.0000653138	0.000000003876
6	69523448	71609509	740	40	0.0000462190	0.000000010136
6	71609510	73450096	627	40	-0.0000233427	0.000000008645
6	73450097	75462002	571	40	0.0000281960	0.000000008064
6	75462003	77414880	445	40	-0.0000281369	0.000000005309
6	77414881	78957727	484	40	-0.0000314610	0.000000004945
6	78957728	80691169	577	40	-0.0000239614	0.000000007807
6	80691170	81929221	366	27	0.0000443520	0.000000004536
6	81929222	83127148	348	40	0.0000482548	0.000000005633
6	83127149	85209988	555	40	0.0000391387	0.000000007859
6	85209989	87069499	592	40	-0.0000212382	0.000000006628
6	87069500	88822139	538	40	0.0000492570	0.000000007583
6	88822140	89973051	430	40	-0.0000098691	0.000000006611
6	89973052	91843195	733	40	-0.0000246569	0.000000009805
6	91843196	93428643	464	40	0.0000417016	0.000000007588
6	93428644	94118141	281	40	-0.0000000715	0.000000004033
6	94118142	94441174	83	8	0.0000280236	0.000000001336
6	94441175	97093510	614	40	0.0000595880	0.000000009171
6	97093511	97842283	228	26	0.0000606065	0.000000003876
6	97842284	100630145	785	40	0.0000792905	0.000000011124
6	100630146	102636771	489	40	0.0000192868	0.000000007425
6	102636772	103983394	330	33	0.0000288286	0.000000004782
6	103983395	106056732	660	40	-0.0000202582	0.000000009029
6	106056733	107450305	622	40	0.0000350293	0.000000010563
6	107450306	108464379	346	40	0.0000581139	0.000000006262
6	108464380	110304246	529	40	0.0000605282	0.000000007686
6	110304247	112345013	607	40	0.0000381087	0.000000009202
6	112345014	114220832	625	40	0.0000122299	0.000000008712
6	114220833	116131395	473	40	0.0000196183	0.000000005935
6	116131396	117672971	466	40	-0.0000156611	0.000000005952
6	117672972	118963114	368	39	0.0000260235	0.000000005351
6	118963115	119963277	318	36	0.0000529068	0.000000005188
6	119963278	120512127	164	18	0.0000627258	0.000000002999
6	120512128	121905675	374	36	0.0000347017	0.000000004917
6	121905676	123856180	595	40	0.0000349892	0.000000007948
6	123856181	125424382	594	40	0.0000837695	0.000000011181
6	125424383	127540460	458	40	0.0000251923	0.000000006813
6	127540461	129861030	608	40	0.0000402873	0.000000009270
6	129861031	130935453	489	40	0.0000150985	0.000000007918
6	130935454	132765668	596	40	0.0000085903	0.000000008969
6	132765669	134244242	580	40	0.0000122007	0.000000008813
6	134244243	136224176	582	40	0.0000163979	0.000000010022
6	136224177	137614217	338	40	0.0000255377	0.000000005990
6	137614218	138822628	473	40	-0.0000221462	0.000000007284
6	138822629	139845435	379	40	0.0000660548	0.000000007250
6	139845436	142288478	526	40	0.0001442148	0.000000009212
6	142288479	145319809	1030	40	-0.0000458917	0.000000009535
6	145319810	146665423	310	26	0.0000364728	0.000000003893
6	146665424	148920351	913	40	-0.0000232388	0.000000009823
6	148920352	150253403	514	40	0.0000654333	0.000000008172
6	150253404	151912702	877	40	0.0000919669	0.000000011285
6	151912703	153094495	552	40	0.0000375914	0.000000008811
6	153094496	154974119	791	40	0.0000958732	0.000000011335
6	154974120	156763325	719	40	0.0000327329	0.000000010533
6	156763326	158218718	373	40	0.0000577177	0.000000006983
6	158218719	160580496	1025	40	-0.0000075938	0.000000010021
6	160580497	162169563	756	40	-0.0000019032	0.000000010094
6	162169564	162931202	371	40	-0.0000135117	0.000000006322
6	162931203	164383520	671	40	0.0000089275	0.000000010231
6	164383521	165586863	534	40	0.0000127264	0.000000008212
6	165586864	167024732	799	40	0.0000882875	0.000000011239
6	167024733	168042834	419	40	0.0000971992	0.000000007949
6	168042835	169382049	574	40	0.0000790961	0.000000009966
6	169382050	170330172	391	40	-0.0000093733	0.000000005507
6	170330173	171051269	233	30	-0.0000044744	0.000000003655
7	16161	972751	88	15	0.0000737606	0.000000002577
7	972752	1353066	98	16	0.0000508965	0.000000002408
7	1353067	2062397	136	21	0.0000039097	0.000000002616
7	2062398	2772226	212	34	0.0000372340	0.000000004345
7	2772227	4573427	841	40	0.0000496842	0.000000010749
7	4573428	5416231	202	40	0.0000510125	0.000000004600
7	5416232	5854525	98	16	0.0000341014	0.000000002275
7	5854526	6573856	139	22	0.0000161538	0.000000002751
7	6573857	7808751	412	40	0.0000517950	0.000000007999
7	7808752	9123422	723	40	0.0000083595	0.000000010224
7	9123423	9987498	353	40	0.0000391078	0.000000006868
7	9987499	11299197	465	40	0.0000778575	0.000000009301
7	11299198	12635460	688	40	0.0000619655	0.000000010904
7	12635461	13884201	561	40	0.0000835871	0.000000011179
7	13884202	15143656	567	40	0.0000286140	0.000000010481
7	15143657	16902068	746	40	0.0000247173	0.000000010432
7	16902069	19481546	1017	40	0.0000273189	0.000000010465
7	19481547	20124907	228	28	0.0000029479	0.000000004051
7	20124908	22507628	1185	40	0.0001537043	0.000000012069
7	22507629	23471441	309	40	-0.0000157148	0.000000005185
7	23471442	25077258	696	40	0.0000697479	0.000000011003
7	25077259	25909554	443	40	-0.0000176877	0.000000006734
7	25909555	28360308	878	40	-0.0000231113	0.000000009824
7	28360309	31137288	1229	40	0.0000137887	0.000000010293
7	31137289	33555767	982	40	-0.0000173385	0.000000009898
7	33555768	36213537	1004	40	0.0000941612	0.000000011313
7	36213538	37555183	632	40	0.0000121855	0.000000010272
7	37555184	38966702	629	40	0.0000680614	0.000000009663
7	38966703	39862669	313	35	0.0000609154	0.000000005229
7	39862670	42001810	611	40	-0.0000169628	0.000000008686
7	42001811	43159073	398	40	0.0000010915	0.000000006386
7	43159074	44763827	466	40	0.0000522086	0.000000007439
7	44763828	45952921	351	40	0.0000639127	0.000000006517
7	45952922	46986719	407	40	0.0000481138	0.000000006498
7	46986720	49212277	891	40	0.0000490332	0.000000010740
7	49212278	51675321	883	40	0.0000327037	0.000000010533
7	51675322	53176311	630	40	0.0000162880	0.000000009250
7	53176312	54222975	370	40	0.0000861699	0.000000005871
7	54222976	55691583	526	40	0.0000452514	0.000000008625
7	55691584	57382637	241	28	-0.0000021778	0.000000003282
7	57382638	63307358	123	14	0.0000039022	0.000000001893
7	63307359	63641124	52	6	0.0000019494	0.000000000766
7	63641125	65689808	306	26	0.0000271612	0.000000004157
7	65689809	68234073	698	40	0.0001467888	0.000000011555
7	68234074	69085363	263	39	0.0000622351	0.000000005004
7	69085364	71874884	833	40	0.0001262105	0.000000011720
7	71874885	73334601	148	22	-0.0000044899	0.000000002228
7	73334602	76458563	347	40	0.0000150012	0.000000005695
7	76458564	78093858	603	40	-0.0000235015	0.000000009657
7	78093859	79888068	642	40	0.0000454143	0.000000010491
7	79888069	82022685	712	40	0.0001135054	0.000000011559
7	82022686	83801202	626	40	0.0000656976	0.000000010485
7	83801203	85572181	401	40	0.0000192880	0.000000005427
7	85572182	87825003	561	40	0.0000338621	0.000000007287
7	87825004	90661783	952	40	0.0000041571	0.000000010171
7	90661784	92493751	423	40	0.0000818724	0.000000006866
7	92493752	93966600	351	40	0.0000621156	0.000000006756
7	93966601	96073507	691	40	0.0000330588	0.000000010537
7	96073508	97099569	308	40	0.0000716110	0.000000005546
7	97099570	98715473	415	40	0.0000433923	0.000000006903
7	98715474	100196650	248	26	0.0000643564	0.000000004045
7	100196651	101199252	245	37	0.0000070025	0.000000004244
7	101199253	103197509	384	40	0.0000490248	0.000000006691
7	103197510	104159524	471	40	0.0000525098	0.000000007928
7	104159525	105682904	536	40	0.0000312691	0.000000008812
7	105682905	107780177	738	40	0.0000496383	0.000000010748
7	107780178	109647593	552	40	0.0000960987	0.000000009148
7	109647594	112618683	826	40	-0.0000089824	0.000000010004
7	112618684	113712386	217	26	0.0000489246	0.000000003829
7	113712387	116780177	709	40	0.0000661420	0.000000010186
7	116780178	118351580	372	38	0.0000919260	0.000000005722
7	118351581	121045272	437	40	0.0000357553	0.000000006119
7	121045273	121933629	228	28	-0.0000148528	0.000000002941
7	121933630	124156804	656	40	0.0000593758	0.000000009270
7	124156805	124167551	6	2	-0.0000008498	0.000000000089
7	124167552	126519169	659	40	0.0000780724	0.000000008778
7	126519170	126869220	139	18	0.0000106429	0.000000002079
7	126869221	128778385	590	40	-0.0000170001	0.000000007450
7	128778386	130422413	467	40	-0.0000247743	0.000000006786
7	130422414	132805847	915	40	0.0000359775	0.000000010575
7	132805848	134307595	439	35	0.0000679151	0.000000006789
7	134307596	135591082	499	40	0.0000363999	0.000000007683
7	135591083	136876561	407	40	0.0000710155	0.000000007132
7	136876562	138744678	611	40	0.0000433706	0.000000010668
7	138744679	139933176	329	40	0.0000274374	0.000000005530
7	139933177	140235209	120	25	0.0000238398	0.000000002366
7	140235210	141226556	281	32	0.0000552258	0.000000004673
7	141226557	142656309	360	40	0.0000310164	0.000000004729
7	142656310	144968288	548	40	-0.0000031344	0.000000007626
7	144968289	146427959	376	40	-0.0000025960	0.000000005573
7	146427960	147815317	568	40	-0.0000028578	0.000000008622
7	147815318	149840657	615	40	0.0000366144	0.000000010583
7	149840658	150711504	306	38	0.0000345669	0.000000004673
7	150711505	152249805	455	40	-0.0000055780	0.000000008263
7	152249806	153674018	460	40	-0.0000335386	0.000000007706
7	153674019	154964729	543	40	-0.0000033047	0.000000009508
7	154964730	156065249	474	40	0.0000166057	0.000000008383
7	156065250	157634596	520	40	0.0000839859	0.000000010028
7	157634597	159128574	458	40	-0.0000277671	0.000000006707
8	10422	1044216	396	40	0.0000476968	0.000000008332
8	1044217	1163244	71	12	-0.0000141563	0.000000001183
8	1163245	2042941	457	40	-0.0000059409	0.000000008785
8	2042942	2573278	257	40	0.0000516181	0.000000005474
8	2573279	3392925	592	40	0.0000212033	0.000000010387
8	3392926	3783016	425	40	-0.0000035668	0.000000007985
8	3783017	4480475	666	40	0.0000660860	0.000000010957
8	4480476	5146926	493	40	0.0000417437	0.000000009958
8	5146927	6142796	752	40	-0.0000036341	0.000000010072
8	6142797	7153078	544	40	0.0000551684	0.000000010757
8	7153079	9154693	554	40	0.0000191214	0.000000010361
8	9154694	9640786	237	25	0.0000198031	0.000000004567
8	9640787	10463196	463	40	0.0000116775	0.000000009090
8	10463197	11278997	384	40	0.0000625683	0.000000007772
8	11278998	13491774	798	40	0.0000711428	0.000000011021
8	13491775	13944991	252	31	0.0000352185	0.000000004823
8	13944992	15991659	1082	40	0.0000639315	0.000000010929
8	15991660	17387875	547	40	0.0000723436	0.000000011036
8	17387876	17836398	269	35	0.0000382937	0.000000005466
8	17836399	19492839	961	40	0.0000219996	0.000000010397
8	19492840	20060855	332	40	-0.0000018687	0.000000005864
8	20060856	21661736	745	40	0.0000966831	0.000000011345
8	21661737	22897056	459	40	0.0001082479	0.000000009647
8	22897057	24674717	655	40	-0.0000378031	0.000000009638
8	24674718	25483453	287	35	0.0000289682	0.000000004623
8	25483454	26682524	614	40	0.0000832630	0.000000010607
8	26682525	28162391	735	40	0.0000401018	0.000000010627
8	28162392	29327895	368	40	-0.0000030583	0.000000005708
8	29327896	31133728	539	40	-0.0000084736	0.000000008226
8	31133729	31548359	125	20	0.0000112381	0.000000002126
8	31548360	32977217	483	40	0.0000029420	0.000000006814
8	32977218	35317231	534	40	0.0000591626	0.000000006699
8	35317232	37379388	358	40	0.0000173747	0.000000005503
8	37379389	38938805	290	40	-0.0000101123	0.000000004832
8	38938806	40703336	580	40	0.0000166844	0.000000008404
8	40703337	41721453	380	40	-0.0000143721	0.000000006332
8	41721454	42773822	191	22	-0.0000035066	0.000000002662
8	42773823	46841314	43	7	0.0000012538	0.000000000737
8	46841315	50082469	393	36	0.0000122939	0.000000005701
8	50082470	53302929	779	40	0.0000607196	0.000000009996
8	53302930	54418043	343	40	-0.0000110605	0.000000004840
8	54418044	55945580	475	40	0.0000261196	0.000000006663
8	55945581	56956382	350	40	0.0000202986	0.000000005379
8	56956383	59068650	664	40	0.0000219956	0.000000009890
8	59068651	59728099	274	34	-0.0000194121	0.000000003828
8	59728100	62329098	785	40	0.0000524724	0.000000010784
8	62329099	63349305	327	35	-0.0000079628	0.000000004114
8	63349306	65232871	515	40	0.0000351624	0.000000007222
8	65232872	66489089	361	40	0.0000455256	0.000000005638
8	66489090	69863056	863	40	0.0000006954	0.000000010127
8	69863057	70867978	405	40	0.0000340980	0.000000007027
8	70867979	72289453	439	40	0.0000296303	0.000000006425
8	72289454	73817198	685	40	-0.0000128115	0.000000009671
8	73817199	75445063	613	40	0.0000861892	0.000000009975
8	75445064	76456541	290	38	-0.0000138916	0.000000003898
8	76456542	79132860	686	40	-0.0000010797	0.000000008543
8	79132861	81956394	802	40	0.0000341016	0.000000010551
8	81956395	82693738	218	33	0.0000096690	0.000000003312
8	82693739	84225588	415	40	0.0000305345	0.000000005448
8	84225589	85955618	356	39	-0.0000043559	0.000000004764
8	85955619	87411708	267	25	0.0000434308	0.000000003940
8	87411709	89085480	481	40	0.0000015272	0.000000006755
8	89085481	90638161	393	40	0.0000181665	0.000000005654
8	90638162	93554385	673	40	0.0000601741	0.000000010151
8	93554386	95005526	387	40	0.0000901323	0.000000007091
8	95005527	96534805	623	40	-0.0000117590	0.000000009421
8	96534806	99401580	1100	40	0.0000184364	0.000000010352
8	99401581	101620957	504	40	0.0000500799	0.000000006341
8	101620958	104123305	986	40	0.0000178315	0.000000010344
8	104123306	104988751	248	24	0.0000504359	0.000000003728
8	104988752	107410753	818	40	0.0000794212	0.000000011126
8	107410754	108648176	468	40	0.0000368607	0.000000006779
8	108648177	109248172	204	23	0.0000196992	0.000000002756
8	109248173	110484313	350	31	0.0000210830	0.000000004180
8	110484314	111850846	287	33	0.0000307762	0.000000004022
8	111850847	113064319	231	19	0.0000145857	0.000000002952
8	113064320	116096494	779	40	0.0000137905	0.000000008853
8	116096495	119685456	1150	40	0.0000538753	0.000000010802
8	119685457	121201699	525	40	0.0000081097	0.000000007061
8	121201700	124861458	1333	40	0.0000350735	0.000000010563
8	124861459	125683718	332	40	0.0000921201	0.000000006007
8	125683719	126410916	253	40	-0.0000033799	0.000000004253
8	126410917	128659110	911	40	0.0000691287	0.000000010995
8	128659111	130381138	670	40	0.0000151657	0.000000010310
8	130381139	131639624	464	40	0.0000550893	0.000000007799
8	131639625	133351143	758	40	0.0000139051	0.000000010294
8	133351144	134570000	704	40	0.0000234365	0.000000010415
8	134570001	136035604	750	40	-0.0000346819	0.000000009677
8	136035605	137524150	552	40	0.0000208014	0.000000008254
8	137524151	139254829	736	40	-0.0000177902	0.000000009851
8	139254830	140725642	750	40	0.0000191869	0.000000010361
8	140725643	143044913	820	40	0.0000719701	0.000000011032
8	143044914	144236880	363	40	0.0000901456	0.000000006708
8	144236881	146303866	336	40	-0.0000356619	0.000000005335
9	10023	1079706	573	40	0.0000089890	0.000000010232
9	1079707	1916876	599	40	0.0000382248	0.000000010603
9	1916877	3190063	763	40	0.0000275798	0.000000010468
9	3190064	4495327	736	40	0.0000433743	0.000000010668
9	4495328	4884925	228	39	0.0000407169	0.000000004812
9	4884926	6557588	554	40	0.0000327204	0.000000010533
9	6557589	7154922	293	38	0.0000964383	0.000000006566
9	7154923	8456298	925	40	0.0000230347	0.000000010410
9	8456299	9166402	399	40	0.0000783415	0.000000008498
9	9166403	10879252	836	40	0.0000652067	0.000000010946
9	10879253	12276488	463	40	0.0000259457	0.000000007975
9	12276489	14836362	1259	40	-0.0000173105	0.000000009898
9	14836363	16659654	798	40	0.0000040052	0.000000010169
9	16659655	18661050	933	40	0.0000185789	0.000000010354
9	18661051	20463533	821	40	0.0000241262	0.000000010424
9	20463534	22206558	683	40	0.0000845210	0.000000011191
9	22206559	24158517	601	40	0.0000342833	0.000000010533
9	24158518	25330809	294	40	-0.0000052257	0.000000005620
9	25330810	26111756	271	40	0.0000040548	0.000000005254
9	26111757	28224282	946	40	0.0000121761	0.000000010272
9	28224283	28811583	249	36	0.0000392372	0.000000004712
9	28811584	30387391	549	40	0.0000706352	0.000000008157
9	30387392	31310382	244	23	0.0000522416	0.000000004032
9	31310383	32019367	205	24	0.0000525354	0.000000003412
9	32019368	33578333	583	40	-0.0000048441	0.000000008758
9	33578334	34642242	285	27	0.0000340290	0.000000003741
9	34642243	36743282	581	40	0.0000101241	0.000000009273
9	36743283	38641598	718	40	0.0000284413	0.000000010479
9	38641599	65472189	102	21	-0.0000123193	0.000000001728
9	65472190	72512710	563	40	0.0000241365	0.000000008843
9	72512711	72753754	100	10	0.0000633586	0.000000002164
9	72753755	74253039	594	40	0.0000326900	0.000000008546
9	74253040	76203945	569	40	-0.0000257478	0.000000007582
9	76203946	76973080	180	22	-0.0000109240	0.000000002548
9	76973081	78900182	800	40	-0.0000220319	0.000000009838
9	78900183	79471207	288	40	-0.0000139139	0.000000004945
9	79471208	81079054	523	40	0.0000559332	0.000000009631
9	81079055	82590927	628	40	0.0000140435	0.000000010296
9	82590928	84211232	651	40	0.0000251076	0.000000010437
9	84211233	85440800	328	40	0.0000615886	0.000000006467
9	85440801	86938195	635	40	0.0000701735	0.000000010562
9	86938196	88109332	498	40	0.0000300881	0.000000007805
9	88109333	88590416	112	14	-0.0000048645	0.000000001421
9	88590417	90136245	597	40	0.0000473668	0.000000010110
9	90136246	92528697	850	40	-0.0000219357	0.000000009839
9	92528698	94167202	621	40	0.0000102055	0.000000009923
9	94167203	96671697	789	40	0.0000606686	0.000000010888
9	96671698	98922039	663	40	0.0000585362	0.000000009928
9	98922040	101592858	855	40	0.0000509355	0.000000010764
9	101592859	104624436	960	40	0.0000234055	0.000000010415
9	104624437	105967975	568	40	0.0000162763	0.000000008216
9	105967976	107581748	601	40	-0.0000175296	0.000000007342
9	107581749	109298753	601	40	0.0000223907	0.000000009530
9	109298754	110695061	568	40	0.0000163678	0.000000009474
9	110695062	112778023	1093	40	0.0000094578	0.000000010238
9	112778024	114831081	908	40	0.0000699315	0.000000011006
9	114831082	115693144	312	30	-0.0000275997	0.000000004006
9	115693145	117019800	643	40	-0.0000154549	0.000000009922
9	117019801	117921959	466	40	0.0000837535	0.000000008607
9	117921960	121321536	1459	40	0.0000239198	0.000000010421
9	121321537	122260296	360	40	0.0000445811	0.000000006130
9	122260297	124871321	772	40	-0.0000120611	0.000000009965
9	124871322	126971886	681	40	0.0000835372	0.000000011178
9	126971887	129059664	562	40	0.0000162833	0.000000008662
9	129059665	130055509	323	40	0.0000247250	0.000000005475
9	130055510	132165469	495	40	0.0000574606	0.000000008577
9	132165470	133223216	317	40	0.0000386974	0.000000005814
9	133223217	134127887	339	40	-0.0000203771	0.000000005690
9	134127888	135298841	432	40	0.0000466433	0.000000007206
9	135298842	137041121	656	40	0.0000252129	0.000000010438
9	137041122	137589363	204	40	0.0000262603	0.000000004246
9	137589364	138938977	619	40	-0.0000070269	0.000000010029
9	138938978	139500341	117	21	0.0000022289	0.000000002193
9	139500342	141144795	242	36	-0.0000003230	0.000000004171
10	60523	751338	125	15	0.0000157832	0.000000002485
10	751339	1523543	341	40	0.0001027959	0.000000007191
10	1523544	2254499	436	40	-0.0000348020	0.000000006941
10	2254500	3352698	670	40	0.0000355119	0.000000010569
10	3352699	4572273	611	40	0.0001120696	0.000000011541
10	4572274	5983761	706	40	0.0000269840	0.000000010460
10	5983762	7171483	740	40	0.0000595004	0.000000010873
10	7171484	8774664	867	40	0.0000111202	0.000000010259
10	8774665	10249395	563	40	0.0000043173	0.000000008368
10	10249396	12586796	1032	40	0.0000093622	0.000000010237
10	12586797	13321599	443	40	0.0000048297	0.000000008355
10	13321600	15026067	949	40	-0.0000334020	0.000000009694
10	15026068	16551766	560	40	0.0000692609	0.000000010875
10	16551767	18537266	770	40	0.0000076987	0.000000010216
10	18537267	19716877	530	40	0.0000322035	0.000000008540
10	19716878	22772282	984	40	0.0000436706	0.000000010672
10	22772283	23175131	126	14	0.0000126022	0.000000002364
10	23175132	25578595	769	40	-0.0000092639	0.000000010000
10	25578596	26888683	534	40	0.0000693956	0.000000007657
10	26888684	29323235	904	40	0.0000126444	0.000000010278
10	29323236	29783691	268	40	0.0000096350	0.000000004438
10	29783692	30458837	362	40	0.0000574047	0.000000007100
10	30458838	31907518	478	40	-0.0000070661	0.000000006970
10	31907519	33707967	628	40	0.0001177375	0.000000009666
10	33707968	35109354	500	40	-0.0000014819	0.000000007647
10	35109355	36572507	422	40	0.0000500885	0.000000006685
10	36572508	37790028	321	40	0.0001017394	0.000000005786
10	37790029	42372578	197	13	0.0000246358	0.000000001975
10	42372579	43894770	297	34	0.0000817778	0.000000005392
10	43894771	44730074	289	34	0.0000334236	0.000000004498
10	44730075	48760449	671	40	0.0000911373	0.000000011255
10	48760450	50840914	662	40	0.0000525197	0.000000009628
10	50840915	53616628	752	40	0.0000722984	0.000000011036
10	53616629	55103571	681	40	0.0000205712	0.000000010379
10	55103572	57031139	762	40	0.0000509711	0.000000010765
10	57031140	57662145	177	18	-0.0000327344	0.000000001489
10	57662146	58959527	381	25	0.0000411355	0.000000004253
10	58959528	60289986	420	40	0.0000122523	0.000000005075
10	60289987	61891408	586	40	0.0000116822	0.000000009475
10	61891409	62659678	302	34	0.0000473214	0.000000004996
10	62659679	63341694	161	19	0.0000313842	0.000000002843
10	63341695	65794113	846	40	0.0001924351	0.000000012561
10	65794114	67549614	479	40	0.0000575235	0.000000007001
10	67549615	69900147	895	40	0.0000368273	0.000000010585
10	69900148	70195990	115	11	-0.0000019513	0.000000001538
10	70195991	72220849	893	40	0.0000259351	0.000000010447
10	72220850	73508511	740	40	0.0000222497	0.000000010400
10	73508512	75422549	438	36	0.0000676890	0.000000005718
10	75422550	78706813	839	40	0.0000727949	0.000000011042
10	78706814	80876748	1013	40	-0.0000350859	0.000000009672
10	80876749	82414678	495	40	0.0000192001	0.000000008112
10	82414679	84383744	716	40	0.0000062003	0.000000010197
10	84383745	85458702	437	40	0.0000880364	0.000000006641
10	85458703	87937576	976	40	0.0000757429	0.000000011079
10	87937577	89127063	270	35	-0.0000202879	0.000000003918
10	89127064	91013380	725	40	0.0000658398	0.000000010954
10	91013381	92006580	376	40	0.0000740279	0.000000006605
10	92006581	93335046	443	40	-0.0000086150	0.000000006122
10	93335047	95396367	664	40	0.0000640425	0.000000010119
10	95396368	96221242	264	32	0.0000635250	0.000000005060
10	96221243	97822356	582	40	0.0000478016	0.000000007362
10	97822357	100241301	918	40	0.0001101101	0.000000011516
10	100241302	100668399	148	15	0.0000372677	0.000000002376
10	100668400	102949238	763	40	0.0000702255	0.000000010989
10	102949239	104380409	306	28	0.0000673544	0.000000004505
10	104380410	106695047	760	40	0.0000533128	0.000000010795
10	106695048	108726685	672	40	0.0000657093	0.000000010262
10	108726686	110317704	640	40	0.0000687075	0.000000010402
10	110317705	112561492	660	40	0.0000078909	0.000000009609
10	112561493	115328431	1024	40	-0.0000036343	0.000000010072
10	115328432	116421405	494	40	0.0000176597	0.000000007951
10	116421406	119523933	996	40	0.0000584627	0.000000010860
10	119523934	120591352	408	40	0.0000489790	0.000000007438
10	120591353	122407322	681	40	0.0000760094	0.000000011083
10	122407323	123231464	392	40	0.0000521191	0.000000006932
10	123231465	123900544	277	40	-0.0000064522	0.000000004637
10	123900545	125869345	858	40	0.0000501208	0.000000010754
10	125869346	128001097	951	40	0.0001334126	0.000000011812
10	128001098	129154361	528	40	-0.0000072479	0.000000008485
10	129154362	130844283	934	40	-0.0000072344	0.000000010026
10	130844284	131741326	415	40	0.0001053795	0.000000008012
10	131741327	132580244	411	40	0.0000359172	0.000000006848
10	132580245	134336328	839	40	0.0000027130	0.000000010152
10	134336329	134494672	39	6	-0.0000117033	0.000000000453
10	134494673	135523864	281	40	0.0000208557	0.000000004923
11	70855	1213589	254	40	0.0000430539	0.000000004700
11	1213590	3665480	796	40	-0.0000118355	0.000000009968
11	3665481	4746708	422	40	0.0000403351	0.000000007591
11	4746709	6322868	978	40	0.0000000847	0.000000010119
11	6322869	7436700	545	40	0.0000938914	0.000000009161
11	7436701	8333273	490	40	0.0000357538	0.000000009274
11	8333274	9087316	271	29	0.0000254666	0.000000004780
11	9087317	10952026	638	40	0.0000726897	0.000000011041
11	10952027	12564228	1098	40	0.0000130570	0.000000010284
11	12564229	13373123	397	40	0.0001688187	0.000000008271
11	13373124	15742551	769	40	0.0000183552	0.000000010168
11	15742552	17578401	597	40	0.0000548208	0.000000009070
11	17578402	19569534	781	40	0.0000179128	0.000000010345
11	19569535	21017137	781	40	0.0000197851	0.000000010369
11	21017138	22374141	548	40	0.0000283254	0.000000009200
11	22374142	24088516	586	40	0.0000322726	0.000000008824
11	24088517	26045752	652	40	0.0000860502	0.000000011210
11	26045753	27020460	354	40	0.0000381423	0.000000005343
11	27020461	28481592	404	40	0.0000966021	0.000000006447
11	28481593	30141356	410	40	0.0000439344	0.000000006667
11	30141357	32276900	625	40	0.0001715816	0.000000009701
11	32276901	33958738	553	40	0.0000148953	0.000000008179
11	33958739	35502604	808	40	0.0000520120	0.000000010778
11	35502605	37116814	737	40	-0.0000274144	0.000000009770
11	37116815	39382002	415	40	0.0000444821	0.000000006170
11	39382003	42310002	913	40	0.0000239093	0.000000010421
11	42310003	44693798	961	40	0.0000059935	0.000000010194
11	44693799	47006136	706	40	0.0000192745	0.000000010362
11	47006137	49866049	470	25	0.0001420218	0.000000006619
11	49866050	54695472	129	7	0.0000298954	0.000000001380
11	54695473	55082656	6	3	0.0000047038	0.000000000180
11	55082657	58457494	1050	40	-0.0000195393	0.000000009403
11	58457495	58780548	67	6	-0.0000081848	0.000000000778
11	58780549	62223770	980	40	0.0000112064	0.000000010260
11	62223771	63804568	302	37	0.0000543678	0.000000005005
11	63804569	65898630	491	40	0.0000862931	0.000000008599
11	65898631	68005824	316	35	0.0000414684	0.000000004962
11	68005825	69516129	458	40	-0.0000089519	0.000000006885
11	69516130	70926291	457	40	-0.0000033786	0.000000007927
11	70926292	72286016	303	35	0.0000073199	0.000000004046
11	72286017	74412350	595	40	0.0000229391	0.000000008463
11	74412351	76797208	757	40	0.0000262434	0.000000010451
11	76797209	78355057	414	36	0.0000322453	0.000000005752
11	78355058	80722372	1055	40	0.0000489671	0.000000010739
11	80722373	81266711	258	38	-0.0000053118	0.000000004108
11	81266712	84381271	1155	40	-0.0000143573	0.000000009936
11	84381272	86619300	770	40	0.0000145438	0.000000010282
11	86619301	87430234	307	36	0.0000521097	0.000000004855
11	87430235	89208935	559	40	0.0001434784	0.000000010864
11	89208936	90966489	377	34	0.0000366674	0.000000005204
11	90966490	92077143	345	38	-0.0000182100	0.000000004871
11	92077144	93276156	395	40	0.0000444975	0.000000006109
11	93276157	94242259	268	26	0.0000377421	0.000000003989
11	94242260	95726040	590	40	0.0001268213	0.000000010855
11	95726041	97057057	497	40	0.0000493547	0.000000008940
11	97057058	98705064	552	40	0.0000435419	0.000000009879
11	98705065	100417168	758	40	0.0000090786	0.000000010233
11	100417169	101331120	404	40	0.0000325420	0.000000006280
11	101331121	103959635	1076	40	-0.0000282614	0.000000009759
11	103959636	104873283	283	23	0.0000475739	0.000000003490
11	104873284	106520893	466	40	0.0000686006	0.000000007020
11	106520894	107844199	465	40	-0.0000415073	0.000000006715
11	107844200	108437036	134	11	0.0000167021	0.000000001794
11	108437037	109866115	341	38	0.0000392101	0.000000005719
11	109866116	111114396	486	40	-0.0000008726	0.000000006765
11	111114397	112459487	380	38	-0.0000217073	0.000000004988
11	112459488	114257727	781	40	0.0000228683	0.000000010408
11	114257728	114830665	224	27	0.0000468783	0.000000003843
11	114830666	116383347	649	40	0.0000531490	0.000000010793
11	116383348	117747109	597	40	0.0000640899	0.000000010931
11	117747110	119215475	515	40	0.0000302670	0.000000008475
11	119215476	120766805	621	40	0.0000186851	0.000000010355
11	120766806	121175942	198	23	0.0000026717	0.000000003002
11	121175943	122591909	465	40	-0.0000264072	0.000000007574
11	122591910	123500116	416	40	-0.0000081169	0.000000007199
11	123500117	124495527	477	40	-0.0000008276	0.000000005736
11	124495528	126311319	796	40	0.0000385294	0.000000010607
11	126311320	127316678	559	40	0.0000296242	0.000000008629
11	127316679	128188536	306	40	0.0000290380	0.000000005087
11	128188537	130342574	849	40	0.0000297873	0.000000010496
11	130342575	131074611	365	40	0.0000421877	0.000000006685
11	131074612	133000045	1093	40	0.0001055539	0.000000011458
11	133000046	134205992	542	40	-0.0000265038	0.000000009477
11	134205993	134946451	398	40	0.0000501271	0.000000007513
12	61107	1080330	306	40	0.0000312886	0.000000005841
12	1080331	2544785	483	40	-0.0000011769	0.000000007975
12	2544786	3677036	506	40	-0.0000218689	0.000000008664
12	3677037	4417678	387	40	-0.0000205421	0.000000006455
12	4417679	5321471	500	40	-0.0000035689	0.000000008471
12	5321472	6419752	552	40	0.0000250289	0.000000009563
12	6419753	8377535	517	40	0.0000251751	0.000000009200
12	8377536	9031394	127	23	0.0000040141	0.000000002316
12	9031395	10481533	532	40	0.0000427200	0.000000008613
12	10481534	11754845	335	40	0.0000475352	0.000000005301
12	11754846	12733527	438	40	0.0000345476	0.000000008489
12	12733528	15241483	1021	40	0.0000584115	0.000000010859
12	15241484	16310459	253	36	-0.0000199444	0.000000003741
12	16310460	18087872	555	40	0.0000331239	0.000000009382
12	18087873	20863942	929	40	0.0000329610	0.000000010536
12	20863943	23820633	1090	40	0.0000431088	0.000000010665
12	23820634	25371082	712	40	-0.0000115045	0.000000009972
12	25371083	27799772	1018	40	0.0000515979	0.000000010773
12	27799773	29651254	693	40	-0.0000000806	0.000000009407
12	29651255	30512405	461	40	0.0000362347	0.000000007074
12	30512406	32165591	630	40	0.0000663555	0.000000010534
12	32165592	33076988	378	40	0.0001109081	0.000000007153
12	33076989	37856716	351	24	0.0000570131	0.000000004797
12	37856717	39227168	135	7	0.0000292256	0.000000002113
12	39227169	40816184	496	40	0.0000326842	0.000000006969
12	40816185	41658585	348	36	-0.0000147657	0.000000004129
12	41658586	43984473	896	40	0.0000765895	0.000000011090
12	43984474	46024228	475	40	0.0000850060	0.000000007168
12	46024229	47714792	463	40	0.0000472744	0.000000007315
12	47714793	49001865	539	40	0.0000541294	0.000000008413
12	49001866	51776493	625	40	0.0000979702	0.000000009577
12	51776494	53039003	631	40	0.0000716276	0.000000009567
12	53039004	54778822	584	40	0.0000642917	0.000000009534
12	54778823	55665836	270	35	0.0000017966	0.000000004097
12	55665837	57548859	417	40	0.0000225956	0.000000006134
12	57548860	59308665	461	40	0.0000087915	0.000000006322
12	59308666	61123728	451	40	-0.0000392228	0.000000005552
12	61123729	64032460	944	40	-0.0000359840	0.000000009661
12	64032461	65559694	373	40	0.0000407984	0.000000006385
12	65559695	67181143	513	40	0.0000548115	0.000000008280
12	67181144	67909728	321	40	-0.0000097563	0.000000004172
12	67909729	69826541	811	40	-0.0000003239	0.000000010114
12	69826542	70957986	493	40	0.0000834554	0.000000007653
12	70957987	72645074	565	40	0.0000359056	0.000000008364
12	72645075	73818453	301	30	0.0000080224	0.000000004297
12	73818454	76511313	761	40	0.0000392370	0.000000010616
12	76511314	78570569	753	40	0.0000604042	0.000000010885
12	78570570	80448149	403	40	-0.0000163528	0.000000005600
12	80448150	81467766	306	35	0.0001066546	0.000000005607
12	81467767	83502665	559	40	0.0000009025	0.000000007475
12	83502666	84303843	230	27	-0.0000031936	0.000000002626
12	84303844	85990425	391	34	0.0000070003	0.000000004505
12	85990426	89682121	745	40	0.0000633257	0.000000009705
12	89682122	92066154	641	40	-0.0000044186	0.000000007549
12	92066155	94514566	903	40	0.0000423066	0.000000010655
12	94514567	96020784	691	40	0.0000438372	0.000000010674
12	96020785	97108838	452	40	0.0000255779	0.000000007546
12	97108839	99305986	919	40	-0.0000184573	0.000000009883
12	99305987	101447640	650	40	0.0000484056	0.000000010408
12	101447641	101862689	148	16	0.0000068712	0.000000002332
12	101862690	102964985	334	40	0.0000069108	0.000000005411
12	102964986	104848695	758	40	0.0000174350	0.000000010339
12	104848696	106436212	843	40	0.0000307404	0.000000010508
12	106436213	106958747	233	34	0.0000223248	0.000000004015
12	106958748	109025900	735	40	0.0000208344	0.000000010261
12	109025901	110336718	399	40	0.0000399749	0.000000006455
12	110336719	113263517	461	40	0.0000430505	0.000000006494
12	113263518	113986708	215	28	0.0000452139	0.000000003903
12	113986709	115036601	538	40	0.0000277814	0.000000008585
12	115036602	115503215	195	36	0.0000395461	0.000000003891
12	115503216	117087470	745	40	0.0000382496	0.000000010603
12	117087471	118135374	458	40	0.0000702527	0.000000008760
12	118135375	119754109	683	40	0.0001289930	0.000000011755
12	119754110	122007650	669	40	0.0000059282	0.000000009868
12	122007651	124977979	695	40	0.0000531833	0.000000010691
12	124977980	126445504	623	40	0.0000648745	0.000000010941
12	126445505	127875097	638	40	-0.0000263199	0.000000009358
12	127875098	129237296	696	40	0.0000228708	0.000000010408
12	129237297	130377920	676	40	0.0000330429	0.000000010537
12	130377921	131786750	733	40	0.0000022378	0.000000010146
12	131786751	132807033	287	40	0.0000303122	0.000000004921
12	132807034	133841510	168	25	0.0000244989	0.000000002997
13	19020013	20686719	287	35	0.0000661766	0.000000005114
13	20686720	22242173	582	40	0.0000445159	0.000000009608
13	22242174	23594701	670	40	-0.0000267489	0.000000009778
13	23594702	24531936	506	40	0.0000738099	0.000000009149
13	24531937	25784361	641	40	0.0000207689	0.000000010381
13	25784362	27284361	540	40	-0.0000159224	0.000000007909
13	27284362	29257550	845	40	0.0000465815	0.000000010709
13	29257551	30483266	500	40	0.0000048153	0.000000007626
13	30483267	32301814	770	40	-0.0000026489	0.000000010084
13	32301815	33776902	577	40	-0.0000044751	0.000000008196
13	33776903	35026463	453	40	0.0000203468	0.000000007237
13	35026464	36046366	221	30	0.0000574599	0.000000004360
13	36046367	37498184	644	40	-0.0000040687	0.000000010066
13	37498185	38878162	539	40	0.0001153881	0.000000008523
13	38878163	41069262	868	40	0.0000253009	0.000000010439
13	41069263	43101026	628	40	0.0000668545	0.000000009608
13	43101027	44901408	801	40	-0.0000033782	0.000000010075
13	44901409	46495213	524	40	0.0000232308	0.000000008548
13	46495214	47431078	360	40	0.0000045414	0.000000005441
13	47431079	49383961	614	40	0.0000416632	0.000000009491
13	49383962	51591090	739	40	0.0000502876	0.000000010756
13	51591091	53339621	449	40	0.0001044048	0.000000008384
13	53339622	54682863	522	40	0.0000939114	0.000000009201
13	54682864	55817130	319	36	0.0000127648	0.000000004377
13	55817131	57554216	296	22	0.0000174553	0.000000003370
13	57554217	58410625	205	21	0.0000152010	0.000000002578
13	58410626	59302270	215	22	-0.0000168390	0.000000002433
13	59302271	60854777	551	40	0.0000477700	0.000000008474
13	60854778	61591948	284	35	-0.0000251929	0.000000003896
13	61591949	63971558	631	40	-0.0000262843	0.000000008892
13	63971559	65200601	301	31	-0.0000032429	0.000000003450
13	65200602	67844452	782	40	0.0000560686	0.000000010830
13	67844453	70724515	883	40	0.0000788216	0.000000011118
13	70724516	71526790	316	40	0.0000301250	0.000000005463
13	71526791	73934088	840	40	0.0000663751	0.000000010960
13	73934089	75670142	731	40	0.0000263020	0.000000010452
13	75670143	77410554	783	40	0.0000678969	0.000000010980
13	77410555	78808812	434	40	0.0000045751	0.000000005886
13	78808813	80585675	572	40	0.0001301503	0.000000009762
13	80585676	82581813	606	40	0.0000651377	0.000000009951
13	82581814	84133143	392	35	0.0000802003	0.000000005252
13	84133144	85610915	409	40	0.0000387347	0.000000006177
13	85610916	88559881	751	40	0.0000327459	0.000000010128
13	88559882	90521310	464	40	0.0000621738	0.000000006676
13	90521311	93129690	856	40	-0.0000248992	0.000000009802
13	93129691	93586454	121	16	-0.0000073332	0.000000001971
13	93586455	96087557	1197	40	-0.0000066412	0.000000010033
13	96087558	97519209	357	38	0.0001011856	0.000000006828
13	97519210	98938918	433	40	0.0000416157	0.000000008032
13	98938919	100574094	785	40	0.0000546009	0.000000010811
13	100574095	102300522	766	40	0.0000535265	0.000000010797
13	102300523	104066709	919	40	0.0000218793	0.000000010396
13	104066710	104844113	309	40	0.0000259045	0.000000005228
13	104844114	106247553	622	40	0.0001102184	0.000000011517
13	106247554	106749999	272	40	0.0000653893	0.000000005144
13	106750000	108189876	608	40	-0.0000152496	0.000000009924
13	108189877	109121209	432	40	0.0000300224	0.000000007743
13	109121210	109815111	327	40	0.0000051779	0.000000005470
13	109815112	111232072	751	40	0.0000988898	0.000000011373
13	111232073	112247591	458	40	0.0000490851	0.000000008248
13	112247592	113572487	458	40	0.0000035039	0.000000007933
13	113572488	115109852	356	40	0.0000253864	0.000000005968
14	19002084	21589401	590	40	0.0000154141	0.000000010313
14	21589402	23018664	706	40	-0.0000141197	0.000000009939
14	23018665	24905122	702	40	0.0000017173	0.000000010140
14	24905123	26135685	556	40	-0.0000038877	0.000000007495
14	26135686	28466532	692	40	0.0000249353	0.000000010434
14	28466533	29972144	379	40	0.0000059814	0.000000005883
14	29972145	32383264	589	40	0.0000387742	0.000000009981
14	32383265	34846250	1256	40	0.0000548142	0.000000010814
14	34846251	35859592	245	29	-0.0000143727	0.000000003570
14	35859593	38667724	874	40	0.0000424446	0.000000010657
14	38667725	40341989	539	40	0.0001069061	0.000000009103
14	40341990	41615501	347	32	0.0000495328	0.000000004722
14	41615502	43137388	414	36	0.0001587641	0.000000007558
14	43137389	44543226	355	40	-0.0000207876	0.000000005503
14	44543227	46081895	379	40	-0.0000013653	0.000000005366
14	46081896	46749129	188	16	0.0000184961	0.000000002258
14	46749130	48573585	584	40	0.0001183989	0.000000010464
14	48573586	49005470	112	13	-0.0000150031	0.000000001353
14	49005471	50507759	463	40	0.0000377768	0.000000007882
14	50507760	51493571	366	40	-0.0000564624	0.000000005273
14	51493572	53474382	850	40	0.0000031649	0.000000010158
14	53474383	53997830	175	19	-0.0000110949	0.000000002406
14	53997831	55233680	447	40	0.0000401208	0.000000008074
14	55233681	56216879	292	27	0.0000272528	0.000000004440
14	56216880	57481261	663	40	0.0000554413	0.000000010822
14	57481262	59448335	707	40	0.0000330707	0.000000010538
14	59448336	61680423	609	40	0.0000757866	0.000000008951
14	61680424	63790014	807	40	0.0000102876	0.000000010248
14	63790015	65220297	349	34	-0.0000017045	0.000000005322
14	65220298	66399554	406	40	0.0000459395	0.000000006793
14	66399555	67992316	399	33	0.0000983433	0.000000005542
14	67992317	71131956	1238	40	0.0000269025	0.000000010459
14	71131957	72889614	679	40	0.0000831610	0.000000011092
14	72889615	76444766	1153	40	0.0001628455	0.000000012185
14	76444767	77229471	353	40	0.0000193557	0.000000006113
14	77229472	78561944	639	40	0.0000644945	0.000000010754
14	78561945	80186578	609	40	-0.0000117199	0.000000009340
14	80186579	81579713	508	40	0.0000656300	0.000000008579
14	81579714	83138096	473	40	0.0000825065	0.000000008146
14	83138097	84241632	378	40	0.0000324146	0.000000006158
14	84241633	85746318	467	40	0.0000818081	0.000000008562
14	85746319	86647001	305	36	-0.0000239509	0.000000004496
14	86647002	87635340	305	40	0.0000524534	0.000000005524
14	87635341	89497642	605	40	0.0000156696	0.000000008310
14	89497643	91296859	697	40	0.0000632560	0.000000010921
14	91296860	93132298	672	40	0.0000188445	0.000000010357
14	93132299	94325284	411	40	0.0001271619	0.000000007904
14	94325285	95750866	872	40	0.0000015288	0.000000010137
14	95750867	96262414	378	40	0.0000048251	0.000000006050
14	96262415	98341161	845	40	0.0000395204	0.000000010620
14	98341162	99138531	369	40	0.0000803057	0.000000006361
14	99138532	101534306	897	40	0.0000264790	0.000000010454
14	101534307	103012101	431	40	0.0000569898	0.000000007964
14	103012102	105001722	473	40	0.0000012073	0.000000007216
14	105001723	106340357	158	28	-0.0000024895	0.000000002736
14	106340358	107289453	38	5	0.0000218207	0.000000000937
15	20001200	21131603	5	2	-0.0000041064	0.000000000048
15	21131604	24195126	301	40	0.0000482344	0.000000006076
15	24195127	25108589	193	28	0.0000218872	0.000000003426
15	25108590	27298111	864	40	0.0000473547	0.000000010719
15	27298112	29338501	472	40	0.0000434065	0.000000008358
15	29338502	30165567	293	40	0.0000128158	0.000000005002
15	30165568	31591820	298	40	-0.0000160922	0.000000004918
15	31591821	32441810	259	37	0.0000602537	0.000000004858
15	32441811	34015424	728	40	0.0000026743	0.000000010152
15	34015425	35083250	402	40	0.0000508494	0.000000007179
15	35083251	37456501	927	40	0.0000157754	0.000000010318
15	37456502	38530776	346	40	-0.0000378521	0.000000005368
15	38530777	40384131	779	40	0.0000377193	0.000000010597
15	40384132	41177513	234	28	0.0000328841	0.000000004169
15	41177514	42776398	429	40	0.0000147737	0.000000006843
15	42776399	44198048	272	17	-0.0000254640	0.000000002826
15	44198049	46618786	495	40	0.0000460145	0.000000007441
15	46618787	48136047	581	40	0.0001070912	0.000000009814
15	48136048	50008042	446	40	0.0000324587	0.000000006421
15	50008043	51677559	609	40	0.0000341132	0.000000008605
15	51677560	53069095	400	39	0.0000228402	0.000000005572
15	53069096	54508527	630	40	-0.0000074778	0.000000009516
15	54508528	55136268	253	32	0.0000036534	0.000000004684
15	55136269	56901772	535	40	0.0000551714	0.000000009723
15	56901773	58441365	625	40	0.0000272018	0.000000010463
15	58441366	59694115	510	40	0.0000382408	0.000000009873
15	59694116	61265835	665	40	0.0000240329	0.000000010423
15	61265836	63215221	911	40	0.0000412027	0.000000010641
15	63215222	65104667	487	40	0.0000777653	0.000000008309
15	65104668	67094766	616	40	-0.0000051811	0.000000010011
15	67094767	69017998	742	40	0.0000138646	0.000000010294
15	69017999	70133340	295	40	0.0000320703	0.000000005286
15	70133341	71922648	701	40	-0.0000018417	0.000000010094
15	71922649	73628713	364	32	0.0000381441	0.000000005162
15	73628714	76398623	595	40	0.0000879599	0.000000010768
15	76398624	78516052	527	40	0.0000471494	0.000000007556
15	78516053	80860977	983	40	0.0000309061	0.000000010510
15	80860978	84260467	908	40	0.0000259402	0.000000010447
15	84260468	86652904	771	40	0.0000649933	0.000000010943
15	86652905	88369942	764	40	-0.0000034696	0.000000010074
15	88369943	90475550	719	40	0.0000159287	0.000000010320
15	90475551	92164391	623	40	0.0000310078	0.000000010511
15	92164392	93780901	815	40	0.0000006880	0.000000010127
15	93780902	94924329	574	40	0.0000289645	0.000000010486
15	94924330	96141595	582	40	0.0000215319	0.000000010391
15	96141596	98030909	747	40	0.0000241708	0.000000010425
15	98030910	99244058	565	40	0.0000128109	0.000000010280
15	99244059	100636846	544	40	0.0000381820	0.000000010258
15	100636847	101552693	403	40	-0.0000120130	0.000000007028
15	101552694	102520965	432	40	-0.0000010303	0.000000007956
16	60054	1207205	294	40	-0.0000001979	0.000000005502
16	1207206	2764828	362	40	0.0001312589	0.000000007815
16	2764829	4001195	297	40	-0.0000176466	0.000000005362
16	4001196	5118344	374	40	-0.0000164074	0.000000006912
16	5118345	5891579	347	40	0.0000178475	0.000000006781
16	5891580	6893550	700	40	0.0000235586	0.000000010417
16	6893551	7529120	481	40	0.0000718394	0.000000009894
16	7529121	8338518	535	40	0.0000421318	0.000000010308
16	8338519	9799418	705	40	0.0000665121	0.000000010962
16	9799419	10426031	370	39	0.0000778843	0.000000006916
16	10426032	11520160	441	40	0.0000175161	0.000000008293
16	11520161	12613097	395	40	0.0000676169	0.000000008301
16	12613098	13154436	305	40	0.0001001695	0.000000006331
16	13154437	14464001	553	40	0.0000423252	0.000000009803
16	14464002	16154059	313	40	-0.0000295373	0.000000004828
16	16154060	17644748	395	40	-0.0000134062	0.000000006707
16	17644749	18643606	175	28	0.0000153558	0.000000003323
16	18643607	20150570	421	40	0.0000590191	0.000000007222
16	20150571	22448903	433	40	0.0000728904	0.000000007095
16	22448904	24136874	507	40	0.0000115620	0.000000008177
16	24136875	25986861	746	40	0.0000388451	0.000000010611
16	25986862	27445754	645	40	-0.0000085079	0.000000010010
16	27445755	29036612	335	40	0.0000414745	0.000000005224
16	29036613	31382942	267	33	0.0001577830	0.000000006315
16	31382943	46399472	121	16	0.0000242160	0.000000002210
16	46399473	49007925	299	33	0.0000546188	0.000000004646
16	49007926	52035822	1078	40	0.0000407011	0.000000010635
16	52035823	53382571	453	40	0.0000894146	0.000000007365
16	53382572	55903773	1182	40	0.0000430264	0.000000010664
16	55903774	57664329	632	40	0.0000847707	0.000000011194
16	57664330	59045404	507	40	0.0000729155	0.000000009684
16	59045405	60745693	495	40	0.0001048059	0.000000009360
16	60745694	62229848	360	40	0.0000271881	0.000000005265
16	62229849	63691588	441	40	0.0000799308	0.000000008114
16	63691589	65938565	806	40	-0.0000047354	0.000000010058
16	65938566	68841362	674	40	0.0001273724	0.000000011329
16	68841363	71054027	383	40	0.0000436556	0.000000006583
16	71054028	72935149	452	38	0.0000395755	0.000000007258
16	72935150	74971502	787	40	0.0000990260	0.000000011375
16	74971503	75977953	226	30	0.0000358354	0.000000004267
16	75977954	77523677	680	40	0.0000580541	0.000000010855
16	77523678	78456291	639	40	0.0000237454	0.000000010419
16	78456292	79134814	565	40	-0.0000245116	0.000000009807
16	79134815	80297373	781	40	-0.0000196064	0.000000009869
16	80297374	81772535	786	40	0.0000211840	0.000000010387
16	81772536	82747727	584	40	0.0001312761	0.000000011784
16	82747728	83477207	602	40	0.0000316832	0.000000010520
16	83477208	84445882	717	40	0.0000113793	0.000000010262
16	84445883	85148684	461	40	0.0000312577	0.000000009318
16	85148685	86156598	473	40	0.0000061778	0.000000009263
16	86156599	86815410	528	40	-0.0000230607	0.000000009825
16	86815411	87647348	363	40	-0.0000155501	0.000000006802
16	87647349	89041164	360	40	0.0000053484	0.000000006925
16	89041165	90292811	312	34	0.0001061638	0.000000007012
17	56	1172398	309	40	-0.0000094282	0.000000005708
17	1172399	1928730	254	40	0.0000902455	0.000000005560
17	1928731	3702311	642	40	0.0000380263	0.000000010601
17	3702312	4696260	360	40	-0.0000192834	0.000000005765
17	4696261	5741333	386	40	0.0000188299	0.000000006430
17	5741334	7317397	626	40	0.0000116540	0.000000010266
17	7317398	8306424	315	40	0.0000207519	0.000000005929
17	8306425	9965920	657	40	-0.0000267748	0.000000009778
17	9965921	11102814	473	40	0.0000158685	0.000000007968
17	11102815	12534768	557	40	0.0000365295	0.000000010216
17	12534769	13180371	297	40	0.0000474366	0.000000005925
17	13180372	13894636	368	40	0.0000198692	0.000000006948
17	13894637	15019096	602	40	-0.0000209270	0.000000009852
17	15019097	16412341	319	40	0.0000230967	0.000000005556
17	16412342	18856319	563	40	0.0000516690	0.000000008787
17	18856320	21290356	379	40	0.0000393471	0.000000006326
17	21290357	27334243	507	40	-0.0000092048	0.000000008136
17	27334244	29786490	500	39	0.0000203236	0.000000005883
17	29786491	31538424	544	40	-0.0000098918	0.000000008735
17	31538425	32912797	826	40	0.0000474995	0.000000010721
17	32912798	34469035	514	40	0.0000296368	0.000000008345
17	34469036	36809343	508	40	0.0000336734	0.000000008700
17	36809344	38877403	446	40	0.0000410630	0.000000007277
17	38877404	39899809	324	34	0.0000035859	0.000000004059
17	39899810	41772086	376	39	-0.0000091874	0.000000004522
17	41772087	43056904	340	38	-0.0000051489	0.000000004653
17	43056905	45876021	379	40	0.0000426869	0.000000005885
17	45876022	47517399	536	40	0.0000380109	0.000000007905
17	47517400	49898956	772	40	0.0000058428	0.000000010192
17	49898957	50719054	285	27	0.0000388744	0.000000004527
17	50719055	51826117	308	34	0.0000223260	0.000000004357
17	51826118	53599431	611	40	0.0000489985	0.000000010131
17	53599432	55357540	608	40	0.0000110605	0.000000009406
17	55357541	57487511	682	40	0.0000332011	0.000000010539
17	57487512	59312754	245	23	0.0000273933	0.000000003154
17	59312755	61545588	443	40	0.0000396948	0.000000007462
17	61545589	63148127	305	37	-0.0000191065	0.000000003852
17	63148128	64800429	629	40	0.0000487928	0.000000009905
17	64800430	67858769	945	40	-0.0000139585	0.000000009941
17	67858770	69387816	648	40	-0.0000037665	0.000000009603
17	69387817	72672202	1429	40	-0.0000160006	0.000000009915
17	72672203	74375559	409	40	0.0000083273	0.000000006983
17	74375560	76263412	737	40	0.0000074248	0.000000010212
17	76263413	77298635	470	40	0.0000486902	0.000000009681
17	77298636	78837587	543	40	0.0000580308	0.000000010104
17	78837588	80034407	238	40	0.0000893764	0.000000005448
17	80034408	81194907	307	35	0.0000584153	0.000000005378
18	10644	912485	403	40	0.0000182941	0.000000007190
18	912486	1942910	366	40	0.0000245873	0.000000005695
18	1942911	3891657	770	40	-0.0000050360	0.000000010054
18	3891658	5834179	784	40	0.0000493715	0.000000010745
18	5834180	7090484	574	40	0.0000813179	0.000000010683
18	7090485	8498930	581	40	0.0000849261	0.000000010790
18	8498931	11075912	1262	40	-0.0000217412	0.000000009842
18	11075913	11905439	258	40	0.0000496555	0.000000005046
18	11905440	14440798	749	40	0.0000069717	0.000000010206
18	14440799	19485843	158	17	0.0000315884	0.000000002525
18	19485844	20649471	299	35	0.0000047980	0.000000004598
18	20649472	22996650	820	40	0.0000400059	0.000000010626
18	22996651	24026190	313	35	0.0000304498	0.000000005548
18	24026191	25927681	783	40	-0.0000027493	0.000000010083
18	25927682	26875586	245	26	0.0000649204	0.000000004273
18	26875587	27866477	269	27	0.0000251323	0.000000003950
18	27866478	30264065	881	40	-0.0000526275	0.000000009450
18	30264066	31780066	343	36	0.0001091342	0.000000006162
18	31780067	33861963	612	40	0.0001079988	0.000000009866
18	33861964	35075249	480	40	0.0000264074	0.000000007819
18	35075250	36365489	490	40	-0.0000232192	0.000000006139
18	36365490	37684366	350	33	-0.0000163635	0.000000004290
18	37684367	39892647	773	40	0.0000354841	0.000000010345
18	39892648	42922105	929	40	0.0000116458	0.000000010266
18	42922106	44299245	690	40	0.0000541522	0.000000010805
18	44299246	45939731	595	40	-0.0000041440	0.000000009355
18	45939732	47730583	783	40	0.0000321412	0.000000010526
18	47730584	51062184	1186	40	0.0000832112	0.000000011174
18	51062185	51554174	174	15	0.0000531864	0.000000002959
18	51554175	55213837	1112	40	0.0001659736	0.000000012225
18	55213838	56530219	609	40	-0.0000298585	0.000000009576
18	56530220	57630482	585	40	0.0000013041	0.000000010013
18	57630483	59020750	436	40	0.0000198855	0.000000007150
18	59020751	60277714	543	40	0.0000154498	0.000000008489
18	60277715	61820251	579	40	-0.0000107644	0.000000008217
18	61820252	63463401	516	40	0.0000199592	0.000000007515
18	63463402	64252800	240	22	0.0000170030	0.000000003425
18	64252801	66125816	724	40	0.0000127618	0.000000010280
18	66125817	67175819	326	40	-0.0000167745	0.000000005272
18	67175820	68621178	463	40	0.0000490908	0.000000008572
18	68621179	69621617	383	40	0.0000749382	0.000000007101
18	69621618	71038473	561	40	0.0000710866	0.000000009965
18	71038474	71971461	493	40	0.0000652362	0.000000009668
18	71971462	73526986	663	40	-0.0000076987	0.000000010020
18	73526987	74813814	591	40	0.0000681857	0.000000010983
18	74813815	75976316	591	40	-0.0000111673	0.000000009814
18	75976317	77149990	411	40	0.0000492752	0.000000006674
18	77149991	78017157	267	39	-0.0000057809	0.000000004283
19	80840	610728	97	24	0.0000133087	0.000000001992
19	610729	2098395	290	40	0.0000295854	0.000000006001
19	2098396	3019659	238	40	0.0000605093	0.000000005284
19	3019660	4348966	316	40	-0.0000219078	0.000000005711
19	4348967	5811851	403	40	-0.0000321471	0.000000007117
19	5811852	6684884	211	40	0.0000147748	0.000000004020
19	6684885	8347512	523	40	0.0000087850	0.000000009296
19	8347513	9238392	262	40	0.0000687595	0.000000004483
19	9238393	11284027	497	40	0.0000024985	0.000000007354
19	11284028	13471126	417	40	0.0000069136	0.000000006864
19	13471127	14486346	205	40	0.0000319212	0.000000003935
19	14486347	15648609	369	40	0.0000494758	0.000000006697
19	15648610	16374415	362	40	0.0000600916	0.000000005500
19	16374416	18409861	555	40	-0.0000394641	0.000000009312
19	18409862	19877470	329	40	0.0000402281	0.000000005793
19	19877471	20905756	131	20	0.0000126980	0.000000002406
19	20905757	22732895	311	37	0.0000114258	0.000000004300
19	22732896	23467745	127	13	0.0000260626	0.000000002033
19	23467746	28557892	275	27	-0.0000440508	0.000000002913
19	28557893	29790946	467	40	-0.0000145065	0.000000007017
19	29790947	30727953	330	40	0.0001024191	0.000000006722
19	30727954	32746519	646	40	0.0000407329	0.000000010635
19	32746520	34262951	511	40	-0.0000236389	0.000000007953
19	34262952	36469294	661	40	0.0000011030	0.000000010132
19	36469295	37527032	232	20	0.0000581679	0.000000003524
19	37527033	40170618	637	40	0.0000646516	0.000000010309
19	40170619	40984600	187	25	0.0000284691	0.000000003228
19	40984601	42131572	298	40	0.0000969577	0.000000006169
19	42131573	43862454	166	21	0.0000338513	0.000000002955
19	43862455	44744107	299	40	-0.0000045816	0.000000004318
19	44744108	46102696	361	40	0.0000934226	0.000000007476
19	46102697	47150081	291	40	0.0000717628	0.000000005971
19	47150082	49282226	595	40	-0.0000263454	0.000000009256
19	49282227	51532566	634	40	0.0000169485	0.000000010333
19	51532567	52985289	642	40	-0.0000216520	0.000000009843
19	52985290	54602361	503	40	-0.0000045138	0.000000009107
19	54602362	55728079	358	40	0.0000069687	0.000000006441
19	55728080	57521334	679	40	0.0001205070	0.000000011648
19	57521335	59118838	541	40	0.0000765222	0.000000009730
20	60479	697599	271	40	-0.0000355765	0.000000004409
20	697600	2469500	1010	40	-0.0000166244	0.000000009907
20	2469501	3828412	498	40	0.0000642079	0.000000009088
20	3828413	5477849	804	40	-0.0000109484	0.000000009979
20	5477850	7084072	741	40	-0.0000249969	0.000000009800
20	7084073	8117010	409	40	0.0000226464	0.000000006054
20	8117011	9730920	775	40	0.0000263343	0.000000010452
20	9730921	11249535	733	40	-0.0000194266	0.000000009871
20	11249536	12447498	500	40	0.0000098925	0.000000007165
20	12447499	13689863	549	40	-0.0000246655	0.000000008244
20	13689864	15958358	988	40	0.0000004060	0.000000010123
20	15958359	17487231	944	40	0.0000233503	0.000000010414
20	17487232	18972202	616	40	0.0000307342	0.000000010021
20	18972203	20959709	890	40	0.0000123286	0.000000010274
20	20959710	22491455	407	39	0.0000615617	0.000000005922
20	22491456	23293789	360	40	-0.0000208166	0.000000005100
20	23293790	24717723	528	40	0.0000000837	0.000000007788
20	24717724	25344230	222	22	0.0000389911	0.000000003301
20	25344231	31614822	593	40	0.0002197091	0.000000010332
20	31614823	32813440	293	29	-0.0000181777	0.000000003945
20	32813441	34960445	462	32	-0.0000355025	0.000000004410
20	34960446	36909529	492	40	0.0000067570	0.000000006842
20	36909530	38436760	510	40	0.0000214438	0.000000007432
20	38436761	39610855	466	40	0.0000003521	0.000000007670
20	39610856	40585688	288	33	0.0000097727	0.000000004500
20	40585689	41615459	583	40	0.0000618023	0.000000010821
20	41615460	42680175	395	40	-0.0000131323	0.000000006428
20	42680176	44839055	784	40	0.0000953974	0.000000011329
20	44839056	47199979	1034	40	0.0000393683	0.000000010618
20	47199980	49239657	760	40	0.0001653333	0.000000012217
20	49239658	52472548	1350	40	0.0000719791	0.000000011032
20	52472549	54055265	617	40	0.0000149268	0.000000010307
20	54055266	56447958	1145	40	0.0000395872	0.000000010620
20	56447959	58406571	886	40	0.0000115166	0.000000010264
20	58406572	59561723	543	40	-0.0000110300	0.000000008477
20	59561724	61301854	755	40	0.0000449113	0.000000010688
20	61301855	62190179	294	40	0.0000604379	0.000000006049
20	62190180	62965162	234	37	0.0001128684	0.000000005404
21	9411243	15950981	279	40	0.0000103886	0.000000004810
21	15950982	18053164	661	40	0.0000451982	0.000000010692
21	18053165	19480374	437	40	0.0000327371	0.000000008061
21	19480375	20962338	607	40	-0.0000158940	0.000000009916
21	20962339	22072763	357	40	0.0001187001	0.000000007433
21	22072764	23362874	526	40	-0.0000047651	0.000000007990
21	23362875	24696230	354	40	0.0000278981	0.000000005879
21	24696231	26469121	649	40	0.0000765520	0.000000010927
21	26469122	27271018	221	25	-0.0000054630	0.000000003462
21	27271019	29125225	872	40	0.0000596777	0.000000010875
21	29125226	31197024	691	40	0.0000383831	0.000000009712
21	31197025	32668641	452	40	0.0000225954	0.000000005973
21	32668642	34376998	662	40	0.0000068255	0.000000010204
21	34376999	35225464	287	40	0.0000364156	0.000000005382
21	35225465	36524372	567	40	0.0000473342	0.000000010719
21	36524373	37870778	536	40	0.0000322741	0.000000008581
21	37870779	38711703	314	39	0.0001503362	0.000000006241
21	38711704	40482901	842	40	0.0000301839	0.000000010501
21	40482902	41389526	498	40	0.0001203046	0.000000008646
21	41389527	43321527	1003	40	0.0000152234	0.000000010311
21	43321528	44506267	691	40	-0.0000049234	0.000000010055
21	44506268	46177104	569	40	-0.0000141418	0.000000009837
21	46177105	47492225	505	40	0.0000124008	0.000000008572
21	47492226	48119751	240	26	0.0000264717	0.000000004027
22	16050408	17674294	214	38	0.0000111247	0.000000004034
22	17674295	18296087	260	40	-0.0000043219	0.000000004462
22	18296088	19912357	537	40	0.0000203901	0.000000008957
22	19912358	22357324	596	40	-0.0000021524	0.000000008691
22	22357325	23712646	333	40	-0.0000046632	0.000000005305
22	23712647	24984203	360	40	0.0000564457	0.000000005736
22	24984204	26791627	748	40	0.0000344319	0.000000010555
22	26791628	27834751	738	40	-0.0000026720	0.000000010084
22	27834752	29651798	574	40	0.0000693022	0.000000010856
22	29651799	31439917	549	40	0.0000815243	0.000000008862
22	31439918	32664985	356	33	0.0000632748	0.000000006105
22	32664986	34494913	929	40	0.0000289771	0.000000010486
22	34494914	35530984	492	40	0.0000192100	0.000000006798
22	35530985	37570268	839	40	-0.0000029881	0.000000010080
22	37570269	39307893	531	40	0.0000667578	0.000000009951
22	39307894	40545796	336	40	0.0000533834	0.000000006464
22	40545797	42690817	463	34	0.0000014804	0.000000005786
22	42690818	43714199	405	40	0.0000041524	0.000000006809
22	43714200	44995307	706	40	0.0000085044	0.000000010226
22	44995308	46470494	621	40	0.0000723037	0.000000011036
22	46470495	47596317	453	40	0.0000727663	0.000000008852
22	47596318	48903702	740	40	-0.0000292302	0.000000009747
22	48903703	49824533	614	40	-0.0000308105	0.000000009727
22	49824534	51243297	394	40	0.0000435504	0.000000007288
