chr	start	end	num_snp	k	local_rho	var
1	10583	1892606	86	17	-0.0000185176	0.0000000159
1	1892607	3582735	410	40	0.0001109760	0.0000000591
1	3582736	4380810	254	40	0.0001134739	0.0000000411
1	4380811	5913892	851	40	-0.0000072594	0.0000000846
1	5913893	7247334	386	40	-0.0002493263	0.0000000541
1	7247335	9365198	674	40	-0.0000178626	0.0000000870
1	9365199	10806983	326	40	-0.0001893231	0.0000000385
1	10806984	11777840	242	40	-0.0002465321	0.0000000387
1	11777841	12779465	223	40	-0.0004551837	0.0000000339
1	12779466	14891510	595	40	0.0002454938	0.0000000827
1	14891511	16897729	655	40	-0.0001328920	0.0000000827
1	16897730	18662898	632	40	0.0001447960	0.0000000840
1	18662899	20469148	673	40	-0.0002381732	0.0000000817
1	20469149	21736587	427	40	0.0003918430	0.0000000576
1	21736588	23086882	488	40	0.0001512440	0.0000000758
1	23086883	23920589	200	26	0.0000793990	0.0000000318
1	23920590	25516844	495	40	-0.0002509187	0.0000000715
1	25516845	27401866	373	40	0.0002403254	0.0000000427
1	27401867	30161880	527	40	-0.0001997668	0.0000000647
1	30161881	32438684	908	40	0.0000074749	0.0000000870
1	32438685	34799757	645	40	0.0003252738	0.0000000823
1	34799758	37549182	526	40	0.0000776500	0.0000000696
1	37549183	38731846	348	40	-0.0001003206	0.0000000450
1	38731847	40200566	426	40	0.0000963209	0.0000000595
1	40200567	41975326	528	40	0.0001343727	0.0000000662
1	41975327	43758456	520	40	0.0000092676	0.0000000639
1	43758457	44969182	347	35	0.0001921455	0.0000000412
1	44969183	46899500	429	38	0.0000175123	0.0000000388
1	46899501	48002575	278	32	-0.0001319127	0.0000000337
1	48002576	48978187	333	40	-0.0002224125	0.0000000452
1	48978188	49894176	239	28	0.0000823343	0.0000000351
1	49894177	51713725	250	25	-0.0000267840	0.0000000331
1	51713726	54226261	527	40	-0.0001164624	0.0000000664
1	54226262	56413116	791	40	0.0003103304	0.0000000890
1	56413117	57021727	250	30	-0.0000086305	0.0000000291
1	57021728	58865398	826	40	-0.0000379532	0.0000000834
1	58865399	59890408	367	40	0.0002153540	0.0000000520
1	59890409	61922364	644	40	0.0000555497	0.0000000809
1	61922365	63455088	475	40	-0.0001348542	0.0000000653
1	63455089	65041703	633	40	0.0002457359	0.0000000674
1	65041704	66939403	625	40	-0.0000079992	0.0000000748
1	66939404	68477894	658	40	0.0000959508	0.0000000706
1	68477895	69687615	379	40	-0.0001651804	0.0000000476
1	69687616	71372469	499	40	-0.0000305267	0.0000000563
1	71372470	71684404	79	10	0.0000297656	0.0000000079
1	71684405	74326906	522	40	0.0002008178	0.0000000536
1	74326907	76728134	691	40	-0.0000628229	0.0000000712
1	76728135	79661197	917	40	-0.0001298292	0.0000000827
1	79661198	81354190	469	40	0.0002377009	0.0000000614
1	81354191	83991747	952	40	0.0002906654	0.0000000844
1	83991748	84844494	304	35	-0.0001305494	0.0000000350
1	84844495	86454750	626	40	0.0000661847	0.0000000805
1	86454751	88128630	549	40	-0.0001771623	0.0000000647
1	88128631	90066302	507	40	-0.0000568954	0.0000000602
1	90066303	91886316	547	40	0.0000684134	0.0000000699
1	91886317	93536458	473	40	0.0000028103	0.0000000515
1	93536459	94506190	236	26	0.0000370589	0.0000000262
1	94506191	96150892	631	40	0.0001359707	0.0000000744
1	96150893	97885248	586	40	0.0000433242	0.0000000595
1	97885249	99800603	623	40	0.0000840171	0.0000000775
1	99800604	100826404	321	36	-0.0002660647	0.0000000417
1	100826405	102041015	424	40	0.0002472871	0.0000000550
1	102041016	102898744	274	36	0.0000332886	0.0000000352
1	102898745	103914210	188	21	-0.0000461234	0.0000000196
1	103914211	106087841	451	40	0.0000186572	0.0000000524
1	106087842	108409664	709	40	0.0001528261	0.0000000792
1	108409665	110303930	467	40	-0.0002517931	0.0000000654
1	110303931	111741736	539	40	0.0000315904	0.0000000765
1	111741737	113273305	672	40	-0.0001330018	0.0000000855
1	113273306	114873844	494	40	-0.0000396120	0.0000000635
1	114873845	115880592	324	36	-0.0000579959	0.0000000440
1	115880593	118839066	793	40	-0.0000021773	0.0000000794
1	118839067	144977493	499	40	0.0001226308	0.0000000695
1	144977494	148361252	407	40	0.0000028539	0.0000000536
1	148361253	151538880	298	30	-0.0000905653	0.0000000350
1	151538881	153180828	434	40	-0.0003236342	0.0000000508
1	153180829	154770402	423	40	-0.0000342911	0.0000000519
1	154770403	156336132	276	37	0.0000711634	0.0000000419
1	156336133	158027411	561	40	-0.0000800006	0.0000000739
1	158027412	159913047	646	40	-0.0000406900	0.0000000800
1	159913048	162346720	740	40	0.0002796257	0.0000000883
1	162346721	165191701	1159	40	0.0000848214	0.0000000851
1	165191702	166460516	518	40	-0.0000084720	0.0000000742
1	166460517	169086323	1060	40	0.0002132657	0.0000000817
1	169086324	170557775	479	40	0.0002290199	0.0000000543
1	170557776	173097906	817	40	0.0001006567	0.0000000873
1	173097907	175089767	391	31	0.0000726036	0.0000000356
1	175089768	177433380	749	40	-0.0003063549	0.0000000860
1	177433381	178944308	443	40	-0.0000797676	0.0000000532
1	178944309	178954469	2	1	-0.0000100970	0.0000000002
1	178954470	181144120	696	40	0.0000429967	0.0000000804
1	181144121	182755355	586	40	0.0003000553	0.0000000775
1	182755356	184595512	608	40	-0.0003071361	0.0000000718
1	184595513	186810022	497	40	-0.0001325824	0.0000000606
1	186810023	188759944	606	40	-0.0000916575	0.0000000738
1	188759945	189904129	219	18	0.0001629394	0.0000000256
1	189904130	191868929	530	40	0.0001256190	0.0000000549
1	191868930	194107441	569	40	-0.0000534239	0.0000000633
1	194107442	196176200	571	40	0.0000163615	0.0000000597
1	196176201	197311513	174	15	0.0001126138	0.0000000269
1	197311514	199239883	495	40	0.0000156437	0.0000000609
1	199239884	200137648	295	35	-0.0000451908	0.0000000402
1	200137649	201589974	649	40	-0.0000311535	0.0000000851
1	201589975	203334733	577	40	-0.0001852477	0.0000000761
1	203334734	204681067	445	40	-0.0002577484	0.0000000645
1	204681068	206073264	522	40	-0.0001042571	0.0000000675
1	206073265	208410363	582	40	-0.0002012660	0.0000000827
1	208410364	210787749	898	40	-0.0000769978	0.0000000883
1	210787750	212842329	670	40	0.0001753633	0.0000000838
1	212842330	214578265	577	40	0.0000777318	0.0000000817
1	214578266	216243633	571	40	-0.0000447486	0.0000000698
1	216243634	218705512	1061	40	0.0000017476	0.0000000875
1	218705513	219590570	272	34	-0.0000161964	0.0000000358
1	219590571	221858230	642	40	0.0000820548	0.0000000809
1	221858231	222230219	169	21	0.0000417232	0.0000000262
1	222230220	224938519	439	40	-0.0000359286	0.0000000626
1	224938520	226810859	485	40	0.0001969236	0.0000000601
1	226810860	229156247	648	40	-0.0002078843	0.0000000773
1	229156248	230685254	478	40	0.0000573331	0.0000000638
1	230685255	232090251	553	40	-0.0001365396	0.0000000803
1	232090252	233429283	588	40	-0.0001917788	0.0000000836
1	233429284	234599433	519	40	-0.0000993661	0.0000000708
1	234599434	235819435	362	40	-0.0000420683	0.0000000511
1	235819436	237555627	715	40	0.0002114401	0.0000000870
1	237555628	238567806	412	40	-0.0001864608	0.0000000599
1	238567807	239925313	479	40	0.0000168479	0.0000000670
1	239925314	240564090	334	40	0.0002858709	0.0000000445
1	240564091	241582219	502	40	-0.0000412780	0.0000000797
1	241582220	242071601	208	39	0.0004044823	0.0000000338
1	242071602	244109498	614	40	0.0000399272	0.0000000822
1	244109499	245506745	502	40	0.0001821207	0.0000000722
1	245506746	247344517	693	40	0.0000583603	0.0000000803
1	247344518	249239465	367	40	0.0000212361	0.0000000512
2	10133	1781021	599	40	-0.0000120833	0.0000000753
2	1781022	3973778	938	40	-0.0000192126	0.0000000817
2	3973779	5708336	622	40	0.0001525464	0.0000000863
2	5708337	6836253	556	40	0.0001675908	0.0000000706
2	6836254	8422146	645	40	0.0000996596	0.0000000842
2	8422147	10298468	648	40	0.0000605830	0.0000000838
2	10298469	12419149	940	40	0.0000334367	0.0000000845
2	12419150	14335307	577	40	-0.0000693933	0.0000000700
2	14335308	16329734	731	40	0.0001457697	0.0000000828
2	16329735	18647422	831	40	-0.0001822156	0.0000000803
2	18647423	19692403	378	40	-0.0001336818	0.0000000505
2	19692404	21050489	613	40	-0.0000158901	0.0000000858
2	21050490	23341382	569	40	0.0000846885	0.0000000777
2	23341383	24686917	415	40	-0.0000183848	0.0000000533
2	24686918	26894984	513	40	0.0000066175	0.0000000708
2	26894985	28598776	312	29	0.0002653220	0.0000000455
2	28598777	29217558	232	31	0.0001519898	0.0000000362
2	29217559	30463710	614	40	-0.0001530551	0.0000000850
2	30463711	31550449	495	40	-0.0000901166	0.0000000687
2	31550450	33363776	477	40	0.0000874610	0.0000000731
2	33363777	35345027	784	40	-0.0000961533	0.0000000790
2	35345028	36122005	283	30	-0.0000948813	0.0000000396
2	36122006	38132711	901	40	0.0004176721	0.0000000856
2	38132712	39031336	315	38	0.0001056419	0.0000000640
2	39031337	40281482	290	31	-0.0000452319	0.0000000455
2	40281483	43309589	1235	40	-0.0003355964	0.0000000875
2	43309590	44313802	312	40	-0.0001751720	0.0000000488
2	44313803	46482633	1021	40	-0.0000324802	0.0000000839
2	46482634	47318771	392	40	-0.0003228745	0.0000000664
2	47318772	48213000	283	40	-0.0001129837	0.0000000437
2	48213001	50022256	692	40	0.0001621463	0.0000000818
2	50022257	50818927	330	34	0.0001507462	0.0000000523
2	50818928	52491132	633	40	0.0000613950	0.0000000827
2	52491133	53508451	454	40	-0.0000355167	0.0000000651
2	53508452	54685225	411	40	-0.0000161122	0.0000000571
2	54685226	56203344	583	40	-0.0000647139	0.0000000815
2	56203345	57429099	420	40	0.0001080776	0.0000000582
2	57429100	58297314	268	28	0.0000142265	0.0000000384
2	58297315	60291999	722	40	0.0000070898	0.0000000837
2	60292000	62429043	561	40	-0.0001215793	0.0000000802
2	62429044	64625912	555	40	0.0001378641	0.0000000746
2	64625913	65933443	444	40	0.0000898853	0.0000000667
2	65933444	67226165	541	40	-0.0000015253	0.0000000729
2	67226166	68010175	411	40	0.0000806393	0.0000000550
2	68010176	69139563	455	40	-0.0001365977	0.0000000581
2	69139564	70755197	500	40	-0.0003131335	0.0000000613
2	70755198	73174847	760	40	0.0002599747	0.0000000847
2	73174848	75630085	681	40	0.0002969858	0.0000000835
2	75630086	76913660	502	40	0.0001819064	0.0000000694
2	76913661	78079263	384	40	0.0000735103	0.0000000563
2	78079264	80050402	811	40	-0.0001027002	0.0000000861
2	80050403	81620840	570	40	-0.0000525502	0.0000000842
2	81620841	85140679	861	40	-0.0000520299	0.0000000745
2	85140680	88038506	586	40	0.0000590270	0.0000000747
2	88038507	89154525	231	29	-0.0000654962	0.0000000346
2	89154526	95326451	0	0	0.0000000000	0.0000000000
2	95326452	98995200	416	40	-0.0001211142	0.0000000548
2	98995201	101822328	872	40	0.0002054203	0.0000000836
2	101822329	102688764	250	30	0.0000411398	0.0000000359
2	102688765	103588214	384	34	0.0001104318	0.0000000442
2	103588215	105125033	298	40	-0.0000608922	0.0000000384
2	105125034	106210057	401	40	-0.0000012194	0.0000000564
2	106210058	107408266	434	40	0.0000864685	0.0000000527
2	107408267	108429176	346	40	0.0003072376	0.0000000386
2	108429177	110572431	507	40	-0.0001599554	0.0000000688
2	110572432	113921855	761	40	-0.0000348611	0.0000000836
2	113921856	116772469	746	40	0.0000395694	0.0000000826
2	116772470	118367465	393	37	0.0000355565	0.0000000469
2	118367466	121303782	944	40	0.0000019278	0.0000000818
2	121303783	123302905	558	40	-0.0000125111	0.0000000722
2	123302906	124732249	422	40	0.0000971592	0.0000000491
2	124732250	125840920	374	40	0.0002556353	0.0000000478
2	125840921	127373763	404	37	-0.0000823132	0.0000000450
2	127373764	128034346	263	40	0.0003012572	0.0000000381
2	128034347	129474440	411	40	-0.0001220628	0.0000000503
2	129474441	130067169	217	26	-0.0001172033	0.0000000338
2	130067170	130658084	196	26	0.0001262011	0.0000000314
2	130658085	133042783	207	34	0.0000710728	0.0000000321
2	133042784	135158577	896	40	-0.0001148934	0.0000000829
2	135158578	137042793	417	39	0.0000056159	0.0000000509
2	137042794	138698116	578	40	0.0002230133	0.0000000755
2	138698117	140100270	427	40	-0.0000365151	0.0000000419
2	140100271	141805350	555	40	-0.0001011480	0.0000000702
2	141805351	142518601	296	33	-0.0003627566	0.0000000395
2	142518602	144519483	637	40	0.0000643066	0.0000000797
2	144519484	146445569	424	40	0.0001486785	0.0000000578
2	146445570	147277161	146	15	-0.0001905736	0.0000000234
2	147277162	150210291	650	40	-0.0000602792	0.0000000711
2	150210292	151731461	460	40	-0.0002936476	0.0000000546
2	151731462	152486781	276	29	-0.0001159487	0.0000000354
2	152486782	154005055	461	40	-0.0001027838	0.0000000624
2	154005056	155391134	479	40	0.0002097515	0.0000000627
2	155391135	157560634	546	40	-0.0001732957	0.0000000669
2	157560635	158533217	160	24	-0.0001342442	0.0000000334
2	158533218	159577081	318	38	0.0003709896	0.0000000459
2	159577082	161769732	680	40	0.0000035430	0.0000000771
2	161769733	163503550	379	36	-0.0000740872	0.0000000377
2	163503551	164466637	189	22	-0.0001947677	0.0000000315
2	164466638	165178839	166	20	-0.0000407863	0.0000000286
2	165178840	167160269	582	40	0.0000479712	0.0000000746
2	167160270	167355969	69	9	0.0000231499	0.0000000110
2	167355970	169968235	774	40	0.0000156663	0.0000000806
2	169968236	171226244	466	40	0.0000572963	0.0000000587
2	171226245	173138904	559	40	-0.0003584074	0.0000000821
2	173138905	175588928	804	40	0.0000585089	0.0000000848
2	175588929	177363635	510	40	-0.0002151980	0.0000000634
2	177363636	178553182	446	40	-0.0000978308	0.0000000530
2	178553183	181312738	932	40	-0.0000234086	0.0000000856
2	181312739	182266030	295	32	-0.0000580879	0.0000000384
2	182266031	184357607	593	40	-0.0001468651	0.0000000725
2	184357608	185280172	226	25	0.0001676466	0.0000000295
2	185280173	189882064	934	40	0.0001548294	0.0000000866
2	189882065	191973356	471	40	-0.0000174178	0.0000000584
2	191973357	195861163	701	40	0.0000646698	0.0000000827
2	195861164	196447455	150	20	-0.0000001177	0.0000000193
2	196447456	198078109	417	40	-0.0001472754	0.0000000516
2	198078110	199311124	295	25	-0.0000675671	0.0000000296
2	199311125	201576283	615	40	0.0000597342	0.0000000711
2	201576284	202818636	287	36	0.0001819676	0.0000000418
2	202818637	205799240	662	40	0.0001428535	0.0000000839
2	205799241	206735703	396	40	-0.0000022116	0.0000000577
2	206735704	208645398	626	40	-0.0000348928	0.0000000859
2	208645399	209941528	315	39	-0.0002162288	0.0000000444
2	209941529	212379517	710	40	-0.0000878009	0.0000000830
2	212379518	214014281	616	40	-0.0000507433	0.0000000803
2	214014282	215573794	430	40	-0.0001492498	0.0000000580
2	215573795	217715660	776	40	-0.0000490043	0.0000000806
2	217715661	218395479	271	36	0.0002566239	0.0000000415
2	218395480	220454550	558	40	0.0000553031	0.0000000662
2	220454551	222521175	835	40	-0.0001450623	0.0000000841
2	222521176	224859418	752	40	0.0001349089	0.0000000829
2	224859419	225840003	318	35	0.0002383647	0.0000000385
2	225840004	228119841	693	40	-0.0001399197	0.0000000789
2	228119842	229370786	430	40	0.0000520956	0.0000000532
2	229370787	231843388	894	40	-0.0001793424	0.0000000815
2	231843389	233550002	450	40	-0.0000725375	0.0000000582
2	233550003	235150986	757	40	-0.0000407498	0.0000000910
2	235150987	236043549	407	40	0.0000586776	0.0000000640
2	236043550	237449031	455	40	0.0001459700	0.0000000662
2	237449032	238760980	507	40	-0.0002768881	0.0000000688
2	238760981	239952642	404	40	-0.0001600526	0.0000000554
2	239952643	241560083	632	40	-0.0001005092	0.0000000805
2	241560084	242149920	193	29	-0.0002136245	0.0000000317
2	242149921	243188919	123	16	0.0001239725	0.0000000189
3	60157	1441778	608	40	-0.0000012013	0.0000000911
3	1441779	2992119	874	40	0.0001027328	0.0000000870
3	2992120	4431646	736	40	0.0000014969	0.0000000840
3	4431647	6083182	753	40	-0.0000642044	0.0000000792
3	6083183	7083386	421	40	-0.0002776068	0.0000000621
3	7083387	8648560	844	40	-0.0001810210	0.0000000819
3	8648561	9543182	462	40	-0.0000719215	0.0000000685
3	9543183	11019664	567	40	0.0000723125	0.0000000840
3	11019665	13070798	679	40	0.0000038258	0.0000000884
3	13070799	14816899	772	40	-0.0000004052	0.0000000829
3	14816900	16282441	471	40	-0.0001376776	0.0000000743
3	16282442	17891117	482	40	-0.0000421108	0.0000000664
3	17891118	19125143	337	40	-0.0000980057	0.0000000510
3	19125144	20091347	192	24	-0.0001296336	0.0000000319
3	20091348	21643706	620	40	-0.0000191199	0.0000000795
3	21643707	22204243	377	40	-0.0000567245	0.0000000579
3	22204244	23804864	519	40	0.0000605562	0.0000000734
3	23804865	25461557	725	40	0.0003762070	0.0000000833
3	25461558	26877768	452	40	-0.0000095388	0.0000000589
3	26877769	27840909	257	30	0.0000616098	0.0000000327
3	27840910	29142259	437	40	-0.0002038081	0.0000000643
3	29142260	30717954	659	40	-0.0001893098	0.0000000862
3	30717955	32351714	635	40	0.0001376695	0.0000000818
3	32351715	33255591	266	40	0.0002405460	0.0000000419
3	33255592	35283457	569	40	0.0001106198	0.0000000689
3	35283458	36486841	397	40	-0.0000404087	0.0000000545
3	36486842	38356115	561	40	0.0000687123	0.0000000710
3	38356116	40221297	576	40	0.0000364755	0.0000000679
3	40221298	41064527	146	16	0.0001304532	0.0000000258
3	41064528	42540001	433	40	-0.0000398100	0.0000000575
3	42540002	45165152	677	40	-0.0000060454	0.0000000749
3	45165153	46657499	491	40	-0.0000060569	0.0000000625
3	46657500	47727211	161	16	0.0000023448	0.0000000227
3	47727212	49316971	229	13	0.0000703334	0.0000000271
3	49316972	51832014	408	23	0.0002687400	0.0000000389
3	51832015	54081389	512	40	0.0002026353	0.0000000732
3	54081390	55348859	637	40	-0.0000854791	0.0000000813
3	55348860	56433906	367	40	-0.0001135547	0.0000000570
3	56433907	58157518	517	40	-0.0003795580	0.0000000628
3	58157519	60272905	947	40	0.0001134942	0.0000000857
3	60272906	62355665	965	40	0.0001868495	0.0000000823
3	62355666	63669285	648	40	0.0000172111	0.0000000874
3	63669286	65273537	721	40	0.0001720809	0.0000000838
3	65273538	66270446	338	40	0.0000098895	0.0000000546
3	66270447	68286913	622	40	0.0000319375	0.0000000869
3	68286914	69276761	356	40	0.0002420909	0.0000000596
3	69276762	70449027	382	40	0.0000514313	0.0000000584
3	70449028	72529328	768	40	0.0003578201	0.0000000838
3	72529329	74321816	707	40	-0.0000332095	0.0000000835
3	74321817	75704948	265	31	-0.0000642908	0.0000000374
3	75704949	77508834	482	40	-0.0000272933	0.0000000633
3	77508835	79024540	390	40	0.0002039236	0.0000000527
3	79024541	81427309	482	40	-0.0000212709	0.0000000457
3	81427310	82643885	290	27	0.0001685931	0.0000000432
3	82643886	84367478	304	31	0.0000394914	0.0000000429
3	84367479	85582230	248	22	-0.0000109352	0.0000000394
3	85582231	87409731	422	39	-0.0002186267	0.0000000522
3	87409732	88298372	170	18	0.0000198312	0.0000000213
3	88298373	94255315	444	40	0.0000667869	0.0000000567
3	94255316	95311970	212	17	0.0000160723	0.0000000199
3	95311971	98215949	547	40	0.0000912986	0.0000000608
3	98215950	99373761	312	38	0.0002036216	0.0000000359
3	99373762	100592216	326	28	0.0000066827	0.0000000351
3	100592217	103084959	630	40	-0.0001168799	0.0000000693
3	103084960	104581612	406	40	0.0002549284	0.0000000516
3	104581613	106982810	697	40	-0.0000801590	0.0000000871
3	106982811	109522394	736	40	0.0002191370	0.0000000892
3	109522395	110513769	243	24	-0.0003076633	0.0000000271
3	110513770	112815698	669	40	0.0001414395	0.0000000751
3	112815699	113947862	350	40	-0.0001453676	0.0000000448
3	113947863	115447079	399	40	-0.0001574298	0.0000000628
3	115447080	116800152	511	40	0.0000745372	0.0000000672
3	116800153	118530250	561	40	0.0000744792	0.0000000740
3	118530251	120523054	626	40	0.0002203839	0.0000000662
3	120523055	121974096	372	35	0.0002710294	0.0000000343
3	121974097	123517767	466	40	-0.0000832398	0.0000000554
3	123517768	124936641	594	40	-0.0001524097	0.0000000746
3	124936642	126214942	368	40	-0.0000438590	0.0000000453
3	126214943	128194860	643	40	-0.0000876339	0.0000000814
3	128194861	130244734	396	40	0.0003451038	0.0000000506
3	130244735	131836515	520	40	-0.0002850177	0.0000000665
3	131836516	133252172	495	40	0.0004370250	0.0000000607
3	133252173	135456905	823	40	-0.0000382616	0.0000000855
3	135456906	137371082	423	38	-0.0002858954	0.0000000515
3	137371083	139954596	804	40	-0.0000123284	0.0000000847
3	139954597	141339096	453	40	-0.0002940054	0.0000000635
3	141339097	143164627	599	40	-0.0001313834	0.0000000765
3	143164628	144410815	378	40	0.0002247322	0.0000000453
3	144410816	145664618	348	40	-0.0001777355	0.0000000367
3	145664619	146726628	323	40	-0.0000668269	0.0000000398
3	146726629	149043236	670	40	-0.0000800992	0.0000000855
3	149043237	150252003	414	40	0.0001118525	0.0000000556
3	150252004	151348729	341	40	-0.0001417372	0.0000000506
3	151348730	153256570	546	40	0.0001888190	0.0000000683
3	153256571	154714217	395	40	0.0000600610	0.0000000412
3	154714218	156008699	322	40	-0.0002199160	0.0000000406
3	156008700	157312027	435	40	0.0002348762	0.0000000533
3	157312028	159477889	622	40	0.0001499503	0.0000000715
3	159477890	161524503	551	40	-0.0001367400	0.0000000599
3	161524504	163253204	466	40	-0.0000116704	0.0000000487
3	163253205	165055468	420	35	0.0000218011	0.0000000407
3	165055469	167117428	445	40	-0.0000395285	0.0000000489
3	167117429	168580959	356	40	0.0000026595	0.0000000415
3	168580960	170964908	657	40	-0.0001700773	0.0000000867
3	170964909	172295730	495	40	0.0001562244	0.0000000727
3	172295731	173477284	376	40	-0.0003116334	0.0000000555
3	173477285	175116538	590	40	-0.0000803489	0.0000000849
3	175116539	176320286	334	40	0.0001165616	0.0000000398
3	176320287	178107164	527	40	0.0003867424	0.0000000719
3	178107165	179374585	372	40	0.0001749796	0.0000000514
3	179374586	181511165	448	40	-0.0000220624	0.0000000642
3	181511166	183769682	635	40	-0.0001081253	0.0000000787
3	183769683	185068254	388	40	0.0001066332	0.0000000610
3	185068255	186890343	593	40	-0.0001490080	0.0000000825
3	186890344	188856213	778	40	0.0001630847	0.0000000799
3	188856214	190226606	604	40	0.0000300732	0.0000000840
3	190226607	192343813	723	40	-0.0000983784	0.0000000854
3	192343814	194059670	501	40	0.0001181328	0.0000000704
3	194059671	194786673	252	40	0.0000341174	0.0000000383
3	194786674	195971407	216	34	0.0001071154	0.0000000326
3	195971408	197075986	276	40	-0.0000036758	0.0000000398
3	197075987	197946621	169	28	-0.0001282817	0.0000000256
4	10240	694714	93	12	-0.0000237510	0.0000000180
4	694715	1478710	199	24	-0.0000007398	0.0000000335
4	1478711	2842978	240	40	0.0000437765	0.0000000404
4	2842979	3846039	242	36	0.0000731259	0.0000000382
4	3846040	4684115	220	36	-0.0000097097	0.0000000341
4	4684116	5502387	383	40	-0.0001161221	0.0000000596
4	5502388	6773042	638	40	0.0000079749	0.0000000814
4	6773043	7539691	391	40	0.0000960459	0.0000000631
4	7539692	8152234	331	40	-0.0000036556	0.0000000558
4	8152235	9326478	231	38	-0.0001960464	0.0000000405
4	9326479	10699151	492	37	-0.0000380931	0.0000000586
4	10699152	12323033	628	40	0.0001185517	0.0000000836
4	12323034	14272000	698	40	-0.0000097475	0.0000000811
4	14272001	15147445	370	40	-0.0000051610	0.0000000629
4	15147446	15927008	243	33	-0.0001270834	0.0000000370
4	15927009	17383321	648	40	0.0000869101	0.0000000867
4	17383322	18841873	402	40	-0.0004756173	0.0000000590
4	18841874	20544556	458	40	0.0001187892	0.0000000535
4	20544557	22319346	659	40	-0.0002244129	0.0000000825
4	22319347	24135528	595	40	-0.0000354559	0.0000000777
4	24135529	25609321	574	40	-0.0000819407	0.0000000824
4	25609322	27343721	543	40	-0.0000008981	0.0000000771
4	27343722	27965867	197	28	-0.0001735144	0.0000000286
4	27965868	29762207	520	40	-0.0000054799	0.0000000677
4	29762208	30454534	155	24	0.0001639047	0.0000000169
4	30454535	31782980	396	40	0.0000278599	0.0000000551
4	31782981	33172765	310	37	0.0000011353	0.0000000416
4	33172766	35151414	360	32	0.0002768280	0.0000000368
4	35151415	36020435	264	33	0.0002582894	0.0000000348
4	36020436	37255046	421	40	-0.0000718169	0.0000000580
4	37255047	38907021	750	40	0.0000080410	0.0000000872
4	38907022	40202608	379	40	-0.0000534364	0.0000000484
4	40202609	42213057	684	40	-0.0000091140	0.0000000839
4	42213058	43965044	515	40	-0.0000588271	0.0000000618
4	43965045	45189156	319	38	-0.0002099520	0.0000000410
4	45189157	47411895	439	40	0.0002562824	0.0000000497
4	47411896	48123599	208	25	0.0000496587	0.0000000225
4	48123600	53877432	464	39	0.0002901568	0.0000000525
4	53877433	55429555	504	40	-0.0000150338	0.0000000690
4	55429556	56547643	358	40	-0.0001561563	0.0000000496
4	56547644	58935007	823	40	0.0000511843	0.0000000824
4	58935008	60741086	441	40	0.0001267538	0.0000000543
4	60741087	62371762	418	40	0.0001746679	0.0000000518
4	62371763	64341000	424	40	0.0004299968	0.0000000604
4	64341001	66600491	496	40	-0.0001128279	0.0000000523
4	66600492	68059496	378	40	-0.0002691361	0.0000000497
4	68059497	68854764	230	29	0.0000566877	0.0000000252
4	68854765	71049151	504	40	-0.0001817130	0.0000000479
4	71049152	72140557	205	27	0.0001860450	0.0000000263
4	72140558	74592389	467	40	0.0000022343	0.0000000527
4	74592390	77130706	704	40	-0.0001858412	0.0000000773
4	77130707	79093978	704	40	0.0000140180	0.0000000828
4	79093979	80990296	549	40	-0.0001920086	0.0000000584
4	80990297	82125314	232	30	0.0000502395	0.0000000307
4	82125315	83372592	358	40	-0.0000724960	0.0000000472
4	83372593	84799655	470	40	0.0000540216	0.0000000552
4	84799656	86930608	584	40	0.0001343718	0.0000000593
4	86930609	87534647	135	18	0.0001387239	0.0000000232
4	87534648	89238027	504	40	0.0002382474	0.0000000669
4	89238028	90231563	306	40	0.0000828829	0.0000000527
4	90231564	91560676	334	40	-0.0001404043	0.0000000439
4	91560677	94233298	548	40	0.0001314634	0.0000000699
4	94233299	96182187	592	40	-0.0001012723	0.0000000785
4	96182188	97540702	477	40	-0.0002521757	0.0000000627
4	97540703	99424066	397	35	-0.0000770692	0.0000000359
4	99424067	100678359	392	40	0.0001232216	0.0000000512
4	100678360	103221355	763	40	0.0000100140	0.0000000837
4	103221356	105305293	465	40	0.0000366921	0.0000000503
4	105305294	107501304	561	40	0.0001060072	0.0000000650
4	107501305	108815347	348	40	0.0001486887	0.0000000437
4	108815348	111256566	727	40	-0.0000219725	0.0000000845
4	111256567	113870101	691	40	0.0000516584	0.0000000863
4	113870102	115666245	576	40	0.0001392740	0.0000000751
4	115666246	117276928	330	35	0.0000514802	0.0000000426
4	117276929	118479917	330	38	-0.0001011006	0.0000000404
4	118479918	119933511	408	40	0.0000662130	0.0000000425
4	119933512	120392683	137	14	-0.0000437591	0.0000000145
4	120392684	122657986	686	40	0.0000620146	0.0000000861
4	122657987	124286480	370	37	0.0003470935	0.0000000417
4	124286481	125210861	255	35	0.0000542786	0.0000000375
4	125210862	126480885	376	40	0.0003592952	0.0000000518
4	126480886	127275476	217	31	-0.0000468647	0.0000000325
4	127275477	127830292	158	21	0.0001850304	0.0000000254
4	127830293	128996664	192	15	0.0000245087	0.0000000232
4	128996665	130591884	434	40	0.0000711956	0.0000000519
4	130591885	131283820	180	22	0.0001440989	0.0000000332
4	131283821	132954032	346	40	0.0000687714	0.0000000480
4	132954033	134628433	367	39	-0.0001367187	0.0000000446
4	134628434	136566406	422	40	0.0001063834	0.0000000527
4	136566407	138541970	503	40	-0.0000152343	0.0000000626
4	138541971	139556510	347	40	-0.0000180254	0.0000000431
4	139556511	141084630	485	40	0.0000513843	0.0000000660
4	141084631	143443264	692	40	-0.0000466372	0.0000000819
4	143443265	146178186	478	40	-0.0001564179	0.0000000526
4	146178187	148521872	583	40	-0.0001951835	0.0000000751
4	148521873	150683579	513	40	-0.0001836322	0.0000000606
4	150683580	152782183	488	40	0.0000560808	0.0000000509
4	152782184	154477640	482	40	-0.0002944641	0.0000000716
4	154477641	155056125	197	27	0.0000605599	0.0000000350
4	155056126	157485096	764	40	0.0002112970	0.0000000823
4	157485097	158743717	315	40	0.0003785960	0.0000000487
4	158743718	161058863	502	40	0.0001306570	0.0000000558
4	161058864	161826434	258	33	0.0001331483	0.0000000393
4	161826435	163243678	424	40	0.0001680658	0.0000000561
4	163243679	164478233	317	40	-0.0000680371	0.0000000406
4	164478234	165823447	412	40	0.0001994824	0.0000000585
4	165823448	167018857	341	40	0.0000576381	0.0000000531
4	167018858	167852916	180	26	0.0001148934	0.0000000226
4	167852917	169676824	555	40	-0.0000470643	0.0000000744
4	169676825	170776509	298	37	-0.0000966553	0.0000000432
4	170776510	172558634	395	40	-0.0000781474	0.0000000486
4	172558635	174264131	384	40	0.0001350775	0.0000000490
4	174264132	176570715	613	40	0.0002438769	0.0000000868
4	176570716	178991909	792	40	-0.0000522448	0.0000000815
4	178991910	180122042	316	40	0.0003033533	0.0000000534
4	180122043	182066806	783	40	-0.0000959626	0.0000000797
4	182066807	183371274	697	40	0.0001296870	0.0000000791
4	183371275	184929454	569	40	0.0001350384	0.0000000849
4	184929455	186909089	838	40	-0.0000379813	0.0000000814
4	186909090	188472980	575	40	-0.0000301559	0.0000000839
4	188472981	189693510	397	40	0.0000341110	0.0000000614
4	189693511	191043593	283	40	0.0000053503	0.0000000420
5	11940	982251	208	25	-0.0002134681	0.0000000295
5	982252	2132441	438	40	0.0003060545	0.0000000692
5	2132442	3361940	777	40	-0.0000764950	0.0000000829
5	3361941	4632109	523	40	0.0002317574	0.0000000675
5	4632110	5973232	673	40	0.0001444888	0.0000000867
5	5973233	7143217	559	40	0.0000143813	0.0000000721
5	7143218	8446335	567	40	0.0000613616	0.0000000687
5	8446336	9718831	582	40	0.0001342020	0.0000000758
5	9718832	11173270	697	40	0.0002320173	0.0000000832
5	11173271	13464831	551	40	0.0001726784	0.0000000696
5	13464832	14757803	548	40	-0.0001475334	0.0000000712
5	14757804	16963612	727	40	0.0001007978	0.0000000910
5	16963613	18051591	260	40	0.0000712993	0.0000000426
5	18051592	19917715	531	40	-0.0000881937	0.0000000689
5	19917716	22152072	434	40	-0.0000111563	0.0000000494
5	22152073	23494323	398	40	-0.0004540527	0.0000000482
5	23494324	26184850	629	40	-0.0001076279	0.0000000788
5	26184851	26857603	147	22	0.0001082357	0.0000000168
5	26857604	27984512	215	32	-0.0000684601	0.0000000291
5	27984513	29714819	392	40	-0.0002471102	0.0000000435
5	29714820	31390248	556	40	-0.0000466671	0.0000000668
5	31390249	33500179	752	40	-0.0001572909	0.0000000868
5	33500180	35048969	518	40	-0.0001737628	0.0000000693
5	35048970	36433953	454	40	0.0000948934	0.0000000573
5	36433954	38802409	733	40	0.0000518493	0.0000000845
5	38802410	40287728	518	40	0.0005236498	0.0000000626
5	40287729	41888709	512	40	-0.0000373431	0.0000000518
5	41888710	43983498	394	30	0.0003193790	0.0000000482
5	43983499	50163397	404	29	0.0000297487	0.0000000415
5	50163398	52134621	540	40	0.0002941941	0.0000000656
5	52134622	53703043	564	40	-0.0000623865	0.0000000798
5	53703044	55417348	559	40	0.0001103700	0.0000000686
5	55417349	56621101	473	40	0.0000551288	0.0000000619
5	56621102	57340072	258	35	-0.0000724459	0.0000000361
5	57340073	58524621	508	40	-0.0000803807	0.0000000644
5	58524622	60935906	664	40	0.0000115104	0.0000000715
5	60935907	61672994	261	27	-0.0000996310	0.0000000324
5	61672995	63218986	465	40	0.0000156376	0.0000000498
5	63218987	63968303	171	19	0.0000666474	0.0000000218
5	63968304	65911285	585	40	-0.0002868090	0.0000000706
5	65911286	67850859	752	40	0.0003329682	0.0000000933
5	67850860	71240455	396	40	-0.0000553749	0.0000000485
5	71240456	73759325	920	40	-0.0000515832	0.0000000848
5	73759326	75798865	601	40	0.0002161414	0.0000000794
5	75798866	77623331	684	40	0.0000269046	0.0000000847
5	77623332	79393143	604	40	0.0000892325	0.0000000865
5	79393144	80481470	419	40	0.0000444153	0.0000000605
5	80481471	82025647	479	40	-0.0000438688	0.0000000683
5	82025648	83972688	507	40	0.0000894126	0.0000000707
5	83972689	85767289	486	40	-0.0002818418	0.0000000595
5	85767290	87389990	265	31	0.0000363385	0.0000000361
5	87389991	88891529	291	32	0.0004347835	0.0000000469
5	88891530	90422653	402	40	0.0000451103	0.0000000543
5	90422654	91840541	255	32	0.0001078133	0.0000000290
5	91840542	93809983	398	40	0.0003245887	0.0000000443
5	93809984	95963518	661	40	-0.0000466671	0.0000000836
5	95963519	97315600	379	40	0.0002773706	0.0000000484
5	97315601	99260991	469	40	-0.0000021975	0.0000000576
5	99260992	101578768	489	40	0.0001927103	0.0000000542
5	101578769	103320004	466	40	-0.0000916068	0.0000000554
5	103320005	104851482	395	40	0.0002511429	0.0000000555
5	104851483	105893054	165	21	-0.0000215564	0.0000000324
5	105893055	107264195	539	40	-0.0002400337	0.0000000834
5	107264196	108633933	365	39	-0.0001917260	0.0000000469
5	108633934	110821143	599	40	0.0003256329	0.0000000746
5	110821144	111981561	401	40	-0.0001873611	0.0000000599
5	111981562	113396284	519	40	-0.0000273350	0.0000000683
5	113396285	114830369	496	40	0.0001373423	0.0000000617
5	114830370	115831046	411	40	0.0003553920	0.0000000521
5	115831047	117346212	529	40	0.0001333384	0.0000000842
5	117346213	118608819	355	40	-0.0000116783	0.0000000521
5	118608820	119669041	320	37	-0.0002056564	0.0000000397
5	119669042	120452165	224	24	0.0001214712	0.0000000328
5	120452166	122556904	642	40	0.0000661320	0.0000000853
5	122556905	123798099	426	40	0.0000429562	0.0000000680
5	123798100	125785648	808	40	0.0001791158	0.0000000877
5	125785649	127344603	402	40	-0.0000317680	0.0000000505
5	127344604	129519024	623	40	0.0001244506	0.0000000695
5	129519025	132139648	555	39	0.0000611521	0.0000000566
5	132139649	134777400	851	40	0.0000849704	0.0000000823
5	134777401	136376049	564	40	-0.0001478254	0.0000000686
5	136376050	139265071	657	40	-0.0000717541	0.0000000732
5	139265072	140645970	315	29	-0.0000216479	0.0000000393
5	140645971	142981247	849	40	0.0000998152	0.0000000836
5	142981248	144943353	609	40	0.0000551956	0.0000000736
5	144943354	147181997	696	40	0.0001537855	0.0000000854
5	147181998	148662623	517	40	0.0001189265	0.0000000645
5	148662624	150561297	768	40	-0.0000996750	0.0000000798
5	150561298	152867773	799	40	0.0000013717	0.0000000793
5	152867774	153773087	412	40	0.0001181629	0.0000000487
5	153773088	155373504	525	40	0.0001391007	0.0000000695
5	155373505	156628699	345	40	-0.0000834667	0.0000000441
5	156628700	158825697	782	40	0.0000476181	0.0000000844
5	158825698	159973943	396	40	-0.0000901168	0.0000000587
5	159973944	161482132	491	40	-0.0000648712	0.0000000558
5	161482133	162743907	341	40	0.0000453695	0.0000000463
5	162743908	163771581	371	40	-0.0000426331	0.0000000527
5	163771582	165642394	523	40	0.0000271238	0.0000000773
5	165642395	166847739	407	40	-0.0000371188	0.0000000653
5	166847740	168525317	733	40	-0.0000897616	0.0000000855
5	168525318	169505663	457	40	0.0000237203	0.0000000648
5	169505664	171074291	623	40	-0.0001199825	0.0000000869
5	171074292	172678326	641	40	0.0000693940	0.0000000844
5	172678327	173642870	459	40	0.0000708559	0.0000000640
5	173642871	175450594	781	40	-0.0001362736	0.0000000847
5	175450595	177251506	304	40	-0.0001823280	0.0000000459
5	177251507	178413463	418	40	-0.0001048737	0.0000000642
5	178413464	179401243	335	40	-0.0000782021	0.0000000528
5	179401244	180559932	304	40	-0.0001153231	0.0000000435
5	180559933	180885155	37	8	-0.0000052795	0.0000000069
6	73924	1452361	652	40	0.0002470242	0.0000000819
6	1452362	2458935	424	40	0.0000281289	0.0000000614
6	2458936	3573592	550	40	-0.0000640148	0.0000000827
6	3573593	4617816	501	40	0.0000714218	0.0000000667
6	4617817	5791471	576	40	-0.0000720653	0.0000000838
6	5791472	6785206	565	40	0.0001082404	0.0000000866
6	6785207	7808935	473	40	0.0000408820	0.0000000705
6	7808936	9020025	474	40	-0.0001853016	0.0000000604
6	9020026	10540316	596	40	-0.0001434872	0.0000000854
6	10540317	11790815	521	40	0.0001606681	0.0000000741
6	11790816	13209387	524	40	0.0003371525	0.0000000744
6	13209388	14802923	645	40	-0.0000024362	0.0000000836
6	14802924	17386404	947	40	0.0000297558	0.0000000829
6	17386405	19207486	607	40	0.0002365904	0.0000000733
6	19207487	21684064	913	40	0.0000934433	0.0000000840
6	21684065	22748306	504	40	0.0001234327	0.0000000749
6	22748307	23936618	478	40	-0.0001962907	0.0000000710
6	23936619	24852274	366	40	-0.0000519159	0.0000000556
6	24852275	25684586	396	40	0.0000957680	0.0000000467
6	25684587	26791232	369	32	-0.0001134735	0.0000000398
6	26791233	28017818	249	18	0.0000612752	0.0000000233
6	28017819	28917607	285	20	0.0001017579	0.0000000225
6	28917608	29737970	513	30	0.0000998924	0.0000000413
6	29737971	30798167	884	40	0.0001751769	0.0000000533
6	30798168	31571217	751	40	0.0001530962	0.0000000611
6	31571218	32682663	645	40	-0.0003315397	0.0000000586
6	32682664	33236496	591	40	-0.0000774838	0.0000000554
6	33236497	35455755	677	40	-0.0000041013	0.0000000929
6	35455756	37572595	754	40	-0.0001349867	0.0000000845
6	37572596	39295676	710	40	-0.0002387565	0.0000000785
6	39295677	40345114	389	40	-0.0001610794	0.0000000530
6	40345115	42038720	679	40	-0.0000116793	0.0000000808
6	42038721	43756168	390	40	0.0000449688	0.0000000533
6	43756169	45406562	555	40	0.0001500995	0.0000000713
6	45406563	47311897	727	40	-0.0001114194	0.0000000850
6	47311898	48391124	348	38	0.0001820079	0.0000000425
6	48391125	50386144	479	40	-0.0001671107	0.0000000492
6	50386145	52210475	551	40	-0.0000572010	0.0000000675
6	52210476	53279101	399	40	0.0000863034	0.0000000532
6	53279102	55468269	815	40	0.0001385407	0.0000000853
6	55468270	56105312	202	20	0.0000729775	0.0000000196
6	56105313	57599464	339	37	0.0000304858	0.0000000494
6	57599465	61880511	116	9	0.0001348763	0.0000000168
6	61880512	63552887	327	22	0.0002193185	0.0000000348
6	63552888	65765741	431	40	0.0001578170	0.0000000502
6	65765742	67329214	466	40	0.0000440214	0.0000000608
6	67329215	68849482	454	40	-0.0002588332	0.0000000573
6	68849483	69523447	214	26	-0.0000165142	0.0000000268
6	69523448	71609509	714	40	0.0001087918	0.0000000794
6	71609510	73450096	584	40	-0.0002552707	0.0000000710
6	73450097	75462002	552	40	0.0002147200	0.0000000607
6	75462003	77414880	430	40	-0.0002592816	0.0000000467
6	77414881	78957727	481	40	-0.0000792097	0.0000000499
6	78957728	80691169	552	40	0.0001060185	0.0000000681
6	80691170	81929221	348	27	-0.0000916122	0.0000000322
6	81929222	83127148	337	40	-0.0001093558	0.0000000449
6	83127149	85209988	525	40	-0.0000371904	0.0000000591
6	85209989	87069499	579	40	-0.0001754463	0.0000000593
6	87069500	88822139	521	40	-0.0000830169	0.0000000579
6	88822140	89973051	418	40	0.0000084724	0.0000000552
6	89973052	91843195	712	40	0.0000604001	0.0000000879
6	91843196	93428643	456	40	0.0003872473	0.0000000586
6	93428644	94118141	275	40	0.0001393467	0.0000000355
6	94118142	94441174	81	8	0.0000130109	0.0000000093
6	94441175	97093510	599	40	0.0001682486	0.0000000677
6	97093511	97842283	227	26	0.0001857802	0.0000000264
6	97842284	100630145	767	40	0.0001551880	0.0000000813
6	100630146	102636771	473	40	-0.0002792728	0.0000000621
6	102636772	103983394	327	33	0.0002199249	0.0000000465
6	103983395	106056732	643	40	0.0000455373	0.0000000771
6	106056733	107450305	597	40	0.0000415899	0.0000000809
6	107450306	108464379	336	40	0.0001136546	0.0000000458
6	108464380	110304246	508	40	-0.0002162028	0.0000000597
6	110304247	112345013	583	40	-0.0001846857	0.0000000719
6	112345014	114220832	611	40	0.0001712563	0.0000000706
6	114220833	116131395	463	40	0.0001456141	0.0000000525
6	116131396	117672971	431	40	-0.0000277596	0.0000000550
6	117672972	118963114	314	36	0.0000986178	0.0000000459
6	118963115	119963277	295	34	0.0001599683	0.0000000338
6	119963278	120512127	161	18	0.0000886903	0.0000000232
6	120512128	121905675	367	36	-0.0001379373	0.0000000411
6	121905676	123856180	587	40	-0.0000059993	0.0000000654
6	123856181	125424382	583	40	0.0000487160	0.0000000830
6	125424383	127540460	428	40	0.0000087089	0.0000000581
6	127540461	129861030	587	40	0.0001361860	0.0000000712
6	129861031	130935453	471	40	-0.0000579807	0.0000000631
6	130935454	132765668	569	40	-0.0000082257	0.0000000747
6	132765669	134244242	536	40	0.0001357636	0.0000000777
6	134244243	136224176	566	40	-0.0003226754	0.0000000817
6	136224177	137614217	324	40	-0.0002868138	0.0000000466
6	137614218	138822628	444	40	-0.0002894701	0.0000000662
6	138822629	139845435	366	40	0.0001692372	0.0000000535
6	139845436	142288478	521	40	0.0000719633	0.0000000613
6	142288479	145319809	983	40	-0.0001151970	0.0000000873
6	145319810	146665423	303	26	0.0000114594	0.0000000319
6	146665424	148920351	880	40	0.0000119853	0.0000000818
6	148920352	150253403	500	40	0.0001741397	0.0000000682
6	150253404	151912702	827	40	-0.0001260655	0.0000000849
6	151912703	153094495	520	40	-0.0006263175	0.0000000736
6	153094496	154974119	771	40	-0.0001546832	0.0000000815
6	154974120	156763325	707	40	0.0001459633	0.0000000836
6	156763326	158218718	363	40	0.0001016852	0.0000000599
6	158218719	160580496	943	40	-0.0000597832	0.0000000843
6	160580497	162169563	667	40	0.0001169313	0.0000000818
6	162169564	162931202	364	40	-0.0000465322	0.0000000575
6	162931203	164383520	657	40	-0.0002733536	0.0000000816
6	164383521	165586863	530	40	0.0001077583	0.0000000630
6	165586864	167024732	774	40	0.0001371030	0.0000000843
6	167024733	168042834	411	40	-0.0000925848	0.0000000565
6	168042835	169382049	556	40	0.0001210735	0.0000000768
6	169382050	170330172	374	40	-0.0000880684	0.0000000491
6	170330173	171051269	224	29	0.0000498953	0.0000000324
7	16161	972751	82	14	0.0000992498	0.0000000207
7	972752	1353066	92	16	-0.0001705273	0.0000000195
7	1353067	2062397	135	20	0.0000089556	0.0000000220
7	2062398	2772226	202	33	0.0000762792	0.0000000302
7	2772227	4573427	824	40	-0.0000959098	0.0000000852
7	4573428	5416231	182	38	0.0001931848	0.0000000319
7	5416232	5854525	86	15	-0.0001469444	0.0000000160
7	5854526	6573856	120	21	-0.0000472533	0.0000000205
7	6573857	7808751	397	40	0.0003448334	0.0000000633
7	7808752	9123422	713	40	0.0000576383	0.0000000837
7	9123423	9987498	349	40	0.0002671385	0.0000000597
7	9987499	11299197	459	40	0.0000359612	0.0000000713
7	11299198	12635460	671	40	0.0001121258	0.0000000847
7	12635461	13884201	550	40	-0.0001456252	0.0000000875
7	13884202	15143656	396	40	0.0000386265	0.0000000607
7	15143657	16902068	718	40	0.0000325243	0.0000000841
7	16902069	19481546	984	40	-0.0004652195	0.0000000863
7	19481547	20124907	225	29	-0.0000177472	0.0000000322
7	20124908	22507628	1137	40	-0.0001734718	0.0000000826
7	22507629	23471441	299	39	0.0000786233	0.0000000481
7	23471442	25077258	665	40	0.0000853587	0.0000000827
7	25077259	25909554	426	40	0.0001320042	0.0000000653
7	25909555	28360308	795	40	-0.0000164740	0.0000000849
7	28360309	31137288	1189	40	-0.0002132514	0.0000000848
7	31137289	33555767	957	40	-0.0004171021	0.0000000832
7	33555768	36213537	981	40	-0.0002298512	0.0000000819
7	36213538	37555183	610	40	-0.0000105152	0.0000000816
7	37555184	38966702	601	40	0.0001776080	0.0000000700
7	38966703	39862669	306	35	0.0000005578	0.0000000429
7	39862670	42001810	599	40	0.0000416747	0.0000000728
7	42001811	43159073	392	40	-0.0000365199	0.0000000607
7	43159074	44763827	429	40	-0.0002057668	0.0000000594
7	44763828	45952921	333	40	-0.0000346952	0.0000000513
7	45952922	46986719	394	40	-0.0001269716	0.0000000531
7	46986720	49212277	845	40	0.0000170766	0.0000000827
7	49212278	51675321	859	40	0.0000110536	0.0000000898
7	51675322	53176311	617	40	-0.0001912184	0.0000000745
7	53176312	54222975	369	40	0.0001871187	0.0000000431
7	54222976	55691583	512	40	0.0000584848	0.0000000721
7	55691584	57382637	232	26	0.0000600681	0.0000000314
7	57382638	63307358	118	14	0.0000608768	0.0000000206
7	63307359	63641124	52	6	-0.0000165417	0.0000000077
7	63641125	65689808	293	25	0.0000058781	0.0000000359
7	65689809	68234073	681	40	0.0000673596	0.0000000785
7	68234074	69085363	259	38	0.0000217015	0.0000000364
7	69085364	71874884	808	40	-0.0000733126	0.0000000812
7	71874885	73334601	121	20	0.0000241052	0.0000000201
7	73334602	76458563	321	40	-0.0000116909	0.0000000446
7	76458564	78093858	570	40	-0.0001374808	0.0000000850
7	78093859	79888068	633	40	-0.0000823875	0.0000000865
7	79888069	82022685	693	40	0.0000261352	0.0000000861
7	82022686	83801202	618	40	-0.0000620466	0.0000000768
7	83801203	85572181	400	40	-0.0000037575	0.0000000439
7	85572182	87825003	519	40	-0.0002089338	0.0000000538
7	87825004	90661783	931	40	0.0001586840	0.0000000824
7	90661784	92493751	403	40	0.0000522393	0.0000000506
7	92493752	93966600	346	40	-0.0001390606	0.0000000514
7	93966601	96073507	653	40	0.0000119298	0.0000000906
7	96073508	97099569	306	40	0.0005692596	0.0000000478
7	97099570	98715473	380	40	0.0001634035	0.0000000496
7	98715474	100196650	214	24	0.0000241373	0.0000000336
7	100196651	101199252	229	35	0.0001980534	0.0000000378
7	101199253	103197509	370	40	0.0000067103	0.0000000517
7	103197510	104159524	465	40	0.0000439292	0.0000000617
7	104159525	105682904	511	40	-0.0001446073	0.0000000635
7	105682905	107780177	705	40	-0.0001957258	0.0000000824
7	107780178	109647593	535	40	0.0002972675	0.0000000662
7	109647594	112618683	810	40	-0.0000557180	0.0000000845
7	112618684	113712386	211	27	-0.0000155531	0.0000000290
7	113712387	116780177	672	40	-0.0002974381	0.0000000744
7	116780178	118351580	353	36	-0.0001054459	0.0000000347
7	118351581	121045272	429	40	-0.0002548229	0.0000001056
7	121045273	121933629	220	27	0.0000669427	0.0000000332
7	121933630	124156804	645	40	0.0000328644	0.0000000702
7	124156805	124167551	6	2	-0.0000642065	0.0000000028
7	124167552	126519169	647	40	-0.0000290742	0.0000000707
7	126519170	126869220	135	16	0.0000643466	0.0000000224
7	126869221	128778385	549	40	0.0002128493	0.0000000593
7	128778386	130422413	441	40	-0.0001129828	0.0000000546
7	130422414	132805847	882	40	-0.0001131792	0.0000000846
7	132805848	134307595	430	35	0.0001265387	0.0000000562
7	134307596	135591082	481	40	-0.0000152044	0.0000000584
7	135591083	136876561	400	40	-0.0002049474	0.0000000585
7	136876562	138744678	588	40	-0.0000442108	0.0000000815
7	138744679	139933176	312	40	-0.0001714396	0.0000000446
7	139933177	140235209	115	25	0.0000410730	0.0000000180
7	140235210	141226556	273	32	-0.0002215805	0.0000000329
7	141226557	142656309	407	40	0.0000738035	0.0000000459
7	142656310	144968288	529	40	0.0000486662	0.0000000636
7	144968289	146427959	374	40	0.0002658424	0.0000000447
7	146427960	147815317	558	40	0.0000852985	0.0000000720
7	147815318	149840657	591	40	-0.0003599043	0.0000000840
7	149840658	150711504	270	35	-0.0001528645	0.0000000345
7	150711505	152249805	437	40	0.0001050357	0.0000000688
7	152249806	153674018	456	40	0.0001348846	0.0000000660
7	153674019	154964729	534	40	-0.0003893726	0.0000000802
7	154964730	156065249	462	40	0.0000900642	0.0000000668
7	156065250	157634596	499	40	-0.0000522416	0.0000000716
7	157634597	159128574	422	40	-0.0000047648	0.0000000632
8	10422	1044216	382	40	0.0000150514	0.0000000638
8	1044217	1163244	68	12	-0.0000656626	0.0000000086
8	1163245	2042941	423	40	0.0000184942	0.0000000713
8	2042942	2573278	244	39	-0.0001682442	0.0000000454
8	2573279	3392925	571	40	-0.0000701637	0.0000000863
8	3392926	3783016	408	40	0.0001026135	0.0000000643
8	3783017	4480475	651	40	-0.0001761853	0.0000000819
8	4480476	5146926	485	40	-0.0001619534	0.0000000774
8	5146927	6142796	735	40	0.0003411018	0.0000000806
8	6142797	7153078	524	40	-0.0001227916	0.0000000771
8	7153079	9154693	529	40	-0.0000701527	0.0000000824
8	9154694	9640786	181	20	0.0000196202	0.0000000326
8	9640787	10463196	444	40	0.0000358506	0.0000000722
8	10463197	11278997	338	38	-0.0000925899	0.0000000539
8	11278998	13491774	755	40	0.0001741426	0.0000000861
8	13491775	13944991	248	31	0.0000965086	0.0000000417
8	13944992	15991659	1050	40	-0.0002354880	0.0000000849
8	15991660	17387875	525	40	-0.0001063630	0.0000000827
8	17387876	17836398	232	32	0.0000491553	0.0000000370
8	17836399	19492839	915	40	0.0003510795	0.0000000869
8	19492840	20060855	273	40	0.0000681485	0.0000000429
8	20060856	21661736	738	40	0.0000835635	0.0000000880
8	21661737	22897056	441	40	-0.0000703982	0.0000000704
8	22897057	24674717	621	40	-0.0001548863	0.0000000821
8	24674718	25483453	272	34	0.0001891495	0.0000000349
8	25483454	26682524	591	40	-0.0001176265	0.0000000838
8	26682525	28162391	691	40	0.0000089485	0.0000000838
8	28162392	29327895	341	40	0.0002347837	0.0000000463
8	29327896	31133728	519	40	0.0001362213	0.0000000719
8	31133729	31548359	124	20	0.0000613477	0.0000000254
8	31548360	32977217	468	40	0.0000301975	0.0000000600
8	32977218	35317231	526	40	-0.0000167117	0.0000000506
8	35317232	37379388	351	40	-0.0001516126	0.0000000454
8	37379389	38938805	276	40	-0.0002874457	0.0000000411
8	38938806	40703336	566	40	0.0000738292	0.0000000685
8	40703337	41721453	372	40	0.0000526847	0.0000000603
8	41721454	42773822	179	22	0.0000532843	0.0000000236
8	42773823	46841314	41	7	-0.0000654817	0.0000000067
8	46841315	50082469	376	36	0.0001218036	0.0000000416
8	50082470	53302929	760	40	-0.0000005907	0.0000000731
8	53302930	54418043	336	40	0.0000333991	0.0000000428
8	54418044	55945580	463	40	-0.0001087244	0.0000000548
8	55945581	56956382	340	40	-0.0000161042	0.0000000384
8	56956383	59068650	646	40	0.0000758848	0.0000000804
8	59068651	59728099	270	34	0.0001455481	0.0000000363
8	59728100	62329098	778	40	0.0000355478	0.0000000841
8	62329099	63349305	317	35	0.0000338910	0.0000000364
8	63349306	65232871	504	40	-0.0001379732	0.0000000591
8	65232872	66489089	355	40	0.0001851274	0.0000000481
8	66489090	69863056	835	40	-0.0000110322	0.0000000853
8	69863057	70867978	393	40	0.0002917046	0.0000000532
8	70867979	72289453	420	40	0.0002152180	0.0000000450
8	72289454	73817198	671	40	0.0000929217	0.0000000849
8	73817199	75445063	588	40	0.0001013776	0.0000000745
8	75445064	76456541	288	38	-0.0000277692	0.0000000407
8	76456542	79132860	660	40	0.0001114728	0.0000000689
8	79132861	81956394	784	40	0.0001298976	0.0000000832
8	81956395	82693738	208	32	-0.0001155095	0.0000000292
8	82693739	84225588	413	40	-0.0000540217	0.0000000445
8	84225589	85955618	348	39	-0.0000937897	0.0000000439
8	85955619	87411708	252	24	-0.0000145486	0.0000000305
8	87411709	89085480	463	40	0.0001401092	0.0000000531
8	89085481	90638161	380	39	-0.0000050066	0.0000000434
8	90638162	93554385	662	40	0.0000577165	0.0000000778
8	93554386	95005526	379	40	-0.0001065588	0.0000000495
8	95005527	96534805	592	40	0.0001381325	0.0000000810
8	96534806	99401580	1063	40	0.0000321992	0.0000000844
8	99401581	101620957	486	40	0.0000534950	0.0000000466
8	101620958	104123305	936	40	-0.0000097318	0.0000000838
8	104123306	104988751	245	24	0.0003428460	0.0000000345
8	104988752	107410753	802	40	-0.0001138037	0.0000000878
8	107410754	108648176	460	40	0.0000357975	0.0000000513
8	108648177	109248172	203	23	-0.0000510591	0.0000000204
8	109248173	110484313	346	30	0.0001791133	0.0000000394
8	110484314	111850846	284	33	0.0003197272	0.0000000358
8	111850847	113064319	229	19	0.0001198505	0.0000000271
8	113064320	116096494	767	40	0.0000981234	0.0000000681
8	116096495	119685456	1126	40	0.0002367479	0.0000000908
8	119685457	121201699	505	40	0.0003084147	0.0000000660
8	121201700	124861458	1287	40	0.0000822011	0.0000000830
8	124861459	125683718	310	38	-0.0001154738	0.0000000395
8	125683719	126410916	245	40	0.0000070513	0.0000000367
8	126410917	128659110	869	40	0.0002017874	0.0000000828
8	128659111	130381138	660	40	-0.0000583006	0.0000000935
8	130381139	131639624	454	40	-0.0000724388	0.0000000681
8	131639625	133351143	742	40	-0.0001284549	0.0000000851
8	133351144	134570000	675	40	-0.0000844084	0.0000000798
8	134570001	136035604	731	40	-0.0002058486	0.0000000823
8	136035605	137524150	546	40	-0.0000442064	0.0000000710
8	137524151	139254829	723	40	0.0003461033	0.0000000809
8	139254830	140725642	740	40	0.0000731497	0.0000000899
8	140725643	143044913	798	40	-0.0003059919	0.0000000861
8	143044914	144236880	355	40	0.0003370959	0.0000000454
8	144236881	146303866	319	40	-0.0001595281	0.0000000508
9	10023	1079706	549	40	-0.0000198147	0.0000000819
9	1079707	1916876	588	40	-0.0000845392	0.0000000855
9	1916877	3190063	739	40	0.0000380893	0.0000000847
9	3190064	4495327	701	40	0.0000185530	0.0000000812
9	4495328	4884925	207	38	0.0000051680	0.0000000386
9	4884926	6557588	541	40	-0.0001514806	0.0000000821
9	6557589	7154922	290	38	-0.0002407410	0.0000000491
9	7154923	8456298	912	40	-0.0001164320	0.0000000881
9	8456299	9166402	385	40	-0.0001606910	0.0000000602
9	9166403	10879252	823	40	-0.0000126950	0.0000000867
9	10879253	12276488	458	40	-0.0001208558	0.0000000628
9	12276489	14836362	1224	40	0.0001788489	0.0000000865
9	14836363	16659654	764	40	0.0000521233	0.0000000892
9	16659655	18661050	903	40	0.0000974613	0.0000000920
9	18661051	20463533	797	40	-0.0000278275	0.0000000806
9	20463534	22206558	639	40	-0.0001485345	0.0000000832
9	22206559	24158517	585	40	-0.0000967778	0.0000000848
9	24158518	25330809	289	40	-0.0000723284	0.0000000468
9	25330810	26111756	268	40	-0.0001404939	0.0000000490
9	26111757	28224282	918	40	0.0000762180	0.0000000795
9	28224283	28811583	237	34	-0.0002142275	0.0000000341
9	28811584	30387391	543	40	-0.0001079587	0.0000000650
9	30387392	31310382	240	22	-0.0001469561	0.0000000322
9	31310383	32019367	200	23	0.0000299745	0.0000000253
9	32019368	33578333	552	40	0.0003261166	0.0000000698
9	33578334	34642242	272	27	-0.0001295936	0.0000000292
9	34642243	36743282	552	40	0.0000185087	0.0000000701
9	36743283	38641598	693	40	-0.0001050255	0.0000000871
9	38641599	65472189	98	19	-0.0000540772	0.0000000195
9	65472190	72512710	537	40	0.0002309071	0.0000000700
9	72512711	72753754	94	10	0.0000924785	0.0000000126
9	72753755	74253039	580	40	0.0000124974	0.0000000727
9	74253040	76203945	543	40	0.0000583723	0.0000000629
9	76203946	76973080	177	22	0.0001442451	0.0000000239
9	76973081	78900182	764	40	-0.0000635405	0.0000000833
9	78900183	79471207	278	40	-0.0002839488	0.0000000416
9	79471208	81079054	499	40	0.0001800632	0.0000000745
9	81079055	82590927	618	40	0.0003203169	0.0000000857
9	82590928	84211232	647	40	-0.0000632592	0.0000000842
9	84211233	85440800	324	40	0.0001118681	0.0000000447
9	85440801	86938195	614	40	0.0000038173	0.0000000798
9	86938196	88109332	479	40	-0.0005546879	0.0000000700
9	88109333	88590416	113	14	0.0000332481	0.0000000163
9	88590417	90136245	581	40	0.0000360780	0.0000000774
9	90136246	92528697	829	40	0.0002013508	0.0000000813
9	92528698	94167202	603	40	0.0001756356	0.0000000804
9	94167203	96671697	754	40	-0.0000580931	0.0000000855
9	96671698	98922039	640	40	0.0000416523	0.0000000784
9	98922040	101592858	821	40	0.0001491504	0.0000000886
9	101592859	104624436	916	40	-0.0000540463	0.0000000796
9	104624437	105967975	556	40	-0.0001549696	0.0000000669
9	105967976	107581748	582	40	-0.0001359044	0.0000000624
9	107581749	109298753	569	40	-0.0000814272	0.0000000791
9	109298754	110695061	554	40	0.0002106622	0.0000000812
9	110695062	112778023	1039	40	-0.0000449800	0.0000000847
9	112778024	114831081	862	40	-0.0001099564	0.0000000882
9	114831082	115693144	298	29	0.0001147636	0.0000000364
9	115693145	117019800	604	40	0.0001284634	0.0000000831
9	117019801	117921959	440	40	-0.0000550557	0.0000000630
9	117921960	121321536	1437	40	-0.0001358888	0.0000000817
9	121321537	122260296	352	40	0.0003524772	0.0000000486
9	122260297	124871321	743	40	-0.0002462447	0.0000000877
9	124871322	126971886	641	40	0.0005121639	0.0000000881
9	126971887	129059664	546	40	-0.0000572620	0.0000000659
9	129059665	130055509	308	40	0.0001229385	0.0000000421
9	130055510	132165469	455	40	0.0003090473	0.0000000658
9	132165470	133223216	288	40	0.0000126709	0.0000000460
9	133223217	134127887	319	40	-0.0000572999	0.0000000498
9	134127888	135298841	374	40	-0.0000263005	0.0000000496
9	135298842	137041121	582	40	0.0000799339	0.0000000864
9	137041122	137589363	208	40	-0.0001904088	0.0000000359
9	137589364	138938977	599	40	-0.0000947960	0.0000000820
9	138938978	139500341	107	21	-0.0001746313	0.0000000224
9	139500342	141144795	225	35	-0.0000971821	0.0000000382
10	60523	751338	121	14	-0.0001004794	0.0000000195
10	751339	1523543	333	40	-0.0001245520	0.0000000489
10	1523544	2254499	432	40	0.0000249368	0.0000000572
10	2254500	3352698	651	40	-0.0000038614	0.0000000816
10	3352699	4572273	601	40	0.0001835450	0.0000000810
10	4572274	5983761	681	40	0.0001253586	0.0000000838
10	5983762	7171483	722	40	0.0000623066	0.0000000849
10	7171484	8774664	852	40	0.0000889380	0.0000000825
10	8774665	10249395	557	40	-0.0000311189	0.0000000646
10	10249396	12586796	1002	40	0.0002076807	0.0000000822
10	12586797	13321599	432	40	0.0001105987	0.0000000660
10	13321600	15026067	924	40	-0.0000667988	0.0000000807
10	15026068	16551766	542	40	0.0000358948	0.0000000782
10	16551767	18537266	727	40	-0.0000870256	0.0000000801
10	18537267	19716877	502	40	-0.0001742186	0.0000000606
10	19716878	22772282	961	40	0.0000318961	0.0000000853
10	22772283	23175131	121	14	0.0000311496	0.0000000215
10	23175132	25578595	749	40	0.0000578538	0.0000000802
10	25578596	26888683	505	40	-0.0002017752	0.0000000534
10	26888684	29323235	864	40	-0.0001963279	0.0000000845
10	29323236	29783691	259	40	-0.0001753663	0.0000000388
10	29783692	30458837	351	40	-0.0000577455	0.0000000511
10	30458838	31907518	466	40	-0.0000105887	0.0000000546
10	31907519	33707967	599	40	-0.0001998853	0.0000000700
10	33707968	35109354	487	40	-0.0000055633	0.0000000605
10	35109355	36572507	414	40	-0.0000330380	0.0000000518
10	36572508	37790028	315	40	0.0003025287	0.0000000406
10	37790029	42372578	189	13	0.0001128891	0.0000000169
10	42372579	43894770	284	33	0.0000873579	0.0000000372
10	43894771	44730074	241	31	-0.0000478119	0.0000000315
10	44730075	48760449	610	40	-0.0000385047	0.0000000753
10	48760450	50840914	612	40	0.0000083300	0.0000000701
10	50840915	53616628	720	40	0.0000972938	0.0000000909
10	53616629	55103571	675	40	-0.0003814781	0.0000000887
10	55103572	57031139	747	40	0.0000145973	0.0000000827
10	57031140	57662145	177	18	-0.0000167940	0.0000000180
10	57662146	58959527	372	25	0.0000864604	0.0000000381
10	58959528	60289986	414	40	0.0001947290	0.0000000443
10	60289987	61891408	567	40	-0.0001738494	0.0000000749
10	61891409	62659678	287	33	0.0000383999	0.0000000363
10	62659679	63341694	158	19	-0.0000005632	0.0000000240
10	63341695	65794113	797	40	0.0000057369	0.0000000883
10	65794114	67549614	473	40	0.0000572049	0.0000000557
10	67549615	69900147	873	40	0.0001374231	0.0000000896
10	69900148	70195990	102	11	0.0000969545	0.0000000144
10	70195991	72220849	822	40	0.0002142375	0.0000000846
10	72220850	73508511	703	40	-0.0000166796	0.0000000818
10	73508512	75422549	387	34	0.0001277849	0.0000000421
10	75422550	78706813	809	40	0.0001994518	0.0000000901
10	78706814	80876748	991	40	-0.0000507765	0.0000000829
10	80876749	82414678	477	40	-0.0002056987	0.0000000674
10	82414679	84383744	701	40	0.0000011392	0.0000000863
10	84383745	85458702	430	40	-0.0000070628	0.0000000446
10	85458703	87937576	957	40	-0.0000341287	0.0000000855
10	87937577	89127063	258	35	-0.0002141800	0.0000000393
10	89127064	91013380	693	40	-0.0001936229	0.0000000890
10	91013381	92006580	365	40	0.0000065327	0.0000000498
10	92006581	93335046	434	40	0.0000276279	0.0000000571
10	93335047	95396367	613	40	0.0001340222	0.0000000697
10	95396368	96221242	246	30	0.0000678174	0.0000000330
10	96221243	97822356	543	40	0.0000849997	0.0000000600
10	97822357	100241301	866	40	-0.0000147927	0.0000000905
10	100241302	100668399	147	15	-0.0001210557	0.0000000182
10	100668400	102949238	723	40	0.0001435822	0.0000000790
10	102949239	104380409	262	25	0.0001843578	0.0000000347
10	104380410	106695047	650	40	-0.0002640443	0.0000000817
10	106695048	108726685	657	40	0.0000715258	0.0000000731
10	108726686	110317704	634	40	-0.0001339332	0.0000000787
10	110317705	112561492	648	40	0.0000135119	0.0000000783
10	112561493	115328431	967	40	0.0001742886	0.0000000825
10	115328432	116421405	460	40	0.0001730432	0.0000000616
10	116421406	119523933	954	40	0.0002315185	0.0000000883
10	119523934	120591352	399	40	0.0000275977	0.0000000530
10	120591353	122407322	647	40	0.0000246256	0.0000000851
10	122407323	123231464	387	40	-0.0000454920	0.0000000567
10	123231465	123900544	267	40	-0.0001691446	0.0000000487
10	123900545	125869345	817	40	0.0000618727	0.0000000835
10	125869346	128001097	920	40	0.0000980579	0.0000000829
10	128001098	129154361	509	40	-0.0000487531	0.0000000717
10	129154362	130844283	901	40	-0.0000327743	0.0000000833
10	130844284	131741326	408	40	-0.0001184289	0.0000000585
10	131741327	132580244	399	40	-0.0000550659	0.0000000530
10	132580245	134336328	830	40	-0.0000058036	0.0000000828
10	134336329	134494672	38	6	0.0000538840	0.0000000063
10	134494673	135523864	243	37	0.0000790114	0.0000000387
11	70855	1213589	228	40	0.0000378345	0.0000000378
11	1213590	3665480	706	40	-0.0002935626	0.0000000837
11	3665481	4746708	400	40	0.0001006781	0.0000000663
11	4746709	6322868	926	40	0.0000112181	0.0000000825
11	6322869	7436700	514	40	0.0000999475	0.0000000628
11	7436701	8333273	467	40	-0.0002279955	0.0000000685
11	8333274	9087316	237	27	0.0000026696	0.0000000441
11	9087317	10952026	559	40	0.0002315588	0.0000000733
11	10952027	12564228	1055	40	-0.0000770852	0.0000000836
11	12564229	13373123	392	40	-0.0003138987	0.0000000506
11	13373124	15742551	751	40	-0.0001464572	0.0000000840
11	15742552	17578401	512	40	0.0002393356	0.0000000623
11	17578402	19569534	743	40	0.0001453009	0.0000000833
11	19569535	21017137	748	40	-0.0001546541	0.0000000884
11	21017138	22374141	536	40	0.0000048299	0.0000000724
11	22374142	24088516	574	40	-0.0001658134	0.0000000676
11	24088517	26045752	641	40	-0.0000316989	0.0000000873
11	26045753	27020460	346	40	-0.0000362797	0.0000000410
11	27020461	28481592	376	40	-0.0002296376	0.0000000430
11	28481593	30141356	396	40	-0.0001762430	0.0000000485
11	30141357	32276900	616	40	0.0000096130	0.0000000597
11	32276901	33958738	527	40	-0.0000370832	0.0000000660
11	33958739	35502604	775	40	0.0001480615	0.0000000919
11	35502605	37116814	717	40	0.0000061709	0.0000000813
11	37116815	39382002	412	40	-0.0000504000	0.0000000503
11	39382003	42310002	904	40	-0.0001137958	0.0000000864
11	42310003	44693798	929	40	-0.0000629099	0.0000000837
11	44693799	47006136	596	40	0.0003470827	0.0000000863
11	47006137	49866049	356	22	0.0000303631	0.0000000381
11	49866050	54695472	125	6	-0.0000530889	0.0000000112
11	54695473	55082656	6	3	-0.0000040916	0.0000000001
11	55082657	58457494	990	40	0.0002426185	0.0000000752
11	58457495	58780548	64	6	-0.0000495042	0.0000000071
11	58780549	62223770	911	40	0.0000339277	0.0000000795
11	62223771	63804568	281	35	0.0001158958	0.0000000388
11	63804569	65898630	427	40	-0.0001828366	0.0000000639
11	65898631	68005824	284	33	0.0001941891	0.0000000405
11	68005825	69516129	437	40	0.0000791811	0.0000000596
11	69516130	70926291	444	40	-0.0000189534	0.0000000664
11	70926292	72286016	289	35	-0.0002119921	0.0000000361
11	72286017	74412350	557	40	-0.0005256496	0.0000000714
11	74412351	76797208	721	40	-0.0000170827	0.0000000900
11	76797209	78355057	365	33	-0.0000092975	0.0000000420
11	78355058	80722372	1032	40	-0.0001094473	0.0000000893
11	80722373	81266711	253	37	0.0000094717	0.0000000303
11	81266712	84381271	1146	40	0.0000660796	0.0000000804
11	84381272	86619300	743	40	-0.0000904318	0.0000000826
11	86619301	87430234	303	35	0.0002108370	0.0000000466
11	87430235	89208935	542	40	0.0000382927	0.0000000775
11	89208936	90966489	367	34	0.0002671096	0.0000000430
11	90966490	92077143	340	38	0.0001525687	0.0000000452
11	92077144	93276156	381	40	-0.0001945356	0.0000000439
11	93276157	94242259	256	26	0.0000336394	0.0000000277
11	94242260	95726040	561	40	0.0000611883	0.0000000731
11	95726041	97057057	490	40	0.0000751806	0.0000000656
11	97057058	98705064	541	40	0.0003534019	0.0000000814
11	98705065	100417168	745	40	-0.0000884548	0.0000000835
11	100417169	101331120	361	40	-0.0001268585	0.0000000435
11	101331121	103959635	1008	40	-0.0001081444	0.0000000778
11	103959636	104873283	277	22	-0.0001007734	0.0000000303
11	104873284	106520893	452	40	-0.0003279727	0.0000000537
11	106520894	107844199	459	40	0.0002315050	0.0000000567
11	107844200	108437036	129	11	0.0001680831	0.0000000181
11	108437037	109866115	332	40	0.0000812896	0.0000000431
11	109866116	111114396	479	40	0.0000831025	0.0000000616
11	111114397	112459487	368	37	0.0000632454	0.0000000447
11	112459488	114257727	753	40	0.0000247539	0.0000000896
11	114257728	114830665	212	26	0.0001200650	0.0000000321
11	114830666	116383347	638	40	0.0000850175	0.0000000857
11	116383348	117747109	527	40	0.0002561330	0.0000000793
11	117747110	119215475	468	40	-0.0000695244	0.0000000629
11	119215476	120766805	601	40	0.0003689593	0.0000000824
11	120766806	121175942	188	23	-0.0000607028	0.0000000253
11	121175943	122591909	455	40	-0.0002111257	0.0000000702
11	122591910	123500116	401	40	-0.0001935292	0.0000000610
11	123500117	124495527	457	40	0.0002165318	0.0000000546
11	124495528	126311319	715	40	0.0001144507	0.0000000874
11	126311320	127316678	548	40	0.0000803131	0.0000000665
11	127316679	128188536	300	40	-0.0001413789	0.0000000371
11	128188537	130342574	815	40	-0.0000071761	0.0000000818
11	130342575	131074611	360	40	0.0003045618	0.0000000503
11	131074612	133000045	1071	40	-0.0000264245	0.0000000792
11	133000046	134205992	524	40	-0.0001232616	0.0000000825
11	134205993	134946451	389	40	-0.0002643717	0.0000000589
12	61107	1080330	281	40	0.0000647580	0.0000000453
12	1080331	2544785	471	40	0.0000587791	0.0000000706
12	2544786	3677036	482	40	-0.0001050331	0.0000000763
12	3677037	4417678	375	40	0.0002119813	0.0000000559
12	4417679	5321471	471	40	-0.0003104137	0.0000000629
12	5321472	6419752	525	40	-0.0002630271	0.0000000752
12	6419753	8377535	473	40	-0.0001214240	0.0000000673
12	8377536	9031394	121	21	-0.0001056034	0.0000000298
12	9031395	10481533	497	40	-0.0004031140	0.0000000704
12	10481534	11754845	331	40	0.0001023902	0.0000000389
12	11754846	12733527	424	40	0.0000176030	0.0000000688
12	12733528	15241483	990	40	0.0001128806	0.0000000800
12	15241484	16310459	249	36	0.0001366736	0.0000000378
12	16310460	18087872	543	40	-0.0001221775	0.0000000711
12	18087873	20863942	890	40	-0.0000077841	0.0000000818
12	20863943	23820633	1023	40	0.0002219018	0.0000000824
12	23820634	25371082	693	40	-0.0002179485	0.0000000814
12	25371083	27799772	956	40	0.0002443238	0.0000000843
12	27799773	29651254	671	40	-0.0001854524	0.0000000736
12	29651255	30512405	453	40	0.0000565303	0.0000000557
12	30512406	32165591	591	40	-0.0001018666	0.0000000778
12	32165592	33076988	360	40	-0.0001302136	0.0000000460
12	33076989	37856716	343	23	-0.0000939424	0.0000000397
12	37856717	39227168	130	7	0.0001161789	0.0000000209
12	39227169	40816184	473	40	-0.0000367281	0.0000000581
12	40816185	41658585	345	36	0.0000233342	0.0000000438
12	41658586	43984473	876	40	0.0000955912	0.0000000859
12	43984474	46024228	456	40	0.0000769219	0.0000000497
12	46024229	47714792	455	40	-0.0000876759	0.0000000558
12	47714793	49001865	497	40	-0.0002665781	0.0000000652
12	49001866	51776493	555	40	-0.0001587501	0.0000000632
12	51776494	53039003	584	40	0.0000330788	0.0000000716
12	53039004	54778822	518	40	0.0001963750	0.0000000649
12	54778823	55665836	262	35	-0.0002014090	0.0000000370
12	55665837	57548859	350	40	-0.0000515698	0.0000000473
12	57548860	59308665	434	40	0.0000852479	0.0000000505
12	59308666	61123728	438	40	0.0001830849	0.0000000499
12	61123729	64032460	920	40	0.0000238840	0.0000000804
12	64032461	65559694	364	40	0.0000569455	0.0000000502
12	65559695	67181143	502	40	-0.0003294013	0.0000000648
12	67181144	67909728	314	40	0.0001307847	0.0000000372
12	67909729	69826541	797	40	0.0002028319	0.0000000848
12	69826542	70957986	481	40	-0.0001220757	0.0000000520
12	70957987	72645074	511	40	0.0000821014	0.0000000607
12	72645075	73818453	295	30	-0.0001589133	0.0000000343
12	73818454	76511313	751	40	-0.0001556134	0.0000000817
12	76511314	78570569	735	40	0.0002128821	0.0000000818
12	78570570	80448149	398	40	-0.0000002387	0.0000000465
12	80448150	81467766	294	34	-0.0000273184	0.0000000330
12	81467767	83502665	538	40	-0.0000721838	0.0000000571
12	83502666	84303843	226	27	0.0001610582	0.0000000228
12	84303844	85990425	384	34	-0.0000274451	0.0000000390
12	85990426	89682121	732	40	0.0003664638	0.0000000764
12	89682122	92066154	603	40	-0.0000579559	0.0000000623
12	92066155	94514566	887	40	0.0002030111	0.0000000831
12	94514567	96020784	656	40	-0.0001073192	0.0000000800
12	96020785	97108838	432	40	-0.0000344324	0.0000000627
12	97108839	99305986	910	40	-0.0002255449	0.0000000844
12	99305987	101447640	626	40	0.0002666134	0.0000000810
12	101447641	101862689	139	16	0.0001537836	0.0000000224
12	101862690	102964985	277	40	-0.0002925046	0.0000000562
12	102964986	104848695	720	40	0.0001017273	0.0000000848
12	104848696	106436212	821	40	-0.0000840090	0.0000000804
12	106436213	106958747	226	32	-0.0000592095	0.0000000307
12	106958748	109025900	699	40	0.0000300371	0.0000000789
12	109025901	110336718	330	40	0.0001737455	0.0000000397
12	110336719	113263517	313	36	-0.0001795785	0.0000000464
12	113263518	113986708	192	27	-0.0002062855	0.0000000318
12	113986709	115036601	512	40	0.0000436597	0.0000000650
12	115036602	115503215	171	33	-0.0001021326	0.0000000244
12	115503216	117087470	728	40	-0.0001661240	0.0000000885
12	117087471	118135374	439	40	0.0000192829	0.0000000652
12	118135375	119754109	668	40	-0.0002248215	0.0000000802
12	119754110	122007650	566	40	0.0000893438	0.0000000782
12	122007651	124977979	611	40	-0.0002269548	0.0000000796
12	124977980	126445504	603	40	0.0000406141	0.0000000841
12	126445505	127875097	627	40	-0.0001314097	0.0000000771
12	127875098	129237296	681	40	-0.0000037850	0.0000000821
12	129237297	130377920	657	40	0.0000542903	0.0000000795
12	130377921	131786750	710	40	-0.0000464844	0.0000000844
12	131786751	132807033	267	39	-0.0001537683	0.0000000375
12	132807034	133841510	155	23	0.0001580990	0.0000000283
13	19020013	20686719	261	34	0.0000063155	0.0000000414
13	20686720	22242173	560	40	-0.0002063797	0.0000000841
13	22242174	23594701	664	40	-0.0001952148	0.0000000849
13	23594702	24531936	485	40	-0.0000931822	0.0000000675
13	24531937	25784361	604	40	0.0001205264	0.0000000814
13	25784362	27284361	522	40	0.0001507432	0.0000000658
13	27284362	29257550	825	40	0.0002564211	0.0000000797
13	29257551	30483266	478	40	-0.0000455749	0.0000000602
13	30483267	32301814	745	40	0.0001703703	0.0000000855
13	32301815	33776902	554	40	-0.0001638110	0.0000000700
13	33776903	35026463	445	40	0.0000113344	0.0000000610
13	35026464	36046366	213	30	-0.0001271153	0.0000000318
13	36046367	37498184	627	40	-0.0001446082	0.0000000804
13	37498185	38878162	519	40	-0.0002850329	0.0000000606
13	38878163	41069262	833	40	-0.0002247602	0.0000000852
13	41069263	43101026	602	40	0.0005340175	0.0000000798
13	43101027	44901408	789	40	-0.0002144571	0.0000000819
13	44901409	46495213	510	40	-0.0000754121	0.0000000691
13	46495214	47431078	352	40	-0.0001310096	0.0000000406
13	47431079	49383961	598	40	0.0000203231	0.0000000738
13	49383962	51591090	708	40	-0.0000880683	0.0000000838
13	51591091	53339621	435	40	0.0001921480	0.0000000605
13	53339622	54682863	513	40	0.0000080430	0.0000000674
13	54682864	55817130	313	36	-0.0000432858	0.0000000366
13	55817131	57554216	295	22	0.0000163476	0.0000000307
13	57554217	58410625	198	20	-0.0001690259	0.0000000218
13	58410626	59302270	208	21	0.0000212321	0.0000000256
13	59302271	60854777	548	40	-0.0002051760	0.0000000685
13	60854778	61591948	279	34	-0.0000034929	0.0000000389
13	61591949	63971558	625	40	-0.0002762661	0.0000000760
13	63971559	65200601	295	31	0.0003906108	0.0000000267
13	65200602	67844452	774	40	0.0000064016	0.0000000835
13	67844453	70724515	871	40	0.0002321655	0.0000000867
13	70724516	71526790	318	40	-0.0000856417	0.0000000452
13	71526791	73934088	826	40	-0.0000655912	0.0000000827
13	73934089	75670142	719	40	-0.0001413448	0.0000000909
13	75670143	77410554	758	40	-0.0000417840	0.0000000821
13	77410555	78808812	413	40	-0.0000698101	0.0000000466
13	78808813	80585675	563	40	-0.0000900948	0.0000000703
13	80585676	82581813	599	40	-0.0001672917	0.0000000765
13	82581814	84133143	387	35	0.0000138442	0.0000000419
13	84133144	85610915	408	40	0.0003350082	0.0000000489
13	85610916	88559881	741	40	-0.0001751660	0.0000000815
13	88559882	90521310	459	40	-0.0000991196	0.0000000479
13	90521311	93129690	844	40	-0.0003305448	0.0000000834
13	93129691	93586454	119	16	-0.0001187408	0.0000000239
13	93586455	96087557	1151	40	-0.0000735044	0.0000000826
13	96087558	97519209	345	37	0.0001808977	0.0000000515
13	97519210	98938918	432	40	-0.0000294363	0.0000000654
13	98938919	100574094	757	40	0.0002556237	0.0000000833
13	100574095	102300522	758	40	0.0001249372	0.0000000829
13	102300523	104066709	902	40	-0.0001179803	0.0000000853
13	104066710	104844113	306	40	0.0001243402	0.0000000443
13	104844114	106247553	622	40	-0.0001877864	0.0000000846
13	106247554	106749999	268	40	-0.0000446210	0.0000000366
13	106750000	108189876	598	40	-0.0001122407	0.0000000839
13	108189877	109121209	432	40	0.0003458199	0.0000000651
13	109121210	109815111	318	40	-0.0000040551	0.0000000436
13	109815112	111232072	665	40	-0.0000259527	0.0000000826
13	111232073	112247591	434	40	0.0001657360	0.0000000610
13	112247592	113572487	452	40	0.0000095822	0.0000000661
13	113572488	115109852	356	40	0.0002021121	0.0000000498
14	19002084	21589401	558	40	0.0001591754	0.0000000854
14	21589402	23018664	664	40	0.0000835144	0.0000000821
14	23018665	24905122	633	40	-0.0002044168	0.0000000835
14	24905123	26135685	526	40	0.0002121757	0.0000000695
14	26135686	28466532	691	40	0.0000738393	0.0000000832
14	28466533	29972144	377	40	-0.0000248141	0.0000000458
14	29972145	32383264	563	40	0.0001135097	0.0000000789
14	32383265	34846250	1231	40	0.0002793657	0.0000000831
14	34846251	35859592	232	27	0.0000898474	0.0000000293
14	35859593	38667724	854	40	0.0001513466	0.0000000821
14	38667725	40341989	515	40	0.0000339750	0.0000000594
14	40341990	41615501	346	31	-0.0000588362	0.0000000438
14	41615502	43137388	408	36	0.0000676316	0.0000000538
14	43137389	44543226	352	40	0.0000977380	0.0000000454
14	44543227	46081895	360	40	0.0000492284	0.0000000453
14	46081896	46749129	186	16	-0.0000562992	0.0000000172
14	46749130	48573585	574	40	-0.0001055710	0.0000000712
14	48573586	49005470	110	13	-0.0000284326	0.0000000183
14	49005471	50507759	458	40	0.0003222533	0.0000000590
14	50507760	51493571	338	40	-0.0003959276	0.0000000600
14	51493572	53474382	814	40	0.0001580756	0.0000000852
14	53474383	53997830	172	19	0.0001093997	0.0000000276
14	53997831	55233680	442	40	0.0000496211	0.0000000624
14	55233681	56216879	281	26	-0.0002046852	0.0000000353
14	56216880	57481261	652	40	0.0001461620	0.0000000850
14	57481262	59448335	683	40	-0.0001162691	0.0000000828
14	59448336	61680423	589	40	-0.0000525093	0.0000000666
14	61680424	63790014	785	40	0.0000080084	0.0000000823
14	63790015	65220297	315	33	0.0001584887	0.0000000521
14	65220298	66399554	391	40	0.0004374461	0.0000000590
14	66399555	67992316	401	32	-0.0000245268	0.0000000355
14	67992317	71131956	1170	40	0.0000069828	0.0000000823
14	71131957	72889614	658	40	-0.0001500433	0.0000000859
14	72889615	76444766	1065	40	-0.0000180531	0.0000000880
14	76444767	77229471	348	40	-0.0002097365	0.0000000479
14	77229472	78561944	587	40	-0.0000960229	0.0000000774
14	78561945	80186578	590	40	0.0000098557	0.0000000838
14	80186579	81579713	494	40	-0.0001580518	0.0000000611
14	81579714	83138096	459	40	0.0000595827	0.0000000612
14	83138097	84241632	375	40	0.0001300984	0.0000000466
14	84241633	85746318	457	40	0.0000862003	0.0000000618
14	85746319	86647001	300	35	0.0001612740	0.0000000416
14	86647002	87635340	303	40	-0.0001267029	0.0000000447
14	87635341	89497642	584	40	0.0000930918	0.0000000776
14	89497643	91296859	674	40	-0.0000293416	0.0000000803
14	91296860	93132298	632	40	-0.0000296658	0.0000000794
14	93132299	94325284	394	40	-0.0000490033	0.0000000562
14	94325285	95750866	823	40	-0.0001440667	0.0000000791
14	95750867	96262414	371	40	0.0000915586	0.0000000492
14	96262415	98341161	824	40	-0.0000598554	0.0000000853
14	98341162	99138531	360	40	-0.0000054890	0.0000000555
14	99138532	101534306	868	40	0.0002833305	0.0000000845
14	101534307	103012101	396	40	-0.0001734216	0.0000000604
14	103012102	105001722	452	40	0.0000110746	0.0000000541
14	105001723	106340357	152	28	-0.0000457920	0.0000000236
14	106340358	107289453	39	5	0.0000050247	0.0000000055
15	20001200	21131603	6	2	0.0000042566	0.0000000012
15	21131604	24195126	285	40	-0.0000320238	0.0000000489
15	24195127	25108589	188	27	-0.0000972590	0.0000000254
15	25108590	27298111	841	40	-0.0000764749	0.0000000822
15	27298112	29338501	460	40	0.0000172778	0.0000000655
15	29338502	30165567	276	40	0.0000603726	0.0000000366
15	30165568	31591820	281	40	0.0003003412	0.0000000506
15	31591821	32441810	256	36	-0.0002543940	0.0000000361
15	32441811	34015424	698	40	-0.0001578359	0.0000000806
15	34015425	35083250	376	40	-0.0002384714	0.0000000571
15	35083251	37456501	912	40	-0.0000438815	0.0000000844
15	37456502	38530776	340	40	-0.0000195104	0.0000000451
15	38530777	40384131	738	40	-0.0000287359	0.0000000865
15	40384132	41177513	210	27	-0.0000905892	0.0000000273
15	41177514	42776398	387	40	-0.0001713346	0.0000000520
15	42776399	44198048	232	15	0.0001193007	0.0000000242
15	44198049	46618786	455	40	-0.0000260589	0.0000000564
15	46618787	48136047	576	40	0.0001087868	0.0000000697
15	48136048	50008042	428	40	0.0001022432	0.0000000482
15	50008043	51677559	559	40	0.0002788689	0.0000000731
15	51677560	53069095	365	35	-0.0000516104	0.0000000417
15	53069096	54508527	624	40	0.0002341267	0.0000000790
15	54508528	55136268	241	30	-0.0001401134	0.0000000365
15	55136269	56901772	495	40	-0.0001229930	0.0000000754
15	56901773	58441365	605	40	-0.0000602198	0.0000000837
15	58441366	59694115	470	40	-0.0000863710	0.0000000763
15	59694116	61265835	651	40	-0.0001246272	0.0000000831
15	61265836	63215221	842	40	0.0001039775	0.0000000815
15	63215222	65104667	438	40	0.0000029203	0.0000000574
15	65104668	67094766	578	40	0.0000305798	0.0000000835
15	67094767	69017998	652	40	-0.0002230320	0.0000000894
15	69017999	70133340	288	40	-0.0000137852	0.0000000400
15	70133341	71922648	692	40	0.0000373055	0.0000000821
15	71922649	73628713	344	30	-0.0000042896	0.0000000404
15	73628714	76398623	520	40	0.0002774560	0.0000000747
15	76398624	78516052	498	40	0.0002112982	0.0000000551
15	78516053	80860977	915	40	-0.0000773976	0.0000000862
15	80860978	84260467	864	40	-0.0001065925	0.0000000907
15	84260468	86652904	720	40	0.0000652109	0.0000000814
15	86652905	88369942	749	40	0.0000729197	0.0000000845
15	88369943	90475550	683	40	-0.0000225144	0.0000000865
15	90475551	92164391	571	40	-0.0001153538	0.0000000801
15	92164392	93780901	794	40	0.0000438588	0.0000000808
15	93780902	94924329	566	40	-0.0000618902	0.0000000844
15	94924330	96141595	569	40	-0.0001702454	0.0000000841
15	96141596	98030909	729	40	-0.0001976116	0.0000000875
15	98030910	99244058	557	40	-0.0000501663	0.0000000834
15	99244059	100636846	526	40	0.0000373905	0.0000000822
15	100636847	101552693	386	40	0.0004219305	0.0000000559
15	101552694	102520965	418	40	-0.0000093256	0.0000000622
16	60054	1207205	269	40	0.0001546848	0.0000000472
16	1207206	2764828	314	40	0.0003918540	0.0000000516
16	2764829	4001195	271	40	-0.0001301467	0.0000000415
16	4001196	5118344	341	40	-0.0001259265	0.0000000582
16	5118345	5891579	337	40	-0.0000438650	0.0000000616
16	5891580	6893550	682	40	0.0000759048	0.0000000828
16	6893551	7529120	472	40	0.0001725034	0.0000000762
16	7529121	8338518	528	40	-0.0001048926	0.0000000839
16	8338519	9799418	677	40	-0.0000806791	0.0000000868
16	9799419	10426031	363	38	-0.0001141437	0.0000000505
16	10426032	11520160	421	40	0.0000006357	0.0000000712
16	11520161	12613097	379	40	-0.0000807398	0.0000000603
16	12613098	13154436	292	40	0.0003495026	0.0000000420
16	13154437	14464001	530	40	-0.0002028205	0.0000000685
16	14464002	16154059	292	39	-0.0001068284	0.0000000409
16	16154060	17644748	375	40	0.0000245974	0.0000000581
16	17644749	18643606	174	28	0.0000115256	0.0000000306
16	18643607	20150570	373	40	0.0000551854	0.0000000563
16	20150571	22448903	398	40	0.0001835928	0.0000000497
16	22448904	24136874	484	40	-0.0001061691	0.0000000622
16	24136875	25986861	722	40	-0.0001486400	0.0000000835
16	25986862	27445754	625	40	-0.0000219416	0.0000000829
16	27445755	29036612	297	39	0.0000689229	0.0000000414
16	29036613	31382942	231	29	-0.0001844032	0.0000000348
16	31382943	46399472	118	16	-0.0000711236	0.0000000148
16	46399473	49007925	279	32	-0.0000483525	0.0000000342
16	49007926	52035822	1057	40	-0.0001928844	0.0000000828
16	52035823	53382571	445	40	0.0003257012	0.0000000544
16	53382572	55903773	1068	40	0.0002581048	0.0000000858
16	55903774	57664329	565	40	-0.0000494183	0.0000000793
16	57664330	59045404	456	40	0.0000631245	0.0000000706
16	59045405	60745693	485	40	0.0002280522	0.0000000666
16	60745694	62229848	354	40	-0.0001393450	0.0000000415
16	62229849	63691588	435	40	-0.0000684910	0.0000000585
16	63691589	65938565	789	40	0.0003729302	0.0000000839
16	65938566	68841362	584	40	-0.0000239142	0.0000000773
16	68841363	71054027	354	38	-0.0001614805	0.0000000503
16	71054028	72935149	414	36	0.0001352567	0.0000000521
16	72935150	74971502	773	40	0.0001710771	0.0000000852
16	74971503	75977953	217	28	0.0001269635	0.0000000369
16	75977954	77523677	655	40	0.0001971729	0.0000000819
16	77523678	78456291	627	40	-0.0001997078	0.0000000858
16	78456292	79134814	552	40	-0.0000607527	0.0000000813
16	79134815	80297373	765	40	0.0001234213	0.0000000929
16	80297374	81772535	761	40	0.0000304342	0.0000000828
16	81772536	82747727	563	40	0.0002159146	0.0000000844
16	82747728	83477207	592	40	-0.0000795353	0.0000000838
16	83477208	84445882	681	40	0.0000200912	0.0000000857
16	84445883	85148684	432	40	0.0001279496	0.0000000686
16	85148685	86156598	457	40	-0.0001050363	0.0000000743
16	86156599	86815410	515	40	-0.0002778121	0.0000000892
16	86815411	87647348	345	40	0.0001117257	0.0000000553
16	87647349	89041164	334	40	-0.0000784730	0.0000000514
16	89041165	90292811	262	31	0.0001449170	0.0000000394
17	56	1172398	300	40	0.0000329874	0.0000000522
17	1172399	1928730	235	40	-0.0001349279	0.0000000423
17	1928731	3702311	602	40	0.0000061497	0.0000000809
17	3702312	4696260	324	40	0.0001368370	0.0000000482
17	4696261	5741333	342	40	-0.0000133325	0.0000000483
17	5741334	7317397	580	40	-0.0001224272	0.0000000798
17	7317398	8306424	272	40	0.0001314245	0.0000000518
17	8306425	9965920	636	40	0.0000104181	0.0000000812
17	9965921	11102814	456	40	0.0003031863	0.0000000684
17	11102815	12534768	543	40	-0.0000408729	0.0000000777
17	12534769	13180371	286	40	-0.0002655139	0.0000000422
17	13180372	13894636	359	40	-0.0001468155	0.0000000562
17	13894637	15019096	589	40	0.0001971486	0.0000000850
17	15019097	16412341	308	40	0.0002606844	0.0000000498
17	16412342	18856319	523	40	0.0001095933	0.0000000698
17	18856320	21290356	367	40	0.0001502394	0.0000000450
17	21290357	27334243	463	40	-0.0004055882	0.0000000703
17	27334244	29786490	462	38	0.0003738578	0.0000000512
17	29786491	31538424	524	40	-0.0000912712	0.0000000703
17	31538425	32912797	805	40	-0.0000742280	0.0000000781
17	32912798	34469035	472	40	0.0001232961	0.0000000577
17	34469036	36809343	486	40	-0.0000739370	0.0000000710
17	36809344	38877403	372	40	-0.0001844920	0.0000000524
17	38877404	39899809	292	32	-0.0001136257	0.0000000338
17	39899810	41772086	342	37	0.0001623840	0.0000000416
17	41772087	43056904	306	35	0.0002171442	0.0000000421
17	43056905	45876021	541	40	0.0001440503	0.0000000665
17	45876022	47517399	479	40	0.0000337814	0.0000000631
17	47517400	49898956	730	40	0.0000885781	0.0000000823
17	49898957	50719054	284	27	0.0000134910	0.0000000358
17	50719055	51826117	303	34	-0.0000492220	0.0000000370
17	51826118	53599431	601	40	-0.0001445882	0.0000000805
17	53599432	55357540	597	40	-0.0000378874	0.0000000724
17	55357541	57487511	643	40	-0.0001172508	0.0000000810
17	57487512	59312754	231	22	-0.0000132985	0.0000000242
17	59312755	61545588	422	40	0.0000372929	0.0000000554
17	61545589	63148127	282	34	0.0000228197	0.0000000306
17	63148128	64800429	594	40	-0.0000001451	0.0000000776
17	64800430	67858769	887	40	0.0002518529	0.0000000806
17	67858770	69387816	592	40	-0.0001954913	0.0000000766
17	69387817	72672202	1398	40	0.0002245492	0.0000000836
17	72672203	74375559	367	40	0.0000210237	0.0000000537
17	74375560	76263412	699	40	-0.0002391659	0.0000000846
17	76263413	77298635	448	40	-0.0000656204	0.0000000751
17	77298636	78837587	515	40	0.0000488354	0.0000000784
17	78837588	80034407	221	40	0.0003636516	0.0000000402
17	80034408	81194907	263	33	-0.0000101403	0.0000000401
18	10644	912485	388	40	0.0002328159	0.0000000528
18	912486	1942910	364	40	-0.0000203910	0.0000000429
18	1942911	3891657	745	40	-0.0000761781	0.0000000844
18	3891658	5834179	772	40	-0.0003217704	0.0000000840
18	5834180	7090484	554	40	-0.0001379710	0.0000000755
18	7090485	8498930	575	40	0.0002646571	0.0000000794
18	8498931	11075912	1222	40	-0.0000261785	0.0000000838
18	11075913	11905439	251	40	0.0000768318	0.0000000366
18	11905440	14440798	713	40	0.0000793222	0.0000000820
18	14440799	19485843	149	16	-0.0000627629	0.0000000208
18	19485844	20649471	288	34	0.0000448504	0.0000000427
18	20649472	22996650	784	40	-0.0001179202	0.0000000908
18	22996651	24026190	303	34	0.0001549727	0.0000000408
18	24026191	25927681	765	40	0.0000424955	0.0000000841
18	25927682	26875586	242	26	-0.0001105197	0.0000000326
18	26875587	27866477	267	27	-0.0001503826	0.0000000268
18	27866478	30264065	836	40	-0.0000774975	0.0000000853
18	30264066	31780066	335	36	0.0001766281	0.0000000418
18	31780067	33861963	576	40	0.0002135152	0.0000000697
18	33861964	35075249	472	40	-0.0004494106	0.0000000643
18	35075250	36365489	479	40	0.0001165369	0.0000000557
18	36365490	37684366	341	33	-0.0000885203	0.0000000359
18	37684367	39892647	760	40	0.0001665223	0.0000000806
18	39892648	42922105	902	40	0.0001269877	0.0000000834
18	42922106	44299245	650	40	-0.0000899384	0.0000000846
18	44299246	45939731	581	40	-0.0000351378	0.0000000728
18	45939732	47730583	735	40	0.0000241388	0.0000000824
18	47730584	51062184	1154	40	-0.0001053391	0.0000000826
18	51062185	51554174	173	15	-0.0001851488	0.0000000304
18	51554175	55213837	1087	40	-0.0002613406	0.0000000831
18	55213838	56530219	582	40	0.0000597445	0.0000000807
18	56530220	57630482	575	40	0.0001025022	0.0000000803
18	57630483	59020750	394	40	0.0000964249	0.0000000551
18	59020751	60277714	527	40	-0.0000224748	0.0000000666
18	60277715	61820251	550	40	0.0000861910	0.0000000661
18	61820252	63463401	510	40	0.0001370577	0.0000000619
18	63463402	64252800	236	22	0.0000019925	0.0000000256
18	64252801	66125816	716	40	-0.0001381658	0.0000000873
18	66125817	67175819	316	40	-0.0000306983	0.0000000509
18	67175820	68621178	445	40	-0.0000792803	0.0000000617
18	68621179	69621617	379	40	0.0000239565	0.0000000544
18	69621618	71038473	552	40	0.0000964137	0.0000000762
18	71038474	71971461	485	40	-0.0001514640	0.0000000735
18	71971462	73526986	639	40	0.0003469431	0.0000000830
18	73526987	74813814	579	40	-0.0000342819	0.0000000843
18	74813815	75976316	578	40	-0.0000714573	0.0000000835
18	75976317	77149990	406	40	-0.0001246364	0.0000000563
18	77149991	78017157	260	38	0.0000387549	0.0000000381
19	80840	610728	94	24	-0.0001357203	0.0000000153
19	610729	2098395	277	40	0.0002482466	0.0000000416
19	2098396	3019659	216	40	-0.0002710325	0.0000000420
19	3019660	4348966	287	40	0.0000308874	0.0000000450
19	4348967	5811851	382	40	0.0000155000	0.0000000660
19	5811852	6684884	195	39	0.0001597401	0.0000000323
19	6684885	8347512	486	40	0.0000634232	0.0000000738
19	8347513	9238392	219	39	-0.0000708573	0.0000000323
19	9238393	11284027	438	40	-0.0000286475	0.0000000600
19	11284028	13471126	380	40	0.0001696215	0.0000000508
19	13471127	14486346	192	38	-0.0000020798	0.0000000271
19	14486347	15648609	344	40	-0.0003864808	0.0000000470
19	15648610	16374415	334	40	-0.0001516782	0.0000000374
19	16374416	18409861	490	40	0.0001261645	0.0000000753
19	18409862	19877470	269	40	0.0000704665	0.0000000483
19	19877471	20905756	127	20	-0.0001043228	0.0000000213
19	20905757	22732895	297	36	0.0000250729	0.0000000358
19	22732896	23467745	125	13	-0.0000588159	0.0000000243
19	23467746	28557892	266	27	-0.0000805036	0.0000000319
19	28557893	29790946	458	40	0.0000450174	0.0000000587
19	29790947	30727953	327	40	-0.0000289718	0.0000000451
19	30727954	32746519	630	40	-0.0000184364	0.0000000870
19	32746520	34262951	470	40	-0.0000507501	0.0000000721
19	34262952	36469294	606	40	0.0002985159	0.0000000857
19	36469295	37527032	222	20	0.0000890865	0.0000000255
19	37527033	40170618	577	40	0.0001548190	0.0000000735
19	40170619	40984600	180	25	0.0000334960	0.0000000300
19	40984601	42131572	284	40	-0.0000702501	0.0000000484
19	42131573	43862454	145	21	0.0000285923	0.0000000205
19	43862455	44744107	278	40	0.0003101721	0.0000000355
19	44744108	46102696	332	40	0.0000051459	0.0000000534
19	46102697	47150081	256	40	0.0001191069	0.0000000418
19	47150082	49282226	545	40	-0.0001841344	0.0000000746
19	49282227	51532566	573	40	-0.0000100730	0.0000000826
19	51532567	52985289	589	40	0.0001376765	0.0000000811
19	52985290	54602361	483	40	0.0000969400	0.0000000709
19	54602362	55728079	323	40	-0.0003576557	0.0000000489
19	55728080	57521334	629	40	0.0001241363	0.0000000837
19	57521335	59118838	508	40	0.0001595043	0.0000000667
20	60479	697599	262	40	-0.0002406008	0.0000000395
20	697600	2469500	953	40	0.0001319431	0.0000000842
20	2469501	3828412	465	40	0.0000314765	0.0000000626
20	3828413	5477849	777	40	0.0000068586	0.0000000817
20	5477850	7084072	714	40	-0.0001853023	0.0000000889
20	7084073	8117010	398	40	-0.0001076480	0.0000000500
20	8117011	9730920	751	40	0.0002703474	0.0000000863
20	9730921	11249535	716	40	-0.0000476974	0.0000000812
20	11249536	12447498	493	40	-0.0000424994	0.0000000616
20	12447499	13689863	544	40	0.0004528287	0.0000000727
20	13689864	15958358	970	40	0.0000407095	0.0000000798
20	15958359	17487231	920	40	0.0002368740	0.0000000835
20	17487232	18972202	587	40	-0.0001317435	0.0000000751
20	18972203	20959709	861	40	0.0001379008	0.0000000836
20	20959710	22491455	400	39	0.0000909913	0.0000000462
20	22491456	23293789	347	40	-0.0001008829	0.0000000432
20	23293790	24717723	508	40	-0.0000884431	0.0000000620
20	24717724	25344230	205	20	0.0000157701	0.0000000206
20	25344231	31614822	548	40	-0.0000888683	0.0000000659
20	31614823	32813440	269	28	0.0000604742	0.0000000361
20	32813441	34960445	392	29	0.0001323379	0.0000000377
20	34960446	36909529	468	40	0.0002091393	0.0000000570
20	36909530	38436760	495	40	0.0000549488	0.0000000569
20	38436761	39610855	454	40	0.0000950437	0.0000000631
20	39610856	40585688	260	32	0.0001244612	0.0000000348
20	40585689	41615459	571	40	-0.0000621438	0.0000000785
20	41615460	42680175	381	40	0.0001207171	0.0000000557
20	42680176	44839055	719	40	0.0000246959	0.0000000870
20	44839056	47199979	1003	40	-0.0002807012	0.0000000830
20	47199980	49239657	719	40	-0.0002298243	0.0000000878
20	49239658	52472548	1309	40	0.0000779615	0.0000000807
20	52472549	54055265	601	40	-0.0001047204	0.0000000820
20	54055266	56447958	1116	40	0.0000263179	0.0000000829
20	56447959	58406571	851	40	-0.0001777914	0.0000000827
20	58406572	59561723	534	40	0.0000953487	0.0000000684
20	59561724	61301854	719	40	0.0000668389	0.0000000857
20	61301855	62190179	286	40	-0.0000693509	0.0000000450
20	62190180	62965162	197	34	-0.0001937718	0.0000000317
21	9411243	15950981	278	40	0.0000396064	0.0000000365
21	15950982	18053164	644	40	0.0001200738	0.0000000802
21	18053165	19480374	426	40	0.0001488533	0.0000000649
21	19480375	20962338	595	40	0.0000812701	0.0000000819
21	20962339	22072763	354	40	0.0000098831	0.0000000485
21	22072764	23362874	518	40	-0.0001566440	0.0000000670
21	23362875	24696230	351	40	0.0001815736	0.0000000474
21	24696231	26469121	641	40	-0.0000760600	0.0000000816
21	26469122	27271018	214	25	-0.0000400340	0.0000000275
21	27271019	29125225	855	40	-0.0000157946	0.0000000863
21	29125226	31197024	670	40	0.0001287830	0.0000000791
21	31197025	32668641	437	40	0.0001611257	0.0000000477
21	32668642	34376998	626	40	-0.0002146173	0.0000000824
21	34376999	35225464	269	40	0.0000559194	0.0000000362
21	35225465	36524372	542	40	0.0001048991	0.0000000807
21	36524373	37870778	513	40	0.0001717414	0.0000000683
21	37870779	38711703	301	39	-0.0000402902	0.0000000416
21	38711704	40482901	816	40	-0.0002769911	0.0000000863
21	40482902	41389526	475	40	-0.0003162260	0.0000000620
21	41389527	43321527	963	40	0.0001323136	0.0000000794
21	43321528	44506267	642	40	0.0000280604	0.0000000830
21	44506268	46177104	542	40	0.0003287350	0.0000000792
21	46177105	47492225	480	40	-0.0000650266	0.0000000612
21	47492226	48119751	200	23	0.0000325321	0.0000000332
22	16050408	17674294	205	36	0.0001157426	0.0000000372
22	17674295	18296087	253	40	-0.0002999625	0.0000000379
22	18296088	19912357	506	40	-0.0000161901	0.0000000670
22	19912358	22357324	565	40	0.0001045697	0.0000000693
22	22357325	23712646	326	40	-0.0000106921	0.0000000484
22	23712647	24984203	334	40	-0.0002038095	0.0000000425
22	24984204	26791627	726	40	-0.0000107054	0.0000000789
22	26791628	27834751	723	40	-0.0000942671	0.0000000810
22	27834752	29651798	555	40	-0.0001235559	0.0000000788
22	29651799	31439917	521	40	-0.0002890250	0.0000000643
22	31439918	32664985	332	31	-0.0000375726	0.0000000429
22	32664986	34494913	920	40	-0.0003485561	0.0000000885
22	34494914	35530984	495	40	-0.0002514527	0.0000000563
22	35530985	37570268	813	40	0.0000915011	0.0000000900
22	37570269	39307893	509	40	0.0000027442	0.0000000744
22	39307894	40545796	326	40	-0.0000413436	0.0000000491
22	40545797	42690817	447	32	0.0000802965	0.0000000507
22	42690818	43714199	371	40	0.0002551103	0.0000000556
22	43714200	44995307	674	40	0.0000576297	0.0000000818
22	44995308	46470494	600	40	-0.0001606026	0.0000000832
22	46470495	47596317	413	40	-0.0001025862	0.0000000609
22	47596318	48903702	734	40	0.0001259491	0.0000000855
22	48903703	49824533	605	40	-0.0000194632	0.0000000849
22	49824534	51243297	366	40	0.0001578510	0.0000000559
