chr	start	end	num_snp	k	local_rho	var
1	10583	1892606	102	18	0.0000461099	0.0000000041
1	1892607	3582735	428	40	-0.0000409490	0.0000000129
1	3582736	4380810	263	40	-0.0000655700	0.0000000094
1	4380811	5913892	844	40	-0.0000353122	0.0000000142
1	5913893	7247334	419	40	-0.0001435969	0.0000000105
1	7247335	9365198	678	40	0.0000371077	0.0000000144
1	9365199	10806983	344	40	-0.0000455807	0.0000000080
1	10806984	11777840	250	40	-0.0000575030	0.0000000067
1	11777841	12779465	274	40	-0.0000070840	0.0000000089
1	12779466	14891510	601	40	0.0000421876	0.0000000160
1	14891511	16897729	657	40	-0.0000531851	0.0000000150
1	16897730	18662898	635	40	0.0000927368	0.0000000164
1	18662899	20469148	697	40	-0.0000357763	0.0000000148
1	20469149	21736587	445	40	0.0001146101	0.0000000125
1	21736588	23086882	502	40	0.0000112062	0.0000000137
1	23086883	23920589	219	28	-0.0000722673	0.0000000066
1	23920590	25516844	509	40	0.0000309970	0.0000000135
1	25516845	27401866	401	40	-0.0000341933	0.0000000097
1	27401867	30161880	534	40	0.0001003570	0.0000000125
1	30161881	32438684	890	40	-0.0000726977	0.0000000155
1	32438685	34799757	658	40	0.0000324807	0.0000000147
1	34799758	37549182	539	40	0.0000409171	0.0000000114
1	37549183	38731846	364	40	-0.0000672170	0.0000000094
1	38731847	40200566	436	40	0.0000033725	0.0000000112
1	40200567	41975326	539	40	-0.0000154619	0.0000000121
1	41975327	43758456	521	40	-0.0000835421	0.0000000116
1	43758457	44969182	359	35	-0.0000202463	0.0000000084
1	44969183	46899500	446	38	0.0000717055	0.0000000073
1	46899501	48002575	290	33	0.0000980636	0.0000000092
1	48002576	48978187	331	40	0.0000157486	0.0000000082
1	48978188	49894176	243	28	0.0000022539	0.0000000060
1	49894177	51713725	254	25	0.0001032904	0.0000000050
1	51713726	54226261	552	40	0.0001136166	0.0000000119
1	54226262	56413116	812	40	-0.0000065767	0.0000000147
1	56413117	57021727	259	30	-0.0000128777	0.0000000055
1	57021728	58865398	823	40	0.0000013509	0.0000000163
1	58865399	59890408	370	40	-0.0000584533	0.0000000087
1	59890409	61922364	656	40	0.0000090774	0.0000000140
1	61922365	63455088	516	40	0.0001547821	0.0000000134
1	63455089	65041703	635	40	-0.0000690884	0.0000000120
1	65041704	66939403	636	40	0.0000434509	0.0000000132
1	66939404	68477894	669	40	-0.0001759670	0.0000000129
1	68477895	69687615	375	40	-0.0000660581	0.0000000090
1	69687616	71372469	507	40	-0.0000681735	0.0000000101
1	71372470	71684404	82	10	0.0000137163	0.0000000014
1	71684405	74326906	543	40	-0.0000259015	0.0000000102
1	74326907	76728134	714	40	-0.0000020495	0.0000000124
1	76728135	79661197	923	40	-0.0000809964	0.0000000143
1	79661198	81354190	453	40	0.0000704721	0.0000000097
1	81354191	83991747	945	40	0.0000208622	0.0000000142
1	83991748	84844494	306	35	-0.0000264320	0.0000000059
1	84844495	86454750	633	40	-0.0000081355	0.0000000128
1	86454751	88128630	550	40	-0.0000600801	0.0000000124
1	88128631	90066302	509	40	0.0000026300	0.0000000126
1	90066303	91886316	546	40	0.0000405980	0.0000000120
1	91886317	93536458	493	40	0.0000190069	0.0000000092
1	93536459	94506190	252	26	-0.0000344003	0.0000000062
1	94506191	96150892	632	40	0.0001278670	0.0000000137
1	96150893	97885248	588	40	0.0000830852	0.0000000108
1	97885249	99800603	625	40	-0.0000015169	0.0000000122
1	99800604	100826404	330	36	-0.0001057140	0.0000000061
1	100826405	102041015	438	40	0.0000163233	0.0000000085
1	102041016	102898744	271	36	-0.0000340109	0.0000000062
1	102898745	103914210	198	21	0.0000763657	0.0000000036
1	103914211	106087841	444	40	0.0000298517	0.0000000103
1	106087842	108409664	716	40	0.0000648149	0.0000000153
1	108409665	110303930	556	40	-0.0000709014	0.0000000124
1	110303931	111741736	556	40	0.0000665506	0.0000000154
1	111741737	113273305	703	40	0.0000298212	0.0000000142
1	113273306	114873844	503	40	-0.0000008584	0.0000000113
1	114873845	115880592	338	36	-0.0000245281	0.0000000071
1	115880593	118839066	824	40	0.0000523014	0.0000000157
1	118839067	144977493	552	40	-0.0000724273	0.0000000117
1	144977494	148361252	426	40	-0.0000055528	0.0000000088
1	148361253	151538880	347	34	-0.0000047366	0.0000000079
1	151538881	153180828	463	40	-0.0000754081	0.0000000087
1	153180829	154770402	444	40	0.0001052361	0.0000000099
1	154770403	156336132	302	38	-0.0000514836	0.0000000077
1	156336133	158027411	593	40	0.0000209718	0.0000000124
1	158027412	159913047	657	40	-0.0000424670	0.0000000176
1	159913048	162346720	856	40	0.0000289214	0.0000000146
1	162346721	165191701	1171	40	0.0000241605	0.0000000159
1	165191702	166460516	519	40	0.0001337876	0.0000000130
1	166460517	169086323	1081	40	0.0000645026	0.0000000151
1	169086324	170557775	552	40	-0.0001450147	0.0000000100
1	170557776	173097906	874	40	0.0000103487	0.0000000140
1	173097907	175089767	405	32	0.0000618070	0.0000000062
1	175089768	177433380	763	40	-0.0000344616	0.0000000145
1	177433381	178944308	475	40	-0.0000082750	0.0000000096
1	178944309	178954469	2	1	0.0000041693	0.0000000005
1	178954470	181144120	727	40	0.0001406403	0.0000000139
1	181144121	182755355	584	40	-0.0000574063	0.0000000150
1	182755356	184595512	610	40	-0.0000264642	0.0000000121
1	184595513	186810022	512	40	0.0000409945	0.0000000105
1	186810023	188759944	604	40	0.0000264893	0.0000000121
1	188759945	189904129	211	17	0.0000332674	0.0000000042
1	189904130	191868929	530	40	-0.0000012632	0.0000000101
1	191868930	194107441	558	40	0.0001273409	0.0000000124
1	194107442	196176200	561	40	0.0000460750	0.0000000098
1	196176201	197311513	189	16	0.0000539550	0.0000000039
1	197311514	199239883	492	40	0.0000287872	0.0000000116
1	199239884	200137648	296	35	-0.0000739619	0.0000000058
1	200137649	201589974	687	40	-0.0000982186	0.0000000162
1	201589975	203334733	598	40	-0.0000161385	0.0000000148
1	203334734	204681067	476	40	0.0000372045	0.0000000125
1	204681068	206073264	564	40	0.0000848198	0.0000000161
1	206073265	208410363	608	40	0.0000848295	0.0000000149
1	208410364	210787749	899	40	-0.0000331544	0.0000000152
1	210787750	212842329	680	40	-0.0001022399	0.0000000158
1	212842330	214578265	602	40	-0.0000310030	0.0000000145
1	214578266	216243633	579	40	-0.0000844865	0.0000000140
1	216243634	218705512	1062	40	-0.0000328482	0.0000000141
1	218705513	219590570	275	33	0.0000662525	0.0000000058
1	219590571	221858230	676	40	-0.0001227077	0.0000000135
1	221858231	222230219	170	21	-0.0000436392	0.0000000055
1	222230220	224938519	450	40	-0.0000929762	0.0000000101
1	224938520	226810859	501	40	-0.0000211767	0.0000000111
1	226810860	229156247	681	40	-0.0000280065	0.0000000134
1	229156248	230685254	521	40	0.0001012703	0.0000000133
1	230685255	232090251	578	40	0.0000605097	0.0000000155
1	232090252	233429283	593	40	-0.0001104813	0.0000000148
1	233429284	234599433	520	40	0.0000081787	0.0000000124
1	234599434	235819435	376	40	0.0000346481	0.0000000096
1	235819436	237555627	709	40	-0.0000769783	0.0000000150
1	237555628	238567806	420	40	0.0000693427	0.0000000113
1	238567807	239925313	480	40	0.0000095816	0.0000000122
1	239925314	240564090	327	40	0.0000109963	0.0000000083
1	240564091	241582219	510	40	0.0000531150	0.0000000138
1	241582220	242071601	215	38	-0.0000156649	0.0000000054
1	242071602	244109498	608	40	0.0000097739	0.0000000139
1	244109499	245506745	505	40	-0.0000147685	0.0000000135
1	245506746	247344517	688	40	-0.0000573524	0.0000000165
1	247344518	249239465	378	40	-0.0001651701	0.0000000105
2	10133	1781021	662	40	0.0000144691	0.0000000147
2	1781022	3973778	965	40	0.0000330703	0.0000000156
2	3973779	5708336	630	40	0.0000348370	0.0000000146
2	5708337	6836253	567	40	0.0000450257	0.0000000135
2	6836254	8422146	654	40	-0.0001312688	0.0000000155
2	8422147	10298468	673	40	-0.0001242834	0.0000000149
2	10298469	12419149	971	40	0.0000127056	0.0000000142
2	12419150	14335307	594	40	0.0000774760	0.0000000123
2	14335308	16329734	745	40	0.0000461611	0.0000000135
2	16329735	18647422	859	40	-0.0000670424	0.0000000149
2	18647423	19692403	383	40	-0.0000074498	0.0000000106
2	19692404	21050489	634	40	-0.0000893105	0.0000000136
2	21050490	23341382	621	40	0.0000342912	0.0000000166
2	23341383	24686917	441	40	0.0000824689	0.0000000111
2	24686918	26894984	559	40	0.0001071384	0.0000000144
2	26894985	28598776	416	33	-0.0000044113	0.0000000083
2	28598777	29217558	247	32	-0.0000805264	0.0000000065
2	29217559	30463710	635	40	-0.0000666420	0.0000000149
2	30463711	31550449	530	40	0.0000945941	0.0000000130
2	31550450	33363776	494	40	0.0000759595	0.0000000127
2	33363777	35345027	802	40	0.0000670400	0.0000000150
2	35345028	36122005	290	30	-0.0000437138	0.0000000064
2	36122006	38132711	921	40	0.0001120677	0.0000000142
2	38132712	39031336	326	38	0.0001124980	0.0000000088
2	39031337	40281482	303	32	-0.0000328639	0.0000000070
2	40281483	43309589	1306	40	-0.0000548707	0.0000000144
2	43309590	44313802	400	40	0.0000757878	0.0000000116
2	44313803	46482633	1066	40	-0.0001022364	0.0000000145
2	46482634	47318771	416	40	-0.0000179666	0.0000000127
2	47318772	48213000	300	40	0.0000890350	0.0000000102
2	48213001	50022256	713	40	0.0000296705	0.0000000141
2	50022257	50818927	345	34	-0.0000794278	0.0000000085
2	50818928	52491132	647	40	-0.0000362617	0.0000000140
2	52491133	53508451	464	40	0.0000075570	0.0000000115
2	53508452	54685225	433	40	0.0000793409	0.0000000107
2	54685226	56203344	612	40	0.0001764454	0.0000000152
2	56203345	57429099	428	40	-0.0000716999	0.0000000112
2	57429100	58297314	272	29	-0.0000208816	0.0000000064
2	58297315	60291999	736	40	-0.0001616191	0.0000000162
2	60292000	62429043	586	40	-0.0000354694	0.0000000183
2	62429044	64625912	583	40	-0.0000548888	0.0000000133
2	64625913	65933443	463	40	0.0000453209	0.0000000137
2	65933444	67226165	553	40	0.0000441457	0.0000000114
2	67226166	68010175	423	40	-0.0000139031	0.0000000099
2	68010176	69139563	468	40	0.0000658734	0.0000000103
2	69139564	70755197	534	40	-0.0000325142	0.0000000128
2	70755198	73174847	798	40	-0.0000564936	0.0000000152
2	73174848	75630085	719	40	0.0000306986	0.0000000155
2	75630086	76913660	515	40	-0.0000371946	0.0000000122
2	76913661	78079263	393	40	0.0000002201	0.0000000108
2	78079264	80050402	823	40	-0.0000797807	0.0000000144
2	80050403	81620840	578	40	-0.0000853780	0.0000000142
2	81620841	85140679	890	40	-0.0000287612	0.0000000143
2	85140680	88038506	632	40	-0.0000470688	0.0000000138
2	88038507	89154525	243	30	-0.0000328140	0.0000000057
2	89154526	95326451	4	2	0.0000219302	0.0000000008
2	95326452	98995200	425	40	-0.0000402180	0.0000000084
2	98995201	101822328	904	40	-0.0000716573	0.0000000147
2	101822329	102688764	259	30	0.0001288735	0.0000000059
2	102688765	103588214	406	36	0.0000157302	0.0000000077
2	103588215	105125033	303	40	0.0000000989	0.0000000065
2	105125034	106210057	406	40	0.0000253096	0.0000000099
2	106210058	107408266	442	40	0.0000889596	0.0000000096
2	107408267	108429176	355	40	0.0000365774	0.0000000068
2	108429177	110572431	526	40	0.0000458316	0.0000000111
2	110572432	113921855	797	40	-0.0000840130	0.0000000163
2	113921856	116772469	757	40	-0.0000533396	0.0000000149
2	116772470	118367465	394	37	-0.0000637592	0.0000000073
2	118367466	121303782	991	40	0.0000175255	0.0000000150
2	121303783	123302905	579	40	0.0001033815	0.0000000142
2	123302906	124732249	427	40	-0.0000643179	0.0000000081
2	124732250	125840920	381	40	0.0000261309	0.0000000081
2	125840921	127373763	409	37	-0.0000543825	0.0000000076
2	127373764	128034346	258	40	-0.0000209084	0.0000000060
2	128034347	129474440	433	40	0.0000051450	0.0000000095
2	129474441	130067169	219	26	0.0000269970	0.0000000055
2	130067170	130658084	203	26	0.0000151973	0.0000000045
2	130658085	133042783	211	35	0.0000725125	0.0000000061
2	133042784	135158577	913	40	0.0000132444	0.0000000140
2	135158578	137042793	440	40	0.0000017051	0.0000000084
2	137042794	138698116	594	40	0.0000001213	0.0000000132
2	138698117	140100270	434	40	0.0000852518	0.0000000072
2	140100271	141805350	568	40	0.0000113579	0.0000000129
2	141805351	142518601	298	33	0.0001070918	0.0000000074
2	142518602	144519483	656	40	0.0000285167	0.0000000132
2	144519484	146445569	440	40	-0.0000078831	0.0000000096
2	146445570	147277161	151	15	0.0000113811	0.0000000041
2	147277162	150210291	660	40	-0.0001567560	0.0000000141
2	150210292	151731461	473	40	0.0001105272	0.0000000115
2	151731462	152486781	285	29	0.0001035028	0.0000000069
2	152486782	154005055	481	40	0.0000311644	0.0000000112
2	154005056	155391134	486	40	0.0000549479	0.0000000130
2	155391135	157560634	552	40	0.0000733460	0.0000000124
2	157560635	158533217	172	25	-0.0000109068	0.0000000060
2	158533218	159577081	329	39	0.0001342912	0.0000000086
2	159577082	161769732	719	40	-0.0000323961	0.0000000146
2	161769733	163503550	389	36	-0.0000583236	0.0000000071
2	163503551	164466637	194	24	0.0000044654	0.0000000046
2	164466638	165178839	174	21	-0.0000128170	0.0000000048
2	165178840	167160269	629	40	0.0000391915	0.0000000129
2	167160270	167355969	73	10	0.0000121464	0.0000000022
2	167355970	169968235	830	40	-0.0000046172	0.0000000146
2	169968236	171226244	491	40	0.0000166852	0.0000000112
2	171226245	173138904	572	40	-0.0000972672	0.0000000131
2	173138905	175588928	841	40	0.0000627055	0.0000000144
2	175588929	177363635	530	40	-0.0000887058	0.0000000121
2	177363636	178553182	471	40	0.0000307477	0.0000000090
2	178553183	181312738	1005	40	-0.0000052229	0.0000000151
2	181312739	182266030	297	32	-0.0000008812	0.0000000063
2	182266031	184357607	614	40	-0.0000762787	0.0000000134
2	184357608	185280172	231	25	-0.0000246172	0.0000000051
2	185280173	189882064	953	40	0.0000314178	0.0000000148
2	189882065	191973356	498	40	-0.0000301191	0.0000000103
2	191973357	195861163	710	40	0.0000221044	0.0000000163
2	195861164	196447455	151	20	-0.0000111088	0.0000000045
2	196447456	198078109	447	40	0.0000415415	0.0000000085
2	198078110	199311124	304	26	0.0000071597	0.0000000056
2	199311125	201576283	627	40	0.0000154330	0.0000000117
2	201576284	202818636	316	39	0.0000076812	0.0000000072
2	202818637	205799240	743	40	-0.0001028665	0.0000000163
2	205799241	206735703	404	40	0.0000090292	0.0000000107
2	206735704	208645398	654	40	0.0000563572	0.0000000155
2	208645399	209941528	333	40	-0.0000641219	0.0000000089
2	209941529	212379517	738	40	-0.0000174855	0.0000000138
2	212379518	214014281	625	40	0.0001125791	0.0000000165
2	214014282	215573794	442	40	0.0000350978	0.0000000105
2	215573795	217715660	794	40	0.0000485123	0.0000000151
2	217715661	218395479	276	36	-0.0000238434	0.0000000082
2	218395480	220454550	595	40	-0.0000183531	0.0000000129
2	220454551	222521175	850	40	0.0000244916	0.0000000144
2	222521176	224859418	785	40	-0.0000196278	0.0000000154
2	224859419	225840003	349	36	0.0000236962	0.0000000079
2	225840004	228119841	732	40	-0.0000230805	0.0000000148
2	228119842	229370786	452	40	-0.0000068434	0.0000000097
2	229370787	231843388	931	40	-0.0000030974	0.0000000154
2	231843389	233550002	467	40	-0.0000012394	0.0000000117
2	233550003	235150986	788	40	-0.0000002173	0.0000000147
2	235150987	236043549	415	40	-0.0000863939	0.0000000110
2	236043550	237449031	467	40	0.0000134870	0.0000000105
2	237449032	238760980	532	40	-0.0000835102	0.0000000124
2	238760981	239952642	412	40	-0.0000394477	0.0000000101
2	239952643	241560083	648	40	-0.0000866692	0.0000000147
2	241560084	242149920	213	29	0.0000697849	0.0000000057
2	242149921	243188919	127	15	0.0000143093	0.0000000038
3	60157	1441778	620	40	-0.0000377311	0.0000000153
3	1441779	2992119	892	40	0.0000256411	0.0000000148
3	2992120	4431646	768	40	0.0000195054	0.0000000153
3	4431647	6083182	767	40	0.0001199888	0.0000000153
3	6083183	7083386	428	40	-0.0000383046	0.0000000125
3	7083387	8648560	860	40	-0.0000720767	0.0000000144
3	8648561	9543182	488	40	-0.0000132368	0.0000000130
3	9543183	11019664	591	40	0.0000253633	0.0000000147
3	11019665	13070798	737	40	0.0001806757	0.0000000173
3	13070799	14816899	787	40	-0.0000371442	0.0000000156
3	14816900	16282441	530	40	0.0000420990	0.0000000116
3	16282442	17891117	500	40	-0.0001378530	0.0000000125
3	17891118	19125143	341	40	-0.0000510705	0.0000000087
3	19125144	20091347	196	25	0.0000394810	0.0000000049
3	20091348	21643706	637	40	-0.0000157860	0.0000000171
3	21643707	22204243	380	40	-0.0000488572	0.0000000092
3	22204244	23804864	528	40	-0.0000331082	0.0000000136
3	23804865	25461557	745	40	0.0000628656	0.0000000159
3	25461558	26877768	466	40	-0.0000369853	0.0000000108
3	26877769	27840909	272	31	0.0000425658	0.0000000075
3	27840910	29142259	447	40	0.0000338744	0.0000000109
3	29142260	30717954	682	40	-0.0000410204	0.0000000154
3	30717955	32351714	656	40	-0.0000264052	0.0000000160
3	32351715	33255591	277	40	-0.0000666634	0.0000000074
3	33255592	35283457	582	40	0.0000186426	0.0000000126
3	35283458	36486841	408	40	0.0000671833	0.0000000101
3	36486842	38356115	595	40	0.0001094439	0.0000000143
3	38356116	40221297	656	40	-0.0000790946	0.0000000136
3	40221298	41064527	149	15	-0.0000431911	0.0000000040
3	41064528	42540001	449	40	-0.0000527959	0.0000000102
3	42540002	45165152	706	40	0.0000341158	0.0000000155
3	45165153	46657499	515	40	0.0000249474	0.0000000102
3	46657500	47727211	176	17	0.0001030942	0.0000000044
3	47727212	49316971	255	15	0.0000267136	0.0000000043
3	49316972	51832014	438	25	-0.0000020952	0.0000000065
3	51832015	54081389	606	40	-0.0000663821	0.0000000152
3	54081390	55348859	662	40	0.0000600108	0.0000000153
3	55348860	56433906	370	40	-0.0000650421	0.0000000095
3	56433907	58157518	542	40	0.0000108961	0.0000000123
3	58157519	60272905	972	40	0.0000332478	0.0000000147
3	60272906	62355665	977	40	0.0000267062	0.0000000148
3	62355666	63669285	669	40	0.0000967093	0.0000000177
3	63669286	65273537	756	40	0.0000155648	0.0000000147
3	65273538	66270446	343	40	-0.0000567569	0.0000000118
3	66270447	68286913	639	40	0.0000372365	0.0000000149
3	68286914	69276761	365	40	0.0000088385	0.0000000100
3	69276762	70449027	389	40	-0.0000225155	0.0000000100
3	70449028	72529328	790	40	0.0000878394	0.0000000156
3	72529329	74321816	717	40	0.0000911160	0.0000000159
3	74321817	75704948	271	31	-0.0000196214	0.0000000066
3	75704949	77508834	481	40	-0.0000753342	0.0000000120
3	77508835	79024540	405	40	0.0000141514	0.0000000090
3	79024541	81427309	487	40	0.0000351453	0.0000000100
3	81427310	82643885	294	27	-0.0000243950	0.0000000054
3	82643886	84367478	314	32	-0.0000000271	0.0000000073
3	84367479	85582230	253	22	0.0000076476	0.0000000056
3	85582231	87409731	450	40	-0.0000390734	0.0000000095
3	87409732	88298372	187	19	-0.0000140142	0.0000000051
3	88298373	94255315	460	40	0.0000445092	0.0000000094
3	94255316	95311970	215	18	0.0000512065	0.0000000047
3	95311971	98215949	563	40	-0.0001187103	0.0000000110
3	98215950	99373761	328	39	-0.0000204491	0.0000000073
3	99373762	100592216	332	28	0.0000155000	0.0000000060
3	100592217	103084959	659	40	0.0000294667	0.0000000127
3	103084960	104581612	412	40	-0.0000736488	0.0000000080
3	104581613	106982810	710	40	0.0000273022	0.0000000148
3	106982811	109522394	762	40	-0.0000145041	0.0000000156
3	109522395	110513769	250	25	0.0000584975	0.0000000052
3	110513770	112815698	692	40	0.0001048634	0.0000000137
3	112815699	113947862	376	40	0.0000694761	0.0000000084
3	113947863	115447079	406	40	0.0000335045	0.0000000108
3	115447080	116800152	520	40	-0.0000266719	0.0000000119
3	116800153	118530250	568	40	0.0000258195	0.0000000135
3	118530251	120523054	666	40	0.0000814089	0.0000000116
3	120523055	121974096	388	37	-0.0000805528	0.0000000063
3	121974097	123517767	526	40	0.0000385830	0.0000000123
3	123517768	124936641	624	40	-0.0001549947	0.0000000136
3	124936642	126214942	384	40	0.0001938863	0.0000000083
3	126214943	128194860	670	40	0.0000719063	0.0000000147
3	128194861	130244734	436	40	0.0000258911	0.0000000085
3	130244735	131836515	546	40	-0.0000125953	0.0000000106
3	131836516	133252172	515	40	-0.0000649073	0.0000000104
3	133252173	135456905	863	40	0.0000075734	0.0000000158
3	135456906	137371082	440	38	0.0000307132	0.0000000083
3	137371083	139954596	843	40	-0.0000696421	0.0000000159
3	139954597	141339096	477	40	-0.0001233114	0.0000000129
3	141339097	143164627	623	40	-0.0000348627	0.0000000180
3	143164628	144410815	388	40	0.0000873388	0.0000000087
3	144410816	145664618	351	40	0.0000366772	0.0000000055
3	145664619	146726628	336	40	0.0000048811	0.0000000080
3	146726629	149043236	682	40	0.0000034734	0.0000000143
3	149043237	150252003	425	40	-0.0000075164	0.0000000100
3	150252004	151348729	365	40	-0.0000148956	0.0000000091
3	151348730	153256570	565	40	0.0000508414	0.0000000127
3	153256571	154714217	407	40	-0.0000110305	0.0000000078
3	154714218	156008699	330	40	0.0000606961	0.0000000074
3	156008700	157312027	451	40	-0.0000922147	0.0000000081
3	157312028	159477889	642	40	-0.0000686621	0.0000000113
3	159477890	161524503	567	40	0.0000849168	0.0000000102
3	161524504	163253204	472	40	0.0000239659	0.0000000092
3	163253205	165055468	435	35	0.0000442951	0.0000000070
3	165055469	167117428	451	40	-0.0000837683	0.0000000086
3	167117429	168580959	363	40	0.0000633135	0.0000000084
3	168580960	170964908	719	40	-0.0001029568	0.0000000143
3	170964909	172295730	509	40	0.0000488684	0.0000000123
3	172295731	173477284	384	40	-0.0000033415	0.0000000091
3	173477285	175116538	598	40	0.0000609792	0.0000000152
3	175116539	176320286	339	40	0.0001389155	0.0000000069
3	176320287	178107164	533	40	0.0000609864	0.0000000127
3	178107165	179374585	385	40	-0.0000814858	0.0000000093
3	179374586	181511165	463	40	-0.0000191815	0.0000000104
3	181511166	183769682	664	40	-0.0001552564	0.0000000145
3	183769683	185068254	415	40	-0.0000474009	0.0000000107
3	185068255	186890343	663	40	-0.0000551934	0.0000000161
3	186890344	188856213	803	40	0.0000028134	0.0000000154
3	188856214	190226606	622	40	0.0000156619	0.0000000137
3	190226607	192343813	744	40	0.0000974507	0.0000000141
3	192343814	194059670	512	40	0.0000268178	0.0000000129
3	194059671	194786673	264	40	0.0000213593	0.0000000080
3	194786674	195971407	226	37	0.0000334107	0.0000000124
3	195971408	197075986	288	40	-0.0000653743	0.0000000079
3	197075987	197946621	181	28	0.0000376582	0.0000000065
4	10240	694714	105	12	0.0000163279	0.0000000037
4	694715	1478710	221	25	0.0000141989	0.0000000059
4	1478711	2842978	262	40	-0.0000070818	0.0000000069
4	2842979	3846039	256	36	-0.0000459957	0.0000000080
4	3846040	4684115	226	37	-0.0000285178	0.0000000070
4	4684116	5502387	390	40	0.0001333549	0.0000000115
4	5502388	6773042	687	40	-0.0000627812	0.0000000162
4	6773043	7539691	405	40	-0.0000009125	0.0000000122
4	7539692	8152234	356	40	-0.0000289744	0.0000000112
4	8152235	9326478	246	40	0.0000207814	0.0000000076
4	9326479	10699151	509	38	0.0000955838	0.0000000095
4	10699152	12323033	644	40	-0.0000376339	0.0000000144
4	12323034	14272000	711	40	0.0000096119	0.0000000144
4	14272001	15147445	381	40	-0.0000316395	0.0000000111
4	15147446	15927008	249	33	0.0000460833	0.0000000068
4	15927009	17383321	663	40	0.0000253243	0.0000000148
4	17383322	18841873	419	40	-0.0000431623	0.0000000092
4	18841874	20544556	467	40	-0.0000384765	0.0000000090
4	20544557	22319346	668	40	0.0000550856	0.0000000154
4	22319347	24135528	604	40	-0.0000279384	0.0000000142
4	24135529	25609321	603	40	-0.0000088828	0.0000000159
4	25609322	27343721	565	40	0.0000663830	0.0000000149
4	27343722	27965867	199	28	0.0000369485	0.0000000059
4	27965868	29762207	527	40	-0.0001617848	0.0000000129
4	29762208	30454534	158	24	0.0000130738	0.0000000035
4	30454535	31782980	401	40	-0.0000129425	0.0000000093
4	31782981	33172765	312	36	-0.0000064389	0.0000000077
4	33172766	35151414	357	32	0.0000564544	0.0000000063
4	35151415	36020435	273	34	0.0000087880	0.0000000060
4	36020436	37255046	432	40	0.0000754668	0.0000000100
4	37255047	38907021	786	40	0.0000713487	0.0000000165
4	38907022	40202608	400	40	-0.0000047375	0.0000000105
4	40202609	42213057	715	40	0.0000622018	0.0000000152
4	42213058	43965044	528	40	-0.0000347621	0.0000000104
4	43965045	45189156	339	38	0.0000331102	0.0000000069
4	45189157	47411895	453	40	0.0000211526	0.0000000101
4	47411896	48123599	221	25	-0.0000371893	0.0000000035
4	48123600	53877432	481	39	-0.0002040130	0.0000000096
4	53877433	55429555	534	40	0.0001809975	0.0000000133
4	55429556	56547643	367	40	0.0000362684	0.0000000091
4	56547644	58935007	848	40	0.0000495039	0.0000000145
4	58935008	60741086	450	40	0.0000369861	0.0000000087
4	60741087	62371762	425	40	-0.0001873557	0.0000000107
4	62371763	64341000	434	40	-0.0000500355	0.0000000099
4	64341001	66600491	502	40	-0.0000192147	0.0000000099
4	66600492	68059496	385	40	-0.0000596850	0.0000000082
4	68059497	68854764	245	31	0.0000467270	0.0000000067
4	68854765	71049151	438	40	0.0001950183	0.0000000082
4	71049152	72140557	220	28	-0.0000265616	0.0000000051
4	72140558	74592389	486	40	-0.0000158628	0.0000000099
4	74592390	77130706	732	40	0.0000235048	0.0000000143
4	77130707	79093978	727	40	0.0000125550	0.0000000148
4	79093979	80990296	560	40	-0.0001213546	0.0000000109
4	80990297	82125314	243	30	0.0000293490	0.0000000067
4	82125315	83372592	362	40	0.0000322895	0.0000000084
4	83372593	84799655	481	40	0.0000642171	0.0000000105
4	84799656	86930608	587	40	0.0001003743	0.0000000123
4	86930609	87534647	138	18	0.0000111713	0.0000000036
4	87534648	89238027	567	40	0.0000917565	0.0000000122
4	89238028	90231563	324	40	0.0000030789	0.0000000079
4	90231564	91560676	338	40	-0.0000237331	0.0000000065
4	91560677	94233298	566	40	0.0000086175	0.0000000128
4	94233299	96182187	607	40	-0.0001408040	0.0000000154
4	96182188	97540702	487	40	-0.0000191497	0.0000000105
4	97540703	99424066	403	36	-0.0000003266	0.0000000081
4	99424067	100678359	410	40	-0.0000978011	0.0000000090
4	100678360	103221355	795	40	0.0000512454	0.0000000149
4	103221356	105305293	488	40	-0.0001413809	0.0000000107
4	105305294	107501304	580	40	-0.0000772173	0.0000000109
4	107501305	108815347	359	40	-0.0000133882	0.0000000066
4	108815348	111256566	770	40	0.0000243279	0.0000000155
4	111256567	113870101	721	40	0.0000770234	0.0000000149
4	113870102	115666245	607	40	0.0000808562	0.0000000148
4	115666246	117276928	336	36	-0.0001280819	0.0000000063
4	117276929	118479917	338	38	-0.0000708849	0.0000000071
4	118479918	119933511	418	40	-0.0000034692	0.0000000075
4	119933512	120392683	148	16	-0.0000156994	0.0000000031
4	120392684	122657986	698	40	-0.0000370872	0.0000000150
4	122657987	124286480	381	37	-0.0000089908	0.0000000105
4	124286481	125210861	263	36	0.0000311057	0.0000000071
4	125210862	126480885	387	40	-0.0000516910	0.0000000095
4	126480886	127275476	218	31	0.0000735522	0.0000000052
4	127275477	127830292	162	22	0.0000166005	0.0000000038
4	127830293	128996664	194	15	-0.0000100612	0.0000000045
4	128996665	130591884	443	40	0.0000780669	0.0000000099
4	130591885	131283820	183	22	0.0000301149	0.0000000057
4	131283821	132954032	352	40	0.0000109968	0.0000000092
4	132954033	134628433	370	40	-0.0000271176	0.0000000077
4	134628434	136566406	424	40	0.0000107181	0.0000000094
4	136566407	138541970	512	40	-0.0000940767	0.0000000118
4	138541971	139556510	352	40	0.0000277014	0.0000000100
4	139556511	141084630	501	40	-0.0001518247	0.0000000134
4	141084631	143443264	714	40	-0.0001038416	0.0000000146
4	143443265	146178186	509	40	-0.0000483525	0.0000000092
4	146178187	148521872	613	40	-0.0000038212	0.0000000136
4	148521873	150683579	526	40	0.0000756864	0.0000000127
4	150683580	152782183	514	40	0.0000589448	0.0000000096
4	152782184	154477640	500	40	-0.0000352328	0.0000000128
4	154477641	155056125	205	28	-0.0000432278	0.0000000041
4	155056126	157485096	796	40	-0.0000351381	0.0000000157
4	157485097	158743717	320	40	-0.0000316105	0.0000000087
4	158743718	161058863	518	40	-0.0000226464	0.0000000101
4	161058864	161826434	263	33	0.0000689466	0.0000000068
4	161826435	163243678	435	40	-0.0000474555	0.0000000090
4	163243679	164478233	328	40	-0.0001607699	0.0000000096
4	164478234	165823447	416	40	0.0000123796	0.0000000099
4	165823448	167018857	359	40	-0.0000996646	0.0000000103
4	167018858	167852916	185	26	-0.0000374220	0.0000000047
4	167852917	169676824	575	40	-0.0000704933	0.0000000122
4	169676825	170776509	313	37	-0.0000153224	0.0000000080
4	170776510	172558634	411	40	0.0000684174	0.0000000104
4	172558635	174264131	392	40	0.0000829967	0.0000000098
4	174264132	176570715	625	40	-0.0000121357	0.0000000149
4	176570716	178991909	819	40	-0.0000861387	0.0000000151
4	178991910	180122042	319	40	-0.0000167075	0.0000000082
4	180122043	182066806	804	40	0.0000145741	0.0000000146
4	182066807	183371274	708	40	-0.0001173711	0.0000000150
4	183371275	184929454	586	40	0.0000063768	0.0000000166
4	184929455	186909089	869	40	-0.0000094050	0.0000000153
4	186909090	188472980	610	40	-0.0000017096	0.0000000152
4	188472981	189693510	404	40	0.0000882716	0.0000000114
4	189693511	191043593	288	40	0.0000976350	0.0000000073
5	11940	982251	229	26	0.0000571760	0.0000000056
5	982252	2132441	457	40	-0.0000236111	0.0000000133
5	2132442	3361940	782	40	-0.0000159103	0.0000000143
5	3361941	4632109	532	40	-0.0000066037	0.0000000123
5	4632110	5973232	689	40	0.0000628913	0.0000000138
5	5973233	7143217	569	40	-0.0000217848	0.0000000133
5	7143218	8446335	582	40	0.0000732734	0.0000000136
5	8446336	9718831	600	40	-0.0001777766	0.0000000139
5	9718832	11173270	732	40	0.0000118179	0.0000000151
5	11173271	13464831	559	40	0.0000040147	0.0000000123
5	13464832	14757803	583	40	-0.0000552020	0.0000000134
5	14757804	16963612	750	40	0.0000350051	0.0000000145
5	16963613	18051591	262	40	-0.0000963990	0.0000000073
5	18051592	19917715	543	40	0.0000193719	0.0000000102
5	19917716	22152072	436	40	0.0000448833	0.0000000081
5	22152073	23494323	404	40	-0.0000109830	0.0000000072
5	23494324	26184850	647	40	-0.0000599904	0.0000000135
5	26184851	26857603	150	22	-0.0000185792	0.0000000040
5	26857604	27984512	217	32	0.0001410362	0.0000000063
5	27984513	29714819	395	40	0.0000971306	0.0000000088
5	29714820	31390248	569	40	0.0000635875	0.0000000115
5	31390249	33500179	807	40	-0.0000406715	0.0000000149
5	33500180	35048969	540	40	-0.0000982162	0.0000000130
5	35048970	36433953	472	40	-0.0000252421	0.0000000098
5	36433954	38802409	753	40	0.0000031874	0.0000000148
5	38802410	40287728	533	40	0.0000170125	0.0000000098
5	40287729	41888709	538	40	-0.0000458304	0.0000000090
5	41888710	43983498	405	31	-0.0001196515	0.0000000084
5	43983499	50163397	411	30	0.0000887022	0.0000000076
5	50163398	52134621	556	40	0.0000278192	0.0000000113
5	52134622	53703043	594	40	0.0000342735	0.0000000135
5	53703044	55417348	588	40	0.0000728688	0.0000000123
5	55417349	56621101	496	40	-0.0000041590	0.0000000121
5	56621102	57340072	265	36	0.0000709418	0.0000000051
5	57340073	58524621	528	40	0.0000965423	0.0000000113
5	58524622	60935906	678	40	0.0000411682	0.0000000134
5	60935907	61672994	265	27	0.0000728600	0.0000000064
5	61672995	63218986	474	40	0.0000975792	0.0000000105
5	63218987	63968303	174	19	-0.0000133399	0.0000000036
5	63968304	65911285	611	40	0.0000762338	0.0000000124
5	65911286	67850859	772	40	-0.0000093398	0.0000000159
5	67850860	71240455	443	40	0.0000110169	0.0000000119
5	71240456	73759325	949	40	0.0000808527	0.0000000144
5	73759326	75798865	672	40	-0.0000479526	0.0000000147
5	75798866	77623331	707	40	-0.0000377657	0.0000000162
5	77623332	79393143	647	40	-0.0000038302	0.0000000148
5	79393144	80481470	439	40	0.0000425271	0.0000000113
5	80481471	82025647	495	40	-0.0000537725	0.0000000132
5	82025648	83972688	519	40	-0.0000022723	0.0000000138
5	83972689	85767289	489	40	0.0000760944	0.0000000108
5	85767290	87389990	269	31	-0.0000807833	0.0000000070
5	87389991	88891529	300	32	0.0000555802	0.0000000067
5	88891530	90422653	420	40	-0.0000185486	0.0000000096
5	90422654	91840541	261	32	-0.0000139632	0.0000000066
5	91840542	93809983	406	40	-0.0000248159	0.0000000088
5	93809984	95963518	680	40	0.0000001644	0.0000000145
5	95963519	97315600	406	40	0.0000109952	0.0000000074
5	97315601	99260991	477	40	-0.0000007210	0.0000000093
5	99260992	101578768	496	40	0.0000445093	0.0000000104
5	101578769	103320004	473	40	0.0000347043	0.0000000097
5	103320005	104851482	404	40	-0.0000134059	0.0000000097
5	104851483	105893054	163	21	0.0000228703	0.0000000054
5	105893055	107264195	547	40	-0.0000358447	0.0000000154
5	107264196	108633933	376	40	-0.0000356511	0.0000000100
5	108633934	110821143	617	40	-0.0000379322	0.0000000129
5	110821144	111981561	413	40	0.0000156731	0.0000000104
5	111981562	113396284	535	40	0.0000756019	0.0000000120
5	113396285	114830369	508	40	0.0001074309	0.0000000110
5	114830370	115831046	424	40	-0.0000690119	0.0000000113
5	115831047	117346212	543	40	0.0000327338	0.0000000132
5	117346213	118608819	366	40	0.0000068387	0.0000000095
5	118608820	119669041	325	37	-0.0000369448	0.0000000091
5	119669042	120452165	227	24	-0.0000171225	0.0000000061
5	120452166	122556904	654	40	0.0000103802	0.0000000144
5	122556905	123798099	433	40	0.0000045626	0.0000000104
5	123798100	125785648	819	40	0.0000210467	0.0000000149
5	125785649	127344603	423	40	-0.0000076447	0.0000000097
5	127344604	129519024	643	40	0.0000480865	0.0000000114
5	129519025	132139648	600	40	0.0000203916	0.0000000105
5	132139649	134777400	888	40	0.0000858736	0.0000000151
5	134777401	136376049	583	40	-0.0000017377	0.0000000119
5	136376050	139265071	685	40	0.0000204256	0.0000000128
5	139265072	140645970	349	31	-0.0001191266	0.0000000070
5	140645971	142981247	907	40	-0.0000698993	0.0000000154
5	142981248	144943353	617	40	0.0000711655	0.0000000124
5	144943354	147181997	727	40	0.0000008258	0.0000000151
5	147181998	148662623	546	40	0.0000490608	0.0000000114
5	148662624	150561297	839	40	-0.0000793828	0.0000000169
5	150561298	152867773	834	40	-0.0000161525	0.0000000161
5	152867774	153773087	423	40	-0.0000663253	0.0000000085
5	153773088	155373504	555	40	0.0000092002	0.0000000132
5	155373505	156628699	371	40	-0.0000464434	0.0000000090
5	156628700	158825697	861	40	0.0000652176	0.0000000155
5	158825698	159973943	414	40	-0.0000178527	0.0000000101
5	159973944	161482132	511	40	0.0000534021	0.0000000103
5	161482133	162743907	349	40	-0.0000930724	0.0000000082
5	162743908	163771581	376	40	-0.0000283701	0.0000000100
5	163771582	165642394	534	40	0.0000317406	0.0000000144
5	165642395	166847739	414	40	-0.0000576688	0.0000000135
5	166847740	168525317	762	40	-0.0000275799	0.0000000150
5	168525318	169505663	473	40	0.0000612639	0.0000000116
5	169505664	171074291	647	40	-0.0000574857	0.0000000152
5	171074292	172678326	666	40	-0.0000189343	0.0000000151
5	172678327	173642870	489	40	-0.0000565547	0.0000000126
5	173642871	175450594	799	40	0.0000329137	0.0000000146
5	175450595	177251506	337	40	0.0000020836	0.0000000077
5	177251507	178413463	428	40	0.0000469444	0.0000000118
5	178413464	179401243	349	40	0.0000118111	0.0000000109
5	179401244	180559932	325	40	-0.0000435872	0.0000000090
5	180559933	180885155	41	9	-0.0000101163	0.0000000015
6	73924	1452361	668	40	-0.0000774000	0.0000000152
6	1452362	2458935	431	40	0.0000595565	0.0000000110
6	2458936	3573592	570	40	-0.0000698409	0.0000000142
6	3573593	4617816	510	40	0.0000294573	0.0000000128
6	4617817	5791471	582	40	-0.0001652389	0.0000000140
6	5791472	6785206	590	40	-0.0000270401	0.0000000147
6	6785207	7808935	510	40	-0.0001125529	0.0000000145
6	7808936	9020025	494	40	0.0000636514	0.0000000101
6	9020026	10540316	602	40	-0.0001519599	0.0000000141
6	10540317	11790815	542	40	0.0000401339	0.0000000135
6	11790816	13209387	587	40	0.0000269002	0.0000000137
6	13209388	14802923	674	40	-0.0000263719	0.0000000149
6	14802924	17386404	985	40	-0.0000251420	0.0000000162
6	17386405	19207486	634	40	-0.0000885355	0.0000000124
6	19207487	21684064	1020	40	-0.0001057639	0.0000000152
6	21684065	22748306	513	40	-0.0000182428	0.0000000125
6	22748307	23936618	486	40	-0.0000705739	0.0000000133
6	23936619	24852274	398	40	-0.0000117138	0.0000000119
6	24852275	25684586	447	40	0.0001271095	0.0000000243
6	25684587	26791232	475	35	0.0003505831	0.0000000220
6	26791233	28017818	273	19	0.0000898859	0.0000000074
6	28017819	28917607	186	14	0.0000194092	0.0000000082
6	28917608	29737970	28	4	0.0000363416	0.0000000011
6	29737971	30798167	1	0	0.0000000000	0.0000000000
6	30798168	31571217	104	18	-0.0001184996	0.0000000056
6	31571218	32682663	96	12	0.0000771449	0.0000000038
6	32682664	33236496	176	26	0.0001118066	0.0000000057
6	33236497	35455755	700	40	0.0000487385	0.0000000161
6	35455756	37572595	814	40	-0.0000257679	0.0000000156
6	37572596	39295676	758	40	-0.0000708696	0.0000000158
6	39295677	40345114	399	40	0.0000242881	0.0000000094
6	40345115	42038720	713	40	-0.0001401957	0.0000000290
6	42038721	43756168	448	40	-0.0000856155	0.0000000104
6	43756169	45406562	575	40	0.0000441373	0.0000000146
6	45406563	47311897	756	40	0.0000312479	0.0000000148
6	47311898	48391124	355	38	-0.0000118525	0.0000000070
6	48391125	50386144	491	40	-0.0000545187	0.0000000090
6	50386145	52210475	621	40	0.0001207541	0.0000000127
6	52210476	53279101	427	40	-0.0000259656	0.0000000102
6	53279102	55468269	854	40	-0.0000841130	0.0000000149
6	55468270	56105312	210	20	-0.0000230641	0.0000000035
6	56105313	57599464	345	37	-0.0000122874	0.0000000068
6	57599465	61880511	116	9	-0.0000130774	0.0000000019
6	61880512	63552887	334	22	-0.0000395008	0.0000000056
6	63552888	65765741	443	40	-0.0000538878	0.0000000086
6	65765742	67329214	480	40	-0.0000432071	0.0000000105
6	67329215	68849482	461	40	-0.0001094172	0.0000000093
6	68849483	69523447	216	26	0.0000074933	0.0000000059
6	69523448	71609509	740	40	-0.0000563093	0.0000000139
6	71609510	73450096	627	40	0.0000583160	0.0000000127
6	73450097	75462002	571	40	-0.0000837241	0.0000000111
6	75462003	77414880	445	40	0.0000632869	0.0000000082
6	77414881	78957727	484	40	-0.0000314402	0.0000000073
6	78957728	80691169	577	40	0.0000352633	0.0000000109
6	80691170	81929221	366	27	0.0000758150	0.0000000064
6	81929222	83127148	348	40	0.0000228184	0.0000000088
6	83127149	85209988	555	40	-0.0000551762	0.0000000109
6	85209989	87069499	592	40	-0.0000466828	0.0000000096
6	87069500	88822139	538	40	-0.0000458359	0.0000000110
6	88822140	89973051	430	40	0.0000756886	0.0000000096
6	89973052	91843195	733	40	0.0000198193	0.0000000147
6	91843196	93428643	464	40	0.0000180372	0.0000000108
6	93428644	94118141	281	40	-0.0000232937	0.0000000062
6	94118142	94441174	83	8	-0.0000547938	0.0000000022
6	94441175	97093510	615	40	-0.0000274686	0.0000000124
6	97093511	97842283	228	26	-0.0000658617	0.0000000055
6	97842284	100630145	785	40	0.0000153001	0.0000000155
6	100630146	102636771	489	40	-0.0000149958	0.0000000103
6	102636772	103983394	330	33	-0.0000659648	0.0000000070
6	103983395	106056732	662	40	0.0000193145	0.0000000126
6	106056733	107450305	621	40	-0.0000125016	0.0000000148
6	107450306	108464379	348	40	0.0000611070	0.0000000092
6	108464380	110304246	528	40	0.0000956711	0.0000000168
6	110304247	112345013	607	40	0.0000104509	0.0000000137
6	112345014	114220832	625	40	0.0000298695	0.0000000118
6	114220833	116131395	473	40	0.0000209125	0.0000000077
6	116131396	117672971	466	40	0.0000097226	0.0000000087
6	117672972	118963114	368	39	-0.0000122949	0.0000000072
6	118963115	119963277	318	36	0.0000063536	0.0000000073
6	119963278	120512127	164	18	-0.0000821372	0.0000000045
6	120512128	121905675	374	36	0.0000889771	0.0000000082
6	121905676	123856180	595	40	-0.0000855656	0.0000000129
6	123856181	125424382	595	40	0.0001054902	0.0000000159
6	125424383	127540460	459	40	-0.0000895858	0.0000000097
6	127540461	129861030	608	40	0.0000383448	0.0000000141
6	129861031	130935453	489	40	0.0000165912	0.0000000116
6	130935454	132765668	596	40	0.0000183658	0.0000000127
6	132765669	134244242	580	40	-0.0000506047	0.0000000119
6	134244243	136224176	582	40	0.0002034583	0.0000000361
6	136224177	137614217	337	40	0.0000011727	0.0000000083
6	137614218	138822628	473	40	0.0000713315	0.0000000101
6	138822629	139845435	379	40	0.0001342312	0.0000000139
6	139845436	142288478	526	40	0.0001911077	0.0000000137
6	142288479	145319809	1030	40	0.0000331928	0.0000000134
6	145319810	146665423	310	26	-0.0000579167	0.0000000055
6	146665424	148920351	912	40	0.0000184342	0.0000000140
6	148920352	150253403	514	40	-0.0000001211	0.0000000121
6	150253404	151912702	878	40	0.0000592212	0.0000000162
6	151912703	153094495	551	40	-0.0001601707	0.0000000125
6	153094496	154974119	790	40	0.0000126724	0.0000000155
6	154974120	156763325	717	40	0.0000332858	0.0000000150
6	156763326	158218718	374	40	0.0000213160	0.0000000104
6	158218719	160580496	1025	40	-0.0000383096	0.0000000151
6	160580497	162169563	757	40	0.0000272688	0.0000000144
6	162169564	162931202	371	40	0.0001266184	0.0000000096
6	162931203	164383520	671	40	-0.0000248813	0.0000000149
6	164383521	165586863	534	40	0.0000814013	0.0000000131
6	165586864	167024732	801	40	-0.0000474033	0.0000000158
6	167024733	168042834	419	40	0.0001054766	0.0000000107
6	168042835	169382049	576	40	-0.0000223929	0.0000000139
6	169382050	170330172	391	40	0.0000445645	0.0000000087
6	170330173	171051269	233	30	-0.0000206793	0.0000000049
7	16161	972751	89	15	-0.0001076859	0.0000000045
7	972752	1353066	99	16	0.0000011841	0.0000000047
7	1353067	2062397	140	22	-0.0000055491	0.0000000048
7	2062398	2772226	213	34	-0.0000311233	0.0000000072
7	2772227	4573427	842	40	-0.0000210252	0.0000000158
7	4573428	5416231	203	40	-0.0000758505	0.0000000086
7	5416232	5854525	99	16	-0.0000400450	0.0000000045
7	5854526	6573856	139	22	0.0000514292	0.0000000049
7	6573857	7808751	414	40	0.0001045046	0.0000000110
7	7808752	9123422	723	40	-0.0001361361	0.0000000152
7	9123423	9987498	353	40	0.0000654731	0.0000000101
7	9987499	11299197	465	40	0.0000919512	0.0000000122
7	11299198	12635460	690	40	0.0000614940	0.0000000155
7	12635461	13884201	561	40	-0.0000320409	0.0000000156
7	13884202	15143656	568	40	-0.0000594606	0.0000000147
7	15143657	16902068	746	40	0.0000321439	0.0000000144
7	16902069	19481546	1018	40	0.0000467693	0.0000000149
7	19481547	20124907	228	28	-0.0000183407	0.0000000059
7	20124908	22507628	1184	40	-0.0000234315	0.0000000167
7	22507629	23471441	309	40	-0.0000144749	0.0000000078
7	23471442	25077258	696	40	-0.0000299346	0.0000000153
7	25077259	25909554	443	40	-0.0000290051	0.0000000095
7	25909555	28360308	878	40	0.0001011649	0.0000000145
7	28360309	31137288	1229	40	-0.0000384585	0.0000000150
7	31137289	33555767	980	40	0.0000528569	0.0000000140
7	33555768	36213537	1005	40	-0.0001754180	0.0000000152
7	36213538	37555183	632	40	0.0000721951	0.0000000147
7	37555184	38966702	629	40	0.0000512277	0.0000000137
7	38966703	39862669	313	35	-0.0000008251	0.0000000071
7	39862670	42001810	610	40	-0.0000779421	0.0000000126
7	42001811	43159073	399	40	0.0000713906	0.0000000103
7	43159074	44763827	466	40	0.0000267910	0.0000000114
7	44763828	45952921	350	40	0.0000017492	0.0000000102
7	45952922	46986719	407	40	-0.0000038153	0.0000000087
7	46986720	49212277	891	40	0.0000236789	0.0000000148
7	49212278	51675321	883	40	0.0000930461	0.0000000159
7	51675322	53176311	630	40	-0.0001141609	0.0000000126
7	53176312	54222975	370	40	0.0000762617	0.0000000078
7	54222976	55691583	526	40	0.0000174886	0.0000000126
7	55691584	57382637	241	28	0.0000152177	0.0000000047
7	57382638	63307358	123	14	-0.0000367658	0.0000000029
7	63307359	63641124	52	6	-0.0000061980	0.0000000012
7	63641125	65689808	306	26	0.0000211932	0.0000000063
7	65689809	68234073	698	40	-0.0001285450	0.0000000162
7	68234074	69085363	263	39	0.0000998616	0.0000000075
7	69085364	71874884	833	40	0.0000642127	0.0000000167
7	71874885	73334601	148	23	0.0000175160	0.0000000035
7	73334602	76458563	349	40	-0.0000157789	0.0000000083
7	76458564	78093858	603	40	-0.0000861571	0.0000000141
7	78093859	79888068	642	40	-0.0000125908	0.0000000151
7	79888069	82022685	714	40	-0.0000274350	0.0000000163
7	82022686	83801202	626	40	-0.0000571908	0.0000000149
7	83801203	85572181	400	40	0.0000111842	0.0000000073
7	85572182	87825003	561	40	0.0000649696	0.0000000097
7	87825004	90661783	951	40	0.0000397193	0.0000000142
7	90661784	92493751	422	40	-0.0001088340	0.0000000102
7	92493752	93966600	352	40	0.0000381040	0.0000000105
7	93966601	96073507	691	40	-0.0000798849	0.0000000139
7	96073508	97099569	308	40	0.0000155263	0.0000000079
7	97099570	98715473	415	40	0.0000270861	0.0000000105
7	98715474	100196650	247	26	-0.0000052093	0.0000000075
7	100196651	101199252	245	37	0.0001602147	0.0000000110
7	101199253	103197509	383	40	0.0000289242	0.0000000099
7	103197510	104159524	471	40	-0.0000169209	0.0000000108
7	104159525	105682904	535	40	0.0000207305	0.0000000124
7	105682905	107780177	739	40	0.0000041740	0.0000000158
7	107780178	109647593	552	40	0.0000617594	0.0000000125
7	109647594	112618683	826	40	-0.0000752411	0.0000000142
7	112618684	113712386	217	26	0.0000119649	0.0000000050
7	113712387	116780177	708	40	-0.0000467609	0.0000000142
7	116780178	118351580	372	38	-0.0000530507	0.0000000074
7	118351581	121045272	438	40	-0.0000405503	0.0000000092
7	121045273	121933629	228	28	-0.0000398477	0.0000000044
7	121933630	124156804	655	40	0.0000494876	0.0000000130
7	124156805	124167551	6	2	-0.0000202960	0.0000000006
7	124167552	126519169	659	40	-0.0001612333	0.0000000127
7	126519170	126869220	139	18	-0.0000103219	0.0000000031
7	126869221	128778385	590	40	-0.0000779707	0.0000000113
7	128778386	130422413	468	40	0.0000039171	0.0000000109
7	130422414	132805847	915	40	0.0000237581	0.0000000148
7	132805848	134307595	439	35	-0.0001433698	0.0000000096
7	134307596	135591082	499	40	-0.0001030639	0.0000000120
7	135591083	136876561	408	40	0.0000342965	0.0000000099
7	136876562	138744678	610	40	0.0000281166	0.0000000166
7	138744679	139933176	329	40	-0.0000357664	0.0000000081
7	139933177	140235209	121	25	-0.0000013822	0.0000000050
7	140235210	141226556	281	32	-0.0001679563	0.0000000064
7	141226557	142656309	360	40	-0.0000128182	0.0000000071
7	142656310	144968288	548	40	-0.0000685399	0.0000000115
7	144968289	146427959	376	40	-0.0000232788	0.0000000079
7	146427960	147815317	568	40	-0.0000899207	0.0000000127
7	147815318	149840657	616	40	-0.0000183446	0.0000000159
7	149840658	150711504	307	38	-0.0000408475	0.0000000066
7	150711505	152249805	458	40	-0.0000009383	0.0000000136
7	152249806	153674018	462	40	0.0000405150	0.0000000116
7	153674019	154964729	547	40	-0.0000819699	0.0000000144
7	154964730	156065249	480	40	-0.0000071354	0.0000000135
7	156065250	157634596	520	40	-0.0000652688	0.0000000141
7	157634597	159128574	459	40	-0.0000477213	0.0000000099
8	10422	1044216	396	40	0.0000428947	0.0000000119
8	1044217	1163244	71	12	0.0000274660	0.0000000027
8	1163245	2042941	457	40	0.0000076032	0.0000000133
8	2042942	2573278	257	40	0.0000124250	0.0000000079
8	2573279	3392925	593	40	-0.0000364560	0.0000000153
8	3392926	3783016	424	40	0.0000104442	0.0000000118
8	3783017	4480475	664	40	-0.0000599524	0.0000000164
8	4480476	5146926	491	40	-0.0000021255	0.0000000143
8	5146927	6142796	753	40	-0.0000379391	0.0000000148
8	6142797	7153078	544	40	0.0000247332	0.0000000166
8	7153079	9154693	554	40	0.0000099503	0.0000000150
8	9154694	9640786	237	25	0.0000170416	0.0000000071
8	9640787	10463196	463	40	0.0000041770	0.0000000132
8	10463197	11278997	384	40	0.0000463021	0.0000000106
8	11278998	13491774	798	40	0.0000245095	0.0000000157
8	13491775	13944991	252	31	0.0000260772	0.0000000068
8	13944992	15991659	1082	40	0.0000561708	0.0000000144
8	15991660	17387875	547	40	-0.0000446848	0.0000000153
8	17387876	17836398	269	35	-0.0000808688	0.0000000079
8	17836399	19492839	961	40	-0.0000074747	0.0000000147
8	19492840	20060855	332	40	0.0000677368	0.0000000087
8	20060856	21661736	746	40	0.0000045070	0.0000000154
8	21661737	22897056	462	40	-0.0001129955	0.0000000152
8	22897057	24674717	655	40	-0.0000344411	0.0000000142
8	24674718	25483453	286	35	-0.0000676332	0.0000000066
8	25483454	26682524	615	40	-0.0000321513	0.0000000149
8	26682525	28162391	735	40	-0.0000006517	0.0000000149
8	28162392	29327895	368	40	-0.0000446090	0.0000000091
8	29327896	31133728	540	40	0.0000999373	0.0000000121
8	31133729	31548359	125	20	-0.0000490200	0.0000000031
8	31548360	32977217	483	40	-0.0001066569	0.0000000100
8	32977218	35317231	534	40	0.0001233504	0.0000000100
8	35317232	37379388	358	40	0.0000408444	0.0000000082
8	37379389	38938805	291	40	0.0000243108	0.0000000076
8	38938806	40703336	580	40	-0.0000245297	0.0000000121
8	40703337	41721453	381	40	-0.0000151447	0.0000000110
8	41721454	42773822	191	22	-0.0000551478	0.0000000047
8	42773823	46841314	43	7	0.0000326031	0.0000000011
8	46841315	50082469	393	36	-0.0000241299	0.0000000080
8	50082470	53302929	781	40	0.0000136906	0.0000000135
8	53302930	54418043	343	40	-0.0000186800	0.0000000067
8	54418044	55945580	475	40	0.0000073700	0.0000000092
8	55945581	56956382	350	40	-0.0001099707	0.0000000070
8	56956383	59068650	664	40	0.0000111582	0.0000000138
8	59068651	59728099	274	34	-0.0000230524	0.0000000058
8	59728100	62329098	786	40	-0.0000153509	0.0000000149
8	62329099	63349305	327	35	0.0000314417	0.0000000069
8	63349306	65232871	515	40	-0.0000660548	0.0000000098
8	65232872	66489089	361	40	-0.0000555032	0.0000000089
8	66489090	69863056	863	40	-0.0000378683	0.0000000142
8	69863057	70867978	405	40	0.0000482087	0.0000000099
8	70867979	72289453	439	40	0.0000465487	0.0000000087
8	72289454	73817198	685	40	-0.0000878654	0.0000000137
8	73817199	75445063	613	40	-0.0000701602	0.0000000138
8	75445064	76456541	290	38	-0.0000061750	0.0000000053
8	76456542	79132860	685	40	-0.0000564989	0.0000000119
8	79132861	81956394	802	40	0.0001092571	0.0000000144
8	81956395	82693738	218	33	-0.0000522780	0.0000000064
8	82693739	84225588	415	40	0.0001048034	0.0000000072
8	84225589	85955618	356	39	0.0000759449	0.0000000070
8	85955619	87411708	267	25	-0.0000793698	0.0000000073
8	87411709	89085480	481	40	-0.0000106671	0.0000000091
8	89085481	90638161	393	40	0.0000036097	0.0000000079
8	90638162	93554385	673	40	0.0000126661	0.0000000132
8	93554386	95005526	386	40	-0.0000552669	0.0000000096
8	95005527	96534805	623	40	0.0000971347	0.0000000132
8	96534806	99401580	1100	40	-0.0000365346	0.0000000143
8	99401581	101620957	504	40	0.0000102292	0.0000000100
8	101620958	104123305	986	40	-0.0000129274	0.0000000158
8	104123306	104988751	248	24	-0.0000284934	0.0000000052
8	104988752	107410753	818	40	0.0000029257	0.0000000149
8	107410754	108648176	468	40	0.0000877467	0.0000000094
8	108648177	109248172	204	23	-0.0000603629	0.0000000043
8	109248173	110484313	350	31	0.0000102500	0.0000000063
8	110484314	111850846	287	33	0.0000810660	0.0000000057
8	111850847	113064319	231	19	0.0000558750	0.0000000044
8	113064320	116096494	779	40	-0.0000610686	0.0000000126
8	116096495	119685456	1151	40	-0.0000031422	0.0000000145
8	119685457	121201699	525	40	-0.0000576399	0.0000000094
8	121201700	124861458	1333	40	0.0000048384	0.0000000146
8	124861459	125683718	333	40	0.0000046571	0.0000000086
8	125683719	126410916	253	40	-0.0001074672	0.0000000072
8	126410917	128659110	914	40	-0.0000127551	0.0000000156
8	128659111	130381138	671	40	-0.0000169758	0.0000000148
8	130381139	131639624	464	40	-0.0001318160	0.0000000117
8	131639625	133351143	759	40	-0.0000215391	0.0000000147
8	133351144	134570000	704	40	-0.0000483894	0.0000000151
8	134570001	136035604	751	40	0.0000229374	0.0000000130
8	136035605	137524150	552	40	0.0000166545	0.0000000119
8	137524151	139254829	736	40	-0.0000457140	0.0000000137
8	139254830	140725642	750	40	0.0000514268	0.0000000150
8	140725643	143044913	822	40	-0.0000616548	0.0000000163
8	143044914	144236880	366	40	0.0000594135	0.0000000095
8	144236881	146303866	338	40	0.0000028741	0.0000000096
9	10023	1079706	573	40	0.0001318902	0.0000000149
9	1079707	1916876	599	40	-0.0000210134	0.0000000153
9	1916877	3190063	763	40	0.0000456816	0.0000000154
9	3190064	4495327	736	40	0.0000004600	0.0000000157
9	4495328	4884925	228	39	0.0000718338	0.0000000125
9	4884926	6557588	554	40	0.0000147329	0.0000000154
9	6557589	7154922	292	37	-0.0000259333	0.0000000090
9	7154923	8456298	925	40	-0.0000013780	0.0000000158
9	8456299	9166402	398	40	-0.0000252841	0.0000000135
9	9166403	10879252	834	40	-0.0000059971	0.0000000167
9	10879253	12276488	463	40	-0.0000096412	0.0000000111
9	12276489	14836362	1258	40	0.0000886985	0.0000000146
9	14836363	16659654	798	40	-0.0000593631	0.0000000143
9	16659655	18661050	933	40	0.0000269402	0.0000000148
9	18661051	20463533	821	40	-0.0000581891	0.0000000148
9	20463534	22206558	683	40	-0.0000031584	0.0000000160
9	22206559	24158517	604	40	0.0000351714	0.0000000150
9	24158518	25330809	294	40	-0.0000795865	0.0000000086
9	25330810	26111756	271	40	-0.0000346987	0.0000000079
9	26111757	28224282	945	40	0.0000202741	0.0000000147
9	28224283	28811583	249	36	0.0000135707	0.0000000078
9	28811584	30387391	549	40	-0.0000754883	0.0000000113
9	30387392	31310382	244	23	0.0000348129	0.0000000060
9	31310383	32019367	205	24	0.0001278725	0.0000000054
9	32019368	33578333	586	40	0.0000278907	0.0000000131
9	33578334	34642242	285	27	0.0001112583	0.0000000057
9	34642243	36743282	581	40	0.0000440089	0.0000000137
9	36743283	38641598	718	40	0.0000688512	0.0000000147
9	38641599	65472189	102	22	0.0000011244	0.0000000028
9	65472190	72512710	563	40	-0.0000027582	0.0000000123
9	72512711	72753754	100	10	-0.0000129970	0.0000000030
9	72753755	74253039	594	40	0.0000056092	0.0000000124
9	74253040	76203945	569	40	0.0000065634	0.0000000109
9	76203946	76973080	180	22	0.0000089004	0.0000000035
9	76973081	78900182	800	40	0.0000096843	0.0000000141
9	78900183	79471207	288	40	-0.0000196749	0.0000000076
9	79471208	81079054	523	40	-0.0000213500	0.0000000130
9	81079055	82590927	629	40	-0.0000301639	0.0000000140
9	82590928	84211232	651	40	-0.0000448229	0.0000000145
9	84211233	85440800	327	40	-0.0000631000	0.0000000093
9	85440801	86938195	635	40	-0.0000780274	0.0000000142
9	86938196	88109332	498	40	0.0000519462	0.0000000109
9	88109333	88590416	112	14	0.0000386992	0.0000000022
9	88590417	90136245	597	40	0.0000082882	0.0000000141
9	90136246	92528697	851	40	-0.0000429119	0.0000000149
9	92528698	94167202	622	40	0.0000147759	0.0000000142
9	94167203	96671697	789	40	0.0000109119	0.0000000157
9	96671698	98922039	663	40	0.0000315454	0.0000000138
9	98922040	101592858	855	40	0.0000232072	0.0000000152
9	101592859	104624436	960	40	0.0000261648	0.0000000139
9	104624437	105967975	567	40	-0.0000643156	0.0000000117
9	105967976	107581748	601	40	0.0000071934	0.0000000115
9	107581749	109298753	601	40	-0.0001237732	0.0000000143
9	109298754	110695061	568	40	0.0000155426	0.0000000143
9	110695062	112778023	1092	40	-0.0001571983	0.0000000141
9	112778024	114831081	907	40	-0.0000727610	0.0000000160
9	114831082	115693144	312	30	-0.0000568082	0.0000000068
9	115693145	117019800	643	40	0.0000403654	0.0000000159
9	117019801	117921959	465	40	-0.0000099586	0.0000000131
9	117921960	121321536	1459	40	0.0000162602	0.0000000152
9	121321537	122260296	358	40	-0.0000634746	0.0000000083
9	122260297	124871321	772	40	-0.0000973287	0.0000000141
9	124871322	126971886	682	40	0.0000168467	0.0000000163
9	126971887	129059664	562	40	-0.0000445577	0.0000000118
9	129059665	130055509	323	40	-0.0001315410	0.0000000075
9	130055510	132165469	495	40	0.0000354454	0.0000000123
9	132165470	133223216	316	40	-0.0000696604	0.0000000088
9	133223217	134127887	344	40	0.0001023582	0.0000000095
9	134127888	135298841	434	40	0.0000174960	0.0000000104
9	135298842	137041121	654	40	0.0000869900	0.0000000176
9	137041122	137589363	204	40	-0.0000517214	0.0000000066
9	137589364	138938977	622	40	0.0000741640	0.0000000157
9	138938978	139500341	120	22	0.0000355841	0.0000000037
9	139500342	141144795	250	36	-0.0000170590	0.0000000070
10	60523	751338	125	15	0.0000157498	0.0000000041
10	751339	1523543	340	40	-0.0000270596	0.0000000098
10	1523544	2254499	436	40	0.0000163079	0.0000000105
10	2254500	3352698	669	40	-0.0000367503	0.0000000148
10	3352699	4572273	615	40	0.0000329677	0.0000000163
10	4572274	5983761	707	40	-0.0000414929	0.0000000148
10	5983762	7171483	741	40	-0.0001935589	0.0000000159
10	7171484	8774664	868	40	-0.0000491799	0.0000000157
10	8774665	10249395	563	40	-0.0000079077	0.0000000118
10	10249396	12586796	1034	40	-0.0001337682	0.0000000150
10	12586797	13321599	444	40	-0.0000709802	0.0000000131
10	13321600	15026067	947	40	-0.0000258429	0.0000000142
10	15026068	16551766	560	40	-0.0001218951	0.0000000151
10	16551767	18537266	772	40	-0.0000437524	0.0000000156
10	18537267	19716877	530	40	0.0000447489	0.0000000123
10	19716878	22772282	984	40	-0.0000580402	0.0000000155
10	22772283	23175131	126	14	-0.0000403772	0.0000000036
10	23175132	25578595	771	40	0.0000461271	0.0000000148
10	25578596	26888683	535	40	-0.0000886186	0.0000000108
10	26888684	29323235	905	40	0.0000072939	0.0000000145
10	29323236	29783691	268	40	0.0000405486	0.0000000064
10	29783692	30458837	362	40	-0.0000084892	0.0000000099
10	30458838	31907518	478	40	0.0001244175	0.0000000106
10	31907519	33707967	628	40	-0.0000474060	0.0000000137
10	33707968	35109354	500	40	-0.0000349459	0.0000000115
10	35109355	36572507	422	40	0.0001622127	0.0000000093
10	36572508	37790028	321	40	0.0000795366	0.0000000077
10	37790029	42372578	197	13	-0.0000585902	0.0000000028
10	42372579	43894770	297	34	-0.0000371741	0.0000000078
10	43894771	44730074	289	34	0.0000657141	0.0000000069
10	44730075	48760449	671	40	-0.0001651190	0.0000000201
10	48760450	50840914	662	40	0.0000927788	0.0000000142
10	50840915	53616628	753	40	0.0000278782	0.0000000161
10	53616629	55103571	680	40	-0.0000430418	0.0000000150
10	55103572	57031139	762	40	-0.0000788082	0.0000000152
10	57031140	57662145	177	18	0.0000101863	0.0000000023
10	57662146	58959527	381	25	-0.0000224590	0.0000000056
10	58959528	60289986	420	40	0.0000487568	0.0000000075
10	60289987	61891408	589	40	0.0000198266	0.0000000138
10	61891409	62659678	302	34	0.0000365535	0.0000000078
10	62659679	63341694	161	19	0.0000483293	0.0000000039
10	63341695	65794113	846	40	-0.0000887224	0.0000000170
10	65794114	67549614	479	40	0.0000170023	0.0000000094
10	67549615	69900147	895	40	0.0000007507	0.0000000145
10	69900148	70195990	116	11	-0.0000186991	0.0000000021
10	70195991	72220849	893	40	-0.0000002265	0.0000000154
10	72220850	73508511	741	40	-0.0000291793	0.0000000151
10	73508512	75422549	439	36	0.0000302228	0.0000000087
10	75422550	78706813	840	40	0.0000689971	0.0000000162
10	78706814	80876748	1012	40	0.0000278930	0.0000000141
10	80876749	82414678	494	40	0.0000154128	0.0000000118
10	82414679	84383744	715	40	-0.0001189484	0.0000000140
10	84383745	85458702	437	40	-0.0000536705	0.0000000087
10	85458703	87937576	976	40	-0.0000238472	0.0000000157
10	87937577	89127063	270	35	-0.0000000964	0.0000000059
10	89127064	91013380	725	40	0.0000941618	0.0000000153
10	91013381	92006580	376	40	-0.0000511284	0.0000000088
10	92006581	93335046	444	40	0.0000008505	0.0000000090
10	93335047	95396367	664	40	-0.0000629014	0.0000000143
10	95396368	96221242	264	32	0.0001120948	0.0000000071
10	96221243	97822356	582	40	0.0000289684	0.0000000103
10	97822357	100241301	916	40	0.0001127889	0.0000000165
10	100241302	100668399	149	15	0.0000306113	0.0000000033
10	100668400	102949238	763	40	-0.0000082804	0.0000000164
10	102949239	104380409	306	28	0.0000951627	0.0000000075
10	104380410	106695047	760	40	-0.0001373087	0.0000000162
10	106695048	108726685	672	40	-0.0000829633	0.0000000144
10	108726686	110317704	639	40	-0.0000257818	0.0000000148
10	110317705	112561492	660	40	-0.0000920149	0.0000000132
10	112561493	115328431	1027	40	0.0000082922	0.0000000143
10	115328432	116421405	493	40	0.0000969811	0.0000000117
10	116421406	119523933	997	40	0.0000364458	0.0000000157
10	119523934	120591352	407	40	0.0000299400	0.0000000102
10	120591353	122407322	679	40	-0.0000100429	0.0000000149
10	122407323	123231464	390	40	0.0001847650	0.0000000096
10	123231465	123900544	277	40	-0.0000103044	0.0000000072
10	123900545	125869345	858	40	0.0001201598	0.0000000149
10	125869346	128001097	952	40	0.0000739472	0.0000000171
10	128001098	129154361	529	40	0.0000163811	0.0000000125
10	129154362	130844283	939	40	0.0000351966	0.0000000149
10	130844284	131741326	416	40	0.0000686192	0.0000000113
10	131741327	132580244	412	40	-0.0000489998	0.0000000099
10	132580245	134336328	840	40	0.0000145921	0.0000000149
10	134336329	134494672	39	6	0.0000084882	0.0000000014
10	134494673	135523864	281	40	-0.0000599403	0.0000000076
11	70855	1213589	258	40	-0.0000508305	0.0000000080
11	1213590	3665480	805	40	0.0000626344	0.0000000159
11	3665481	4746708	422	40	-0.0000509052	0.0000000115
11	4746709	6322868	978	40	-0.0000961664	0.0000000142
11	6322869	7436700	545	40	-0.0000188833	0.0000000126
11	7436701	8333273	490	40	0.0000771887	0.0000000131
11	8333274	9087316	273	30	-0.0000311203	0.0000000066
11	9087317	10952026	638	40	-0.0000220492	0.0000000153
11	10952027	12564228	1098	40	0.0000098554	0.0000000150
11	12564229	13373123	398	40	0.0000884587	0.0000000105
11	13373124	15742551	769	40	0.0000221051	0.0000000136
11	15742552	17578401	598	40	0.0000192136	0.0000000126
11	17578402	19569534	782	40	-0.0000271322	0.0000000149
11	19569535	21017137	782	40	-0.0000785248	0.0000000144
11	21017138	22374141	546	40	0.0000925047	0.0000000131
11	22374142	24088516	586	40	0.0000833386	0.0000000120
11	24088517	26045752	654	40	-0.0000102172	0.0000000155
11	26045753	27020460	355	40	0.0000304660	0.0000000079
11	27020461	28481592	404	40	-0.0000359654	0.0000000087
11	28481593	30141356	410	40	-0.0000308760	0.0000000103
11	30141357	32276900	625	40	-0.0000844798	0.0000000129
11	32276901	33958738	555	40	-0.0000003434	0.0000000124
11	33958739	35502604	809	40	-0.0000100288	0.0000000151
11	35502605	37116814	737	40	0.0000121511	0.0000000140
11	37116815	39382002	415	40	-0.0000049229	0.0000000091
11	39382003	42310002	914	40	-0.0000214765	0.0000000138
11	42310003	44693798	960	40	-0.0000159042	0.0000000139
11	44693799	47006136	705	40	-0.0000581762	0.0000000148
11	47006137	49866049	470	25	-0.0001364664	0.0000000097
11	49866050	54695472	129	7	-0.0000218036	0.0000000032
11	54695473	55082656	6	3	0.0000121667	0.0000000003
11	55082657	58457494	1050	40	0.0000038036	0.0000000145
11	58457495	58780548	67	6	-0.0000210623	0.0000000015
11	58780549	62223770	980	40	0.0000946261	0.0000000154
11	62223771	63804568	305	38	0.0001028933	0.0000000084
11	63804569	65898630	491	40	0.0000531340	0.0000000126
11	65898631	68005824	316	35	0.0000513413	0.0000000098
11	68005825	69516129	458	40	0.0001465983	0.0000000105
11	69516130	70926291	458	40	0.0000483963	0.0000000124
11	70926292	72286016	304	36	0.0000196638	0.0000000061
11	72286017	74412350	595	40	0.0000948384	0.0000000127
11	74412351	76797208	755	40	0.0000609698	0.0000000143
11	76797209	78355057	413	36	-0.0000913141	0.0000000082
11	78355058	80722372	1056	40	0.0000408086	0.0000000151
11	80722373	81266711	258	38	0.0000244339	0.0000000061
11	81266712	84381271	1155	40	0.0000192631	0.0000000141
11	84381272	86619300	770	40	-0.0000600990	0.0000000142
11	86619301	87430234	307	36	-0.0000335854	0.0000000068
11	87430235	89208935	558	40	0.0000055123	0.0000000145
11	89208936	90966489	376	34	-0.0000354245	0.0000000076
11	90966490	92077143	345	38	0.0000405451	0.0000000067
11	92077144	93276156	395	40	0.0000050164	0.0000000082
11	93276157	94242259	268	26	-0.0000672549	0.0000000050
11	94242260	95726040	589	40	0.0001122159	0.0000000152
11	95726041	97057057	497	40	-0.0000026205	0.0000000134
11	97057058	98705064	552	40	-0.0000683014	0.0000000145
11	98705065	100417168	757	40	-0.0000259222	0.0000000140
11	100417169	101331120	404	40	-0.0000323524	0.0000000106
11	101331121	103959635	1076	40	-0.0000140795	0.0000000138
11	103959636	104873283	283	23	0.0000182537	0.0000000049
11	104873284	106520893	466	40	0.0000139697	0.0000000103
11	106520894	107844199	465	40	-0.0000359669	0.0000000099
11	107844200	108437036	134	11	0.0000230276	0.0000000044
11	108437037	109866115	342	39	0.0000734783	0.0000000083
11	109866116	111114396	486	40	0.0000195553	0.0000000100
11	111114397	112459487	380	38	0.0000333253	0.0000000073
11	112459488	114257727	782	40	-0.0000368151	0.0000000150
11	114257728	114830665	224	27	0.0000173761	0.0000000060
11	114830666	116383347	649	40	0.0001221045	0.0000000157
11	116383348	117747109	597	40	0.0000204373	0.0000000166
11	117747110	119215475	515	40	-0.0000023884	0.0000000124
11	119215476	120766805	622	40	0.0000347115	0.0000000149
11	120766806	121175942	198	23	0.0000682506	0.0000000043
11	121175943	122591909	464	40	0.0000363570	0.0000000109
11	122591910	123500116	416	40	-0.0000336101	0.0000000116
11	123500117	124495527	477	40	-0.0000180123	0.0000000082
11	124495528	126311319	796	40	0.0001024701	0.0000000149
11	126311320	127316678	559	40	-0.0000394471	0.0000000122
11	127316679	128188536	306	40	-0.0000796104	0.0000000078
11	128188537	130342574	850	40	0.0001299994	0.0000000158
11	130342575	131074611	365	40	0.0000012890	0.0000000097
11	131074612	133000045	1090	40	0.0000070143	0.0000000160
11	133000046	134205992	542	40	-0.0000356264	0.0000000136
11	134205993	134946451	398	40	0.0000853626	0.0000000112
12	61107	1080330	308	40	0.0001417758	0.0000000091
12	1080331	2544785	486	40	0.0001359386	0.0000000118
12	2544786	3677036	507	40	-0.0000177540	0.0000000137
12	3677037	4417678	390	40	0.0000587128	0.0000000113
12	4417679	5321471	500	40	0.0000110800	0.0000000121
12	5321472	6419752	551	40	-0.0000445592	0.0000000137
12	6419753	8377535	518	40	0.0000530428	0.0000000141
12	8377536	9031394	127	23	-0.0000972074	0.0000000045
12	9031395	10481533	532	40	0.0000644477	0.0000000128
12	10481534	11754845	335	40	-0.0000122197	0.0000000075
12	11754846	12733527	437	40	0.0000464441	0.0000000126
12	12733528	15241483	1022	40	0.0000155496	0.0000000155
12	15241484	16310459	254	36	0.0000020550	0.0000000058
12	16310460	18087872	555	40	-0.0000559876	0.0000000127
12	18087873	20863942	928	40	0.0000898997	0.0000000151
12	20863943	23820633	1090	40	0.0000549128	0.0000000149
12	23820634	25371082	712	40	0.0000295315	0.0000000140
12	25371083	27799772	1019	40	0.0000650497	0.0000000160
12	27799773	29651254	692	40	-0.0000438034	0.0000000130
12	29651255	30512405	461	40	0.0000260260	0.0000000100
12	30512406	32165591	630	40	-0.0000825957	0.0000000147
12	32165592	33076988	378	40	-0.0000828737	0.0000000094
12	33076989	37856716	351	24	-0.0000491997	0.0000000062
12	37856717	39227168	135	7	0.0000025529	0.0000000025
12	39227169	40816184	495	40	-0.0001153281	0.0000000090
12	40816185	41658585	348	36	-0.0000427762	0.0000000061
12	41658586	43984473	896	40	-0.0000195994	0.0000000149
12	43984474	46024228	475	40	-0.0000166569	0.0000000091
12	46024229	47714792	463	40	-0.0001306122	0.0000000113
12	47714793	49001865	538	40	-0.0000058697	0.0000000119
12	49001866	51776493	627	40	-0.0000226870	0.0000000138
12	51776494	53039003	630	40	-0.0000869805	0.0000000131
12	53039004	54778822	584	40	0.0000392528	0.0000000154
12	54778823	55665836	270	35	0.0000675862	0.0000000063
12	55665837	57548859	417	40	0.0001241198	0.0000000093
12	57548860	59308665	461	40	-0.0000109952	0.0000000089
12	59308666	61123728	451	40	0.0000159665	0.0000000080
12	61123729	64032460	945	40	0.0000437631	0.0000000136
12	64032461	65559694	373	40	-0.0000382757	0.0000000097
12	65559695	67181143	514	40	-0.0000909596	0.0000000117
12	67181144	67909728	321	40	-0.0000109937	0.0000000063
12	67909729	69826541	812	40	0.0000022824	0.0000000149
12	69826542	70957986	493	40	0.0000151279	0.0000000100
12	70957987	72645074	566	40	-0.0001160111	0.0000000127
12	72645075	73818453	301	30	-0.0000239285	0.0000000066
12	73818454	76511313	764	40	0.0000549840	0.0000000151
12	76511314	78570569	753	40	0.0000847656	0.0000000154
12	78570570	80448149	404	40	0.0000477324	0.0000000087
12	80448150	81467766	306	35	-0.0001707239	0.0000000081
12	81467767	83502665	559	40	-0.0000493333	0.0000000108
12	83502666	84303843	230	27	0.0000003907	0.0000000040
12	84303844	85990425	391	34	0.0000168584	0.0000000066
12	85990426	89682121	745	40	-0.0001082934	0.0000000135
12	89682122	92066154	641	40	-0.0000348397	0.0000000109
12	92066155	94514566	904	40	0.0000294306	0.0000000151
12	94514567	96020784	691	40	0.0000539233	0.0000000150
12	96020785	97108838	452	40	-0.0000743760	0.0000000111
12	97108839	99305986	919	40	-0.0000514487	0.0000000135
12	99305987	101447640	650	40	0.0000545917	0.0000000150
12	101447641	101862689	148	16	0.0000404718	0.0000000044
12	101862690	102964985	334	40	-0.0000691005	0.0000000085
12	102964986	104848695	757	40	0.0000135225	0.0000000144
12	104848696	106436212	843	40	-0.0000245159	0.0000000145
12	106436213	106958747	233	34	-0.0000576211	0.0000000066
12	106958748	109025900	736	40	0.0000283428	0.0000000147
12	109025901	110336718	399	40	0.0000308921	0.0000000092
12	110336719	113263517	462	40	0.0001352773	0.0000000092
12	113263518	113986708	216	28	-0.0000574574	0.0000000064
12	113986709	115036601	537	40	-0.0000431309	0.0000000119
12	115036602	115503215	194	36	0.0000242820	0.0000000062
12	115503216	117087470	746	40	0.0000915074	0.0000000148
12	117087471	118135374	459	40	-0.0000203546	0.0000000124
12	118135375	119754109	683	40	-0.0000115282	0.0000000162
12	119754110	122007650	670	40	-0.0000927877	0.0000000170
12	122007651	124977979	694	40	-0.0000640625	0.0000000148
12	124977980	126445504	624	40	-0.0000162610	0.0000000170
12	126445505	127875097	639	40	-0.0000160928	0.0000000135
12	127875098	129237296	697	40	0.0000290121	0.0000000162
12	129237297	130377920	678	40	0.0000668731	0.0000000152
12	130377921	131786750	733	40	-0.0000295221	0.0000000153
12	131786751	132807033	288	40	0.0000270273	0.0000000072
12	132807034	133841510	169	25	-0.0000111965	0.0000000052
13	19020013	20686719	290	36	0.0000416397	0.0000000079
13	20686720	22242173	584	40	0.0000849210	0.0000000135
13	22242174	23594701	672	40	0.0000390842	0.0000000149
13	23594702	24531936	506	40	0.0000858505	0.0000000128
13	24531937	25784361	641	40	-0.0000060445	0.0000000162
13	25784362	27284361	539	40	0.0000701200	0.0000000116
13	27284362	29257550	846	40	-0.0000093108	0.0000000154
13	29257551	30483266	500	40	-0.0000331874	0.0000000110
13	30483267	32301814	771	40	-0.0000135321	0.0000000153
13	32301815	33776902	579	40	-0.0000743140	0.0000000123
13	33776903	35026463	454	40	-0.0000952948	0.0000000103
13	35026464	36046366	221	30	-0.0000150892	0.0000000065
13	36046367	37498184	644	40	0.0000049198	0.0000000152
13	37498185	38878162	539	40	-0.0000998567	0.0000000113
13	38878163	41069262	870	40	0.0001016800	0.0000000151
13	41069263	43101026	627	40	-0.0000541959	0.0000000134
13	43101027	44901408	800	40	0.0000088340	0.0000000142
13	44901409	46495213	524	40	0.0000071892	0.0000000131
13	46495214	47431078	360	40	0.0000586710	0.0000000083
13	47431079	49383961	614	40	0.0000354871	0.0000000134
13	49383962	51591090	739	40	-0.0000056937	0.0000000155
13	51591091	53339621	449	40	-0.0000675744	0.0000000119
13	53339622	54682863	522	40	0.0000232601	0.0000000130
13	54682864	55817130	320	36	-0.0000623836	0.0000000063
13	55817131	57554216	296	22	0.0000672563	0.0000000044
13	57554217	58410625	205	21	0.0000073854	0.0000000034
13	58410626	59302270	215	22	-0.0000533576	0.0000000033
13	59302271	60854777	551	40	0.0001017051	0.0000000119
13	60854778	61591948	284	35	-0.0000629805	0.0000000058
13	61591949	63971558	631	40	0.0000839770	0.0000000132
13	63971559	65200601	301	31	-0.0000173874	0.0000000049
13	65200602	67844452	782	40	-0.0000660547	0.0000000151
13	67844453	70724515	883	40	0.0000317475	0.0000000149
13	70724516	71526790	317	40	-0.0000071548	0.0000000080
13	71526791	73934088	841	40	-0.0000305820	0.0000000155
13	73934089	75670142	732	40	0.0000801133	0.0000000151
13	75670143	77410554	783	40	0.0000172461	0.0000000154
13	77410555	78808812	434	40	-0.0000032362	0.0000000089
13	78808813	80585675	573	40	0.0000588878	0.0000000136
13	80585676	82581813	606	40	0.0000541462	0.0000000137
13	82581814	84133143	392	35	0.0000095273	0.0000000071
13	84133144	85610915	409	40	0.0001150999	0.0000000085
13	85610916	88559881	751	40	0.0000336080	0.0000000139
13	88559882	90521310	464	40	0.0000030140	0.0000000092
13	90521311	93129690	856	40	0.0001133530	0.0000000142
13	93129691	93586454	121	16	0.0000068225	0.0000000030
13	93586455	96087557	1198	40	-0.0000397300	0.0000000143
13	96087558	97519209	357	38	0.0001013892	0.0000000092
13	97519210	98938918	432	40	0.0000264490	0.0000000114
13	98938919	100574094	786	40	-0.0000221800	0.0000000158
13	100574095	102300522	767	40	-0.0000393125	0.0000000148
13	102300523	104066709	921	40	-0.0000130563	0.0000000147
13	104066710	104844113	309	40	0.0000533240	0.0000000079
13	104844114	106247553	623	40	-0.0000002726	0.0000000164
13	106247554	106749999	271	40	0.0000148100	0.0000000079
13	106750000	108189876	610	40	-0.0000196066	0.0000000150
13	108189877	109121209	434	40	0.0000304489	0.0000000118
13	109121210	109815111	326	40	0.0000673484	0.0000000080
13	109815112	111232072	751	40	-0.0000328145	0.0000000171
13	111232073	112247591	458	40	-0.0000586855	0.0000000117
13	112247592	113572487	459	40	-0.0000379258	0.0000000125
13	113572488	115109852	360	40	-0.0000391566	0.0000000094
14	19002084	21589401	589	40	-0.0000964685	0.0000000157
14	21589402	23018664	706	40	0.0000756311	0.0000000145
14	23018665	24905122	707	40	-0.0000630178	0.0000000158
14	24905123	26135685	556	40	0.0000094547	0.0000000109
14	26135686	28466532	694	40	0.0000037500	0.0000000147
14	28466533	29972144	379	40	-0.0000743943	0.0000000083
14	29972145	32383264	589	40	-0.0001295042	0.0000000142
14	32383265	34846250	1259	40	0.0000270861	0.0000000158
14	34846251	35859592	245	29	0.0000404869	0.0000000062
14	35859593	38667724	874	40	-0.0000384151	0.0000000149
14	38667725	40341989	539	40	0.0000461053	0.0000000117
14	40341990	41615501	347	32	-0.0000668057	0.0000000065
14	41615502	43137388	414	36	-0.0000185993	0.0000000096
14	43137389	44543226	356	40	-0.0000038493	0.0000000080
14	44543227	46081895	379	40	0.0000753050	0.0000000073
14	46081896	46749129	188	16	-0.0000253278	0.0000000033
14	46749130	48573585	584	40	-0.0000452857	0.0000000139
14	48573586	49005470	112	13	-0.0000127464	0.0000000020
14	49005471	50507759	462	40	0.0000873682	0.0000000110
14	50507760	51493571	367	40	-0.0000037792	0.0000000089
14	51493572	53474382	850	40	-0.0000432867	0.0000000137
14	53474383	53997830	175	19	0.0000033147	0.0000000042
14	53997831	55233680	447	40	-0.0000101901	0.0000000118
14	55233681	56216879	292	27	0.0001047144	0.0000000064
14	56216880	57481261	663	40	-0.0000401566	0.0000000151
14	57481262	59448335	707	40	-0.0000232274	0.0000000145
14	59448336	61680423	609	40	0.0000619889	0.0000000126
14	61680424	63790014	807	40	0.0000535367	0.0000000139
14	63790015	65220297	350	34	0.0000099318	0.0000000080
14	65220298	66399554	406	40	0.0000844035	0.0000000109
14	66399555	67992316	400	33	-0.0000526399	0.0000000075
14	67992317	71131956	1239	40	-0.0000010127	0.0000000156
14	71131957	72889614	680	40	-0.0000006564	0.0000000152
14	72889615	76444766	1153	40	-0.0000806398	0.0000000186
14	76444767	77229471	353	40	0.0000335844	0.0000000092
14	77229472	78561944	639	40	-0.0000731250	0.0000000158
14	78561945	80186578	609	40	-0.0000320168	0.0000000138
14	80186579	81579713	508	40	-0.0000864928	0.0000000122
14	81579714	83138096	474	40	0.0000883526	0.0000000119
14	83138097	84241632	378	40	0.0000344724	0.0000000089
14	84241633	85746318	467	40	-0.0000299907	0.0000000120
14	85746319	86647001	305	36	-0.0000567231	0.0000000068
14	86647002	87635340	304	40	-0.0000147929	0.0000000076
14	87635341	89497642	606	40	0.0000162746	0.0000000119
14	89497643	91296859	696	40	0.0000390811	0.0000000158
14	91296860	93132298	671	40	0.0000121674	0.0000000146
14	93132299	94325284	411	40	0.0000147796	0.0000000109
14	94325285	95750866	871	40	-0.0001249563	0.0000000144
14	95750867	96262414	379	40	0.0000228937	0.0000000100
14	96262415	98341161	845	40	-0.0000601245	0.0000000162
14	98341162	99138531	369	40	0.0000156912	0.0000000088
14	99138532	101534306	899	40	-0.0000983882	0.0000000156
14	101534307	103012101	431	40	-0.0000319970	0.0000000128
14	103012102	105001722	473	40	0.0001123549	0.0000000120
14	105001723	106340357	159	28	0.0000776518	0.0000000044
14	106340358	107289453	38	5	0.0000290776	0.0000000016
15	20001200	21131603	5	2	0.0000131290	0.0000000004
15	21131604	24195126	306	40	0.0001221336	0.0000000091
15	24195127	25108589	193	28	0.0000044052	0.0000000047
15	25108590	27298111	866	40	0.0000498307	0.0000000158
15	27298112	29338501	472	40	-0.0000521927	0.0000000120
15	29338502	30165567	294	40	0.0000412540	0.0000000080
15	30165568	31591820	298	40	-0.0000932197	0.0000000073
15	31591821	32441810	259	37	0.0000962503	0.0000000066
15	32441811	34015424	730	40	-0.0000249293	0.0000000151
15	34015425	35083250	403	40	0.0000269319	0.0000000097
15	35083251	37456501	928	40	0.0000283285	0.0000000147
15	37456502	38530776	347	40	-0.0000651021	0.0000000089
15	38530777	40384131	779	40	-0.0000241529	0.0000000150
15	40384132	41177513	233	28	0.0000158078	0.0000000068
15	41177514	42776398	429	40	-0.0000344230	0.0000000101
15	42776399	44198048	272	17	-0.0000185646	0.0000000050
15	44198049	46618786	496	40	-0.0000915734	0.0000000108
15	46618787	48136047	581	40	0.0000068111	0.0000000124
15	48136048	50008042	445	40	0.0001311437	0.0000000091
15	50008043	51677559	609	40	-0.0000224269	0.0000000122
15	51677560	53069095	400	39	0.0000243871	0.0000000081
15	53069096	54508527	630	40	0.0000328309	0.0000000134
15	54508528	55136268	253	32	0.0000626219	0.0000000070
15	55136269	56901772	534	40	-0.0000137025	0.0000000139
15	56901773	58441365	625	40	0.0001524043	0.0000000155
15	58441366	59694115	510	40	-0.0000972973	0.0000000142
15	59694116	61265835	667	40	0.0000232945	0.0000000146
15	61265836	63215221	911	40	0.0000486472	0.0000000151
15	63215222	65104667	487	40	0.0000825786	0.0000000111
15	65104668	67094766	616	40	-0.0001228426	0.0000000172
15	67094767	69017998	742	40	0.0001562769	0.0000000153
15	69017999	70133340	298	40	-0.0000295310	0.0000000075
15	70133341	71922648	704	40	0.0000186180	0.0000000146
15	71922649	73628713	364	32	0.0000653795	0.0000000075
15	73628714	76398623	595	40	-0.0000024718	0.0000000174
15	76398624	78516052	527	40	0.0001179347	0.0000000106
15	78516053	80860977	983	40	0.0000286234	0.0000000155
15	80860978	84260467	907	40	-0.0000052679	0.0000000148
15	84260468	86652904	771	40	0.0001179059	0.0000000153
15	86652905	88369942	763	40	-0.0000671354	0.0000000142
15	88369943	90475550	721	40	0.0000590092	0.0000000146
15	90475551	92164391	619	40	-0.0001369166	0.0000000152
15	92164392	93780901	815	40	0.0000106749	0.0000000152
15	93780902	94924329	578	40	-0.0000439419	0.0000000158
15	94924330	96141595	583	40	0.0000202211	0.0000000147
15	96141596	98030909	749	40	0.0000195901	0.0000000159
15	98030910	99244058	567	40	0.0000296408	0.0000000149
15	99244059	100636846	545	40	-0.0000093219	0.0000000153
15	100636847	101552693	404	40	-0.0000347489	0.0000000106
15	101552694	102520965	438	40	-0.0000306262	0.0000000121
16	60054	1207205	298	40	-0.0000425747	0.0000000148
16	1207206	2764828	367	40	-0.0000302977	0.0000000122
16	2764829	4001195	300	40	0.0000673311	0.0000000091
16	4001196	5118344	374	40	0.0000131476	0.0000000107
16	5118345	5891579	347	40	-0.0000457545	0.0000000102
16	5891580	6893550	700	40	-0.0000496163	0.0000000151
16	6893551	7529120	481	40	0.0001500017	0.0000000141
16	7529121	8338518	536	40	-0.0000546262	0.0000000149
16	8338519	9799418	705	40	-0.0000701891	0.0000000161
16	9799419	10426031	370	39	-0.0000522705	0.0000000088
16	10426032	11520160	445	40	-0.0000232097	0.0000000127
16	11520161	12613097	394	40	0.0000762541	0.0000000118
16	12613098	13154436	307	40	-0.0000705110	0.0000000088
16	13154437	14464001	553	40	0.0000445327	0.0000000133
16	14464002	16154059	315	40	-0.0000162137	0.0000000077
16	16154060	17644748	395	40	0.0000100773	0.0000000102
16	17644749	18643606	174	28	0.0000604741	0.0000000048
16	18643607	20150570	423	40	0.0000253634	0.0000000111
16	20150571	22448903	434	40	0.0000248245	0.0000000098
16	22448904	24136874	513	40	-0.0000264207	0.0000000121
16	24136875	25986861	748	40	-0.0000646675	0.0000000160
16	25986862	27445754	643	40	0.0000014467	0.0000000146
16	27445755	29036612	337	40	0.0000399251	0.0000000087
16	29036613	31382942	267	33	0.0000933917	0.0000000103
16	31382943	46399472	121	16	0.0000228151	0.0000000037
16	46399473	49007925	299	33	0.0000046165	0.0000000067
16	49007926	52035822	1077	40	-0.0000845690	0.0000000155
16	52035823	53382571	451	40	0.0000003610	0.0000000100
16	53382572	55903773	1189	40	0.0000295944	0.0000000154
16	55903774	57664329	634	40	-0.0000942420	0.0000000161
16	57664330	59045404	509	40	-0.0000438165	0.0000000141
16	59045405	60745693	495	40	0.0000111418	0.0000000131
16	60745694	62229848	359	40	0.0000806235	0.0000000075
16	62229849	63691588	442	40	-0.0000819203	0.0000000112
16	63691589	65938565	806	40	-0.0000385100	0.0000000137
16	65938566	68841362	674	40	-0.0001145786	0.0000000181
16	68841363	71054027	383	40	-0.0000783509	0.0000000099
16	71054028	72935149	452	38	0.0000499592	0.0000000096
16	72935150	74971502	788	40	-0.0000000664	0.0000000169
16	74971503	75977953	226	30	-0.0001222111	0.0000000071
16	75977954	77523677	679	40	-0.0000671073	0.0000000145
16	77523678	78456291	643	40	0.0001316201	0.0000000149
16	78456292	79134814	566	40	0.0000618099	0.0000000143
16	79134815	80297373	782	40	0.0000228438	0.0000000145
16	80297374	81772535	788	40	0.0000070976	0.0000000154
16	81772536	82747727	585	40	-0.0000200505	0.0000000171
16	82747728	83477207	603	40	-0.0000142288	0.0000000145
16	83477208	84445882	718	40	0.0000247895	0.0000000150
16	84445883	85148684	463	40	-0.0000539533	0.0000000145
16	85148685	86156598	480	40	-0.0000204103	0.0000000157
16	86156599	86815410	529	40	0.0000025793	0.0000000145
16	86815411	87647348	363	40	0.0000901311	0.0000000113
16	87647349	89041164	361	40	0.0000254306	0.0000000134
16	89041165	90292811	312	34	-0.0000028116	0.0000000107
17	56	1172398	318	40	0.0000011242	0.0000000112
17	1172399	1928730	257	40	-0.0001208644	0.0000000091
17	1928731	3702311	641	40	-0.0000475595	0.0000000153
17	3702312	4696260	366	40	0.0000624558	0.0000000106
17	4696261	5741333	390	40	-0.0000363321	0.0000000095
17	5741334	7317397	631	40	-0.0000807808	0.0000000161
17	7317398	8306424	316	40	-0.0000636884	0.0000000089
17	8306425	9965920	657	40	-0.0000080999	0.0000000147
17	9965921	11102814	474	40	-0.0000130524	0.0000000122
17	11102815	12534768	562	40	-0.0000419854	0.0000000148
17	12534769	13180371	300	40	0.0000305820	0.0000000086
17	13180372	13894636	369	40	-0.0000817661	0.0000000105
17	13894637	15019096	604	40	-0.0000533634	0.0000000139
17	15019097	16412341	318	40	0.0000135900	0.0000000081
17	16412342	18856319	563	40	0.0000501355	0.0000000120
17	18856320	21290356	377	40	-0.0000908796	0.0000000126
17	21290357	27334243	507	40	0.0000502362	0.0000000129
17	27334244	29786490	500	39	0.0000986271	0.0000000097
17	29786491	31538424	543	40	0.0000127192	0.0000000123
17	31538425	32912797	827	40	0.0000142036	0.0000000152
17	32912798	34469035	514	40	0.0000835159	0.0000000114
17	34469036	36809343	510	40	-0.0000725669	0.0000000125
17	36809344	38877403	448	40	-0.0001230174	0.0000000112
17	38877404	39899809	324	34	-0.0000215827	0.0000000058
17	39899810	41772086	376	39	-0.0000702980	0.0000000075
17	41772087	43056904	341	38	-0.0000078540	0.0000000073
17	43056905	45876021	379	40	0.0000795887	0.0000000091
17	45876022	47517399	536	40	-0.0000695964	0.0000000112
17	47517400	49898956	772	40	0.0000112202	0.0000000151
17	49898957	50719054	285	27	0.0000686388	0.0000000061
17	50719055	51826117	308	34	0.0000749971	0.0000000075
17	51826118	53599431	611	40	0.0001300338	0.0000000146
17	53599432	55357540	612	40	-0.0000826249	0.0000000138
17	55357541	57487511	682	40	-0.0000656606	0.0000000162
17	57487512	59312754	245	23	-0.0001421147	0.0000000056
17	59312755	61545588	443	40	-0.0001696898	0.0000000117
17	61545589	63148127	306	37	-0.0000126637	0.0000000059
17	63148128	64800429	631	40	0.0001630903	0.0000000141
17	64800430	67858769	944	40	-0.0000213711	0.0000000144
17	67858770	69387816	648	40	-0.0000268251	0.0000000141
17	69387817	72672202	1438	40	0.0000134626	0.0000000149
17	72672203	74375559	411	40	0.0000516302	0.0000000106
17	74375560	76263412	740	40	-0.0000402761	0.0000000159
17	76263413	77298635	472	40	0.0000235499	0.0000000154
17	77298636	78837587	558	40	-0.0000887182	0.0000000161
17	78837588	80034407	239	40	-0.0000976219	0.0000000090
17	80034408	81194907	310	35	0.0000325859	0.0000000075
18	10644	912485	403	40	0.0000284882	0.0000000110
18	912486	1942910	366	40	-0.0000357106	0.0000000080
18	1942911	3891657	774	40	0.0000396365	0.0000000150
18	3891658	5834179	786	40	-0.0000795767	0.0000000161
18	5834180	7090484	576	40	-0.0000416958	0.0000000161
18	7090485	8498930	580	40	-0.0000745805	0.0000000154
18	8498931	11075912	1261	40	-0.0000467188	0.0000000142
18	11075913	11905439	261	40	0.0001024486	0.0000000081
18	11905440	14440798	750	40	-0.0000392363	0.0000000151
18	14440799	19485843	158	17	-0.0001175201	0.0000000036
18	19485844	20649471	300	36	0.0000825111	0.0000000079
18	20649472	22996650	821	40	-0.0000964337	0.0000000147
18	22996651	24026190	313	35	0.0000581431	0.0000000087
18	24026191	25927681	784	40	0.0000071441	0.0000000148
18	25927682	26875586	246	26	-0.0000311325	0.0000000059
18	26875587	27866477	269	27	0.0000263333	0.0000000053
18	27866478	30264065	881	40	-0.0000160102	0.0000000136
18	30264066	31780066	343	36	0.0000202058	0.0000000087
18	31780067	33861963	611	40	0.0000316791	0.0000000136
18	33861964	35075249	480	40	0.0000334251	0.0000000115
18	35075250	36365489	490	40	0.0000128437	0.0000000087
18	36365490	37684366	350	33	0.0000320015	0.0000000063
18	37684367	39892647	773	40	-0.0000482014	0.0000000147
18	39892648	42922105	929	40	-0.0000393131	0.0000000140
18	42922106	44299245	691	40	-0.0001715759	0.0000000182
18	44299246	45939731	595	40	-0.0000281818	0.0000000131
18	45939732	47730583	783	40	0.0000916364	0.0000000152
18	47730584	51062184	1187	40	0.0000306508	0.0000000156
18	51062185	51554174	174	15	0.0000084781	0.0000000036
18	51554175	55213837	1112	40	0.0001580942	0.0000000164
18	55213838	56530219	609	40	0.0000319048	0.0000000149
18	56530220	57630482	584	40	-0.0000504817	0.0000000142
18	57630483	59020750	436	40	-0.0001300206	0.0000000103
18	59020751	60277714	544	40	0.0000288803	0.0000000123
18	60277715	61820251	578	40	0.0000544734	0.0000000120
18	61820252	63463401	514	40	-0.0000007905	0.0000000103
18	63463402	64252800	240	22	0.0000048842	0.0000000049
18	64252801	66125816	723	40	-0.0000392260	0.0000000147
18	66125817	67175819	326	40	-0.0000386986	0.0000000082
18	67175820	68621178	465	40	-0.0000734698	0.0000000142
18	68621179	69621617	383	40	-0.0000400333	0.0000000100
18	69621618	71038473	562	40	-0.0000237940	0.0000000144
18	71038474	71971461	492	40	-0.0000118806	0.0000000143
18	71971462	73526986	665	40	0.0000031755	0.0000000145
18	73526987	74813814	594	40	0.0000683546	0.0000000159
18	74813815	75976316	591	40	0.0000283271	0.0000000151
18	75976317	77149990	412	40	0.0000380971	0.0000000097
18	77149991	78017157	267	39	-0.0000750808	0.0000000072
19	80840	610728	102	25	-0.0000427619	0.0000000053
19	610729	2098395	315	40	-0.0000292814	0.0000000141
19	2098396	3019659	241	40	0.0000038304	0.0000000088
19	3019660	4348966	327	40	-0.0000470009	0.0000000125
19	4348967	5811851	406	40	-0.0001558156	0.0000000174
19	5811852	6684884	212	40	0.0000291018	0.0000000064
19	6684885	8347512	537	40	-0.0000264008	0.0000000158
19	8347513	9238392	265	40	0.0000409921	0.0000000076
19	9238393	11284027	501	40	-0.0000151311	0.0000000115
19	11284028	13471126	417	40	-0.0001148141	0.0000000157
19	13471127	14486346	207	40	-0.0001407180	0.0000000063
19	14486347	15648609	370	40	0.0000368383	0.0000000102
19	15648610	16374415	362	40	-0.0000807143	0.0000000093
19	16374416	18409861	558	40	0.0000253330	0.0000000156
19	18409862	19877470	329	40	0.0000165766	0.0000000087
19	19877471	20905756	133	20	-0.0000012056	0.0000000035
19	20905757	22732895	311	37	0.0001037811	0.0000000064
19	22732896	23467745	128	13	-0.0000697378	0.0000000038
19	23467746	28557892	275	27	0.0000346009	0.0000000051
19	28557893	29790946	467	40	-0.0000525982	0.0000000094
19	29790947	30727953	332	40	0.0001352982	0.0000000105
19	30727954	32746519	646	40	0.0000741534	0.0000000150
19	32746520	34262951	511	40	0.0001022833	0.0000000139
19	34262952	36469294	663	40	0.0000462870	0.0000000155
19	36469295	37527032	232	20	0.0000075800	0.0000000050
19	37527033	40170618	637	40	0.0001229517	0.0000000147
19	40170619	40984600	186	24	-0.0000230464	0.0000000054
19	40984601	42131572	300	40	-0.0000657820	0.0000000092
19	42131573	43862454	166	21	-0.0000324248	0.0000000047
19	43862455	44744107	300	40	0.0000594993	0.0000000082
19	44744108	46102696	364	40	-0.0000176499	0.0000000115
19	46102697	47150081	292	40	-0.0000104998	0.0000000106
19	47150082	49282226	597	40	-0.0000432469	0.0000000160
19	49282227	51532566	639	40	-0.0000322536	0.0000000179
19	51532567	52985289	647	40	0.0001064269	0.0000000159
19	52985290	54602361	507	40	0.0000110294	0.0000000164
19	54602362	55728079	374	40	-0.0000214410	0.0000000118
19	55728080	57521334	686	40	-0.0000385829	0.0000000180
19	57521335	59118838	542	40	0.0001505314	0.0000000148
20	60479	697599	271	40	-0.0000005873	0.0000000074
20	697600	2469500	1013	40	-0.0000875402	0.0000000151
20	2469501	3828412	501	40	-0.0000525880	0.0000000140
20	3828413	5477849	805	40	-0.0000423423	0.0000000152
20	5477850	7084072	740	40	-0.0000453687	0.0000000141
20	7084073	8117010	409	40	-0.0000219077	0.0000000086
20	8117011	9730920	776	40	0.0000683910	0.0000000147
20	9730921	11249535	732	40	-0.0000043824	0.0000000145
20	11249536	12447498	501	40	-0.0000562239	0.0000000105
20	12447499	13689863	549	40	0.0000131567	0.0000000134
20	13689864	15958358	991	40	0.0000279811	0.0000000155
20	15958359	17487231	943	40	-0.0000346247	0.0000000146
20	17487232	18972202	615	40	0.0000397932	0.0000000152
20	18972203	20959709	892	40	-0.0000248973	0.0000000155
20	20959710	22491455	407	39	-0.0000320543	0.0000000093
20	22491456	23293789	360	40	0.0000575735	0.0000000074
20	23293790	24717723	528	40	0.0000287906	0.0000000117
20	24717724	25344230	222	22	0.0000274626	0.0000000058
20	25344231	31614822	593	40	0.0000989188	0.0000000159
20	31614823	32813440	293	29	0.0000318525	0.0000000060
20	32813441	34960445	462	32	0.0000448518	0.0000000075
20	34960446	36909529	492	40	0.0000744010	0.0000000100
20	36909530	38436760	510	40	0.0000713668	0.0000000111
20	38436761	39610855	467	40	0.0000455970	0.0000000116
20	39610856	40585688	288	33	-0.0000260895	0.0000000084
20	40585689	41615459	583	40	-0.0000636566	0.0000000156
20	41615460	42680175	396	40	0.0000058929	0.0000000109
20	42680176	44839055	783	40	-0.0001682569	0.0000000166
20	44839056	47199979	1033	40	-0.0000555195	0.0000000166
20	47199980	49239657	760	40	0.0000662102	0.0000000174
20	49239658	52472548	1348	40	0.0000262538	0.0000000161
20	52472549	54055265	621	40	-0.0000279792	0.0000000149
20	54055266	56447958	1144	40	0.0000519436	0.0000000171
20	56447959	58406571	889	40	0.0000662962	0.0000000160
20	58406572	59561723	545	40	-0.0000547534	0.0000000135
20	59561724	61301854	760	40	-0.0000828389	0.0000000177
20	61301855	62190179	298	40	0.0000321262	0.0000000100
20	62190180	62965162	237	39	0.0001017139	0.0000000098
21	9411243	15950981	280	40	0.0000001645	0.0000000075
21	15950982	18053164	664	40	-0.0000101815	0.0000000157
21	18053165	19480374	437	40	0.0000236523	0.0000000113
21	19480375	20962338	607	40	-0.0000103321	0.0000000154
21	20962339	22072763	357	40	-0.0001915782	0.0000000110
21	22072764	23362874	525	40	-0.0000493810	0.0000000119
21	23362875	24696230	354	40	-0.0000762297	0.0000000092
21	24696231	26469121	649	40	0.0000949358	0.0000000154
21	26469122	27271018	221	25	0.0000094026	0.0000000055
21	27271019	29125225	875	40	0.0000686083	0.0000000156
21	29125226	31197024	691	40	-0.0000210887	0.0000000133
21	31197025	32668641	452	40	0.0000467104	0.0000000081
21	32668642	34376998	663	40	-0.0000284357	0.0000000146
21	34376999	35225464	287	40	0.0000301725	0.0000000080
21	35225465	36524372	568	40	0.0000264026	0.0000000153
21	36524373	37870778	536	40	-0.0000016386	0.0000000118
21	37870779	38711703	314	39	0.0001096543	0.0000000083
21	38711704	40482901	843	40	0.0000671707	0.0000000150
21	40482902	41389526	500	40	0.0000868716	0.0000000122
21	41389527	43321527	1003	40	-0.0000061217	0.0000000150
21	43321528	44506267	692	40	0.0001913077	0.0000000154
21	44506268	46177104	570	40	-0.0000605509	0.0000000150
21	46177105	47492225	506	40	0.0001224133	0.0000000135
21	47492226	48119751	241	26	-0.0000137045	0.0000000056
22	16050408	17674294	213	38	-0.0000950863	0.0000000057
22	17674295	18296087	262	40	-0.0000170543	0.0000000068
22	18296088	19912357	538	40	0.0000034597	0.0000000136
22	19912358	22357324	597	40	-0.0000173499	0.0000000152
22	22357325	23712646	333	40	-0.0000631962	0.0000000085
22	23712647	24984203	361	40	-0.0001669336	0.0000000086
22	24984204	26791627	747	40	-0.0001073368	0.0000000154
22	26791628	27834751	737	40	0.0000092894	0.0000000153
22	27834752	29651798	574	40	0.0000617402	0.0000000149
22	29651799	31439917	549	40	0.0000251850	0.0000000124
22	31439918	32664985	356	33	-0.0000043299	0.0000000091
22	32664986	34494913	929	40	-0.0000275507	0.0000000161
22	34494914	35530984	492	40	0.0000757216	0.0000000095
22	35530985	37570268	839	40	-0.0000709593	0.0000000236
22	37570269	39307893	532	40	0.0000890221	0.0000000149
22	39307894	40545796	336	40	0.0000205291	0.0000000096
22	40545797	42690817	463	34	-0.0000043147	0.0000000088
22	42690818	43714199	405	40	-0.0000504565	0.0000000110
22	43714200	44995307	709	40	0.0000322328	0.0000000147
22	44995308	46470494	622	40	0.0001101489	0.0000000170
22	46470495	47596317	453	40	-0.0001007249	0.0000000128
22	47596318	48903702	738	40	0.0000096633	0.0000000154
22	48903703	49824533	611	40	0.0000199449	0.0000000152
22	49824534	51243297	395	40	-0.0000680300	0.0000000150
