chr	start	end	num_snp	k	local_rho	var
1	10583	1892606	101	19	0.0001263924	0.0000000101
1	1892607	3582735	441	40	0.0000482062	0.0000000204
1	3582736	4380810	274	40	0.0000037095	0.0000000135
1	4380811	5913892	878	40	-0.0000138507	0.0000000205
1	5913893	7247334	433	40	0.0000300979	0.0000000172
1	7247335	9365198	706	40	0.0000473851	0.0000000255
1	9365199	10806983	355	40	0.0000332693	0.0000000107
1	10806984	11777840	260	40	0.0000981176	0.0000000099
1	11777841	12779465	292	40	-0.0001691030	0.0000000157
1	12779466	14891510	620	40	-0.0000714085	0.0000000251
1	14891511	16897729	695	40	-0.0000325995	0.0000000224
1	16897730	18662898	670	40	0.0000921925	0.0000000219
1	18662899	20469148	723	40	-0.0000905759	0.0000000234
1	20469149	21736587	462	40	0.0000074091	0.0000000171
1	21736588	23086882	526	40	-0.0000899606	0.0000000206
1	23086883	23920589	223	28	-0.0000501880	0.0000000124
1	23920590	25516844	526	40	-0.0000156893	0.0000000216
1	25516845	27401866	416	40	-0.0000175149	0.0000000153
1	27401867	30161880	555	40	0.0000004487	0.0000000199
1	30161881	32438684	938	40	0.0000076935	0.0000000251
1	32438685	34799757	678	40	0.0000413689	0.0000000224
1	34799758	37549182	556	40	0.0000036273	0.0000000191
1	37549183	38731846	375	40	-0.0000157401	0.0000000137
1	38731847	40200566	447	40	-0.0002759843	0.0000000171
1	40200567	41975326	555	40	-0.0000209610	0.0000000167
1	41975327	43758456	553	40	-0.0001205906	0.0000000178
1	43758457	44969182	372	35	-0.0000456571	0.0000000112
1	44969183	46899500	461	38	-0.0000152236	0.0000000101
1	46899501	48002575	299	33	-0.0002517450	0.0000000147
1	48002576	48978187	346	40	-0.0000127681	0.0000000133
1	48978188	49894176	248	28	0.0000855936	0.0000000118
1	49894177	51713725	261	25	0.0001220528	0.0000000099
1	51713726	54226261	564	40	-0.0000364309	0.0000000156
1	54226262	56413116	843	40	-0.0000848195	0.0000000205
1	56413117	57021727	274	31	-0.0001036648	0.0000000089
1	57021728	58865398	852	40	-0.0000557699	0.0000000238
1	58865399	59890408	385	40	-0.0001271392	0.0000000127
1	59890409	61922364	674	40	0.0000318340	0.0000000231
1	61922365	63455088	544	40	-0.0000544656	0.0000000185
1	63455089	65041703	659	40	-0.0000993901	0.0000000167
1	65041704	66939403	654	40	0.0001016789	0.0000000239
1	66939404	68477894	693	40	0.0001142538	0.0000000185
1	68477895	69687615	390	40	-0.0001046226	0.0000000138
1	69687616	71372469	524	40	-0.0000045866	0.0000000163
1	71372470	71684404	84	10	0.0000151054	0.0000000025
1	71684405	74326906	564	40	-0.0001893352	0.0000000203
1	74326907	76728134	733	40	-0.0000679306	0.0000000199
1	76728135	79661197	953	40	0.0000055396	0.0000000225
1	79661198	81354190	478	40	0.0000142920	0.0000000158
1	81354191	83991747	979	40	0.0000133536	0.0000000217
1	83991748	84844494	319	36	-0.0001165483	0.0000000089
1	84844495	86454750	657	40	-0.0001449010	0.0000000203
1	86454751	88128630	576	40	-0.0002327370	0.0000000206
1	88128631	90066302	528	40	0.0000421932	0.0000000158
1	90066303	91886316	564	40	-0.0000113257	0.0000000168
1	91886317	93536458	519	40	-0.0000099449	0.0000000151
1	93536459	94506190	258	27	0.0000224078	0.0000000097
1	94506191	96150892	655	40	-0.0000556426	0.0000000226
1	96150893	97885248	609	40	0.0000871602	0.0000000204
1	97885249	99800603	644	40	-0.0000013781	0.0000000201
1	99800604	100826404	341	37	0.0000457252	0.0000000098
1	100826405	102041015	453	40	-0.0000122382	0.0000000130
1	102041016	102898744	280	36	0.0000302437	0.0000000101
1	102898745	103914210	204	21	-0.0000198623	0.0000000064
1	103914211	106087841	461	40	-0.0000245566	0.0000000175
1	106087842	108409664	731	40	-0.0000518546	0.0000000221
1	108409665	110303930	573	40	0.0001231949	0.0000000222
1	110303931	111741736	576	40	0.0000194416	0.0000000216
1	111741737	113273305	722	40	-0.0001448694	0.0000000240
1	113273306	114873844	513	40	0.0001487437	0.0000000175
1	114873845	115880592	349	37	-0.0001369756	0.0000000093
1	115880593	118839066	841	40	-0.0000589053	0.0000000222
1	118839067	144977493	574	40	-0.0000396255	0.0000000155
1	144977494	148361252	435	40	-0.0000977923	0.0000000146
1	148361253	151538880	353	34	-0.0001783073	0.0000000128
1	151538881	153180828	478	40	-0.0000945431	0.0000000127
1	153180829	154770402	462	40	-0.0000863239	0.0000000158
1	154770403	156336132	307	38	-0.0001397171	0.0000000126
1	156336133	158027411	598	40	-0.0000539243	0.0000000189
1	158027412	159913047	690	40	0.0000325356	0.0000000265
1	159913048	162346720	896	40	-0.0000405129	0.0000000196
1	162346721	165191701	1199	40	-0.0001300178	0.0000000227
1	165191702	166460516	534	40	0.0000658497	0.0000000176
1	166460517	169086323	1118	40	-0.0001283143	0.0000000239
1	169086324	170557775	569	40	-0.0000076041	0.0000000128
1	170557776	173097906	916	40	-0.0000566087	0.0000000206
1	173097907	175089767	416	32	-0.0000014083	0.0000000093
1	175089768	177433380	790	40	0.0000831191	0.0000000219
1	177433381	178944308	505	40	0.0002593407	0.0000000209
1	178944309	178954469	2	1	0.0000303561	0.0000000010
1	178954470	181144120	754	40	0.0001269530	0.0000000203
1	181144121	182755355	604	40	-0.0000575479	0.0000000205
1	182755356	184595512	633	40	-0.0000993999	0.0000000226
1	184595513	186810022	524	40	-0.0000603102	0.0000000152
1	186810023	188759944	626	40	0.0001003246	0.0000000200
1	188759945	189904129	223	17	0.0000746921	0.0000000055
1	189904130	191868929	547	40	-0.0000062369	0.0000000142
1	191868930	194107441	590	40	-0.0000755815	0.0000000152
1	194107442	196176200	590	40	-0.0001552765	0.0000000143
1	196176201	197311513	199	16	-0.0000203205	0.0000000057
1	197311514	199239883	517	40	-0.0000719727	0.0000000181
1	199239884	200137648	308	36	-0.0000355095	0.0000000105
1	200137649	201589974	713	40	0.0000571037	0.0000000216
1	201589975	203334733	616	40	0.0000073714	0.0000000268
1	203334734	204681067	489	40	-0.0000377319	0.0000000202
1	204681068	206073264	577	40	-0.0001412593	0.0000000249
1	206073265	208410363	643	40	-0.0001345006	0.0000000216
1	208410364	210787749	945	40	0.0000620398	0.0000000247
1	210787750	212842329	705	40	-0.0001587721	0.0000000233
1	212842330	214578265	619	40	-0.0000361432	0.0000000207
1	214578266	216243633	598	40	0.0001413278	0.0000000205
1	216243634	218705512	1093	40	0.0000247151	0.0000000195
1	218705513	219590570	289	35	0.0000517897	0.0000000088
1	219590571	221858230	700	40	-0.0000084861	0.0000000185
1	221858231	222230219	178	21	-0.0001485391	0.0000000067
1	222230220	224938519	477	40	-0.0001419144	0.0000000161
1	224938520	226810859	523	40	-0.0001369084	0.0000000173
1	226810860	229156247	707	40	-0.0001274142	0.0000000195
1	229156248	230685254	542	40	-0.0001589961	0.0000000193
1	230685255	232090251	596	40	-0.0001428179	0.0000000221
1	232090252	233429283	611	40	-0.0000128520	0.0000000225
1	233429284	234599433	543	40	0.0000358439	0.0000000190
1	234599434	235819435	389	40	0.0001213201	0.0000000185
1	235819436	237555627	731	40	0.0001246270	0.0000000216
1	237555628	238567806	438	40	-0.0001131642	0.0000000153
1	238567807	239925313	498	40	-0.0000139960	0.0000000179
1	239925314	240564090	344	40	-0.0001155497	0.0000000140
1	240564091	241582219	522	40	-0.0002141255	0.0000000220
1	241582220	242071601	220	38	-0.0001632305	0.0000000088
1	242071602	244109498	627	40	-0.0000642670	0.0000000231
1	244109499	245506745	523	40	0.0000340751	0.0000000224
1	245506746	247344517	718	40	-0.0000333059	0.0000000217
1	247344518	249239465	406	40	-0.0000925265	0.0000000164
2	10133	1781021	676	40	-0.0002532271	0.0000000304
2	1781022	3973778	973	40	0.0000413723	0.0000000220
2	3973779	5708336	633	40	-0.0001837877	0.0000000226
2	5708337	6836253	572	40	0.0000447791	0.0000000188
2	6836254	8422146	657	40	0.0000222911	0.0000000208
2	8422147	10298468	678	40	-0.0000347183	0.0000000224
2	10298469	12419149	977	40	0.0000195213	0.0000000213
2	12419150	14335307	595	40	-0.0000614447	0.0000000185
2	14335308	16329734	752	40	0.0000594957	0.0000000196
2	16329735	18647422	865	40	0.0002297765	0.0000000224
2	18647423	19692403	387	40	-0.0001220688	0.0000000150
2	19692404	21050489	640	40	0.0000936935	0.0000000223
2	21050490	23341382	626	40	-0.0000267677	0.0000000212
2	23341383	24686917	443	40	0.0000983043	0.0000000146
2	24686918	26894984	563	40	-0.0002046122	0.0000000222
2	26894985	28598776	420	33	0.0000232576	0.0000000132
2	28598777	29217558	247	32	-0.0000240177	0.0000000089
2	29217559	30463710	639	40	-0.0001906269	0.0000000212
2	30463711	31550449	535	40	-0.0001243930	0.0000000212
2	31550450	33363776	499	40	0.0000399449	0.0000000181
2	33363777	35345027	816	40	0.0000213266	0.0000000202
2	35345028	36122005	300	31	-0.0000173339	0.0000000116
2	36122006	38132711	938	40	-0.0000209123	0.0000000218
2	38132712	39031336	327	38	0.0000351914	0.0000000127
2	39031337	40281482	306	32	-0.0001434594	0.0000000108
2	40281483	43309589	1316	40	0.0000413551	0.0000000207
2	43309590	44313802	408	40	0.0001526510	0.0000000164
2	44313803	46482633	1080	40	0.0000731947	0.0000000234
2	46482634	47318771	421	40	0.0001174648	0.0000000169
2	47318772	48213000	305	40	-0.0000658177	0.0000000131
2	48213001	50022256	719	40	-0.0002135103	0.0000000204
2	50022257	50818927	345	34	0.0001340771	0.0000000138
2	50818928	52491132	653	40	-0.0000362921	0.0000000193
2	52491133	53508451	470	40	0.0000807034	0.0000000162
2	53508452	54685225	435	40	0.0000805711	0.0000000166
2	54685226	56203344	618	40	0.0001457167	0.0000000210
2	56203345	57429099	429	40	-0.0001220954	0.0000000165
2	57429100	58297314	277	29	0.0000293848	0.0000000120
2	58297315	60291999	749	40	-0.0002762886	0.0000000295
2	60292000	62429043	593	40	-0.0000256557	0.0000000251
2	62429044	64625912	588	40	0.0000104689	0.0000000204
2	64625913	65933443	464	40	-0.0000397286	0.0000000210
2	65933444	67226165	555	40	0.0000492823	0.0000000195
2	67226166	68010175	428	40	0.0000447319	0.0000000144
2	68010176	69139563	476	40	-0.0000434812	0.0000000167
2	69139564	70755197	537	40	-0.0000610673	0.0000000166
2	70755198	73174847	812	40	-0.0000963870	0.0000000223
2	73174848	75630085	730	40	-0.0002611028	0.0000000224
2	75630086	76913660	518	40	0.0001336256	0.0000000188
2	76913661	78079263	395	40	0.0000935292	0.0000000196
2	78079264	80050402	842	40	0.0001045867	0.0000000232
2	80050403	81620840	583	40	0.0000419344	0.0000000219
2	81620841	85140679	907	40	0.0000511715	0.0000000215
2	85140680	88038506	639	40	-0.0002016242	0.0000000202
2	88038507	89154525	248	30	-0.0000343599	0.0000000076
2	89154526	95326451	4	2	-0.0000818835	0.0000000021
2	95326452	98995200	432	40	-0.0000694380	0.0000000126
2	98995201	101822328	914	40	-0.0000585178	0.0000000218
2	101822329	102688764	261	30	-0.0000954662	0.0000000075
2	102688765	103588214	407	36	0.0000429766	0.0000000116
2	103588215	105125033	311	40	0.0001052321	0.0000000115
2	105125034	106210057	407	40	0.0000194030	0.0000000145
2	106210058	107408266	453	40	0.0000668357	0.0000000134
2	107408267	108429176	357	40	-0.0000743609	0.0000000102
2	108429177	110572431	536	40	0.0000034167	0.0000000161
2	110572432	113921855	813	40	0.0000326633	0.0000000270
2	113921856	116772469	761	40	-0.0000951800	0.0000000210
2	116772470	118367465	407	39	-0.0000544261	0.0000000101
2	118367466	121303782	999	40	0.0000156656	0.0000000227
2	121303783	123302905	579	40	-0.0000176321	0.0000000200
2	123302906	124732249	436	40	-0.0000367274	0.0000000115
2	124732250	125840920	384	40	-0.0000012036	0.0000000132
2	125840921	127373763	414	37	-0.0000004519	0.0000000136
2	127373764	128034346	290	40	0.0001228937	0.0000000105
2	128034347	129474440	437	40	-0.0000418754	0.0000000142
2	129474441	130067169	227	27	-0.0000099323	0.0000000064
2	130067170	130658084	208	26	0.0000759961	0.0000000065
2	130658085	133042783	216	36	-0.0001631110	0.0000000093
2	133042784	135158577	920	40	-0.0000982705	0.0000000213
2	135158578	137042793	459	40	-0.0000834085	0.0000000138
2	137042794	138698116	599	40	-0.0000893607	0.0000000204
2	138698117	140100270	440	40	-0.0000283521	0.0000000098
2	140100271	141805350	576	40	0.0000775705	0.0000000178
2	141805351	142518601	300	33	0.0000514636	0.0000000107
2	142518602	144519483	659	40	-0.0000543547	0.0000000203
2	144519484	146445569	444	40	-0.0000877538	0.0000000164
2	146445570	147277161	154	15	0.0000258601	0.0000000059
2	147277162	150210291	667	40	-0.0000704368	0.0000000220
2	150210292	151731461	480	40	0.0000451705	0.0000000171
2	151731462	152486781	286	29	-0.0001529938	0.0000000102
2	152486782	154005055	487	40	-0.0001988564	0.0000000145
2	154005056	155391134	493	40	-0.0001479989	0.0000000171
2	155391135	157560634	558	40	-0.0000379784	0.0000000182
2	157560635	158533217	173	25	0.0000034599	0.0000000093
2	158533218	159577081	334	39	-0.0000609299	0.0000000125
2	159577082	161769732	727	40	-0.0002099507	0.0000000231
2	161769733	163503550	400	37	-0.0001550952	0.0000000120
2	163503551	164466637	197	24	0.0000354392	0.0000000074
2	164466638	165178839	177	21	-0.0000538845	0.0000000066
2	165178840	167160269	640	40	-0.0000384850	0.0000000183
2	167160270	167355969	74	10	-0.0000031411	0.0000000036
2	167355970	169968235	842	40	-0.0000016600	0.0000000188
2	169968236	171226244	494	40	0.0000600141	0.0000000154
2	171226245	173138904	578	40	-0.0001489380	0.0000000201
2	173138905	175588928	847	40	0.0000282693	0.0000000211
2	175588929	177363635	537	40	-0.0000446401	0.0000000162
2	177363636	178553182	475	40	-0.0000195277	0.0000000131
2	178553183	181312738	1013	40	-0.0000613682	0.0000000209
2	181312739	182266030	303	32	0.0000920533	0.0000000115
2	182266031	184357607	618	40	-0.0000599781	0.0000000187
2	184357608	185280172	235	25	-0.0000054673	0.0000000073
2	185280173	189882064	967	40	-0.0000373055	0.0000000225
2	189882065	191973356	502	40	0.0000323105	0.0000000162
2	191973357	195861163	721	40	-0.0001907427	0.0000000236
2	195861164	196447455	154	20	-0.0000293232	0.0000000054
2	196447456	198078109	451	40	0.0001456457	0.0000000126
2	198078110	199311124	308	26	0.0000103605	0.0000000100
2	199311125	201576283	633	40	-0.0000181442	0.0000000174
2	201576284	202818636	319	39	0.0000898593	0.0000000109
2	202818637	205799240	753	40	-0.0000025328	0.0000000210
2	205799241	206735703	404	40	-0.0000486130	0.0000000147
2	206735704	208645398	661	40	0.0001839291	0.0000000238
2	208645399	209941528	339	40	0.0001811937	0.0000000116
2	209941529	212379517	747	40	-0.0000164908	0.0000000237
2	212379518	214014281	629	40	-0.0001541655	0.0000000235
2	214014282	215573794	446	40	0.0000153775	0.0000000139
2	215573795	217715660	802	40	-0.0000171422	0.0000000214
2	217715661	218395479	276	36	0.0000647105	0.0000000109
2	218395480	220454550	600	40	0.0001659235	0.0000000200
2	220454551	222521175	862	40	0.0000684577	0.0000000213
2	222521176	224859418	789	40	0.0000525942	0.0000000220
2	224859419	225840003	354	36	-0.0000092102	0.0000000114
2	225840004	228119841	738	40	-0.0001454307	0.0000000251
2	228119842	229370786	457	40	-0.0000006296	0.0000000156
2	229370787	231843388	940	40	0.0001211969	0.0000000230
2	231843389	233550002	471	40	0.0000211191	0.0000000160
2	233550003	235150986	809	40	-0.0000078262	0.0000000199
2	235150987	236043549	421	40	-0.0000407463	0.0000000177
2	236043550	237449031	473	40	0.0000243970	0.0000000182
2	237449032	238760980	538	40	-0.0000380955	0.0000000183
2	238760981	239952642	421	40	0.0000466931	0.0000000172
2	239952643	241560083	659	40	0.0000176018	0.0000000233
2	241560084	242149920	217	29	0.0000301207	0.0000000112
2	242149921	243188919	128	15	0.0000652347	0.0000000062
3	60157	1441778	624	40	-0.0000590017	0.0000000241
3	1441779	2992119	902	40	0.0002037197	0.0000000230
3	2992120	4431646	777	40	0.0001197930	0.0000000225
3	4431647	6083182	780	40	0.0000088554	0.0000000221
3	6083183	7083386	431	40	-0.0000101302	0.0000000165
3	7083387	8648560	865	40	-0.0001044936	0.0000000211
3	8648561	9543182	497	40	0.0000128728	0.0000000217
3	9543183	11019664	594	40	-0.0000137811	0.0000000204
3	11019665	13070798	746	40	-0.0000211321	0.0000000264
3	13070799	14816899	798	40	0.0000104337	0.0000000244
3	14816900	16282441	537	40	0.0000818939	0.0000000165
3	16282442	17891117	506	40	-0.0000074501	0.0000000189
3	17891118	19125143	345	40	0.0000037406	0.0000000126
3	19125144	20091347	198	25	-0.0000072419	0.0000000076
3	20091348	21643706	649	40	-0.0000954308	0.0000000233
3	21643707	22204243	387	40	-0.0000178184	0.0000000140
3	22204244	23804864	537	40	0.0000301935	0.0000000191
3	23804865	25461557	748	40	0.0000145685	0.0000000250
3	25461558	26877768	475	40	-0.0000764765	0.0000000171
3	26877769	27840909	275	31	-0.0000997736	0.0000000091
3	27840910	29142259	458	40	0.0000558982	0.0000000171
3	29142260	30717954	692	40	-0.0000589199	0.0000000212
3	30717955	32351714	661	40	0.0001258321	0.0000000216
3	32351715	33255591	280	40	0.0000798176	0.0000000127
3	33255592	35283457	593	40	0.0000946588	0.0000000179
3	35283458	36486841	413	40	0.0000022746	0.0000000143
3	36486842	38356115	600	40	-0.0000388288	0.0000000196
3	38356116	40221297	669	40	0.0000363178	0.0000000171
3	40221298	41064527	151	15	-0.0000536917	0.0000000058
3	41064528	42540001	464	40	-0.0001240195	0.0000000185
3	42540002	45165152	716	40	0.0000944944	0.0000000228
3	45165153	46657499	522	40	-0.0000291569	0.0000000152
3	46657500	47727211	176	17	-0.0001437596	0.0000000088
3	47727212	49316971	258	15	-0.0000765695	0.0000000078
3	49316972	51832014	449	25	0.0000750683	0.0000000100
3	51832015	54081389	611	40	0.0000439432	0.0000000188
3	54081390	55348859	668	40	-0.0000861992	0.0000000234
3	55348860	56433906	372	40	0.0000824988	0.0000000163
3	56433907	58157518	546	40	-0.0003159565	0.0000000172
3	58157519	60272905	979	40	-0.0000713947	0.0000000205
3	60272906	62355665	988	40	-0.0000463972	0.0000000214
3	62355666	63669285	673	40	0.0000542276	0.0000000264
3	63669286	65273537	767	40	-0.0000604529	0.0000000211
3	65273538	66270446	345	40	-0.0000413710	0.0000000161
3	66270447	68286913	642	40	-0.0001771724	0.0000000233
3	68286914	69276761	372	40	-0.0000036854	0.0000000149
3	69276762	70449027	392	40	-0.0000326805	0.0000000140
3	70449028	72529328	795	40	-0.0000966017	0.0000000227
3	72529329	74321816	723	40	0.0000347956	0.0000000219
3	74321817	75704948	278	31	-0.0000188623	0.0000000102
3	75704949	77508834	489	40	-0.0000380301	0.0000000182
3	77508835	79024540	410	40	0.0000090049	0.0000000164
3	79024541	81427309	500	40	-0.0000447040	0.0000000137
3	81427310	82643885	296	27	0.0000549680	0.0000000126
3	82643886	84367478	322	32	-0.0000294594	0.0000000108
3	84367479	85582230	261	23	-0.0000283415	0.0000000083
3	85582231	87409731	459	40	-0.0001156700	0.0000000177
3	87409732	88298372	196	19	-0.0000441440	0.0000000110
3	88298373	94255315	468	40	0.0000138490	0.0000000143
3	94255316	95311970	219	18	-0.0000458288	0.0000000058
3	95311971	98215949	580	40	-0.0000189778	0.0000000148
3	98215950	99373761	336	39	-0.0001504240	0.0000000103
3	99373762	100592216	334	28	-0.0000324552	0.0000000080
3	100592217	103084959	673	40	-0.0000172353	0.0000000179
3	103084960	104581612	425	40	-0.0000534915	0.0000000130
3	104581613	106982810	721	40	-0.0001165723	0.0000000222
3	106982811	109522394	775	40	-0.0000283229	0.0000000240
3	109522395	110513769	256	25	0.0000300089	0.0000000078
3	110513770	112815698	707	40	0.0000513194	0.0000000218
3	112815699	113947862	381	40	-0.0001438095	0.0000000146
3	113947863	115447079	409	40	0.0000340682	0.0000000182
3	115447080	116800152	527	40	-0.0000134702	0.0000000196
3	116800153	118530250	577	40	-0.0001633039	0.0000000192
3	118530251	120523054	672	40	0.0000043693	0.0000000180
3	120523055	121974096	398	37	0.0001638307	0.0000000106
3	121974097	123517767	532	40	0.0001762527	0.0000000177
3	123517768	124936641	629	40	-0.0001680145	0.0000000203
3	124936642	126214942	397	40	-0.0003021748	0.0000000141
3	126214943	128194860	679	40	-0.0002250939	0.0000000220
3	128194861	130244734	439	40	0.0000200025	0.0000000149
3	130244735	131836515	551	40	0.0000200291	0.0000000173
3	131836516	133252172	522	40	0.0000795894	0.0000000152
3	133252173	135456905	872	40	0.0000751128	0.0000000229
3	135456906	137371082	444	38	-0.0001156331	0.0000000119
3	137371083	139954596	850	40	-0.0000095933	0.0000000232
3	139954597	141339096	481	40	-0.0004779350	0.0000000236
3	141339097	143164627	631	40	-0.0001191124	0.0000000286
3	143164628	144410815	393	40	-0.0000501357	0.0000000114
3	144410816	145664618	360	40	0.0001723674	0.0000000103
3	145664619	146726628	343	40	0.0000040421	0.0000000105
3	146726629	149043236	692	40	-0.0000557943	0.0000000216
3	149043237	150252003	430	40	-0.0000260020	0.0000000159
3	150252004	151348729	368	40	-0.0000519350	0.0000000130
3	151348730	153256570	571	40	-0.0000738129	0.0000000185
3	153256571	154714217	410	40	0.0000744634	0.0000000132
3	154714218	156008699	334	40	-0.0000426803	0.0000000111
3	156008700	157312027	455	40	0.0000846176	0.0000000148
3	157312028	159477889	651	40	-0.0001020697	0.0000000184
3	159477890	161524503	576	40	-0.0001917962	0.0000000168
3	161524504	163253204	486	40	-0.0000556774	0.0000000123
3	163253205	165055468	446	37	-0.0000752973	0.0000000101
3	165055469	167117428	460	40	0.0001273450	0.0000000116
3	167117429	168580959	368	40	-0.0000072610	0.0000000138
3	168580960	170964908	730	40	-0.0002048986	0.0000000210
3	170964909	172295730	513	40	0.0000205086	0.0000000185
3	172295731	173477284	388	40	0.0002403504	0.0000000183
3	173477285	175116538	609	40	-0.0000445357	0.0000000231
3	175116539	176320286	347	40	0.0000964803	0.0000000116
3	176320287	178107164	545	40	-0.0001226826	0.0000000198
3	178107165	179374585	389	40	0.0000848544	0.0000000125
3	179374586	181511165	468	40	0.0000276255	0.0000000151
3	181511166	183769682	670	40	0.0000127960	0.0000000210
3	183769683	185068254	420	40	0.0002217435	0.0000000168
3	185068255	186890343	671	40	-0.0000917435	0.0000000246
3	186890344	188856213	809	40	-0.0000894368	0.0000000231
3	188856214	190226606	632	40	0.0000764223	0.0000000201
3	190226607	192343813	755	40	-0.0001216538	0.0000000199
3	192343814	194059670	517	40	-0.0001340563	0.0000000204
3	194059671	194786673	269	40	-0.0000901766	0.0000000133
3	194786674	195971407	231	37	0.0000948057	0.0000000213
3	195971408	197075986	293	40	-0.0000224255	0.0000000116
3	197075987	197946621	185	29	0.0001302988	0.0000000099
4	10240	694714	105	12	0.0000162929	0.0000000061
4	694715	1478710	225	26	-0.0000787084	0.0000000088
4	1478711	2842978	274	40	-0.0000596625	0.0000000118
4	2842979	3846039	264	38	-0.0000133323	0.0000000127
4	3846040	4684115	229	37	0.0000233285	0.0000000133
4	4684116	5502387	396	40	-0.0002629927	0.0000000180
4	5502388	6773042	695	40	-0.0000378510	0.0000000231
4	6773043	7539691	415	40	-0.0000726669	0.0000000200
4	7539692	8152234	359	40	-0.0000746318	0.0000000163
4	8152235	9326478	249	40	0.0001161505	0.0000000096
4	9326479	10699151	520	38	-0.0000855786	0.0000000132
4	10699152	12323033	652	40	-0.0000251537	0.0000000195
4	12323034	14272000	718	40	-0.0000749882	0.0000000222
4	14272001	15147445	384	40	0.0000720609	0.0000000158
4	15147446	15927008	254	33	0.0000483863	0.0000000101
4	15927009	17383321	668	40	0.0000817030	0.0000000212
4	17383322	18841873	423	40	-0.0000155146	0.0000000136
4	18841874	20544556	473	40	0.0000746332	0.0000000136
4	20544557	22319346	671	40	0.0000371291	0.0000000221
4	22319347	24135528	608	40	0.0000323388	0.0000000202
4	24135529	25609321	609	40	0.0000634147	0.0000000237
4	25609322	27343721	568	40	0.0001043175	0.0000000220
4	27343722	27965867	201	29	0.0000644087	0.0000000079
4	27965868	29762207	539	40	-0.0000253004	0.0000000192
4	29762208	30454534	162	24	-0.0001252224	0.0000000056
4	30454535	31782980	406	40	-0.0000163060	0.0000000130
4	31782981	33172765	317	36	0.0001083006	0.0000000124
4	33172766	35151414	365	32	0.0000284612	0.0000000098
4	35151415	36020435	275	34	-0.0001234155	0.0000000096
4	36020436	37255046	437	40	0.0002185041	0.0000000172
4	37255047	38907021	796	40	-0.0002175881	0.0000000265
4	38907022	40202608	402	40	-0.0001252566	0.0000000159
4	40202609	42213057	718	40	-0.0000121333	0.0000000257
4	42213058	43965044	539	40	0.0000026472	0.0000000154
4	43965045	45189156	345	38	-0.0001035662	0.0000000161
4	45189157	47411895	461	40	-0.0000147626	0.0000000167
4	47411896	48123599	226	26	-0.0000156294	0.0000000053
4	48123600	53877432	487	39	-0.0000641851	0.0000000148
4	53877433	55429555	541	40	-0.0002670580	0.0000000201
4	55429556	56547643	380	40	0.0001656386	0.0000000152
4	56547644	58935007	864	40	-0.0000122060	0.0000000207
4	58935008	60741086	461	40	0.0000460251	0.0000000156
4	60741087	62371762	433	40	-0.0000640310	0.0000000142
4	62371763	64341000	435	40	0.0002399916	0.0000000176
4	64341001	66600491	512	40	-0.0001190404	0.0000000173
4	66600492	68059496	390	40	-0.0001628878	0.0000000128
4	68059497	68854764	247	31	-0.0000530152	0.0000000082
4	68854765	71049151	535	40	0.0000094637	0.0000000139
4	71049152	72140557	221	27	0.0000398758	0.0000000082
4	72140558	74592389	500	40	0.0000111664	0.0000000149
4	74592390	77130706	738	40	-0.0000194308	0.0000000203
4	77130707	79093978	738	40	0.0001644028	0.0000000219
4	79093979	80990296	570	40	0.0000762737	0.0000000147
4	80990297	82125314	246	30	-0.0000459477	0.0000000096
4	82125315	83372592	365	40	0.0000169479	0.0000000120
4	83372593	84799655	491	40	-0.0001048661	0.0000000144
4	84799656	86930608	596	40	-0.0000565206	0.0000000171
4	86930609	87534647	139	18	-0.0000307384	0.0000000049
4	87534648	89238027	580	40	0.0000918675	0.0000000193
4	89238028	90231563	326	40	0.0000001264	0.0000000122
4	90231564	91560676	340	40	-0.0000432359	0.0000000117
4	91560677	94233298	578	40	-0.0000496811	0.0000000199
4	94233299	96182187	613	40	-0.0000006081	0.0000000230
4	96182188	97540702	499	40	-0.0000184444	0.0000000161
4	97540703	99424066	410	36	-0.0001134723	0.0000000113
4	99424067	100678359	417	40	-0.0000157401	0.0000000127
4	100678360	103221355	805	40	0.0001315907	0.0000000216
4	103221356	105305293	499	40	0.0000439173	0.0000000130
4	105305294	107501304	589	40	0.0000827093	0.0000000161
4	107501305	108815347	366	40	-0.0001090610	0.0000000089
4	108815348	111256566	778	40	-0.0001418199	0.0000000215
4	111256567	113870101	730	40	-0.0000716010	0.0000000232
4	113870102	115666245	618	40	-0.0001213486	0.0000000210
4	115666246	117276928	339	36	0.0000098916	0.0000000109
4	117276929	118479917	344	39	-0.0001474678	0.0000000106
4	118479918	119933511	426	40	-0.0000453086	0.0000000138
4	119933512	120392683	149	16	-0.0000799078	0.0000000059
4	120392684	122657986	713	40	0.0000048705	0.0000000236
4	122657987	124286480	387	37	-0.0000584172	0.0000000178
4	124286481	125210861	266	36	-0.0001043941	0.0000000085
4	125210862	126480885	392	40	-0.0001969255	0.0000000125
4	126480886	127275476	222	31	0.0000097873	0.0000000080
4	127275477	127830292	167	23	-0.0000799189	0.0000000064
4	127830293	128996664	196	15	-0.0000372424	0.0000000064
4	128996665	130591884	451	40	-0.0000970242	0.0000000151
4	130591885	131283820	186	23	0.0000488381	0.0000000090
4	131283821	132954032	357	40	0.0001114741	0.0000000123
4	132954033	134628433	377	40	-0.0000092761	0.0000000113
4	134628434	136566406	435	40	-0.0000282852	0.0000000113
4	136566407	138541970	521	40	-0.0000214947	0.0000000160
4	138541971	139556510	361	40	0.0000537083	0.0000000126
4	139556511	141084630	504	40	0.0000108263	0.0000000205
4	141084631	143443264	722	40	0.0000083545	0.0000000203
4	143443265	146178186	512	40	0.0000343280	0.0000000135
4	146178187	148521872	626	40	-0.0000626326	0.0000000201
4	148521873	150683579	530	40	0.0001597260	0.0000000171
4	150683580	152782183	520	40	-0.0001089913	0.0000000135
4	152782184	154477640	505	40	0.0000984883	0.0000000173
4	154477641	155056125	206	28	0.0000135108	0.0000000068
4	155056126	157485096	810	40	-0.0000429443	0.0000000205
4	157485097	158743717	322	40	0.0001468487	0.0000000111
4	158743718	161058863	524	40	0.0001557519	0.0000000158
4	161058864	161826434	269	34	-0.0000739823	0.0000000093
4	161826435	163243678	442	40	0.0000026957	0.0000000150
4	163243679	164478233	330	40	-0.0001069168	0.0000000118
4	164478234	165823447	423	40	-0.0000884896	0.0000000145
4	165823448	167018857	361	40	-0.0000859867	0.0000000154
4	167018858	167852916	188	26	0.0000019733	0.0000000075
4	167852917	169676824	582	40	0.0001058957	0.0000000200
4	169676825	170776509	319	37	-0.0001028493	0.0000000145
4	170776510	172558634	420	40	0.0001798124	0.0000000179
4	172558635	174264131	394	40	-0.0000297411	0.0000000154
4	174264132	176570715	630	40	-0.0000925142	0.0000000236
4	176570716	178991909	830	40	0.0000430609	0.0000000237
4	178991910	180122042	324	40	0.0000690115	0.0000000123
4	180122043	182066806	809	40	-0.0000247844	0.0000000218
4	182066807	183371274	711	40	0.0000795922	0.0000000212
4	183371275	184929454	586	40	0.0001241015	0.0000000237
4	184929455	186909089	871	40	0.0000507688	0.0000000213
4	186909090	188472980	615	40	-0.0001192627	0.0000000230
4	188472981	189693510	416	40	0.0000749768	0.0000000170
4	189693511	191043593	296	40	0.0000284385	0.0000000113
5	11940	982251	230	26	-0.0000181262	0.0000000086
5	982252	2132441	462	40	-0.0000146525	0.0000000210
5	2132442	3361940	786	40	-0.0001168013	0.0000000216
5	3361941	4632109	537	40	0.0000753353	0.0000000186
5	4632110	5973232	692	40	0.0001370140	0.0000000206
5	5973233	7143217	581	40	0.0000786126	0.0000000190
5	7143218	8446335	592	40	-0.0001473600	0.0000000197
5	8446336	9718831	607	40	-0.0000074774	0.0000000195
5	9718832	11173270	737	40	-0.0000086770	0.0000000218
5	11173271	13464831	571	40	-0.0000007858	0.0000000186
5	13464832	14757803	589	40	0.0000987019	0.0000000195
5	14757804	16963612	753	40	-0.0000116382	0.0000000213
5	16963613	18051591	268	40	-0.0000335959	0.0000000107
5	18051592	19917715	550	40	-0.0000197427	0.0000000147
5	19917716	22152072	450	40	-0.0000411719	0.0000000139
5	22152073	23494323	407	40	-0.0000513531	0.0000000099
5	23494324	26184850	654	40	0.0001164360	0.0000000216
5	26184851	26857603	150	22	-0.0001175178	0.0000000061
5	26857604	27984512	220	32	-0.0000441535	0.0000000093
5	27984513	29714819	405	40	0.0000263536	0.0000000115
5	29714820	31390248	576	40	-0.0000657437	0.0000000178
5	31390249	33500179	815	40	0.0000399576	0.0000000232
5	33500180	35048969	546	40	-0.0001273474	0.0000000186
5	35048970	36433953	481	40	-0.0000572698	0.0000000141
5	36433954	38802409	761	40	-0.0001744781	0.0000000218
5	38802410	40287728	537	40	0.0000220851	0.0000000149
5	40287729	41888709	544	40	-0.0000095874	0.0000000133
5	41888710	43983498	411	31	-0.0001142482	0.0000000120
5	43983499	50163397	420	31	-0.0001045622	0.0000000103
5	50163398	52134621	562	40	-0.0000569525	0.0000000159
5	52134622	53703043	603	40	0.0001062570	0.0000000200
5	53703044	55417348	595	40	-0.0001585021	0.0000000177
5	55417349	56621101	500	40	-0.0000747536	0.0000000188
5	56621102	57340072	268	36	0.0000246044	0.0000000078
5	57340073	58524621	532	40	-0.0000144275	0.0000000178
5	58524622	60935906	682	40	0.0000718228	0.0000000189
5	60935907	61672994	268	27	0.0000223579	0.0000000092
5	61672995	63218986	485	40	-0.0001710200	0.0000000152
5	63218987	63968303	179	20	-0.0000024459	0.0000000068
5	63968304	65911285	618	40	0.0000437635	0.0000000176
5	65911286	67850859	774	40	-0.0000244038	0.0000000227
5	67850860	71240455	453	40	-0.0000092540	0.0000000139
5	71240456	73759325	962	40	-0.0000348012	0.0000000199
5	73759326	75798865	686	40	0.0001338362	0.0000000241
5	75798866	77623331	715	40	-0.0000299662	0.0000000243
5	77623332	79393143	654	40	0.0000423126	0.0000000199
5	79393144	80481470	445	40	-0.0000955914	0.0000000158
5	80481471	82025647	501	40	0.0001165351	0.0000000202
5	82025648	83972688	526	40	-0.0000654665	0.0000000190
5	83972689	85767289	496	40	-0.0000247451	0.0000000150
5	85767290	87389990	275	32	-0.0002351566	0.0000000129
5	87389991	88891529	303	32	-0.0000517801	0.0000000123
5	88891530	90422653	423	40	0.0001660248	0.0000000146
5	90422654	91840541	270	32	0.0000124336	0.0000000113
5	91840542	93809983	408	40	-0.0000271085	0.0000000137
5	93809984	95963518	690	40	-0.0001480744	0.0000000234
5	95963519	97315600	412	40	0.0000278846	0.0000000133
5	97315601	99260991	482	40	-0.0000414553	0.0000000130
5	99260992	101578768	508	40	-0.0001203011	0.0000000138
5	101578769	103320004	480	40	-0.0000799241	0.0000000143
5	103320005	104851482	416	40	-0.0000657789	0.0000000151
5	104851483	105893054	168	22	-0.0000130612	0.0000000074
5	105893055	107264195	553	40	0.0001237623	0.0000000220
5	107264196	108633933	387	40	0.0000941483	0.0000000167
5	108633934	110821143	626	40	-0.0001822903	0.0000000186
5	110821144	111981561	424	40	-0.0000325708	0.0000000144
5	111981562	113396284	543	40	0.0000060522	0.0000000197
5	113396285	114830369	516	40	0.0001828426	0.0000000178
5	114830370	115831046	426	40	-0.0000113425	0.0000000194
5	115831047	117346212	549	40	-0.0000823992	0.0000000216
5	117346213	118608819	371	40	-0.0000070764	0.0000000138
5	118608820	119669041	331	38	0.0000134600	0.0000000131
5	119669042	120452165	231	25	0.0000672458	0.0000000097
5	120452166	122556904	663	40	-0.0002512790	0.0000000226
5	122556905	123798099	436	40	0.0000832435	0.0000000167
5	123798100	125785648	836	40	-0.0000746305	0.0000000214
5	125785649	127344603	428	40	0.0000674413	0.0000000128
5	127344604	129519024	655	40	-0.0000135057	0.0000000164
5	129519025	132139648	608	40	-0.0001730638	0.0000000145
5	132139649	134777400	896	40	-0.0000333729	0.0000000215
5	134777401	136376049	585	40	0.0000227617	0.0000000163
5	136376050	139265071	687	40	-0.0000001802	0.0000000198
5	139265072	140645970	350	31	-0.0000227682	0.0000000101
5	140645971	142981247	912	40	0.0001587854	0.0000000236
5	142981248	144943353	626	40	0.0001117520	0.0000000191
5	144943354	147181997	731	40	0.0000115209	0.0000000222
5	147181998	148662623	550	40	-0.0000790107	0.0000000185
5	148662624	150561297	844	40	-0.0001596244	0.0000000234
5	150561298	152867773	844	40	0.0000786606	0.0000000215
5	152867774	153773087	426	40	-0.0000627102	0.0000000149
5	153773088	155373504	561	40	0.0000403512	0.0000000198
5	155373505	156628699	376	40	-0.0000410332	0.0000000120
5	156628700	158825697	873	40	-0.0000708219	0.0000000223
5	158825698	159973943	415	40	0.0001326094	0.0000000146
5	159973944	161482132	515	40	-0.0000037449	0.0000000133
5	161482133	162743907	354	40	0.0000492926	0.0000000131
5	162743908	163771581	379	40	0.0001848680	0.0000000170
5	163771582	165642394	538	40	-0.0002393463	0.0000000228
5	165642395	166847739	415	40	0.0000125849	0.0000000194
5	166847740	168525317	765	40	0.0000583694	0.0000000214
5	168525318	169505663	476	40	-0.0000281735	0.0000000151
5	169505664	171074291	648	40	0.0001245761	0.0000000221
5	171074292	172678326	672	40	0.0000454263	0.0000000211
5	172678327	173642870	487	40	0.0001601616	0.0000000179
5	173642871	175450594	812	40	0.0000900778	0.0000000219
5	175450595	177251506	342	40	-0.0000701997	0.0000000133
5	177251507	178413463	434	40	-0.0001392945	0.0000000177
5	178413464	179401243	355	40	-0.0000571444	0.0000000203
5	179401244	180559932	327	40	-0.0000136592	0.0000000142
5	180559933	180885155	42	9	0.0000097556	0.0000000021
6	73924	1452361	680	40	-0.0000594629	0.0000000222
6	1452362	2458935	434	40	-0.0000430591	0.0000000165
6	2458936	3573592	581	40	0.0000327939	0.0000000209
6	3573593	4617816	517	40	0.0000437122	0.0000000164
6	4617817	5791471	591	40	0.0001648745	0.0000000212
6	5791472	6785206	594	40	-0.0000161291	0.0000000209
6	6785207	7808935	514	40	0.0000649476	0.0000000220
6	7808936	9020025	499	40	0.0001667308	0.0000000142
6	9020026	10540316	609	40	0.0000156247	0.0000000206
6	10540317	11790815	566	40	0.0000375995	0.0000000199
6	11790816	13209387	596	40	0.0000057080	0.0000000209
6	13209388	14802923	681	40	0.0000064138	0.0000000215
6	14802924	17386404	996	40	0.0001927728	0.0000000256
6	17386405	19207486	642	40	-0.0002708796	0.0000000195
6	19207487	21684064	1032	40	0.0001438690	0.0000000208
6	21684065	22748306	517	40	-0.0001444685	0.0000000187
6	22748307	23936618	494	40	0.0000183484	0.0000000192
6	23936619	24852274	401	40	-0.0000477117	0.0000000156
6	24852275	25684586	460	40	0.0002041178	0.0000000323
6	25684587	26791232	490	36	0.0004418194	0.0000000304
6	26791233	28017818	278	19	0.0001491406	0.0000000096
6	28017819	28917607	321	21	0.0000080462	0.0000000133
6	28917608	29737970	546	32	0.0001056291	0.0000000133
6	29737971	30798167	930	40	-0.0000010823	0.0000000150
6	30798168	31571217	823	40	-0.0000757175	0.0000000189
6	31571218	32682663	713	40	-0.0001206487	0.0000000145
6	32682664	33236496	652	40	0.0001056415	0.0000000157
6	33236497	35455755	758	40	0.0001791837	0.0000000293
6	35455756	37572595	821	40	-0.0000250187	0.0000000214
6	37572596	39295676	766	40	-0.0000186873	0.0000000238
6	39295677	40345114	402	40	0.0000348723	0.0000000135
6	40345115	42038720	719	40	-0.0001271540	0.0000000469
6	42038721	43756168	452	40	0.0001083553	0.0000000170
6	43756169	45406562	577	40	-0.0000048081	0.0000000222
6	45406563	47311897	763	40	-0.0001094096	0.0000000245
6	47311898	48391124	357	38	-0.0000843200	0.0000000117
6	48391125	50386144	508	40	-0.0001273815	0.0000000145
6	50386145	52210475	628	40	0.0000748584	0.0000000263
6	52210476	53279101	430	40	-0.0000852551	0.0000000149
6	53279102	55468269	863	40	-0.0000766173	0.0000000217
6	55468270	56105312	212	20	-0.0000131897	0.0000000053
6	56105313	57599464	369	39	-0.0002085909	0.0000000113
6	57599465	61880511	123	9	-0.0000321998	0.0000000031
6	61880512	63552887	340	22	-0.0000769360	0.0000000085
6	63552888	65765741	449	40	0.0000848352	0.0000000133
6	65765742	67329214	488	40	-0.0000589989	0.0000000137
6	67329215	68849482	470	40	-0.0000240951	0.0000000148
6	68849483	69523447	222	27	0.0000789741	0.0000000081
6	69523448	71609509	752	40	0.0000716028	0.0000000198
6	71609510	73450096	635	40	0.0000689989	0.0000000188
6	73450097	75462002	582	40	0.0000735821	0.0000000164
6	75462003	77414880	456	40	-0.0000539392	0.0000000118
6	77414881	78957727	492	40	-0.0001071054	0.0000000121
6	78957728	80691169	587	40	-0.0001525160	0.0000000193
6	80691170	81929221	377	28	-0.0001655522	0.0000000105
6	81929222	83127148	351	40	-0.0002241646	0.0000000128
6	83127149	85209988	558	40	0.0000392298	0.0000000159
6	85209989	87069499	600	40	-0.0000832818	0.0000000159
6	87069500	88822139	544	40	0.0001461782	0.0000000161
6	88822140	89973051	433	40	0.0000334459	0.0000000148
6	89973052	91843195	739	40	-0.0000701532	0.0000000234
6	91843196	93428643	472	40	-0.0000363599	0.0000000146
6	93428644	94118141	284	40	-0.0000278222	0.0000000093
6	94118142	94441174	84	8	-0.0000298706	0.0000000025
6	94441175	97093510	625	40	0.0000165422	0.0000000188
6	97093511	97842283	231	27	-0.0000058564	0.0000000102
6	97842284	100630145	793	40	0.0000383256	0.0000000244
6	100630146	102636771	498	40	0.0000981356	0.0000000159
6	102636772	103983394	338	33	-0.0001205431	0.0000000106
6	103983395	106056732	669	40	0.0000628823	0.0000000207
6	106056733	107450305	627	40	-0.0000626759	0.0000000226
6	107450306	108464379	351	40	-0.0001212982	0.0000000139
6	108464380	110304246	538	40	-0.0000894095	0.0000000281
6	110304247	112345013	618	40	-0.0000196086	0.0000000193
6	112345014	114220832	630	40	-0.0000321677	0.0000000162
6	114220833	116131395	478	40	-0.0000252157	0.0000000112
6	116131396	117672971	471	40	0.0000092449	0.0000000140
6	117672972	118963114	375	39	-0.0000920867	0.0000000097
6	118963115	119963277	325	36	-0.0000960433	0.0000000108
6	119963278	120512127	165	19	-0.0000980867	0.0000000081
6	120512128	121905675	381	36	-0.0000917082	0.0000000128
6	121905676	123856180	606	40	0.0000749491	0.0000000197
6	123856181	125424382	603	40	0.0000505249	0.0000000211
6	125424383	127540460	466	40	-0.0001213095	0.0000000190
6	127540461	129861030	615	40	-0.0000562906	0.0000000235
6	129861031	130935453	494	40	-0.0001105176	0.0000000179
6	130935454	132765668	604	40	-0.0001415094	0.0000000194
6	132765669	134244242	592	40	-0.0001002880	0.0000000178
6	134244243	136224176	588	40	0.0000734754	0.0000000576
6	136224177	137614217	339	40	-0.0000916047	0.0000000106
6	137614218	138822628	480	40	0.0000427138	0.0000000173
6	138822629	139845435	385	40	0.0001306174	0.0000000191
6	139845436	142288478	536	40	0.0000407246	0.0000000184
6	142288479	145319809	1036	40	0.0000463205	0.0000000224
6	145319810	146665423	315	26	-0.0000131038	0.0000000095
6	146665424	148920351	919	40	0.0000154419	0.0000000203
6	148920352	150253403	519	40	-0.0000972750	0.0000000177
6	150253404	151912702	884	40	-0.0000707919	0.0000000217
6	151912703	153094495	563	40	0.0001612527	0.0000000181
6	153094496	154974119	800	40	-0.0000145064	0.0000000206
6	154974120	156763325	732	40	0.0000021183	0.0000000217
6	156763326	158218718	375	40	-0.0000997320	0.0000000144
6	158218719	160580496	1041	40	-0.0000110568	0.0000000216
6	160580497	162169563	770	40	-0.0000863333	0.0000000197
6	162169564	162931202	373	40	-0.0000220603	0.0000000134
6	162931203	164383520	678	40	-0.0000179270	0.0000000244
6	164383521	165586863	540	40	-0.0000641242	0.0000000205
6	165586864	167024732	810	40	0.0000954265	0.0000000245
6	167024733	168042834	423	40	-0.0000743106	0.0000000133
6	168042835	169382049	585	40	-0.0000604358	0.0000000184
6	169382050	170330172	398	40	0.0000567583	0.0000000154
6	170330173	171051269	234	30	-0.0001140248	0.0000000080
7	16161	972751	93	15	-0.0001265551	0.0000000074
7	972752	1353066	99	16	0.0000377242	0.0000000063
7	1353067	2062397	142	22	0.0000060275	0.0000000076
7	2062398	2772226	218	35	-0.0001173074	0.0000000117
7	2772227	4573427	853	40	0.0001032526	0.0000000251
7	4573428	5416231	206	40	-0.0001759784	0.0000000135
7	5416232	5854525	99	16	0.0000032039	0.0000000077
7	5854526	6573856	142	22	-0.0000745082	0.0000000089
7	6573857	7808751	419	40	0.0000389826	0.0000000170
7	7808752	9123422	730	40	-0.0000045354	0.0000000240
7	9123423	9987498	362	40	-0.0001066041	0.0000000144
7	9987499	11299197	476	40	-0.0000555809	0.0000000185
7	11299198	12635460	704	40	-0.0000316255	0.0000000231
7	12635461	13884201	567	40	-0.0000414585	0.0000000214
7	13884202	15143656	583	40	-0.0000450039	0.0000000173
7	15143657	16902068	759	40	0.0000023592	0.0000000202
7	16902069	19481546	1032	40	0.0000534597	0.0000000204
7	19481547	20124907	229	28	-0.0000570357	0.0000000085
7	20124908	22507628	1196	40	0.0000791738	0.0000000202
7	22507629	23471441	317	40	-0.0000587688	0.0000000121
7	23471442	25077258	702	40	-0.0000306527	0.0000000220
7	25077259	25909554	450	40	-0.0000196577	0.0000000163
7	25909555	28360308	890	40	-0.0000783580	0.0000000228
7	28360309	31137288	1248	40	-0.0001241074	0.0000000210
7	31137289	33555767	990	40	0.0000465641	0.0000000207
7	33555768	36213537	1015	40	0.0000959712	0.0000000203
7	36213538	37555183	637	40	0.0001540149	0.0000000216
7	37555184	38966702	635	40	0.0000179533	0.0000000211
7	38966703	39862669	313	35	0.0000342930	0.0000000102
7	39862670	42001810	612	40	0.0000904878	0.0000000196
7	42001811	43159073	401	40	-0.0000404215	0.0000000156
7	43159074	44763827	476	40	-0.0000238108	0.0000000172
7	44763828	45952921	353	40	-0.0000053649	0.0000000154
7	45952922	46986719	417	40	0.0000650330	0.0000000136
7	46986720	49212277	904	40	0.0000638940	0.0000000221
7	49212278	51675321	896	40	-0.0001499115	0.0000000243
7	51675322	53176311	637	40	0.0000637372	0.0000000184
7	53176312	54222975	374	40	-0.0001319417	0.0000000107
7	54222976	55691583	533	40	-0.0000712653	0.0000000187
7	55691584	57382637	247	28	-0.0000142463	0.0000000066
7	57382638	63307358	133	16	0.0001037172	0.0000000063
7	63307359	63641124	53	6	-0.0000193902	0.0000000014
7	63641125	65689808	312	26	-0.0000928957	0.0000000089
7	65689809	68234073	712	40	-0.0001954653	0.0000000228
7	68234074	69085363	265	39	-0.0001997676	0.0000000110
7	69085364	71874884	842	40	0.0000981767	0.0000000274
7	71874885	73334601	153	24	0.0000158957	0.0000000055
7	73334602	76458563	354	40	0.0000113731	0.0000000135
7	76458564	78093858	609	40	-0.0000152057	0.0000000246
7	78093859	79888068	650	40	-0.0000594607	0.0000000225
7	79888069	82022685	721	40	0.0000871599	0.0000000221
7	82022686	83801202	626	40	0.0000043704	0.0000000207
7	83801203	85572181	407	40	0.0000384000	0.0000000104
7	85572182	87825003	567	40	0.0000334935	0.0000000150
7	87825004	90661783	964	40	-0.0000326248	0.0000000207
7	90661784	92493751	426	40	-0.0000464169	0.0000000162
7	92493752	93966600	362	40	-0.0000039309	0.0000000193
7	93966601	96073507	698	40	0.0000797144	0.0000000210
7	96073508	97099569	309	40	0.0000355140	0.0000000105
7	97099570	98715473	422	40	-0.0000694213	0.0000000162
7	98715474	100196650	249	26	0.0000739322	0.0000000103
7	100196651	101199252	246	37	0.0002206085	0.0000000182
7	101199253	103197509	388	40	-0.0001069427	0.0000000146
7	103197510	104159524	476	40	-0.0000449730	0.0000000143
7	104159525	105682904	540	40	0.0002436864	0.0000000192
7	105682905	107780177	750	40	0.0000013990	0.0000000219
7	107780178	109647593	553	40	-0.0001229205	0.0000000168
7	109647594	112618683	842	40	0.0000309170	0.0000000205
7	112618684	113712386	224	26	-0.0000061799	0.0000000079
7	113712387	116780177	716	40	0.0000593357	0.0000000216
7	116780178	118351580	375	38	-0.0000644687	0.0000000098
7	118351581	121045272	448	40	0.0000039856	0.0000000154
7	121045273	121933629	228	28	0.0000032743	0.0000000073
7	121933630	124156804	669	40	-0.0000319085	0.0000000187
7	124156805	124167551	6	2	-0.0000273672	0.0000000010
7	124167552	126519169	668	40	0.0000158211	0.0000000196
7	126519170	126869220	143	18	-0.0001550493	0.0000000069
7	126869221	128778385	597	40	0.0001068246	0.0000000214
7	128778386	130422413	473	40	0.0000958781	0.0000000166
7	130422414	132805847	924	40	-0.0000569472	0.0000000209
7	132805848	134307595	441	35	-0.0000471085	0.0000000127
7	134307596	135591082	506	40	-0.0001078199	0.0000000176
7	135591083	136876561	413	40	0.0000313223	0.0000000146
7	136876562	138744678	619	40	0.0000876503	0.0000000233
7	138744679	139933176	333	40	-0.0000151497	0.0000000134
7	139933177	140235209	120	25	-0.0000765749	0.0000000088
7	140235210	141226556	288	33	-0.0000148027	0.0000000081
7	141226557	142656309	447	40	-0.0000455797	0.0000000115
7	142656310	144968288	554	40	-0.0000412297	0.0000000188
7	144968289	146427959	386	40	0.0000327513	0.0000000110
7	146427960	147815317	578	40	-0.0001656327	0.0000000235
7	147815318	149840657	623	40	0.0000956378	0.0000000229
7	149840658	150711504	314	38	0.0000578951	0.0000000105
7	150711505	152249805	466	40	-0.0000875439	0.0000000223
7	152249806	153674018	470	40	0.0000602403	0.0000000188
7	153674019	154964729	554	40	-0.0000271888	0.0000000219
7	154964730	156065249	484	40	-0.0000646603	0.0000000202
7	156065250	157634596	528	40	0.0000251016	0.0000000200
7	157634597	159128574	467	40	-0.0000677984	0.0000000160
8	10422	1044216	401	40	-0.0000859364	0.0000000181
8	1044217	1163244	71	12	0.0000178374	0.0000000045
8	1163245	2042941	457	40	0.0000694729	0.0000000201
8	2042942	2573278	259	40	-0.0000160734	0.0000000103
8	2573279	3392925	600	40	-0.0000126684	0.0000000215
8	3392926	3783016	426	40	0.0000073562	0.0000000182
8	3783017	4480475	675	40	0.0001282257	0.0000000240
8	4480476	5146926	492	40	0.0000498892	0.0000000193
8	5146927	6142796	771	40	0.0000420150	0.0000000223
8	6142797	7153078	549	40	-0.0000872573	0.0000000242
8	7153079	9154693	558	40	-0.0000532690	0.0000000216
8	9154694	9640786	238	25	-0.0000916721	0.0000000090
8	9640787	10463196	468	40	-0.0000904432	0.0000000198
8	10463197	11278997	392	40	-0.0000887425	0.0000000129
8	11278998	13491774	808	40	-0.0001038229	0.0000000228
8	13491775	13944991	254	31	0.0000323584	0.0000000087
8	13944992	15991659	1090	40	0.0000174755	0.0000000218
8	15991660	17387875	555	40	-0.0000852322	0.0000000202
8	17387876	17836398	276	35	0.0001082034	0.0000000136
8	17836399	19492839	975	40	-0.0001274944	0.0000000204
8	19492840	20060855	342	40	0.0000047426	0.0000000109
8	20060856	21661736	758	40	-0.0000331360	0.0000000220
8	21661737	22897056	465	40	-0.0000082634	0.0000000191
8	22897057	24674717	662	40	-0.0001248203	0.0000000223
8	24674718	25483453	289	35	0.0001102079	0.0000000096
8	25483454	26682524	620	40	-0.0000485111	0.0000000209
8	26682525	28162391	746	40	0.0001033747	0.0000000229
8	28162392	29327895	371	40	-0.0002377483	0.0000000159
8	29327896	31133728	549	40	-0.0003083569	0.0000000207
8	31133729	31548359	129	20	-0.0000070856	0.0000000051
8	31548360	32977217	485	40	0.0000742798	0.0000000155
8	32977218	35317231	543	40	-0.0001778588	0.0000000163
8	35317232	37379388	362	40	0.0000209028	0.0000000121
8	37379389	38938805	291	40	-0.0002237538	0.0000000140
8	38938806	40703336	598	40	-0.0000049783	0.0000000182
8	40703337	41721453	388	40	-0.0000939152	0.0000000169
8	41721454	42773822	193	23	-0.0000814880	0.0000000084
8	42773823	46841314	48	7	-0.0000106926	0.0000000018
8	46841315	50082469	412	37	0.0001743039	0.0000000130
8	50082470	53302929	800	40	0.0000199912	0.0000000201
8	53302930	54418043	348	40	-0.0000847869	0.0000000105
8	54418044	55945580	480	40	-0.0000969679	0.0000000117
8	55945581	56956382	356	40	0.0000079966	0.0000000104
8	56956383	59068650	670	40	-0.0000455490	0.0000000202
8	59068651	59728099	278	34	-0.0001292970	0.0000000090
8	59728100	62329098	799	40	-0.0001105425	0.0000000245
8	62329099	63349305	332	35	-0.0001008103	0.0000000102
8	63349306	65232871	521	40	-0.0000270173	0.0000000147
8	65232872	66489089	367	40	-0.0000316550	0.0000000132
8	66489090	69863056	873	40	-0.0000031880	0.0000000202
8	69863057	70867978	409	40	0.0000237816	0.0000000136
8	70867979	72289453	445	40	0.0000410861	0.0000000119
8	72289454	73817198	696	40	-0.0000265161	0.0000000223
8	73817199	75445063	620	40	0.0000272811	0.0000000193
8	75445064	76456541	294	38	-0.0000005434	0.0000000084
8	76456542	79132860	698	40	-0.0000469957	0.0000000212
8	79132861	81956394	810	40	-0.0000333666	0.0000000213
8	81956395	82693738	219	33	-0.0000180533	0.0000000096
8	82693739	84225588	420	40	0.0000774903	0.0000000099
8	84225589	85955618	358	39	-0.0000018475	0.0000000120
8	85955619	87411708	268	25	-0.0000844433	0.0000000103
8	87411709	89085480	487	40	-0.0001546685	0.0000000126
8	89085481	90638161	401	40	-0.0000020908	0.0000000114
8	90638162	93554385	680	40	0.0001112634	0.0000000194
8	93554386	95005526	387	40	-0.0000535731	0.0000000132
8	95005527	96534805	630	40	0.0000901641	0.0000000213
8	96534806	99401580	1121	40	0.0001230340	0.0000000208
8	99401581	101620957	508	40	-0.0000224591	0.0000000146
8	101620958	104123305	993	40	-0.0000679355	0.0000000254
8	104123306	104988751	255	24	-0.0000236835	0.0000000066
8	104988752	107410753	824	40	0.0000332497	0.0000000204
8	107410754	108648176	476	40	-0.0001520620	0.0000000136
8	108648177	109248172	205	23	0.0000144832	0.0000000060
8	109248173	110484313	354	31	-0.0001646503	0.0000000094
8	110484314	111850846	290	33	0.0000123917	0.0000000081
8	111850847	113064319	235	19	-0.0000703565	0.0000000072
8	113064320	116096494	795	40	-0.0001205761	0.0000000193
8	116096495	119685456	1165	40	0.0000297831	0.0000000211
8	119685457	121201699	530	40	-0.0001105206	0.0000000158
8	121201700	124861458	1350	40	-0.0000358031	0.0000000198
8	124861459	125683718	334	40	-0.0000030979	0.0000000115
8	125683719	126410916	255	40	-0.0000009618	0.0000000116
8	126410917	128659110	922	40	0.0000153760	0.0000000206
8	128659111	130381138	679	40	0.0000172907	0.0000000206
8	130381139	131639624	467	40	-0.0000199817	0.0000000147
8	131639625	133351143	768	40	-0.0000617377	0.0000000232
8	133351144	134570000	712	40	0.0000106959	0.0000000209
8	134570001	136035604	760	40	-0.0001071377	0.0000000197
8	136035605	137524150	554	40	0.0000522918	0.0000000191
8	137524151	139254829	743	40	-0.0000152605	0.0000000190
8	139254830	140725642	756	40	0.0001100287	0.0000000231
8	140725643	143044913	827	40	-0.0000359474	0.0000000218
8	143044914	144236880	372	40	-0.0000510015	0.0000000149
8	144236881	146303866	341	40	-0.0001651294	0.0000000155
9	10023	1079706	580	40	-0.0000977913	0.0000000235
9	1079707	1916876	605	40	0.0000281557	0.0000000212
9	1916877	3190063	772	40	-0.0000195312	0.0000000219
9	3190064	4495327	745	40	0.0001455775	0.0000000216
9	4495328	4884925	230	39	-0.0000616588	0.0000000205
9	4884926	6557588	563	40	-0.0000888587	0.0000000223
9	6557589	7154922	295	38	0.0000729328	0.0000000117
9	7154923	8456298	932	40	-0.0000220142	0.0000000231
9	8456299	9166402	400	40	0.0000412426	0.0000000199
9	9166403	10879252	843	40	-0.0000911313	0.0000000237
9	10879253	12276488	466	40	0.0000998599	0.0000000160
9	12276489	14836362	1271	40	0.0000192478	0.0000000211
9	14836363	16659654	807	40	-0.0000451209	0.0000000211
9	16659655	18661050	946	40	0.0000388635	0.0000000221
9	18661051	20463533	825	40	-0.0001146520	0.0000000206
9	20463534	22206558	696	40	-0.0001909387	0.0000000218
9	22206559	24158517	612	40	-0.0000076075	0.0000000224
9	24158518	25330809	299	40	-0.0001094158	0.0000000151
9	25330810	26111756	274	40	0.0001841379	0.0000000144
9	26111757	28224282	954	40	0.0001242159	0.0000000222
9	28224283	28811583	252	36	0.0000058820	0.0000000165
9	28811584	30387391	560	40	-0.0001765565	0.0000000197
9	30387392	31310382	247	23	-0.0000997221	0.0000000086
9	31310383	32019367	207	24	-0.0000410717	0.0000000081
9	32019368	33578333	592	40	-0.0000958361	0.0000000192
9	33578334	34642242	288	27	0.0000086793	0.0000000094
9	34642243	36743282	586	40	0.0001516459	0.0000000195
9	36743283	38641598	726	40	0.0000438673	0.0000000210
9	38641599	65472189	102	21	-0.0000732915	0.0000000040
9	65472190	72512710	567	40	0.0000181863	0.0000000203
9	72512711	72753754	100	10	0.0000224041	0.0000000036
9	72753755	74253039	598	40	0.0001012919	0.0000000180
9	74253040	76203945	577	40	-0.0000575934	0.0000000170
9	76203946	76973080	182	22	-0.0000434646	0.0000000060
9	76973081	78900182	811	40	0.0000920883	0.0000000200
9	78900183	79471207	295	40	-0.0000253317	0.0000000125
9	79471208	81079054	526	40	-0.0000549687	0.0000000171
9	81079055	82590927	632	40	0.0000047108	0.0000000202
9	82590928	84211232	663	40	-0.0000940960	0.0000000213
9	84211233	85440800	330	40	-0.0000255768	0.0000000120
9	85440801	86938195	638	40	-0.0000859485	0.0000000190
9	86938196	88109332	503	40	-0.0000888855	0.0000000178
9	88109333	88590416	113	14	-0.0000615184	0.0000000032
9	88590417	90136245	601	40	0.0000888762	0.0000000194
9	90136246	92528697	861	40	-0.0000478140	0.0000000237
9	92528698	94167202	630	40	-0.0001712583	0.0000000216
9	94167203	96671697	803	40	0.0000218386	0.0000000246
9	96671698	98922039	677	40	-0.0001877224	0.0000000210
9	98922040	101592858	868	40	-0.0000514073	0.0000000223
9	101592859	104624436	975	40	0.0000284909	0.0000000239
9	104624437	105967975	577	40	-0.0000806993	0.0000000168
9	105967976	107581748	605	40	0.0000004691	0.0000000164
9	107581749	109298753	606	40	0.0000488877	0.0000000223
9	109298754	110695061	573	40	0.0000405034	0.0000000211
9	110695062	112778023	1101	40	0.0000007467	0.0000000227
9	112778024	114831081	914	40	-0.0000621390	0.0000000213
9	114831082	115693144	315	30	-0.0000432659	0.0000000114
9	115693145	117019800	645	40	-0.0000360636	0.0000000250
9	117019801	117921959	469	40	-0.0001630446	0.0000000189
9	117921960	121321536	1479	40	-0.0001414153	0.0000000227
9	121321537	122260296	360	40	-0.0000027508	0.0000000133
9	122260297	124871321	783	40	0.0000282021	0.0000000209
9	124871322	126971886	689	40	-0.0001313127	0.0000000250
9	126971887	129059664	569	40	0.0000736643	0.0000000172
9	129059665	130055509	330	40	0.0002133891	0.0000000159
9	130055510	132165469	506	40	-0.0000161825	0.0000000194
9	132165470	133223216	319	40	-0.0002287803	0.0000000136
9	133223217	134127887	343	40	0.0000611399	0.0000000166
9	134127888	135298841	441	40	-0.0000406538	0.0000000159
9	135298842	137041121	675	40	-0.0001292595	0.0000000268
9	137041122	137589363	207	40	0.0001283347	0.0000000103
9	137589364	138938977	636	40	0.0000217853	0.0000000233
9	138938978	139500341	122	23	0.0001398483	0.0000000078
9	139500342	141144795	254	37	-0.0000160062	0.0000000141
10	60523	751338	126	15	-0.0000187115	0.0000000056
10	751339	1523543	341	40	-0.0000047851	0.0000000131
10	1523544	2254499	443	40	0.0000545581	0.0000000169
10	2254500	3352698	674	40	-0.0000520657	0.0000000205
10	3352699	4572273	618	40	-0.0000526134	0.0000000245
10	4572274	5983761	718	40	-0.0000624275	0.0000000222
10	5983762	7171483	751	40	-0.0000095641	0.0000000213
10	7171484	8774664	873	40	0.0001464556	0.0000000231
10	8774665	10249395	568	40	0.0000188320	0.0000000162
10	10249396	12586796	1045	40	0.0000711993	0.0000000214
10	12586797	13321599	447	40	0.0000013918	0.0000000204
10	13321600	15026067	954	40	-0.0000608063	0.0000000222
10	15026068	16551766	566	40	-0.0000390360	0.0000000227
10	16551767	18537266	781	40	-0.0001393310	0.0000000229
10	18537267	19716877	538	40	-0.0001219254	0.0000000187
10	19716878	22772282	996	40	-0.0000494398	0.0000000247
10	22772283	23175131	126	14	0.0000740294	0.0000000064
10	23175132	25578595	781	40	-0.0000172693	0.0000000224
10	25578596	26888683	544	40	-0.0000673612	0.0000000141
10	26888684	29323235	920	40	-0.0000023263	0.0000000225
10	29323236	29783691	274	40	-0.0000394445	0.0000000108
10	29783692	30458837	367	40	-0.0000977071	0.0000000130
10	30458838	31907518	491	40	-0.0000021598	0.0000000157
10	31907519	33707967	639	40	-0.0000505187	0.0000000178
10	33707968	35109354	501	40	-0.0000551927	0.0000000225
10	35109355	36572507	427	40	0.0000071753	0.0000000142
10	36572508	37790028	328	40	0.0000385550	0.0000000104
10	37790029	42372578	205	13	0.0000159323	0.0000000040
10	42372579	43894770	314	35	-0.0000758976	0.0000000127
10	43894771	44730074	296	34	-0.0000668770	0.0000000110
10	44730075	48760449	686	40	-0.0000882045	0.0000000260
10	48760450	50840914	669	40	0.0000934456	0.0000000202
10	50840915	53616628	757	40	-0.0002006631	0.0000000233
10	53616629	55103571	685	40	0.0000292997	0.0000000213
10	55103572	57031139	771	40	0.0000234950	0.0000000230
10	57031140	57662145	178	18	0.0000488082	0.0000000039
10	57662146	58959527	387	25	0.0000357416	0.0000000077
10	58959528	60289986	427	40	-0.0000914920	0.0000000106
10	60289987	61891408	594	40	-0.0000351938	0.0000000200
10	61891409	62659678	306	34	0.0000024944	0.0000000120
10	62659679	63341694	164	19	0.0000488049	0.0000000072
10	63341695	65794113	853	40	0.0000315042	0.0000000216
10	65794114	67549614	489	40	-0.0000120614	0.0000000136
10	67549615	69900147	904	40	-0.0000495880	0.0000000216
10	69900148	70195990	116	11	0.0000077520	0.0000000028
10	70195991	72220849	900	40	-0.0000631603	0.0000000215
10	72220850	73508511	752	40	-0.0000842899	0.0000000241
10	73508512	75422549	441	36	-0.0001066872	0.0000000127
10	75422550	78706813	852	40	-0.0003725003	0.0000000244
10	78706814	80876748	1022	40	0.0000881345	0.0000000224
10	80876749	82414678	500	40	-0.0001355533	0.0000000181
10	82414679	84383744	728	40	-0.0001986746	0.0000000200
10	84383745	85458702	444	40	-0.0001343128	0.0000000117
10	85458703	87937576	997	40	-0.0000907486	0.0000000231
10	87937577	89127063	274	35	-0.0000780740	0.0000000120
10	89127064	91013380	734	40	0.0000282783	0.0000000209
10	91013381	92006580	377	40	0.0001219545	0.0000000111
10	92006581	93335046	451	40	0.0000082552	0.0000000146
10	93335047	95396367	673	40	-0.0001146896	0.0000000213
10	95396368	96221242	264	32	-0.0000191146	0.0000000082
10	96221243	97822356	588	40	-0.0000307450	0.0000000133
10	97822357	100241301	919	40	-0.0000198546	0.0000000217
10	100241302	100668399	150	15	0.0000534280	0.0000000048
10	100668400	102949238	775	40	-0.0000065810	0.0000000266
10	102949239	104380409	310	29	-0.0001650408	0.0000000110
10	104380410	106695047	768	40	0.0000082734	0.0000000240
10	106695048	108726685	678	40	-0.0000872385	0.0000000229
10	108726686	110317704	646	40	-0.0000417653	0.0000000214
10	110317705	112561492	665	40	0.0000085568	0.0000000198
10	112561493	115328431	1028	40	0.0000104879	0.0000000224
10	115328432	116421405	495	40	0.0000052916	0.0000000186
10	116421406	119523933	1008	40	-0.0000361158	0.0000000235
10	119523934	120591352	410	40	0.0001296219	0.0000000138
10	120591353	122407322	687	40	-0.0000946233	0.0000000193
10	122407323	123231464	394	40	-0.0000665753	0.0000000127
10	123231465	123900544	283	40	-0.0000803876	0.0000000134
10	123900545	125869345	863	40	0.0000703619	0.0000000213
10	125869346	128001097	962	40	-0.0001053620	0.0000000224
10	128001098	129154361	529	40	-0.0000731453	0.0000000190
10	129154362	130844283	943	40	-0.0000171038	0.0000000219
10	130844284	131741326	417	40	-0.0000610713	0.0000000163
10	131741327	132580244	416	40	0.0000011203	0.0000000143
10	132580245	134336328	851	40	-0.0001772193	0.0000000233
10	134336329	134494672	39	6	-0.0000217300	0.0000000022
10	134494673	135523864	282	40	0.0000186119	0.0000000113
11	70855	1213589	261	40	0.0000622665	0.0000000141
11	1213590	3665480	821	40	-0.0000170174	0.0000000251
11	3665481	4746708	431	40	-0.0000764800	0.0000000158
11	4746709	6322868	996	40	0.0000616791	0.0000000206
11	6322869	7436700	548	40	-0.0001409463	0.0000000161
11	7436701	8333273	494	40	0.0000107033	0.0000000205
11	8333274	9087316	279	31	-0.0000872537	0.0000000106
11	9087317	10952026	642	40	-0.0001039560	0.0000000197
11	10952027	12564228	1103	40	0.0000139689	0.0000000211
11	12564229	13373123	400	40	0.0001197932	0.0000000146
11	13373124	15742551	773	40	-0.0000975659	0.0000000215
11	15742552	17578401	611	40	-0.0000298119	0.0000000170
11	17578402	19569534	790	40	-0.0000872638	0.0000000221
11	19569535	21017137	789	40	-0.0000888061	0.0000000233
11	21017138	22374141	550	40	0.0000283971	0.0000000204
11	22374142	24088516	593	40	-0.0000870875	0.0000000188
11	24088517	26045752	662	40	0.0000001641	0.0000000210
11	26045753	27020460	358	40	-0.0001549750	0.0000000109
11	27020461	28481592	410	40	-0.0002399899	0.0000000180
11	28481593	30141356	419	40	-0.0001276141	0.0000000182
11	30141357	32276900	631	40	-0.0001510420	0.0000000191
11	32276901	33958738	560	40	-0.0001626963	0.0000000181
11	33958739	35502604	822	40	-0.0000788998	0.0000000216
11	35502605	37116814	747	40	0.0000093350	0.0000000208
11	37116815	39382002	421	40	-0.0000519551	0.0000000134
11	39382003	42310002	921	40	-0.0000752394	0.0000000200
11	42310003	44693798	965	40	-0.0001335990	0.0000000233
11	44693799	47006136	715	40	0.0000325337	0.0000000213
11	47006137	49866049	485	26	-0.0001576737	0.0000000131
11	49866050	54695472	134	7	0.0000058790	0.0000000049
11	54695473	55082656	10	3	-0.0000060018	0.0000000016
11	55082657	58457494	1070	40	-0.0000465883	0.0000000231
11	58457495	58780548	74	7	0.0000617095	0.0000000033
11	58780549	62223770	1003	40	-0.0002358738	0.0000000236
11	62223771	63804568	306	38	-0.0000642306	0.0000000112
11	63804569	65898630	493	40	0.0000621198	0.0000000211
11	65898631	68005824	322	35	0.0001913960	0.0000000152
11	68005825	69516129	466	40	-0.0000073255	0.0000000173
11	69516130	70926291	464	40	-0.0001025364	0.0000000182
11	70926292	72286016	308	36	-0.0001270291	0.0000000118
11	72286017	74412350	605	40	-0.0001208456	0.0000000186
11	74412351	76797208	766	40	-0.0000084122	0.0000000200
11	76797209	78355057	428	36	0.0000527292	0.0000000120
11	78355058	80722372	1066	40	-0.0000003240	0.0000000206
11	80722373	81266711	260	38	-0.0001622862	0.0000000099
11	81266712	84381271	1177	40	-0.0000445188	0.0000000216
11	84381272	86619300	780	40	0.0000326539	0.0000000216
11	86619301	87430234	313	36	-0.0000640217	0.0000000089
11	87430235	89208935	572	40	-0.0000173662	0.0000000188
11	89208936	90966489	385	35	0.0000753573	0.0000000109
11	90966490	92077143	347	38	-0.0001260600	0.0000000110
11	92077144	93276156	402	40	0.0000905312	0.0000000137
11	93276157	94242259	274	27	0.0000219155	0.0000000081
11	94242260	95726040	597	40	-0.0000722577	0.0000000207
11	95726041	97057057	505	40	0.0000961628	0.0000000185
11	97057058	98705064	565	40	-0.0000152370	0.0000000208
11	98705065	100417168	774	40	-0.0000597673	0.0000000215
11	100417169	101331120	405	40	-0.0001154887	0.0000000149
11	101331121	103959635	1094	40	-0.0000956107	0.0000000202
11	103959636	104873283	289	23	-0.0000147344	0.0000000058
11	104873284	106520893	475	40	-0.0001949473	0.0000000148
11	106520894	107844199	470	40	0.0000224765	0.0000000158
11	107844200	108437036	140	11	-0.0000198138	0.0000000064
11	108437037	109866115	346	39	-0.0001304330	0.0000000127
11	109866116	111114396	491	40	0.0001579985	0.0000000163
11	111114397	112459487	383	38	-0.0000526762	0.0000000116
11	112459488	114257727	793	40	0.0000947653	0.0000000252
11	114257728	114830665	233	27	-0.0000238462	0.0000000087
11	114830666	116383347	656	40	-0.0000112634	0.0000000239
11	116383348	117747109	604	40	0.0001247608	0.0000000235
11	117747110	119215475	523	40	0.0001635180	0.0000000198
11	119215476	120766805	629	40	-0.0000270149	0.0000000239
11	120766806	121175942	200	23	-0.0000101658	0.0000000060
11	121175943	122591909	466	40	-0.0000520316	0.0000000177
11	122591910	123500116	418	40	0.0001702536	0.0000000172
11	123500117	124495527	485	40	-0.0000301278	0.0000000122
11	124495528	126311319	806	40	-0.0000408711	0.0000000206
11	126311320	127316678	563	40	-0.0000269144	0.0000000177
11	127316679	128188536	308	40	0.0001252166	0.0000000118
11	128188537	130342574	858	40	-0.0000078727	0.0000000222
11	130342575	131074611	366	40	0.0000609570	0.0000000148
11	131074612	133000045	1101	40	0.0000010772	0.0000000218
11	133000046	134205992	549	40	-0.0001196880	0.0000000226
11	134205993	134946451	402	40	-0.0000401668	0.0000000169
12	61107	1080330	316	40	-0.0001258030	0.0000000151
12	1080331	2544785	487	40	-0.0000373277	0.0000000195
12	2544786	3677036	508	40	-0.0000064091	0.0000000222
12	3677037	4417678	390	40	0.0000708907	0.0000000175
12	4417679	5321471	505	40	-0.0000009224	0.0000000187
12	5321472	6419752	554	40	-0.0001037857	0.0000000195
12	6419753	8377535	536	40	-0.0001368883	0.0000000213
12	8377536	9031394	134	23	-0.0000155340	0.0000000084
12	9031395	10481533	537	40	-0.0002109602	0.0000000181
12	10481534	11754845	342	40	-0.0001588778	0.0000000105
12	11754846	12733527	440	40	0.0000832948	0.0000000190
12	12733528	15241483	1029	40	0.0001798611	0.0000000227
12	15241484	16310459	256	36	-0.0000930488	0.0000000100
12	16310460	18087872	559	40	0.0001054166	0.0000000189
12	18087873	20863942	945	40	-0.0000256114	0.0000000212
12	20863943	23820633	1106	40	-0.0000239474	0.0000000206
12	23820634	25371082	720	40	-0.0000334559	0.0000000218
12	25371083	27799772	1031	40	0.0002210527	0.0000000234
12	27799773	29651254	701	40	0.0000711798	0.0000000199
12	29651255	30512405	467	40	-0.0000351296	0.0000000150
12	30512406	32165591	635	40	0.0001399737	0.0000000201
12	32165592	33076988	383	40	0.0000404339	0.0000000105
12	33076989	37856716	364	24	-0.0000867991	0.0000000097
12	37856717	39227168	143	8	-0.0000457561	0.0000000037
12	39227169	40816184	503	40	-0.0001499444	0.0000000134
12	40816185	41658585	356	36	0.0000702198	0.0000000103
12	41658586	43984473	908	40	-0.0001921018	0.0000000231
12	43984474	46024228	477	40	-0.0000129990	0.0000000132
12	46024229	47714792	474	40	-0.0004712080	0.0000000199
12	47714793	49001865	552	40	0.0000448333	0.0000000168
12	49001866	51776493	635	40	0.0000271360	0.0000000228
12	51776494	53039003	637	40	-0.0000548247	0.0000000191
12	53039004	54778822	588	40	0.0000581663	0.0000000226
12	54778823	55665836	275	36	-0.0000091828	0.0000000092
12	55665837	57548859	426	40	0.0000421490	0.0000000150
12	57548860	59308665	467	40	0.0000639451	0.0000000150
12	59308666	61123728	455	40	0.0001125173	0.0000000137
12	61123729	64032460	958	40	-0.0000243607	0.0000000230
12	64032461	65559694	378	40	-0.0001024808	0.0000000144
12	65559695	67181143	518	40	-0.0001248556	0.0000000180
12	67181144	67909728	324	40	0.0000086557	0.0000000107
12	67909729	69826541	816	40	0.0000449022	0.0000000218
12	69826542	70957986	505	40	-0.0000547062	0.0000000136
12	70957987	72645074	572	40	-0.0000727131	0.0000000169
12	72645075	73818453	305	30	-0.0000360255	0.0000000095
12	73818454	76511313	772	40	-0.0000314965	0.0000000214
12	76511314	78570569	756	40	0.0000896904	0.0000000219
12	78570570	80448149	409	40	0.0000950434	0.0000000132
12	80448150	81467766	307	35	-0.0000573762	0.0000000103
12	81467767	83502665	562	40	-0.0001319051	0.0000000183
12	83502666	84303843	233	27	0.0000563662	0.0000000062
12	84303844	85990425	396	34	0.0002974292	0.0000000112
12	85990426	89682121	762	40	-0.0000490806	0.0000000180
12	89682122	92066154	647	40	0.0000735879	0.0000000188
12	92066155	94514566	910	40	-0.0000900651	0.0000000228
12	94514567	96020784	695	40	-0.0000196054	0.0000000206
12	96020785	97108838	457	40	-0.0001414857	0.0000000170
12	97108839	99305986	931	40	0.0000496631	0.0000000202
12	99305987	101447640	657	40	-0.0000634203	0.0000000214
12	101447641	101862689	148	16	-0.0001117881	0.0000000066
12	101862690	102964985	340	40	-0.0000634693	0.0000000107
12	102964986	104848695	769	40	0.0000289347	0.0000000245
12	104848696	106436212	855	40	-0.0001043900	0.0000000207
12	106436213	106958747	236	34	0.0000858196	0.0000000101
12	106958748	109025900	745	40	0.0000848657	0.0000000254
12	109025901	110336718	402	40	0.0001321180	0.0000000141
12	110336719	113263517	472	40	-0.0000490471	0.0000000120
12	113263518	113986708	218	29	-0.0000130126	0.0000000140
12	113986709	115036601	541	40	0.0000457157	0.0000000165
12	115036602	115503215	195	36	-0.0000044100	0.0000000076
12	115503216	117087470	748	40	-0.0000808199	0.0000000210
12	117087471	118135374	460	40	0.0000451330	0.0000000179
12	118135375	119754109	694	40	-0.0001291174	0.0000000231
12	119754110	122007650	680	40	-0.0002234064	0.0000000261
12	122007651	124977979	699	40	0.0000516552	0.0000000219
12	124977980	126445504	624	40	-0.0000352245	0.0000000230
12	126445505	127875097	648	40	0.0000625237	0.0000000213
12	127875098	129237296	705	40	-0.0001378742	0.0000000234
12	129237297	130377920	686	40	0.0000656753	0.0000000211
12	130377921	131786750	740	40	-0.0000568676	0.0000000207
12	131786751	132807033	293	40	-0.0000665230	0.0000000115
12	132807034	133841510	174	25	-0.0001206356	0.0000000106
13	19020013	20686719	298	36	0.0000361105	0.0000000134
13	20686720	22242173	590	40	0.0000318706	0.0000000180
13	22242174	23594701	680	40	0.0001522990	0.0000000221
13	23594702	24531936	515	40	0.0000983835	0.0000000173
13	24531937	25784361	648	40	0.0000092108	0.0000000235
13	25784362	27284361	544	40	-0.0000410914	0.0000000167
13	27284362	29257550	857	40	-0.0000176595	0.0000000239
13	29257551	30483266	506	40	-0.0000582368	0.0000000160
13	30483267	32301814	786	40	0.0000245842	0.0000000221
13	32301815	33776902	586	40	0.0000268206	0.0000000195
13	33776903	35026463	461	40	-0.0000712087	0.0000000154
13	35026464	36046366	221	30	-0.0001399581	0.0000000092
13	36046367	37498184	652	40	-0.0000768022	0.0000000237
13	37498185	38878162	556	40	0.0000055119	0.0000000161
13	38878163	41069262	881	40	0.0000931988	0.0000000222
13	41069263	43101026	632	40	0.0000342430	0.0000000188
13	43101027	44901408	806	40	0.0000947948	0.0000000217
13	44901409	46495213	532	40	-0.0000497556	0.0000000193
13	46495214	47431078	366	40	-0.0000319882	0.0000000137
13	47431079	49383961	626	40	-0.0000453145	0.0000000195
13	49383962	51591090	745	40	-0.0000765299	0.0000000232
13	51591091	53339621	451	40	0.0001042916	0.0000000182
13	53339622	54682863	527	40	-0.0000117669	0.0000000203
13	54682864	55817130	321	36	0.0000566948	0.0000000111
13	55817131	57554216	305	23	0.0000163859	0.0000000089
13	57554217	58410625	207	21	0.0000260203	0.0000000047
13	58410626	59302270	219	22	0.0000047635	0.0000000058
13	59302271	60854777	561	40	-0.0000902580	0.0000000170
13	60854778	61591948	291	35	-0.0000779056	0.0000000126
13	61591949	63971558	648	40	0.0001013213	0.0000000208
13	63971559	65200601	306	31	-0.0000180340	0.0000000071
13	65200602	67844452	795	40	0.0000771858	0.0000000232
13	67844453	70724515	901	40	-0.0002271809	0.0000000229
13	70724516	71526790	317	40	-0.0000390569	0.0000000118
13	71526791	73934088	853	40	0.0001547233	0.0000000214
13	73934089	75670142	738	40	-0.0000139518	0.0000000210
13	75670143	77410554	787	40	-0.0000312034	0.0000000203
13	77410555	78808812	437	40	-0.0000750923	0.0000000134
13	78808813	80585675	578	40	-0.0000983847	0.0000000199
13	80585676	82581813	620	40	-0.0001246064	0.0000000195
13	82581814	84133143	399	36	-0.0001218054	0.0000000097
13	84133144	85610915	413	40	-0.0001304621	0.0000000149
13	85610916	88559881	763	40	-0.0001013081	0.0000000204
13	88559882	90521310	472	40	-0.0001287794	0.0000000131
13	90521311	93129690	864	40	-0.0000278595	0.0000000222
13	93129691	93586454	122	16	0.0000515173	0.0000000045
13	93586455	96087557	1204	40	0.0000471829	0.0000000226
13	96087558	97519209	360	38	0.0000320978	0.0000000130
13	97519210	98938918	438	40	0.0000568034	0.0000000186
13	98938919	100574094	795	40	-0.0000394784	0.0000000217
13	100574095	102300522	772	40	0.0000640721	0.0000000221
13	102300523	104066709	939	40	0.0001016588	0.0000000215
13	104066710	104844113	310	40	-0.0000677692	0.0000000117
13	104844114	106247553	631	40	-0.0000542922	0.0000000223
13	106247554	106749999	272	40	0.0000339761	0.0000000097
13	106750000	108189876	612	40	-0.0000056171	0.0000000239
13	108189877	109121209	437	40	-0.0001715455	0.0000000182
13	109121210	109815111	329	40	-0.0000701213	0.0000000144
13	109815112	111232072	769	40	-0.0000108212	0.0000000222
13	111232073	112247591	465	40	-0.0000662629	0.0000000172
13	112247592	113572487	466	40	-0.0000260630	0.0000000189
13	113572488	115109852	416	40	0.0001111164	0.0000000153
14	19002084	21589401	594	40	-0.0000063024	0.0000000222
14	21589402	23018664	714	40	-0.0000108343	0.0000000204
14	23018665	24905122	712	40	-0.0000795692	0.0000000239
14	24905123	26135685	561	40	0.0000717689	0.0000000204
14	26135686	28466532	699	40	0.0000998460	0.0000000219
14	28466533	29972144	385	40	-0.0000976709	0.0000000162
14	29972145	32383264	597	40	0.0000954214	0.0000000212
14	32383265	34846250	1269	40	0.0000044069	0.0000000235
14	34846251	35859592	249	30	-0.0001118070	0.0000000089
14	35859593	38667724	888	40	0.0000242492	0.0000000214
14	38667725	40341989	551	40	0.0001044134	0.0000000158
14	40341990	41615501	354	32	-0.0000304462	0.0000000106
14	41615502	43137388	427	36	-0.0000826890	0.0000000121
14	43137389	44543226	364	40	-0.0000659256	0.0000000133
14	44543227	46081895	382	40	0.0000148793	0.0000000108
14	46081896	46749129	195	17	-0.0000099083	0.0000000045
14	46749130	48573585	588	40	0.0000806122	0.0000000190
14	48573586	49005470	113	13	0.0000349834	0.0000000030
14	49005471	50507759	465	40	-0.0000868147	0.0000000153
14	50507760	51493571	373	40	0.0000480397	0.0000000150
14	51493572	53474382	857	40	-0.0000569829	0.0000000197
14	53474383	53997830	177	19	-0.0000981449	0.0000000069
14	53997831	55233680	451	40	0.0000290182	0.0000000169
14	55233681	56216879	292	27	-0.0000365003	0.0000000095
14	56216880	57481261	667	40	-0.0000696511	0.0000000227
14	57481262	59448335	713	40	0.0000405201	0.0000000217
14	59448336	61680423	614	40	0.0000875526	0.0000000169
14	61680424	63790014	816	40	0.0000491305	0.0000000196
14	63790015	65220297	355	34	0.0000331550	0.0000000120
14	65220298	66399554	409	40	0.0001209693	0.0000000154
14	66399555	67992316	424	33	-0.0000744503	0.0000000098
14	67992317	71131956	1246	40	-0.0001032196	0.0000000223
14	71131957	72889614	685	40	-0.0001278052	0.0000000215
14	72889615	76444766	1160	40	0.0000781080	0.0000000263
14	76444767	77229471	356	40	-0.0000121940	0.0000000118
14	77229472	78561944	640	40	0.0000304022	0.0000000210
14	78561945	80186578	613	40	-0.0000765792	0.0000000256
14	80186579	81579713	515	40	-0.0000414556	0.0000000166
14	81579714	83138096	478	40	-0.0000606867	0.0000000152
14	83138097	84241632	382	40	0.0000150707	0.0000000129
14	84241633	85746318	475	40	-0.0000974892	0.0000000162
14	85746319	86647001	305	36	-0.0000583786	0.0000000121
14	86647002	87635340	308	40	0.0000994019	0.0000000101
14	87635341	89497642	613	40	-0.0002004552	0.0000000176
14	89497643	91296859	701	40	-0.0001158782	0.0000000230
14	91296860	93132298	679	40	0.0000586049	0.0000000199
14	93132299	94325284	416	40	-0.0000634336	0.0000000149
14	94325285	95750866	882	40	-0.0001316477	0.0000000220
14	95750867	96262414	383	40	-0.0000403363	0.0000000147
14	96262415	98341161	850	40	0.0000275217	0.0000000240
14	98341162	99138531	369	40	-0.0000916972	0.0000000129
14	99138532	101534306	902	40	-0.0000634445	0.0000000261
14	101534307	103012101	439	40	0.0000200437	0.0000000196
14	103012102	105001722	483	40	0.0001034793	0.0000000190
14	105001723	106340357	161	29	-0.0000595921	0.0000000062
14	106340358	107289453	39	5	-0.0000031157	0.0000000022
15	20001200	21131603	6	2	0.0000142738	0.0000000007
15	21131604	24195126	309	40	-0.0000725219	0.0000000128
15	24195127	25108589	197	29	0.0000201763	0.0000000066
15	25108590	27298111	879	40	-0.0000940867	0.0000000231
15	27298112	29338501	482	40	-0.0000239034	0.0000000169
15	29338502	30165567	297	40	0.0000051964	0.0000000142
15	30165568	31591820	300	40	0.0001021173	0.0000000121
15	31591821	32441810	269	37	-0.0000380344	0.0000000111
15	32441811	34015424	736	40	-0.0000335276	0.0000000226
15	34015425	35083250	403	40	-0.0001172034	0.0000000131
15	35083251	37456501	939	40	0.0001159401	0.0000000208
15	37456502	38530776	349	40	-0.0001340354	0.0000000155
15	38530777	40384131	786	40	0.0001286985	0.0000000226
15	40384132	41177513	236	28	-0.0001156509	0.0000000111
15	41177514	42776398	430	40	-0.0000804435	0.0000000150
15	42776399	44198048	276	17	-0.0000221430	0.0000000084
15	44198049	46618786	502	40	-0.0000556006	0.0000000156
15	46618787	48136047	590	40	-0.0002757909	0.0000000193
15	48136048	50008042	446	40	-0.0000869069	0.0000000120
15	50008043	51677559	616	40	0.0000202092	0.0000000157
15	51677560	53069095	407	39	0.0000125095	0.0000000154
15	53069096	54508527	636	40	-0.0000098805	0.0000000219
15	54508528	55136268	255	32	0.0000177188	0.0000000110
15	55136269	56901772	540	40	0.0000063760	0.0000000186
15	56901773	58441365	632	40	-0.0001278835	0.0000000222
15	58441366	59694115	518	40	-0.0000847591	0.0000000219
15	59694116	61265835	669	40	-0.0002211229	0.0000000224
15	61265836	63215221	920	40	0.0000245422	0.0000000191
15	63215222	65104667	491	40	-0.0000771112	0.0000000157
15	65104668	67094766	620	40	0.0000175859	0.0000000271
15	67094767	69017998	754	40	-0.0001280356	0.0000000229
15	69017999	70133340	301	40	0.0000739614	0.0000000112
15	70133341	71922648	712	40	-0.0000787107	0.0000000212
15	71922649	73628713	373	33	0.0001706490	0.0000000128
15	73628714	76398623	603	40	-0.0000671881	0.0000000241
15	76398624	78516052	534	40	-0.0001703244	0.0000000185
15	78516053	80860977	990	40	-0.0001404386	0.0000000233
15	80860978	84260467	912	40	-0.0000929888	0.0000000231
15	84260468	86652904	776	40	0.0001082314	0.0000000218
15	86652905	88369942	770	40	-0.0001112265	0.0000000225
15	88369943	90475550	725	40	0.0002145261	0.0000000215
15	90475551	92164391	628	40	0.0000521355	0.0000000217
15	92164392	93780901	822	40	0.0000199105	0.0000000218
15	93780902	94924329	586	40	-0.0000059571	0.0000000225
15	94924330	96141595	586	40	-0.0000601622	0.0000000235
15	96141596	98030909	752	40	-0.0000103316	0.0000000234
15	98030910	99244058	566	40	0.0000568596	0.0000000214
15	99244059	100636846	556	40	0.0000610208	0.0000000227
15	100636847	101552693	409	40	-0.0001975661	0.0000000170
15	101552694	102520965	443	40	-0.0000639859	0.0000000204
16	60054	1207205	300	40	0.0000252240	0.0000000280
16	1207206	2764828	369	40	-0.0001259053	0.0000000186
16	2764829	4001195	305	40	-0.0000772543	0.0000000156
16	4001196	5118344	376	40	-0.0000564954	0.0000000255
16	5118345	5891579	352	40	-0.0000435787	0.0000000158
16	5891580	6893550	705	40	-0.0000506428	0.0000000239
16	6893551	7529120	483	40	-0.0000108186	0.0000000198
16	7529121	8338518	537	40	0.0000405949	0.0000000229
16	8338519	9799418	709	40	0.0000669143	0.0000000234
16	9799419	10426031	371	39	-0.0000272020	0.0000000131
16	10426032	11520160	447	40	-0.0000081113	0.0000000184
16	11520161	12613097	402	40	-0.0000900564	0.0000000164
16	12613098	13154436	313	40	-0.0001389874	0.0000000113
16	13154437	14464001	561	40	-0.0000995933	0.0000000222
16	14464002	16154059	318	40	-0.0000535719	0.0000000138
16	16154060	17644748	397	40	0.0000913352	0.0000000160
16	17644749	18643606	177	28	0.0000372502	0.0000000064
16	18643607	20150570	429	40	-0.0001169356	0.0000000193
16	20150571	22448903	440	40	-0.0000632386	0.0000000165
16	22448904	24136874	522	40	-0.0000374869	0.0000000187
16	24136875	25986861	756	40	0.0000012083	0.0000000248
16	25986862	27445754	653	40	-0.0000257501	0.0000000216
16	27445755	29036612	343	40	0.0003096201	0.0000000200
16	29036613	31382942	269	33	0.0002368442	0.0000000169
16	31382943	46399472	122	16	0.0000478401	0.0000000050
16	46399473	49007925	299	33	-0.0000383540	0.0000000084
16	49007926	52035822	1091	40	-0.0000636787	0.0000000238
16	52035823	53382571	458	40	-0.0000454902	0.0000000156
16	53382572	55903773	1198	40	-0.0003752486	0.0000000487
16	55903774	57664329	647	40	0.0000099630	0.0000000225
16	57664330	59045404	516	40	-0.0000932526	0.0000000196
16	59045405	60745693	505	40	0.0000049705	0.0000000168
16	60745694	62229848	362	40	0.0000778384	0.0000000120
16	62229849	63691588	446	40	-0.0000756043	0.0000000178
16	63691589	65938565	813	40	0.0000441682	0.0000000196
16	65938566	68841362	679	40	-0.0003423890	0.0000000260
16	68841363	71054027	391	40	-0.0000042216	0.0000000166
16	71054028	72935149	457	38	-0.0001329000	0.0000000167
16	72935150	74971502	794	40	-0.0000563810	0.0000000244
16	74971503	75977953	230	30	-0.0000640191	0.0000000103
16	75977954	77523677	687	40	-0.0002063114	0.0000000243
16	77523678	78456291	649	40	-0.0000708548	0.0000000214
16	78456292	79134814	569	40	-0.0000521852	0.0000000225
16	79134815	80297373	783	40	0.0000105228	0.0000000213
16	80297374	81772535	791	40	0.0000318791	0.0000000223
16	81772536	82747727	586	40	-0.0000059223	0.0000000228
16	82747728	83477207	607	40	-0.0001709297	0.0000000233
16	83477208	84445882	720	40	-0.0000162560	0.0000000218
16	84445883	85148684	469	40	-0.0001334226	0.0000000211
16	85148685	86156598	484	40	-0.0000542831	0.0000000223
16	86156599	86815410	533	40	0.0000666687	0.0000000235
16	86815411	87647348	366	40	0.0000385089	0.0000000177
16	87647349	89041164	362	40	-0.0001433365	0.0000000222
16	89041165	90292811	316	34	0.0001130513	0.0000000158
17	56	1172398	321	40	0.0001411467	0.0000000199
17	1172399	1928730	260	40	0.0000445526	0.0000000139
17	1928731	3702311	648	40	0.0000351847	0.0000000213
17	3702312	4696260	368	40	-0.0000663584	0.0000000197
17	4696261	5741333	395	40	-0.0000960082	0.0000000183
17	5741334	7317397	634	40	-0.0000290530	0.0000000248
17	7317398	8306424	318	40	-0.0001968918	0.0000000145
17	8306425	9965920	660	40	-0.0000886316	0.0000000218
17	9965921	11102814	475	40	-0.0000271264	0.0000000191
17	11102815	12534768	566	40	0.0000571041	0.0000000215
17	12534769	13180371	302	40	-0.0000912022	0.0000000114
17	13180372	13894636	369	40	-0.0000467541	0.0000000155
17	13894637	15019096	611	40	-0.0000409920	0.0000000212
17	15019097	16412341	319	40	0.0001806366	0.0000000126
17	16412342	18856319	571	40	0.0000581202	0.0000000187
17	18856320	21290356	390	40	-0.0000851017	0.0000000209
17	21290357	27334243	521	40	-0.0000695045	0.0000000187
17	27334244	29786490	505	39	0.0000206295	0.0000000174
17	29786491	31538424	552	40	-0.0001665518	0.0000000193
17	31538425	32912797	841	40	0.0000811658	0.0000000205
17	32912798	34469035	525	40	-0.0001048378	0.0000000169
17	34469036	36809343	518	40	-0.0000159589	0.0000000215
17	36809344	38877403	455	40	0.0000116234	0.0000000159
17	38877404	39899809	327	34	-0.0001075317	0.0000000094
17	39899810	41772086	379	39	0.0000445092	0.0000000127
17	41772087	43056904	342	38	-0.0000036663	0.0000000119
17	43056905	45876021	604	40	-0.0002254622	0.0000000201
17	45876022	47517399	536	40	-0.0001702988	0.0000000185
17	47517400	49898956	777	40	0.0000619856	0.0000000231
17	49898957	50719054	289	27	-0.0000520814	0.0000000088
17	50719055	51826117	312	34	0.0000426887	0.0000000117
17	51826118	53599431	619	40	0.0000603958	0.0000000187
17	53599432	55357540	620	40	-0.0000600260	0.0000000227
17	55357541	57487511	690	40	0.0000587978	0.0000000235
17	57487512	59312754	246	23	0.0000138284	0.0000000075
17	59312755	61545588	450	40	-0.0000523614	0.0000000207
17	61545589	63148127	310	37	0.0000382395	0.0000000111
17	63148128	64800429	644	40	-0.0000094247	0.0000000183
17	64800430	67858769	949	40	-0.0000417537	0.0000000238
17	67858770	69387816	652	40	-0.0000102068	0.0000000193
17	69387817	72672202	1447	40	0.0000101856	0.0000000215
17	72672203	74375559	414	40	0.0000855201	0.0000000174
17	74375560	76263412	745	40	-0.0001103631	0.0000000254
17	76263413	77298635	474	40	-0.0000039407	0.0000000229
17	77298636	78837587	560	40	-0.0002140757	0.0000000263
17	78837588	80034407	240	40	-0.0001086964	0.0000000170
17	80034408	81194907	317	36	0.0000376052	0.0000000100
18	10644	912485	408	40	0.0001197839	0.0000000160
18	912486	1942910	370	40	0.0001100413	0.0000000137
18	1942911	3891657	781	40	0.0000117747	0.0000000219
18	3891658	5834179	803	40	-0.0000621856	0.0000000222
18	5834180	7090484	583	40	-0.0001225832	0.0000000230
18	7090485	8498930	588	40	-0.0000090643	0.0000000220
18	8498931	11075912	1280	40	-0.0000547719	0.0000000205
18	11075913	11905439	265	40	-0.0001047526	0.0000000116
18	11905440	14440798	760	40	-0.0001390407	0.0000000231
18	14440799	19485843	165	17	0.0000739207	0.0000000056
18	19485844	20649471	304	36	0.0000764835	0.0000000131
18	20649472	22996650	829	40	-0.0000212106	0.0000000236
18	22996651	24026190	316	35	0.0000193320	0.0000000129
18	24026191	25927681	791	40	-0.0001196960	0.0000000230
18	25927682	26875586	252	26	0.0000749114	0.0000000082
18	26875587	27866477	275	28	-0.0000241021	0.0000000099
18	27866478	30264065	891	40	-0.0000715119	0.0000000202
18	30264066	31780066	349	36	-0.0003138147	0.0000000123
18	31780067	33861963	620	40	-0.0000276389	0.0000000209
18	33861964	35075249	486	40	0.0001724452	0.0000000187
18	35075250	36365489	499	40	-0.0001560421	0.0000000149
18	36365490	37684366	355	34	0.0000072279	0.0000000100
18	37684367	39892647	781	40	0.0000813321	0.0000000223
18	39892648	42922105	946	40	0.0001037855	0.0000000250
18	42922106	44299245	693	40	-0.0001342176	0.0000000253
18	44299246	45939731	599	40	-0.0000057800	0.0000000199
18	45939732	47730583	791	40	0.0000491116	0.0000000193
18	47730584	51062184	1202	40	-0.0001245279	0.0000000222
18	51062185	51554174	175	15	-0.0000265176	0.0000000051
18	51554175	55213837	1121	40	0.0001305851	0.0000000237
18	55213838	56530219	617	40	0.0000409185	0.0000000232
18	56530220	57630482	588	40	-0.0000364868	0.0000000225
18	57630483	59020750	443	40	-0.0006733212	0.0000000299
18	59020751	60277714	547	40	-0.0000343858	0.0000000169
18	60277715	61820251	581	40	0.0000989178	0.0000000192
18	61820252	63463401	524	40	-0.0000656362	0.0000000165
18	63463402	64252800	248	22	-0.0001355308	0.0000000075
18	64252801	66125816	745	40	-0.0001197787	0.0000000209
18	66125817	67175819	334	40	-0.0000786676	0.0000000133
18	67175820	68621178	471	40	-0.0000385432	0.0000000215
18	68621179	69621617	386	40	0.0000887408	0.0000000140
18	69621618	71038473	571	40	0.0000490455	0.0000000193
18	71038474	71971461	496	40	-0.0000397075	0.0000000207
18	71971462	73526986	669	40	-0.0000394819	0.0000000215
18	73526987	74813814	602	40	-0.0001235922	0.0000000249
18	74813815	75976316	597	40	0.0000384236	0.0000000225
18	75976317	77149990	419	40	-0.0000936349	0.0000000132
18	77149991	78017157	272	39	0.0000410548	0.0000000126
19	80840	610728	103	24	0.0001533113	0.0000000110
19	610729	2098395	322	40	0.0000879224	0.0000000285
19	2098396	3019659	242	40	0.0000206703	0.0000000148
19	3019660	4348966	329	40	0.0001757361	0.0000000241
19	4348967	5811851	412	40	-0.0001316332	0.0000000281
19	5811852	6684884	212	40	0.0001034882	0.0000000102
19	6684885	8347512	542	40	-0.0000542617	0.0000000244
19	8347513	9238392	265	40	-0.0001757692	0.0000000108
19	9238393	11284027	507	40	0.0000027530	0.0000000188
19	11284028	13471126	428	40	0.0001227537	0.0000000257
19	13471127	14486346	210	40	-0.0000770987	0.0000000096
19	14486347	15648609	377	40	-0.0000807234	0.0000000144
19	15648610	16374415	366	40	0.0001998481	0.0000000135
19	16374416	18409861	562	40	0.0000224206	0.0000000268
19	18409862	19877470	333	40	-0.0001311622	0.0000000157
19	19877471	20905756	139	21	-0.0000231199	0.0000000048
19	20905757	22732895	339	38	-0.0001015559	0.0000000101
19	22732896	23467745	137	13	0.0000846478	0.0000000056
19	23467746	28557892	297	28	0.0000155523	0.0000000107
19	28557893	29790946	476	40	0.0000342923	0.0000000148
19	29790947	30727953	337	40	-0.0000196184	0.0000000166
19	30727954	32746519	650	40	0.0000230592	0.0000000231
19	32746520	34262951	515	40	0.0000960649	0.0000000227
19	34262952	36469294	669	40	0.0000520876	0.0000000234
19	36469295	37527032	239	20	-0.0000414843	0.0000000077
19	37527033	40170618	650	40	-0.0000032360	0.0000000214
19	40170619	40984600	188	24	0.0000598884	0.0000000086
19	40984601	42131572	304	40	0.0000264303	0.0000000115
19	42131573	43862454	169	21	0.0000280376	0.0000000070
19	43862455	44744107	306	40	0.0000263739	0.0000000140
19	44744108	46102696	370	40	-0.0000442018	0.0000000158
19	46102697	47150081	293	40	-0.0001378382	0.0000000206
19	47150082	49282226	601	40	-0.0001311299	0.0000000290
19	49282227	51532566	646	40	0.0000323737	0.0000000283
19	51532567	52985289	653	40	-0.0001019695	0.0000000254
19	52985290	54602361	520	40	-0.0000855771	0.0000000278
19	54602362	55728079	380	40	-0.0000617036	0.0000000186
19	55728080	57521334	694	40	0.0000937906	0.0000000256
19	57521335	59118838	552	40	-0.0001721458	0.0000000225
20	60479	697599	274	40	0.0000024182	0.0000000115
20	697600	2469500	1024	40	0.0000680845	0.0000000220
20	2469501	3828412	509	40	-0.0001106354	0.0000000208
20	3828413	5477849	819	40	-0.0000513996	0.0000000217
20	5477850	7084072	741	40	0.0000360939	0.0000000209
20	7084073	8117010	415	40	0.0000045626	0.0000000115
20	8117011	9730920	785	40	0.0000838110	0.0000000218
20	9730921	11249535	742	40	-0.0001586885	0.0000000222
20	11249536	12447498	511	40	-0.0001491181	0.0000000170
20	12447499	13689863	561	40	-0.0001105840	0.0000000215
20	13689864	15958358	1001	40	0.0000158627	0.0000000236
20	15958359	17487231	958	40	-0.0000771737	0.0000000220
20	17487232	18972202	625	40	-0.0000911538	0.0000000231
20	18972203	20959709	899	40	0.0000888246	0.0000000244
20	20959710	22491455	416	39	0.0002033668	0.0000000135
20	22491456	23293789	361	40	0.0000676717	0.0000000131
20	23293790	24717723	535	40	-0.0001110629	0.0000000184
20	24717724	25344230	229	22	-0.0000378173	0.0000000100
20	25344231	31614822	606	40	-0.0000827386	0.0000000212
20	31614823	32813440	294	29	0.0000720631	0.0000000088
20	32813441	34960445	463	32	0.0001802665	0.0000000147
20	34960446	36909529	495	40	-0.0001539600	0.0000000164
20	36909530	38436760	520	40	-0.0001440733	0.0000000158
20	38436761	39610855	471	40	0.0001295667	0.0000000173
20	39610856	40585688	296	33	0.0001352294	0.0000000138
20	40585689	41615459	583	40	0.0000905642	0.0000000209
20	41615460	42680175	400	40	-0.0001147576	0.0000000173
20	42680176	44839055	800	40	-0.0001389972	0.0000000246
20	44839056	47199979	1040	40	-0.0001806770	0.0000000238
20	47199980	49239657	767	40	-0.0000686610	0.0000000212
20	49239658	52472548	1357	40	0.0000192436	0.0000000271
20	52472549	54055265	630	40	-0.0000222242	0.0000000218
20	54055266	56447958	1155	40	0.0000857616	0.0000000255
20	56447959	58406571	901	40	-0.0000710080	0.0000000234
20	58406572	59561723	551	40	0.0000360774	0.0000000208
20	59561724	61301854	766	40	-0.0001216192	0.0000000258
20	61301855	62190179	303	40	-0.0000531615	0.0000000173
20	62190180	62965162	239	39	-0.0001180105	0.0000000161
21	9411243	15950981	287	40	0.0002351969	0.0000000122
21	15950982	18053164	671	40	-0.0000303563	0.0000000229
21	18053165	19480374	453	40	0.0000301607	0.0000000166
21	19480375	20962338	618	40	-0.0001676908	0.0000000231
21	20962339	22072763	361	40	0.0001456534	0.0000000139
21	22072764	23362874	531	40	0.0000017440	0.0000000184
21	23362875	24696230	361	40	-0.0000194036	0.0000000122
21	24696231	26469121	657	40	0.0000480902	0.0000000209
21	26469122	27271018	225	25	-0.0000257478	0.0000000082
21	27271019	29125225	882	40	-0.0000266195	0.0000000206
21	29125226	31197024	705	40	-0.0000653329	0.0000000185
21	31197025	32668641	460	40	0.0000305170	0.0000000119
21	32668642	34376998	667	40	-0.0000415042	0.0000000217
21	34376999	35225464	291	40	0.0001268952	0.0000000134
21	35225465	36524372	572	40	0.0002136141	0.0000000207
21	36524373	37870778	542	40	0.0000463682	0.0000000173
21	37870779	38711703	318	39	-0.0002869004	0.0000000125
21	38711704	40482901	851	40	-0.0001186183	0.0000000219
21	40482902	41389526	506	40	-0.0000604919	0.0000000152
21	41389527	43321527	1019	40	-0.0000454233	0.0000000220
21	43321528	44506267	705	40	-0.0000220921	0.0000000232
21	44506268	46177104	582	40	-0.0001794588	0.0000000235
21	46177105	47492225	511	40	-0.0001078591	0.0000000219
21	47492226	48119751	245	26	-0.0001033696	0.0000000084
22	16050408	17674294	221	38	0.0000840785	0.0000000080
22	17674295	18296087	265	40	0.0001720533	0.0000000128
22	18296088	19912357	542	40	-0.0000275085	0.0000000197
22	19912358	22357324	610	40	-0.0002762538	0.0000000267
22	22357325	23712646	341	40	0.0000716247	0.0000000145
22	23712647	24984203	366	40	0.0001591585	0.0000000135
22	24984204	26791627	758	40	-0.0000238027	0.0000000226
22	26791628	27834751	746	40	0.0000037475	0.0000000215
22	27834752	29651798	586	40	-0.0001626840	0.0000000215
22	29651799	31439917	560	40	-0.0001153294	0.0000000173
22	31439918	32664985	357	33	0.0000745107	0.0000000127
22	32664986	34494913	939	40	0.0000939666	0.0000000266
22	34494914	35530984	511	40	-0.0000254508	0.0000000148
22	35530985	37570268	850	40	0.0005601561	0.0000000380
22	37570269	39307893	543	40	-0.0001354867	0.0000000209
22	39307894	40545796	338	40	-0.0000605545	0.0000000145
22	40545797	42690817	467	34	-0.0000173348	0.0000000143
22	42690818	43714199	408	40	-0.0001999341	0.0000000169
22	43714200	44995307	723	40	-0.0001591132	0.0000000242
22	44995308	46470494	636	40	0.0000700635	0.0000000232
22	46470495	47596317	462	40	-0.0000703932	0.0000000195
22	47596318	48903702	751	40	0.0000642407	0.0000000250
22	48903703	49824533	619	40	-0.0000476805	0.0000000227
22	49824534	51243297	402	40	-0.0001922466	0.0000000242
