chr	start	end	num_snp	k	local_h2g	var
1	10583	1892606	92	17	0.0002572209	0.000000018052
1	1892607	3582735	403	28	0.0002080403	0.000000047329
1	3582736	4380810	262	28	0.0002617086	0.000000033056
1	4380811	5913892	862	28	0.0000413422	0.000000056826
1	5913893	7247334	409	28	0.0000511620	0.000000035830
1	7247335	9365198	677	28	0.0000417346	0.000000054748
1	9365199	10806983	337	28	0.0000667221	0.000000026533
1	10806984	11777840	247	28	0.0000120254	0.000000023590
1	11777841	12779465	272	28	0.0001750693	0.000000020332
1	12779466	14891510	606	28	0.0001276429	0.000000058846
1	14891511	16897729	656	28	0.0000868317	0.000000056793
1	16897730	18662898	637	28	0.0000311028	0.000000054971
1	18662899	20469148	684	28	0.0000904552	0.000000057898
1	20469149	21736587	450	28	0.0002690850	0.000000044708
1	21736588	23086882	506	28	0.0001968307	0.000000052180
1	23086883	23920589	214	27	0.0001523806	0.000000020094
1	23920590	25516844	498	28	0.0003936532	0.000000056300
1	25516845	27401866	385	28	0.0006444410	0.000000042516
1	27401867	30161880	523	28	-0.0000161743	0.000000039477
1	30161881	32438684	901	28	0.0002101643	0.000000061017
1	32438685	34799757	644	28	0.0001218170	0.000000058293
1	34799758	37549182	522	28	0.0001139436	0.000000045508
1	37549183	38731846	358	28	0.0001465909	0.000000032244
1	38731847	40200566	424	28	0.0002732537	0.000000040578
1	40200567	41975326	540	28	0.0002363995	0.000000048716
1	41975327	43758456	529	28	0.0001513171	0.000000041664
1	43758457	44969182	350	28	0.0001393022	0.000000029590
1	44969183	46899500	439	28	0.0001168095	0.000000027823
1	46899501	48002575	277	28	0.0002654434	0.000000028087
1	48002576	48978187	339	28	0.0001644447	0.000000033896
1	48978188	49894176	237	28	0.0000255579	0.000000020473
1	49894177	51713725	252	25	0.0001998166	0.000000019453
1	51713726	54226261	546	28	0.0003548425	0.000000052352
1	54226262	56413116	810	28	0.0001730404	0.000000055021
1	56413117	57021727	264	28	0.0001464954	0.000000019079
1	57021728	58865398	826	28	0.0001551745	0.000000060355
1	58865399	59890408	371	28	0.0002178648	0.000000033989
1	59890409	61922364	660	28	0.0001299977	0.000000057050
1	61922365	63455088	513	28	0.0027178202	0.000000098458
1	63455089	65041703	642	28	0.0000497630	0.000000047916
1	65041704	66939403	634	28	0.0001252136	0.000000050687
1	66939404	68477894	662	28	0.0002798120	0.000000053728
1	68477895	69687615	382	28	0.0001351174	0.000000035139
1	69687616	71372469	505	28	0.0000066871	0.000000040112
1	71372470	71684404	80	10	0.0000747980	0.000000006818
1	71684405	74326906	555	28	0.0001464399	0.000000031514
1	74326907	76728134	708	28	0.0001617276	0.000000047475
1	76728135	79661197	924	28	0.0001273284	0.000000056372
1	79661198	81354190	470	28	0.0000664269	0.000000039407
1	81354191	83991747	964	28	0.0002122799	0.000000060055
1	83991748	84844494	305	28	0.0001895511	0.000000027184
1	84844495	86454750	634	28	0.0001058581	0.000000052318
1	86454751	88128630	552	28	0.0001456810	0.000000047629
1	88128631	90066302	514	28	0.0000906892	0.000000040557
1	90066303	91886316	554	28	0.0003190194	0.000000052484
1	91886317	93536458	497	28	0.0002878416	0.000000038992
1	93536459	94506190	244	26	0.0000617012	0.000000016788
1	94506191	96150892	638	28	0.0000227139	0.000000051300
1	96150893	97885248	597	28	0.0002095548	0.000000043165
1	97885249	99800603	631	28	0.0001017462	0.000000048098
1	99800604	100826404	329	28	0.0001667369	0.000000027588
1	100826405	102041015	439	28	0.0001619913	0.000000038646
1	102041016	102898744	271	28	0.0002311982	0.000000028454
1	102898745	103914210	195	21	0.0000293900	0.000000014157
1	103914211	106087841	451	28	0.0000255831	0.000000036455
1	106087842	108409664	720	28	0.0000803058	0.000000056610
1	108409665	110303930	545	28	0.0003768645	0.000000035578
1	110303931	111741736	560	28	0.0000744121	0.000000050595
1	111741737	113273305	691	28	0.0002897791	0.000000059648
1	113273306	114873844	496	28	0.0002459143	0.000000046574
1	114873845	115880592	337	28	0.0000568676	0.000000023522
1	115880593	118839066	807	28	0.0003004421	0.000000062739
1	118839067	144977493	553	28	0.0002192680	0.000000034511
1	144977494	148361252	425	28	0.0003639315	0.000000043162
1	148361253	151538880	331	28	-0.0000007467	0.000000021939
1	151538881	153180828	449	28	0.0000783956	0.000000032520
1	153180829	154770402	443	28	0.0004922606	0.000000047324
1	154770403	156336132	280	28	0.0003218386	0.000000030711
1	156336133	158027411	576	28	0.0002120269	0.000000054497
1	158027412	159913047	664	28	0.0000972428	0.000000055274
1	159913048	162346720	847	28	0.0000623885	0.000000041259
1	162346721	165191701	1170	28	0.0000149753	0.000000052849
1	165191702	166460516	513	28	0.0001235962	0.000000048915
1	166460517	169086323	1078	28	0.0001156848	0.000000057225
1	169086324	170557775	543	28	0.0000784224	0.000000033140
1	170557776	173097906	886	28	0.0002975860	0.000000055795
1	173097907	175089767	399	28	0.0002466419	0.000000027414
1	175089768	177433380	763	28	0.0002081136	0.000000059859
1	177433381	178944308	483	28	0.0001096803	0.000000029944
1	178944309	178954469	2	1	0.0000072618	0.000000000579
1	178954470	181144120	712	28	0.0001321234	0.000000055965
1	181144121	182755355	577	28	0.0002802219	0.000000057086
1	182755356	184595512	607	28	0.0002990436	0.000000051392
1	184595513	186810022	499	28	0.0001895935	0.000000040695
1	186810023	188759944	610	28	0.0001092537	0.000000047379
1	188759945	189904129	216	17	0.0000538523	0.000000014219
1	189904130	191868929	536	28	0.0001172389	0.000000035748
1	191868930	194107441	575	28	0.0001076886	0.000000045170
1	194107442	196176200	576	28	0.0001775062	0.000000042036
1	196176201	197311513	188	16	0.0000946596	0.000000013154
1	197311514	199239883	499	28	0.0001046011	0.000000040615
1	199239884	200137648	294	28	0.0003529879	0.000000032678
1	200137649	201589974	682	28	0.0001256235	0.000000057938
1	201589975	203334733	590	28	0.0000416869	0.000000052649
1	203334734	204681067	469	28	0.0002335882	0.000000046098
1	204681068	206073264	559	28	0.0001602408	0.000000049236
1	206073265	208410363	598	28	0.0000724594	0.000000052046
1	208410364	210787749	903	28	0.0002576486	0.000000060600
1	210787750	212842329	685	28	0.0001267788	0.000000055959
1	212842330	214578265	604	28	0.0000375658	0.000000050088
1	214578266	216243633	578	28	0.0000973734	0.000000051290
1	216243634	218705512	1069	28	0.0001465412	0.000000057062
1	218705513	219590570	276	28	0.0001777413	0.000000023615
1	219590571	221858230	674	28	0.0005200828	0.000000057486
1	221858231	222230219	171	21	0.0002171097	0.000000021413
1	222230220	224938519	445	28	0.0002230865	0.000000040847
1	224938520	226810859	496	28	0.0002040644	0.000000043888
1	226810860	229156247	652	28	0.0002458113	0.000000055677
1	229156248	230685254	514	28	0.0009325101	0.000000058345
1	230685255	232090251	573	28	0.0002049979	0.000000050724
1	232090252	233429283	597	28	0.0001767100	0.000000059390
1	233429284	234599433	517	28	0.0002012591	0.000000051837
1	234599434	235819435	366	28	0.0000740852	0.000000033729
1	235819436	237555627	692	28	0.0002475251	0.000000062844
1	237555628	238567806	417	28	0.0002078589	0.000000043952
1	238567807	239925313	486	28	0.0002213900	0.000000049383
1	239925314	240564090	335	28	-0.0000297949	0.000000028461
1	240564091	241582219	504	28	0.0001431823	0.000000055248
1	241582220	242071601	207	28	0.0000103216	0.000000019930
1	242071602	244109498	599	28	0.0000336940	0.000000053299
1	244109499	245506745	497	28	0.0000135944	0.000000046952
1	245506746	247344517	667	28	0.0003141809	0.000000062458
1	247344518	249239465	384	28	0.0002264913	0.000000040080
2	10133	1781021	646	28	0.0001831921	0.000000046732
2	1781022	3973778	948	28	0.0000719818	0.000000056929
2	3973779	5708336	623	28	0.0000988330	0.000000056623
2	5708337	6836253	558	28	0.0001748422	0.000000049696
2	6836254	8422146	642	28	-0.0000298053	0.000000055356
2	8422147	10298468	657	28	0.0002035748	0.000000061758
2	10298469	12419149	950	28	0.0000866163	0.000000056706
2	12419150	14335307	589	28	0.0004491419	0.000000061121
2	14335308	16329734	734	28	0.0001622326	0.000000059894
2	16329735	18647422	853	28	0.0001819474	0.000000059851
2	18647423	19692403	380	28	0.0001488944	0.000000036330
2	19692404	21050489	627	28	0.0004919832	0.000000062100
2	21050490	23341382	622	28	0.0022167314	0.000000096258
2	23341383	24686917	436	28	0.0000346340	0.000000034098
2	24686918	26894984	541	28	0.0003388846	0.000000048630
2	26894985	28598776	406	28	0.0069607119	0.000000146458
2	28598777	29217558	247	28	0.0004373338	0.000000029247
2	29217559	30463710	626	28	0.0003925812	0.000000065783
2	30463711	31550449	521	28	0.0000710143	0.000000050225
2	31550450	33363776	482	28	0.0000748716	0.000000047388
2	33363777	35345027	796	28	0.0000228748	0.000000054862
2	35345028	36122005	289	28	0.0000045038	0.000000023713
2	36122006	38132711	917	28	0.0000404151	0.000000054500
2	38132712	39031336	320	28	0.0002399175	0.000000038347
2	39031337	40281482	299	28	0.0000914395	0.000000029929
2	40281483	43309589	1284	28	0.0002461452	0.000000055862
2	43309590	44313802	395	28	0.0003879382	0.000000027641
2	44313803	46482633	1054	28	0.0001231546	0.000000054245
2	46482634	47318771	408	28	-0.0000103840	0.000000041032
2	47318772	48213000	295	28	0.0001638282	0.000000034306
2	48213001	50022256	700	28	0.0001181502	0.000000057488
2	50022257	50818927	341	28	0.0002309326	0.000000036669
2	50818928	52491132	646	28	0.0000274054	0.000000054030
2	52491133	53508451	461	28	0.0000672870	0.000000042728
2	53508452	54685225	427	28	0.0001288559	0.000000042446
2	54685226	56203344	602	28	0.0001274371	0.000000051718
2	56203345	57429099	425	28	0.0001467004	0.000000042674
2	57429100	58297314	270	28	0.0002097953	0.000000029724
2	58297315	60291999	736	28	0.0002832275	0.000000060317
2	60292000	62429043	581	28	0.0004775054	0.000000061687
2	62429044	64625912	576	28	0.0000108493	0.000000048862
2	64625913	65933443	456	28	0.0002521600	0.000000045462
2	65933444	67226165	549	28	0.0002343795	0.000000050991
2	67226166	68010175	418	28	0.0001945939	0.000000038328
2	68010176	69139563	466	28	0.0001346337	0.000000040743
2	69139564	70755197	522	28	0.0001169015	0.000000043848
2	70755198	73174847	783	28	0.0001213101	0.000000058609
2	73174848	75630085	698	28	0.0001335409	0.000000059242
2	75630086	76913660	513	28	0.0002052163	0.000000049836
2	76913661	78079263	390	28	0.0001952770	0.000000043923
2	78079264	80050402	818	28	0.0002061835	0.000000059779
2	80050403	81620840	573	28	0.0001947148	0.000000058043
2	81620841	85140679	886	28	0.0000751752	0.000000050721
2	85140680	88038506	616	28	0.0000749797	0.000000045226
2	88038507	89154525	242	28	0.0001614800	0.000000023017
2	89154526	95326451	4	2	0.0000029393	0.000000001132
2	95326452	98995200	420	28	0.0001416556	0.000000034215
2	98995201	101822328	887	28	0.0001045685	0.000000059086
2	101822329	102688764	256	28	0.0001210491	0.000000021489
2	102688765	103588214	396	28	0.0001518912	0.000000028082
2	103588215	105125033	304	28	0.0002357041	0.000000031706
2	105125034	106210057	397	28	0.0000687501	0.000000035864
2	106210058	107408266	439	28	0.0001984116	0.000000040022
2	107408267	108429176	351	28	0.0000479317	0.000000026395
2	108429177	110572431	519	28	0.0000674833	0.000000041829
2	110572432	113921855	762	28	0.0002807139	0.000000061510
2	113921856	116772469	742	28	-0.0000343640	0.000000053783
2	116772470	118367465	393	28	0.0000878057	0.000000028635
2	118367466	121303782	985	28	0.0000868270	0.000000057017
2	121303783	123302905	570	28	0.0001310849	0.000000051089
2	123302906	124732249	425	28	0.0000046532	0.000000029116
2	124732250	125840920	377	28	0.0002633041	0.000000037946
2	125840921	127373763	407	28	0.0001246441	0.000000028952
2	127373764	128034346	257	28	0.0002150472	0.000000027277
2	128034347	129474440	422	28	0.0001693865	0.000000036233
2	129474441	130067169	220	26	0.0001137711	0.000000018262
2	130067170	130658084	201	26	0.0003846344	0.000000026777
2	130658085	133042783	203	28	0.0001313956	0.000000022291
2	133042784	135158577	901	28	0.0000710315	0.000000057224
2	135158578	137042793	442	28	0.0001008086	0.000000029554
2	137042794	138698116	589	28	0.0002999012	0.000000054388
2	138698117	140100270	429	28	0.0002065288	0.000000033233
2	140100271	141805350	561	28	0.0002010706	0.000000052526
2	141805351	142518601	293	28	0.0000819417	0.000000028095
2	142518602	144519483	645	28	0.0000985047	0.000000052142
2	144519484	146445569	437	28	0.0001899675	0.000000039210
2	146445570	147277161	151	15	0.0001319779	0.000000014963
2	147277162	150210291	649	28	0.0002296160	0.000000052658
2	150210292	151731461	468	28	0.0000562065	0.000000038132
2	151731462	152486781	279	28	0.0002462022	0.000000026649
2	152486782	154005055	466	28	0.0000351197	0.000000039127
2	154005056	155391134	484	28	0.0001567370	0.000000043804
2	155391135	157560634	546	28	0.0001216367	0.000000045982
2	157560635	158533217	171	25	0.0003065388	0.000000024983
2	158533218	159577081	328	28	0.0002961297	0.000000034961
2	159577082	161769732	704	28	0.0003071575	0.000000057439
2	161769733	163503550	386	28	0.0000651352	0.000000026600
2	163503551	164466637	191	23	0.0000162959	0.000000015927
2	164466638	165178839	173	21	0.0001105177	0.000000015427
2	165178840	167160269	613	28	0.0003284964	0.000000050206
2	167160270	167355969	72	10	0.0000361999	0.000000006974
2	167355970	169968235	817	28	0.0000673201	0.000000048965
2	169968236	171226244	475	28	0.0000811339	0.000000041282
2	171226245	173138904	558	28	0.0002366829	0.000000054164
2	173138905	175588928	822	28	0.0002019742	0.000000059489
2	175588929	177363635	521	28	0.0000997016	0.000000043580
2	177363636	178553182	460	28	0.0002150807	0.000000039496
2	178553183	181312738	994	28	0.0001574380	0.000000057138
2	181312739	182266030	297	28	0.0001324597	0.000000025588
2	182266031	184357607	600	28	0.0001401950	0.000000052461
2	184357608	185280172	232	25	0.0000120569	0.000000017538
2	185280173	189882064	943	28	0.0002835064	0.000000062035
2	189882065	191973356	485	28	0.0002646204	0.000000042223
2	191973357	195861163	699	28	0.0002490927	0.000000061130
2	195861164	196447455	152	19	0.0002482714	0.000000019625
2	196447456	198078109	436	28	0.0001721046	0.000000034977
2	198078110	199311124	301	26	0.0001136813	0.000000021289
2	199311125	201576283	618	28	0.0001749438	0.000000052780
2	201576284	202818636	306	28	0.0003102946	0.000000032724
2	202818637	205799240	737	28	0.0002726276	0.000000048807
2	205799241	206735703	395	28	0.0002143627	0.000000044272
2	206735704	208645398	636	28	0.0000695864	0.000000055293
2	208645399	209941528	324	28	0.0001563967	0.000000031656
2	209941529	212379517	733	28	0.0002085621	0.000000058992
2	212379518	214014281	618	28	0.0003093231	0.000000061942
2	214014282	215573794	436	28	0.0002924008	0.000000044713
2	215573795	217715660	778	28	0.0001298768	0.000000058004
2	217715661	218395479	273	28	0.0001386230	0.000000028505
2	218395480	220454550	562	28	0.0003933946	0.000000051819
2	220454551	222521175	841	28	0.0002590088	0.000000061931
2	222521176	224859418	775	28	0.0001863832	0.000000060748
2	224859419	225840003	345	28	0.0001888412	0.000000028912
2	225840004	228119841	718	28	0.0005648848	0.000000060281
2	228119842	229370786	438	28	0.0001732013	0.000000037510
2	229370787	231843388	909	28	0.0000540853	0.000000056767
2	231843389	233550002	454	28	0.0001661990	0.000000039399
2	233550003	235150986	765	28	0.0000690483	0.000000056260
2	235150987	236043549	419	28	0.0000911871	0.000000044710
2	236043550	237449031	450	28	0.0002505054	0.000000046584
2	237449032	238760980	526	28	0.0001466563	0.000000049387
2	238760981	239952642	402	28	0.0001567355	0.000000039800
2	239952643	241560083	626	28	0.0000522444	0.000000056987
2	241560084	242149920	197	28	0.0000436098	0.000000017087
2	242149921	243188919	121	14	0.0000296192	0.000000010673
3	60157	1441778	614	28	0.0000847033	0.000000056753
3	1441779	2992119	882	28	0.0001335920	0.000000058352
3	2992120	4431646	760	28	0.0001111527	0.000000059135
3	4431647	6083182	751	28	0.0000866611	0.000000058435
3	6083183	7083386	426	28	0.0000806616	0.000000043916
3	7083387	8648560	850	28	0.0000357011	0.000000054390
3	8648561	9543182	469	28	0.0000846584	0.000000048215
3	9543183	11019664	557	28	0.0000871206	0.000000056821
3	11019665	13070798	714	28	0.0005917229	0.000000060010
3	13070799	14816899	777	28	0.0001493386	0.000000060267
3	14816900	16282441	519	28	0.0001812621	0.000000034899
3	16282442	17891117	489	28	0.0003207075	0.000000047609
3	17891118	19125143	338	28	0.0001683310	0.000000033132
3	19125144	20091347	190	24	0.0000604467	0.000000019669
3	20091348	21643706	631	28	0.0000216498	0.000000053856
3	21643707	22204243	377	28	0.0002120992	0.000000041113
3	22204244	23804864	521	28	0.0001001245	0.000000049938
3	23804865	25461557	737	28	0.0003649812	0.000000063359
3	25461558	26877768	462	28	0.0003234969	0.000000046598
3	26877769	27840909	262	28	0.0002041252	0.000000027245
3	27840910	29142259	440	28	0.0000965140	0.000000044403
3	29142260	30717954	671	28	0.0003535852	0.000000061335
3	30717955	32351714	648	28	0.0001463213	0.000000057435
3	32351715	33255591	269	28	0.0000996042	0.000000027902
3	33255592	35283457	572	28	0.0003739002	0.000000055200
3	35283458	36486841	400	28	0.0002104090	0.000000039318
3	36486842	38356115	578	28	0.0002410235	0.000000051692
3	38356116	40221297	634	28	0.0001418877	0.000000039797
3	40221298	41064527	144	15	0.0000222116	0.000000012415
3	41064528	42540001	442	28	0.0000407798	0.000000035514
3	42540002	45165152	685	28	0.0003018959	0.000000058015
3	45165153	46657499	496	28	0.0002485505	0.000000044213
3	46657500	47727211	170	17	0.0001526956	0.000000014322
3	47727212	49316971	241	15	0.0000728345	0.000000011766
3	49316972	51832014	422	24	0.0001873892	0.000000021948
3	51832015	54081389	585	28	0.0002642609	0.000000036936
3	54081390	55348859	648	28	0.0001014809	0.000000056612
3	55348860	56433906	362	28	0.0002476150	0.000000039235
3	56433907	58157518	524	28	0.0002117560	0.000000043764
3	58157519	60272905	957	28	-0.0000243807	0.000000053204
3	60272906	62355665	966	28	0.0001111210	0.000000057403
3	62355666	63669285	659	28	0.0000511022	0.000000054527
3	63669286	65273537	748	28	0.0001614372	0.000000055595
3	65273538	66270446	343	28	0.0002635402	0.000000042208
3	66270447	68286913	632	28	0.0002123013	0.000000060169
3	68286914	69276761	357	28	0.0000432113	0.000000035219
3	69276762	70449027	385	28	0.0002041486	0.000000041256
3	70449028	72529328	780	28	0.0001495951	0.000000056871
3	72529329	74321816	713	28	0.0000522031	0.000000056383
3	74321817	75704948	268	28	0.0000842544	0.000000024095
3	75704949	77508834	480	28	0.0001235868	0.000000046269
3	77508835	79024540	397	28	0.0000299048	0.000000032244
3	79024541	81427309	487	28	0.0002588320	0.000000038334
3	81427310	82643885	294	27	0.0001628766	0.000000023636
3	82643886	84367478	313	28	0.0000813292	0.000000024294
3	84367479	85582230	251	22	0.0000018618	0.000000017172
3	85582231	87409731	446	28	0.0000903812	0.000000029386
3	87409732	88298372	184	18	0.0000793592	0.000000013888
3	88298373	94255315	456	28	-0.0000000953	0.000000031582
3	94255316	95311970	216	18	0.0000963675	0.000000016972
3	95311971	98215949	558	28	0.0000858833	0.000000041169
3	98215950	99373761	323	28	0.0003230790	0.000000031904
3	99373762	100592216	322	28	0.0002857552	0.000000027375
3	100592217	103084959	648	28	0.0001416632	0.000000049451
3	103084960	104581612	411	28	0.0001383324	0.000000034069
3	104581613	106982810	702	28	0.0001498070	0.000000060784
3	106982811	109522394	748	28	0.0001398760	0.000000058202
3	109522395	110513769	248	25	0.0001902398	0.000000020589
3	110513770	112815698	678	28	0.0000638005	0.000000052417
3	112815699	113947862	363	28	0.0002589964	0.000000035329
3	113947863	115447079	395	28	0.0001342839	0.000000038820
3	115447080	116800152	512	28	0.0002710541	0.000000050041
3	116800153	118530250	562	28	0.0001365306	0.000000053244
3	118530251	120523054	655	28	0.0001231629	0.000000046582
3	120523055	121974096	362	28	0.0000516536	0.000000022368
3	121974097	123517767	514	28	0.0001797887	0.000000038616
3	123517768	124936641	613	28	0.0002492764	0.000000055468
3	124936642	126214942	372	28	0.0000268071	0.000000029403
3	126214943	128194860	653	28	0.0000990779	0.000000053526
3	128194861	130244734	413	28	0.0000859831	0.000000032861
3	130244735	131836515	538	28	0.0000392531	0.000000039114
3	131836516	133252172	506	28	0.0002242424	0.000000042699
3	133252173	135456905	851	28	0.0001740707	0.000000058433
3	135456906	137371082	431	28	0.0005057583	0.000000039670
3	137371083	139954596	832	28	0.0000907493	0.000000052360
3	139954597	141339096	468	28	0.0002061743	0.000000043095
3	141339097	143164627	611	28	0.0004363941	0.000000063251
3	143164628	144410815	387	28	0.0001543094	0.000000035526
3	144410816	145664618	351	28	0.0002658187	0.000000032644
3	145664619	146726628	329	28	0.0002201934	0.000000031248
3	146726629	149043236	674	28	0.0000992238	0.000000057790
3	149043237	150252003	421	28	0.0003684421	0.000000045516
3	150252004	151348729	362	28	0.0002889164	0.000000037193
3	151348730	153256570	559	28	0.0001702678	0.000000049350
3	153256571	154714217	400	28	-0.0000002673	0.000000025595
3	154714218	156008699	325	28	0.0001840325	0.000000032188
3	156008700	157312027	439	28	0.0002215304	0.000000036580
3	157312028	159477889	633	28	0.0000410606	0.000000041786
3	159477890	161524503	562	28	0.0002534111	0.000000042238
3	161524504	163253204	469	28	0.0001272311	0.000000034482
3	163253205	165055468	431	28	0.0000426883	0.000000024972
3	165055469	167117428	447	28	0.0003071442	0.000000040358
3	167117429	168580959	355	28	0.0001823731	0.000000031210
3	168580960	170964908	707	28	0.0003502835	0.000000052126
3	170964909	172295730	503	28	0.0000847850	0.000000047262
3	172295731	173477284	375	28	0.0000296899	0.000000034776
3	173477285	175116538	593	28	0.0000968338	0.000000057870
3	175116539	176320286	336	28	0.0002981885	0.000000035259
3	176320287	178107164	533	28	0.0003520188	0.000000055201
3	178107165	179374585	381	28	0.0000189346	0.000000030226
3	179374586	181511165	458	28	0.0001207415	0.000000038363
3	181511166	183769682	648	28	0.0001556654	0.000000054600
3	183769683	185068254	402	28	0.0002644236	0.000000043177
3	185068255	186890343	649	28	0.0001973480	0.000000049524
3	186890344	188856213	795	28	0.0000568629	0.000000056131
3	188856214	190226606	611	28	0.0000956259	0.000000056762
3	190226607	192343813	731	28	0.0001321028	0.000000057436
3	192343814	194059670	494	28	0.0002267771	0.000000053329
3	194059671	194786673	250	28	-0.0000058285	0.000000021935
3	194786674	195971407	214	28	0.0001907244	0.000000024278
3	195971408	197075986	271	28	0.0002242997	0.000000029308
3	197075987	197946621	173	27	0.0001887507	0.000000023042
4	10240	694714	98	12	0.0000672568	0.000000011262
4	694715	1478710	204	24	0.0003106733	0.000000023208
4	1478711	2842978	238	28	0.0001331911	0.000000025834
4	2842979	3846039	242	28	0.0006980103	0.000000041600
4	3846040	4684115	219	28	0.0000597129	0.000000023315
4	4684116	5502387	386	28	0.0000514358	0.000000039191
4	5502388	6773042	666	28	0.0000931147	0.000000054681
4	6773043	7539691	401	28	0.0000028410	0.000000043981
4	7539692	8152234	338	28	0.0000689114	0.000000037317
4	8152235	9326478	232	28	0.0000592819	0.000000023634
4	9326479	10699151	496	28	0.0001647886	0.000000039892
4	10699152	12323033	637	28	0.0001858410	0.000000059232
4	12323034	14272000	706	28	-0.0000070824	0.000000054545
4	14272001	15147445	376	28	0.0000324901	0.000000033945
4	15147446	15927008	246	28	0.0000432834	0.000000022469
4	15927009	17383321	654	28	-0.0001089393	0.000000051898
4	17383322	18841873	409	28	0.0001327224	0.000000035262
4	18841874	20544556	463	28	0.0002555914	0.000000040040
4	20544557	22319346	662	28	0.0002752000	0.000000060667
4	22319347	24135528	597	28	0.0000993752	0.000000051638
4	24135529	25609321	588	28	0.0001025813	0.000000056057
4	25609322	27343721	558	28	0.0002022082	0.000000055746
4	27343722	27965867	199	28	0.0001683023	0.000000022911
4	27965868	29762207	525	28	0.0004189477	0.000000053422
4	29762208	30454534	157	24	0.0001619601	0.000000017568
4	30454535	31782980	401	28	0.0002533601	0.000000041721
4	31782981	33172765	312	28	0.0001148452	0.000000029463
4	33172766	35151414	359	28	0.0001420451	0.000000026427
4	35151415	36020435	273	28	0.0000403863	0.000000020696
4	36020436	37255046	423	28	0.0000372814	0.000000031675
4	37255047	38907021	777	28	0.0000750672	0.000000054933
4	38907022	40202608	376	28	0.0004075019	0.000000038989
4	40202609	42213057	698	28	0.0000326822	0.000000056142
4	42213058	43965044	522	28	0.0003532941	0.000000049443
4	43965045	45189156	337	28	0.0003248072	0.000000027379
4	45189157	47411895	447	28	0.0003213518	0.000000040129
4	47411896	48123599	212	25	0.0000610051	0.000000016565
4	48123600	53877432	469	28	0.0001709333	0.000000036990
4	53877433	55429555	524	28	0.0002305262	0.000000046393
4	55429556	56547643	354	28	0.0001548148	0.000000033610
4	56547644	58935007	829	28	0.0000418522	0.000000055738
4	58935008	60741086	450	28	0.0000724312	0.000000035030
4	60741087	62371762	423	28	0.0000272213	0.000000034330
4	62371763	64341000	428	28	0.0002247898	0.000000041218
4	64341001	66600491	497	28	0.0000880674	0.000000038597
4	66600492	68059496	384	28	0.0001866245	0.000000033110
4	68059497	68854764	233	28	0.0001234451	0.000000020330
4	68854765	71049151	509	28	0.0003088320	0.000000040021
4	71049152	72140557	212	27	0.0001000014	0.000000017404
4	72140558	74592389	482	28	0.0002643518	0.000000042659
4	74592390	77130706	709	28	0.0000426637	0.000000051673
4	77130707	79093978	708	28	0.0002101309	0.000000060413
4	79093979	80990296	544	28	0.0000808672	0.000000039834
4	80990297	82125314	239	28	0.0000348349	0.000000017971
4	82125315	83372592	355	28	0.0002523893	0.000000035910
4	83372593	84799655	468	28	0.0001137103	0.000000039224
4	84799656	86930608	574	28	0.0000626550	0.000000043834
4	86930609	87534647	135	18	0.0003219465	0.000000017882
4	87534648	89238027	559	28	0.0009813364	0.000000060424
4	89238028	90231563	314	28	0.0003183603	0.000000033565
4	90231564	91560676	334	28	0.0001886690	0.000000029663
4	91560677	94233298	557	28	0.0000577905	0.000000047064
4	94233299	96182187	594	28	0.0002865320	0.000000059268
4	96182188	97540702	485	28	0.0000924989	0.000000042221
4	97540703	99424066	396	28	0.0001152818	0.000000027613
4	99424067	100678359	400	28	0.0002991938	0.000000036288
4	100678360	103221355	780	28	0.0001653862	0.000000054674
4	103221356	105305293	472	28	0.0003296441	0.000000039959
4	105305294	107501304	570	28	0.0002104403	0.000000045573
4	107501305	108815347	356	28	-0.0000258758	0.000000024364
4	108815348	111256566	746	28	0.0001716685	0.000000059385
4	111256567	113870101	706	28	-0.0000057276	0.000000052968
4	113870102	115666245	596	28	0.0000876171	0.000000053587
4	115666246	117276928	330	28	0.0000956579	0.000000025329
4	117276929	118479917	335	28	0.0000531897	0.000000026142
4	118479918	119933511	405	28	0.0000424508	0.000000029279
4	119933512	120392683	146	16	0.0000877533	0.000000011787
4	120392684	122657986	685	28	0.0001864125	0.000000059241
4	122657987	124286480	376	28	0.0002644366	0.000000032865
4	124286481	125210861	256	28	0.0002539090	0.000000027019
4	125210862	126480885	384	28	0.0000670138	0.000000033058
4	126480886	127275476	219	28	0.0000784977	0.000000020459
4	127275477	127830292	161	22	0.0000252652	0.000000013440
4	127830293	128996664	190	15	0.0001083980	0.000000018562
4	128996665	130591884	438	28	0.0001570432	0.000000038233
4	130591885	131283820	183	22	0.0001098632	0.000000018473
4	131283821	132954032	349	28	0.0002461738	0.000000036353
4	132954033	134628433	368	28	0.0001509952	0.000000031797
4	134628434	136566406	420	28	0.0004379092	0.000000042684
4	136566407	138541970	508	28	0.0001170555	0.000000044767
4	138541971	139556510	350	28	0.0001175327	0.000000034135
4	139556511	141084630	487	28	0.0000277586	0.000000043819
4	141084631	143443264	696	28	0.0001684839	0.000000059323
4	143443265	146178186	501	28	-0.0000693219	0.000000027571
4	146178187	148521872	606	28	0.0002463468	0.000000051453
4	148521873	150683579	515	28	0.0001144455	0.000000045192
4	150683580	152782183	496	28	0.0001410445	0.000000034180
4	152782184	154477640	492	28	0.0002472356	0.000000048731
4	154477641	155056125	198	27	0.0002678096	0.000000024701
4	155056126	157485096	778	28	0.0001785923	0.000000056690
4	157485097	158743717	313	28	0.0000619700	0.000000027153
4	158743718	161058863	512	28	-0.0000155222	0.000000036067
4	161058864	161826434	262	28	0.0001650197	0.000000027475
4	161826435	163243678	432	28	0.0001804365	0.000000038970
4	163243679	164478233	322	28	0.0002885286	0.000000034935
4	164478234	165823447	407	28	0.0001317417	0.000000041101
4	165823448	167018857	355	28	0.0000735617	0.000000033110
4	167018858	167852916	182	25	0.0001417592	0.000000018259
4	167852917	169676824	569	28	0.0000316230	0.000000049302
4	169676825	170776509	307	28	-0.0000144539	0.000000024575
4	170776510	172558634	406	28	0.0001933884	0.000000035788
4	172558635	174264131	387	28	0.0001179447	0.000000033008
4	174264132	176570715	620	28	0.0004534912	0.000000068142
4	176570716	178991909	803	28	0.0001528796	0.000000057644
4	178991910	180122042	315	28	0.0001692609	0.000000034936
4	180122043	182066806	797	28	0.0002217400	0.000000058762
4	182066807	183371274	699	28	0.0000543742	0.000000056545
4	183371275	184929454	570	28	0.0001051581	0.000000060198
4	184929455	186909089	843	28	0.0001910019	0.000000061662
4	186909090	188472980	598	28	0.0001125786	0.000000056097
4	188472981	189693510	397	28	0.0001399269	0.000000042585
4	189693511	191043593	287	28	0.0002727044	0.000000032460
5	11940	982251	211	24	0.0000449109	0.000000018598
5	982252	2132441	437	28	0.0001251251	0.000000048012
5	2132442	3361940	775	28	-0.0000394946	0.000000056010
5	3361941	4632109	521	28	0.0001753545	0.000000050036
5	4632110	5973232	681	28	0.0000926006	0.000000056611
5	5973233	7143217	561	28	0.0000852637	0.000000049433
5	7143218	8446335	571	28	0.0002540668	0.000000054363
5	8446336	9718831	587	28	0.0001939012	0.000000054980
5	9718832	11173270	714	28	0.0001751985	0.000000059827
5	11173271	13464831	557	28	0.0001511534	0.000000049879
5	13464832	14757803	572	28	0.0002045177	0.000000054041
5	14757804	16963612	736	28	0.0001149444	0.000000056294
5	16963613	18051591	262	28	0.0001743476	0.000000028568
5	18051592	19917715	536	28	0.0001430605	0.000000043059
5	19917716	22152072	439	28	0.0001059237	0.000000035887
5	22152073	23494323	396	28	0.0002555693	0.000000037100
5	23494324	26184850	639	28	0.0000083782	0.000000049930
5	26184851	26857603	150	22	0.0001674259	0.000000017707
5	26857604	27984512	215	28	0.0004047012	0.000000029661
5	27984513	29714819	396	28	0.0002059537	0.000000033706
5	29714820	31390248	561	28	0.0001940136	0.000000048241
5	31390249	33500179	797	28	0.0002182040	0.000000053062
5	33500180	35048969	535	28	0.0001301139	0.000000050986
5	35048970	36433953	469	28	0.0001114151	0.000000038354
5	36433954	38802409	735	28	0.0001127495	0.000000057669
5	38802410	40287728	526	28	0.0002600672	0.000000043978
5	40287729	41888709	523	28	0.0001350844	0.000000036128
5	41888710	43983498	391	28	0.0000748504	0.000000028386
5	43983499	50163397	409	28	0.0001694889	0.000000029368
5	50163398	52134621	552	28	0.0000324197	0.000000041146
5	52134622	53703043	592	28	0.0003557667	0.000000055426
5	53703044	55417348	574	28	0.0000661324	0.000000044297
5	55417349	56621101	490	28	0.0006019010	0.000000053025
5	56621102	57340072	261	28	0.0001307803	0.000000022307
5	57340073	58524621	521	28	0.0002304667	0.000000047060
5	58524622	60935906	674	28	0.0003790989	0.000000060706
5	60935907	61672994	260	27	-0.0000445566	0.000000018050
5	61672995	63218986	471	28	0.0000747460	0.000000033737
5	63218987	63968303	174	19	0.0000744493	0.000000015503
5	63968304	65911285	595	28	0.0000846146	0.000000045087
5	65911286	67850859	760	28	0.0002530444	0.000000061508
5	67850860	71240455	425	28	0.0002375986	0.000000039460
5	71240456	73759325	936	28	0.0002337431	0.000000059886
5	73759326	75798865	660	28	0.0001324652	0.000000042122
5	75798866	77623331	692	28	0.0000210014	0.000000052822
5	77623332	79393143	631	28	0.0002112984	0.000000060016
5	79393144	80481470	436	28	-0.0000799175	0.000000034822
5	80481471	82025647	484	28	0.0001618817	0.000000045858
5	82025648	83972688	512	28	0.0001101579	0.000000051437
5	83972689	85767289	485	28	0.0002782262	0.000000046312
5	85767290	87389990	267	28	-0.0000259658	0.000000020115
5	87389991	88891529	298	28	0.0002116348	0.000000026018
5	88891530	90422653	413	28	0.0002069167	0.000000037279
5	90422654	91840541	260	28	0.0001748387	0.000000026640
5	91840542	93809983	401	28	0.0002007820	0.000000033487
5	93809984	95963518	669	28	0.0001502042	0.000000058691
5	95963519	97315600	399	28	0.0000069235	0.000000028117
5	97315601	99260991	468	28	0.0002267223	0.000000039466
5	99260992	101578768	491	28	0.0003966460	0.000000047112
5	101578769	103320004	461	28	0.0002045027	0.000000039296
5	103320005	104851482	403	28	0.0003006102	0.000000040848
5	104851483	105893054	163	21	0.0001372320	0.000000019502
5	105893055	107264195	547	28	0.0002143689	0.000000057755
5	107264196	108633933	376	28	0.0001856444	0.000000035836
5	108633934	110821143	606	28	0.0000539504	0.000000051379
5	110821144	111981561	409	28	0.0001672350	0.000000041251
5	111981562	113396284	523	28	0.0002900245	0.000000051829
5	113396285	114830369	504	28	0.0000660486	0.000000041074
5	114830370	115831046	420	28	0.0000801771	0.000000038142
5	115831047	117346212	537	28	0.0000529139	0.000000050545
5	117346213	118608819	362	28	0.0001623690	0.000000036985
5	118608820	119669041	323	28	0.0003471445	0.000000037440
5	119669042	120452165	223	24	0.0000816703	0.000000022257
5	120452166	122556904	644	28	0.0000704104	0.000000056447
5	122556905	123798099	427	28	0.0000881254	0.000000037034
5	123798100	125785648	808	28	0.0000445338	0.000000056435
5	125785649	127344603	417	28	0.0000372828	0.000000034135
5	127344604	129519024	629	28	0.0000142749	0.000000043861
5	129519025	132139648	590	28	0.0001773063	0.000000038016
5	132139649	134777400	869	28	0.0001322477	0.000000056426
5	134777401	136376049	571	28	0.0000508239	0.000000044313
5	136376050	139265071	669	28	0.0001976456	0.000000050217
5	139265072	140645970	336	28	-0.0000143474	0.000000020220
5	140645971	142981247	884	28	0.0000354529	0.000000054044
5	142981248	144943353	613	28	0.0000020998	0.000000045784
5	144943354	147181997	707	28	0.0000863513	0.000000057917
5	147181998	148662623	534	28	0.0001218932	0.000000045655
5	148662624	150561297	809	28	0.0003896480	0.000000063879
5	150561298	152867773	809	28	0.0000342869	0.000000054295
5	152867774	153773087	419	28	0.0000047050	0.000000028219
5	153773088	155373504	548	28	0.0002119871	0.000000051076
5	155373505	156628699	366	28	0.0009362725	0.000000046454
5	156628700	158825697	851	28	0.0003442288	0.000000055401
5	158825698	159973943	406	28	0.0000572865	0.000000037895
5	159973944	161482132	500	28	0.0001250826	0.000000040576
5	161482133	162743907	347	28	-0.0000207301	0.000000028914
5	162743908	163771581	371	28	0.0001098759	0.000000035463
5	163771582	165642394	530	28	0.0002234600	0.000000057503
5	165642395	166847739	411	28	0.0002035306	0.000000046863
5	166847740	168525317	741	28	0.0002839564	0.000000061159
5	168525318	169505663	468	28	0.0000726406	0.000000044443
5	169505664	171074291	637	28	0.0001663805	0.000000058717
5	171074292	172678326	650	28	0.0000387806	0.000000054326
5	172678327	173642870	482	28	0.0002676170	0.000000043496
5	173642871	175450594	790	28	0.0002234145	0.000000064826
5	175450595	177251506	322	28	0.0001746240	0.000000030477
5	177251507	178413463	418	28	0.0001595449	0.000000043833
5	178413464	179401243	329	28	-0.0000677129	0.000000030819
5	179401244	180559932	306	28	0.0002643317	0.000000033621
5	180559933	180885155	41	9	-0.0000208301	0.000000003810
6	73924	1452361	652	28	0.0001444429	0.000000057679
6	1452362	2458935	426	28	0.0000676691	0.000000037696
6	2458936	3573592	553	28	0.0000016072	0.000000052105
6	3573593	4617816	503	28	0.0001228929	0.000000047127
6	4617817	5791471	570	28	0.0001715233	0.000000057213
6	5791472	6785206	579	28	0.0002524179	0.000000057881
6	6785207	7808935	495	28	0.0001709683	0.000000045295
6	7808936	9020025	492	28	0.0002643018	0.000000045488
6	9020026	10540316	598	28	0.0000580671	0.000000053792
6	10540317	11790815	532	28	0.0002542661	0.000000053962
6	11790816	13209387	584	28	0.0000839542	0.000000036141
6	13209388	14802923	660	28	0.0002477784	0.000000055685
6	14802924	17386404	962	28	0.0002296724	0.000000057983
6	17386405	19207486	622	28	0.0003124207	0.000000052535
6	19207487	21684064	1006	28	0.0002069565	0.000000040832
6	21684065	22748306	509	28	0.0003268860	0.000000055944
6	22748307	23936618	481	28	0.0002009658	0.000000050522
6	23936619	24852274	388	28	0.0001394989	0.000000039143
6	24852275	25684586	443	28	0.0003431343	0.000000031314
6	25684587	26791232	461	28	0.0001424546	0.000000015959
6	26791233	28017818	270	19	0.0001139448	0.000000011504
6	28017819	28917607	306	20	0.0001861575	0.000000013516
6	28917608	29737970	496	28	0.0003190784	0.000000023821
6	29737971	30798167	852	28	0.0004245992	0.000000033409
6	30798168	31571217	731	28	0.0014205313	0.000000051882
6	31571218	32682663	659	28	0.0014571270	0.000000048513
6	32682664	33236496	585	28	0.0007860007	0.000000037366
6	33236497	35455755	729	28	0.0002657528	0.000000048928
6	35455756	37572595	783	28	0.0003030848	0.000000058150
6	37572596	39295676	741	28	0.0001057621	0.000000054367
6	39295677	40345114	390	28	0.0000958209	0.000000035586
6	40345115	42038720	701	28	0.0001825420	0.000000059571
6	42038721	43756168	421	28	0.0000713768	0.000000035404
6	43756169	45406562	555	28	0.0002721298	0.000000056159
6	45406563	47311897	742	28	0.0001002590	0.000000058346
6	47311898	48391124	337	28	0.0000857330	0.000000025406
6	48391125	50386144	483	28	0.0002931467	0.000000037303
6	50386145	52210475	602	28	0.0001323596	0.000000034773
6	52210476	53279101	419	28	0.0002255911	0.000000038284
6	53279102	55468269	838	28	0.0002493329	0.000000060271
6	55468270	56105312	204	20	0.0003072405	0.000000021437
6	56105313	57599464	359	28	0.0001455331	0.000000030516
6	57599465	61880511	116	9	0.0001100025	0.000000009836
6	61880512	63552887	328	22	0.0003284398	0.000000030445
6	63552888	65765741	439	28	0.0001556384	0.000000034521
6	65765742	67329214	475	28	0.0002709503	0.000000042994
6	67329215	68849482	454	28	0.0002800551	0.000000040896
6	68849483	69523447	210	26	0.0000036127	0.000000016180
6	69523448	71609509	721	28	-0.0000032697	0.000000051521
6	71609510	73450096	618	28	0.0000568372	0.000000038665
6	73450097	75462002	556	28	0.0000404345	0.000000041371
6	75462003	77414880	436	28	0.0000715962	0.000000030700
6	77414881	78957727	481	28	0.0000977216	0.000000031200
6	78957728	80691169	571	28	0.0004026003	0.000000052389
6	80691170	81929221	359	27	0.0000546931	0.000000021992
6	81929222	83127148	342	28	0.0000913169	0.000000028487
6	83127149	85209988	544	28	0.0001322519	0.000000041734
6	85209989	87069499	587	28	0.0003556619	0.000000043699
6	87069500	88822139	529	28	0.0001146541	0.000000040567
6	88822140	89973051	423	28	0.0001280515	0.000000038767
6	89973052	91843195	714	28	0.0000692552	0.000000057320
6	91843196	93428643	461	28	0.0002997593	0.000000046306
6	93428644	94118141	279	28	0.0001004966	0.000000024600
6	94118142	94441174	81	8	0.0000456354	0.000000006430
6	94441175	97093510	608	28	0.0000992700	0.000000046790
6	97093511	97842283	226	26	0.0000268267	0.000000016793
6	97842284	100630145	777	28	0.0002761913	0.000000061562
6	100630146	102636771	479	28	0.0001156678	0.000000040527
6	102636772	103983394	328	28	0.0001395983	0.000000026903
6	103983395	106056732	632	28	0.0000516020	0.000000049760
6	106056733	107450305	603	28	0.0001813003	0.000000058229
6	107450306	108464379	334	28	0.0000216375	0.000000029428
6	108464380	110304246	509	28	0.0003818219	0.000000044535
6	110304247	112345013	594	28	0.0002069972	0.000000052258
6	112345014	114220832	612	28	0.0001316198	0.000000049280
6	114220833	116131395	470	28	0.0002675568	0.000000037528
6	116131396	117672971	451	28	0.0001758836	0.000000034800
6	117672972	118963114	359	28	0.0000909292	0.000000018020
6	118963115	119963277	305	28	0.0000401339	0.000000019063
6	119963278	120512127	163	18	0.0000155960	0.000000011915
6	120512128	121905675	365	28	-0.0000410055	0.000000022916
6	121905676	123856180	574	28	0.0000949171	0.000000043251
6	123856181	125424382	584	28	0.0001210348	0.000000058343
6	125424383	127540460	450	28	0.0002940966	0.000000034579
6	127540461	129861030	588	28	0.0000083907	0.000000046927
6	129861031	130935453	484	28	0.0003587343	0.000000050465
6	130935454	132765668	588	28	0.0002323254	0.000000053302
6	132765669	134244242	571	28	0.0002310934	0.000000045301
6	134244243	136224176	573	28	0.0001166978	0.000000055634
6	136224177	137614217	329	28	0.0002335345	0.000000037851
6	137614218	138822628	460	28	0.0001341131	0.000000045235
6	138822629	139845435	375	28	0.0007253731	0.000000053550
6	139845436	142288478	520	28	0.0001964446	0.000000044827
6	142288479	145319809	1017	28	0.0000864004	0.000000054737
6	145319810	146665423	301	25	0.0000281157	0.000000018407
6	146665424	148920351	901	28	0.0000416787	0.000000055672
6	148920352	150253403	501	28	0.0001168779	0.000000042635
6	150253404	151912702	865	28	0.0000870739	0.000000057298
6	151912703	153094495	538	28	0.0002662142	0.000000048240
6	153094496	154974119	780	28	0.0003857742	0.000000063935
6	154974120	156763325	710	28	0.0000021796	0.000000054228
6	156763326	158218718	370	28	0.0002363048	0.000000038452
6	158218719	160580496	996	28	0.0002494788	0.000000057625
6	160580497	162169563	747	28	0.0005387575	0.000000052691
6	162169564	162931202	360	28	0.0000258104	0.000000034079
6	162931203	164383520	661	28	0.0000742674	0.000000055554
6	164383521	165586863	531	28	0.0000522018	0.000000046341
6	165586864	167024732	778	28	0.0003259251	0.000000062859
6	167024733	168042834	412	28	0.0002005660	0.000000042752
6	168042835	169382049	564	28	0.0001567858	0.000000053596
6	169382050	170330172	378	28	0.0001742512	0.000000033483
6	170330173	171051269	224	28	0.0001212264	0.000000023181
7	16161	972751	83	14	0.0002157938	0.000000014618
7	972752	1353066	87	16	0.0001351516	0.000000012917
7	1353067	2062397	125	21	0.0001423799	0.000000016924
7	2062398	2772226	193	28	0.0000789027	0.000000019578
7	2772227	4573427	822	28	0.0000435355	0.000000056086
7	4573428	5416231	191	28	0.0001040473	0.000000024521
7	5416232	5854525	94	16	0.0001773556	0.000000013920
7	5854526	6573856	131	21	0.0001633406	0.000000015920
7	6573857	7808751	407	28	0.0002086327	0.000000044788
7	7808752	9123422	712	28	0.0001531006	0.000000060337
7	9123423	9987498	353	28	0.0001976842	0.000000040746
7	9987499	11299197	459	28	0.0001120640	0.000000048467
7	11299198	12635460	680	28	0.0001289738	0.000000057332
7	12635461	13884201	556	28	0.0000393101	0.000000056486
7	13884202	15143656	567	28	0.0000548549	0.000000023755
7	15143657	16902068	739	28	0.0003250657	0.000000063218
7	16902069	19481546	1009	28	0.0001273784	0.000000056846
7	19481547	20124907	225	28	0.0001342828	0.000000024964
7	20124908	22507628	1174	28	0.0000476701	0.000000055483
7	22507629	23471441	302	28	0.0003699813	0.000000038620
7	23471442	25077258	687	28	0.0000944332	0.000000057292
7	25077259	25909554	439	28	0.0002808786	0.000000042617
7	25909555	28360308	868	28	0.0002840775	0.000000045638
7	28360309	31137288	1204	28	0.0000032886	0.000000053852
7	31137289	33555767	969	28	0.0003339022	0.000000064617
7	33555768	36213537	991	28	0.0000195122	0.000000054813
7	36213538	37555183	614	28	0.0000598746	0.000000057233
7	37555184	38966702	611	28	0.0001364961	0.000000049773
7	38966703	39862669	310	28	0.0003087911	0.000000032884
7	39862670	42001810	601	28	0.0000668433	0.000000048948
7	42001811	43159073	392	28	0.0000761874	0.000000035567
7	43159074	44763827	447	28	0.0004840139	0.000000040337
7	44763828	45952921	338	28	0.0003724785	0.000000039675
7	45952922	46986719	404	28	0.0001210233	0.000000033163
7	46986720	49212277	875	28	0.0002592369	0.000000060785
7	49212278	51675321	869	28	0.0002162377	0.000000059224
7	51675322	53176311	627	28	0.0002726218	0.000000055429
7	53176312	54222975	365	28	0.0002207045	0.000000030943
7	54222976	55691583	517	28	0.0002742920	0.000000051080
7	55691584	57382637	235	27	0.0001331144	0.000000020084
7	57382638	63307358	124	14	0.0000145334	0.000000010769
7	63307359	63641124	52	6	0.0000077973	0.000000004040
7	63641125	65689808	292	25	0.0003020705	0.000000028978
7	65689809	68234073	692	28	0.0001729563	0.000000056004
7	68234074	69085363	260	28	0.0002437297	0.000000027892
7	69085364	71874884	821	28	0.0001574473	0.000000058264
7	71874885	73334601	146	23	0.0040285032	0.000000094211
7	73334602	76458563	327	28	0.0003163331	0.000000034663
7	76458564	78093858	596	28	0.0001915698	0.000000057352
7	78093859	79888068	634	28	0.0000461052	0.000000054352
7	79888069	82022685	701	28	0.0000509826	0.000000055745
7	82022686	83801202	611	28	0.0000614765	0.000000053617
7	83801203	85572181	397	28	0.0003665531	0.000000038809
7	85572182	87825003	554	28	0.0002689990	0.000000043956
7	87825004	90661783	948	28	0.0000277621	0.000000055516
7	90661784	92493751	412	28	0.0002769001	0.000000036639
7	92493752	93966600	344	28	0.0000233227	0.000000031771
7	93966601	96073507	683	28	0.0001758382	0.000000059552
7	96073508	97099569	305	28	0.0001586288	0.000000029420
7	97099570	98715473	405	28	0.0001533207	0.000000036412
7	98715474	100196650	233	25	0.0000946464	0.000000018705
7	100196651	101199252	229	28	0.0001032658	0.000000021954
7	101199253	103197509	377	28	0.0001306667	0.000000034330
7	103197510	104159524	463	28	0.0000966358	0.000000041011
7	104159525	105682904	523	28	0.0001467772	0.000000046729
7	105682905	107780177	726	28	0.0004805445	0.000000065633
7	107780178	109647593	547	28	0.0001066258	0.000000043238
7	109647594	112618683	816	28	0.0001463617	0.000000058350
7	112618684	113712386	216	26	0.0001190134	0.000000020553
7	113712387	116780177	702	28	0.0003582440	0.000000051879
7	116780178	118351580	368	28	0.0002142788	0.000000028521
7	118351581	121045272	427	28	0.0002028189	0.000000035719
7	121045273	121933629	224	28	0.0003668462	0.000000026183
7	121933630	124156804	654	28	0.0002439107	0.000000052859
7	124156805	124167551	6	2	0.0000208700	0.000000001209
7	124167552	126519169	657	28	0.0000211390	0.000000042574
7	126519170	126869220	138	18	0.0000383435	0.000000010903
7	126869221	128778385	576	28	0.0003813297	0.000000049258
7	128778386	130422413	453	28	0.0004365667	0.000000047822
7	130422414	132805847	905	28	0.0000673005	0.000000055864
7	132805848	134307595	427	28	0.0000939202	0.000000034166
7	134307596	135591082	493	28	0.0002110093	0.000000043801
7	135591083	136876561	403	28	0.0001720786	0.000000036936
7	136876562	138744678	599	28	0.0003287119	0.000000063495
7	138744679	139933176	320	28	0.0001384376	0.000000030899
7	139933177	140235209	116	25	0.0000387524	0.000000011507
7	140235210	141226556	278	28	0.0001641780	0.000000026146
7	141226557	142656309	347	28	0.0001301399	0.000000025166
7	142656310	144968288	536	28	0.0001837006	0.000000045414
7	144968289	146427959	375	28	0.0000874542	0.000000033387
7	146427960	147815317	561	28	0.0003024001	0.000000054303
7	147815318	149840657	604	28	0.0002758325	0.000000062574
7	149840658	150711504	297	28	0.0002349937	0.000000023738
7	150711505	152249805	441	28	0.0002040030	0.000000051244
7	152249806	153674018	451	28	0.0000323338	0.000000044887
7	153674019	154964729	530	28	0.0001464685	0.000000057245
7	154964730	156065249	461	28	0.0001156032	0.000000050502
7	156065250	157634596	508	28	0.0000165285	0.000000044721
7	157634597	159128574	442	28	0.0003271120	0.000000046218
8	10422	1044216	388	28	-0.0000244092	0.000000039438
8	1044217	1163244	70	12	0.0001064259	0.000000009750
8	1163245	2042941	443	28	0.0001313506	0.000000049232
8	2042942	2573278	254	28	0.0001412162	0.000000028974
8	2573279	3392925	587	28	0.0001123354	0.000000056746
8	3392926	3783016	421	28	0.0001510672	0.000000047355
8	3783017	4480475	660	28	0.0002170382	0.000000058462
8	4480476	5146926	488	28	0.0000441367	0.000000051586
8	5146927	6142796	751	28	0.0000395599	0.000000054781
8	6142797	7153078	528	28	0.0002619986	0.000000062266
8	7153079	9154693	548	28	0.0003451954	0.000000056217
8	9154694	9640786	231	24	0.0004448077	0.000000018566
8	9640787	10463196	459	28	0.0005044487	0.000000055669
8	10463197	11278997	383	28	0.0004871740	0.000000034642
8	11278998	13491774	781	28	0.0004929624	0.000000063598
8	13491775	13944991	252	28	0.0001402603	0.000000027799
8	13944992	15991659	1073	28	0.0000973391	0.000000056595
8	15991660	17387875	541	28	0.0000596948	0.000000055986
8	17387876	17836398	266	28	0.0001286110	0.000000028721
8	17836399	19492839	955	28	0.0006774673	0.000000069532
8	19492840	20060855	328	28	0.0082294864	0.000000197190
8	20060856	21661736	744	28	-0.0000086007	0.000000055112
8	21661737	22897056	438	28	0.0001819599	0.000000046992
8	22897057	24674717	638	28	0.0002109322	0.000000057330
8	24674718	25483453	283	28	0.0003106502	0.000000031307
8	25483454	26682524	609	28	0.0004683945	0.000000060405
8	26682525	28162391	722	28	0.0001631602	0.000000058646
8	28162392	29327895	359	28	0.0000307819	0.000000028477
8	29327896	31133728	533	28	0.0001329664	0.000000046234
8	31133729	31548359	124	20	0.0002942491	0.000000018260
8	31548360	32977217	479	28	0.0002167832	0.000000041065
8	32977218	35317231	530	28	0.0004300385	0.000000043309
8	35317232	37379388	356	28	0.0004568553	0.000000040815
8	37379389	38938805	282	28	0.0001028793	0.000000028013
8	38938806	40703336	574	28	0.0001994284	0.000000048331
8	40703337	41721453	372	28	0.0001168841	0.000000036621
8	41721454	42773822	187	22	0.0000976291	0.000000016952
8	42773823	46841314	43	7	0.0000206522	0.000000004679
8	46841315	50082469	390	28	0.0001930554	0.000000034677
8	50082470	53302929	770	28	0.0001526773	0.000000054502
8	53302930	54418043	339	28	0.0001142364	0.000000029831
8	54418044	55945580	466	28	0.0002958771	0.000000040782
8	55945581	56956382	344	28	0.0001831101	0.000000031995
8	56956383	59068650	657	28	0.0002252662	0.000000056499
8	59068651	59728099	275	28	0.0002606408	0.000000028318
8	59728100	62329098	777	28	0.0001479992	0.000000059667
8	62329099	63349305	323	28	0.0001011637	0.000000025184
8	63349306	65232871	513	28	0.0001034446	0.000000039263
8	65232872	66489089	358	28	0.0001797971	0.000000030737
8	66489090	69863056	852	28	0.0002191997	0.000000060075
8	69863057	70867978	399	28	0.0001850111	0.000000039680
8	70867979	72289453	434	28	0.0002941576	0.000000038912
8	72289454	73817198	680	28	0.0002312643	0.000000058494
8	73817199	75445063	604	28	0.0002744251	0.000000053687
8	75445064	76456541	288	28	0.0001937951	0.000000026768
8	76456542	79132860	684	28	0.0003427692	0.000000054454
8	79132861	81956394	790	28	0.0001860302	0.000000060663
8	81956395	82693738	215	28	0.0003011936	0.000000024775
8	82693739	84225588	412	28	0.0000678198	0.000000028514
8	84225589	85955618	351	28	0.0001509954	0.000000028959
8	85955619	87411708	264	24	0.0000035758	0.000000017898
8	87411709	89085480	476	28	0.0000558794	0.000000035350
8	89085481	90638161	391	28	0.0001351182	0.000000030572
8	90638162	93554385	663	28	0.0002441251	0.000000059007
8	93554386	95005526	381	28	0.0002986358	0.000000039727
8	95005527	96534805	616	28	0.0003077409	0.000000055633
8	96534806	99401580	1082	28	0.0001454784	0.000000057723
8	99401581	101620957	498	28	0.0001854047	0.000000034637
8	101620958	104123305	978	28	0.0000666633	0.000000055491
8	104123306	104988751	247	24	-0.0000125087	0.000000016540
8	104988752	107410753	814	28	0.0000543444	0.000000055464
8	107410754	108648176	462	28	0.0000939960	0.000000036851
8	108648177	109248172	204	23	0.0001761669	0.000000018970
8	109248173	110484313	347	28	0.0000297396	0.000000021724
8	110484314	111850846	286	28	0.0001316490	0.000000023476
8	111850847	113064319	230	19	0.0002375016	0.000000021370
8	113064320	116096494	771	28	0.0000388564	0.000000048311
8	116096495	119685456	1139	28	-0.0000088303	0.000000052035
8	119685457	121201699	516	28	0.0001307862	0.000000039923
8	121201700	124861458	1324	28	0.0000544743	0.000000055273
8	124861459	125683718	322	28	0.0002970171	0.000000033629
8	125683719	126410916	255	28	0.0003054541	0.000000031247
8	126410917	128659110	904	28	0.0031943944	0.000000135062
8	128659111	130381138	661	28	0.0000460763	0.000000054713
8	130381139	131639624	461	28	0.0002724235	0.000000044021
8	131639625	133351143	751	28	0.0003008413	0.000000064193
8	133351144	134570000	698	28	0.0002445438	0.000000061107
8	134570001	136035604	746	28	0.0001531999	0.000000056497
8	136035605	137524150	547	28	-0.0000027088	0.000000042809
8	137524151	139254829	726	28	0.0000788775	0.000000059348
8	139254830	140725642	735	28	0.0001532742	0.000000060496
8	140725643	143044913	794	28	0.0001394695	0.000000058434
8	143044914	144236880	337	28	0.0001851059	0.000000034327
8	144236881	146303866	314	28	0.0001701539	0.000000037299
9	10023	1079706	558	28	0.0000239316	0.000000054353
9	1079707	1916876	593	28	0.0002468965	0.000000060732
9	1916877	3190063	754	28	0.0000571233	0.000000056820
9	3190064	4495327	733	28	0.0000316787	0.000000047490
9	4495328	4884925	220	28	-0.0000529770	0.000000017791
9	4884926	6557588	544	28	-0.0000157047	0.000000051985
9	6557589	7154922	288	28	0.0000543491	0.000000029110
9	7154923	8456298	909	28	0.0000864232	0.000000058008
9	8456299	9166402	394	28	0.0001150167	0.000000042954
9	9166403	10879252	824	28	0.0001456508	0.000000059102
9	10879253	12276488	460	28	0.0000610777	0.000000043002
9	12276489	14836362	1244	28	0.0000776984	0.000000056767
9	14836363	16659654	788	28	0.0002434447	0.000000055948
9	16659655	18661050	924	28	0.0005020751	0.000000067664
9	18661051	20463533	812	28	0.0001235414	0.000000058015
9	20463534	22206558	678	28	0.0001782526	0.000000050400
9	22206559	24158517	590	28	0.0001303401	0.000000057699
9	24158518	25330809	292	28	0.0001414487	0.000000033850
9	25330810	26111756	270	28	0.0000574123	0.000000029058
9	26111757	28224282	938	28	0.0000950819	0.000000057548
9	28224283	28811583	243	28	0.0000992098	0.000000019694
9	28811584	30387391	549	28	0.0000746677	0.000000040159
9	30387392	31310382	242	23	0.0001023115	0.000000021355
9	31310383	32019367	205	24	0.0000641431	0.000000016267
9	32019368	33578333	575	28	0.0000908041	0.000000049654
9	33578334	34642242	278	27	0.0003803444	0.000000027198
9	34642243	36743282	568	28	0.0003835773	0.000000057760
9	36743283	38641598	709	28	0.0000016438	0.000000053901
9	38641599	65472189	101	21	0.0000272823	0.000000010429
9	65472190	72512710	551	28	0.0001267528	0.000000045819
9	72512711	72753754	100	10	0.0000381231	0.000000008118
9	72753755	74253039	587	28	0.0000666191	0.000000043801
9	74253040	76203945	564	28	0.0000867641	0.000000044336
9	76203946	76973080	177	22	0.0000539602	0.000000015862
9	76973081	78900182	795	28	0.0001458514	0.000000051022
9	78900183	79471207	281	28	0.0001363408	0.000000030986
9	79471208	81079054	517	28	0.0001253646	0.000000050246
9	81079055	82590927	624	28	0.0000920885	0.000000055844
9	82590928	84211232	647	28	0.0002636444	0.000000062917
9	84211233	85440800	324	28	0.0002022989	0.000000036799
9	85440801	86938195	627	28	0.0003348485	0.000000061295
9	86938196	88109332	489	28	0.0000918014	0.000000040942
9	88109333	88590416	111	14	0.0000457054	0.000000009611
9	88590417	90136245	589	28	0.0001433314	0.000000053980
9	90136246	92528697	831	28	0.0002075872	0.000000060818
9	92528698	94167202	615	28	0.0003895516	0.000000063893
9	94167203	96671697	775	28	0.0002322954	0.000000061207
9	96671698	98922039	657	28	0.0001501234	0.000000050662
9	98922040	101592858	828	28	0.0002165004	0.000000058420
9	101592859	104624436	947	28	0.0002758517	0.000000062870
9	104624437	105967975	566	28	0.0000974431	0.000000045380
9	105967976	107581748	597	28	0.0001195924	0.000000043733
9	107581749	109298753	575	28	0.0001830555	0.000000047221
9	109298754	110695061	561	28	0.0000732069	0.000000050798
9	110695062	112778023	1079	28	0.0002754540	0.000000060850
9	112778024	114831081	891	28	0.0001563953	0.000000058353
9	114831082	115693144	310	28	0.0002572531	0.000000030803
9	115693145	117019800	624	28	0.0000406501	0.000000055946
9	117019801	117921959	457	28	0.0001690804	0.000000042932
9	117921960	121321536	1446	28	0.0001210968	0.000000058261
9	121321537	122260296	356	28	0.0000415021	0.000000031123
9	122260297	124871321	762	28	0.0001370324	0.000000058380
9	124871322	126971886	673	28	0.0001654457	0.000000056787
9	126971887	129059664	551	28	0.0000791147	0.000000046092
9	129059665	130055509	324	28	0.0001743420	0.000000030303
9	130055510	132165469	467	28	0.0003785316	0.000000049119
9	132165470	133223216	314	28	0.0002910787	0.000000036084
9	133223217	134127887	326	28	0.0001630135	0.000000037006
9	134127888	135298841	424	28	-0.0000213728	0.000000033998
9	135298842	137041121	637	28	0.0001005462	0.000000049266
9	137041122	137589363	197	28	0.0000855188	0.000000025151
9	137589364	138938977	612	28	0.0002666475	0.000000066728
9	138938978	139500341	107	20	0.0001230563	0.000000014129
9	139500342	141144795	212	28	0.0003634686	0.000000032092
10	60523	751338	115	15	0.0000637465	0.000000013388
10	751339	1523543	336	28	0.0000863361	0.000000032033
10	1523544	2254499	434	28	0.0000289985	0.000000040929
10	2254500	3352698	658	28	-0.0000106145	0.000000056063
10	3352699	4572273	603	28	0.0002181257	0.000000060468
10	4572274	5983761	685	28	0.0004060645	0.000000064706
10	5983762	7171483	737	28	0.0000619712	0.000000056010
10	7171484	8774664	837	28	-0.0000282987	0.000000054563
10	8774665	10249395	560	28	0.0000450541	0.000000046337
10	10249396	12586796	1014	28	0.0001031225	0.000000053217
10	12586797	13321599	430	28	0.0001087266	0.000000045923
10	13321600	15026067	932	28	0.0000282485	0.000000055043
10	15026068	16551766	548	28	0.0001806557	0.000000059948
10	16551767	18537266	761	28	0.0001475934	0.000000056966
10	18537267	19716877	525	28	0.0002682413	0.000000047924
10	19716878	22772282	972	28	0.0000734225	0.000000056355
10	22772283	23175131	122	14	0.0000022035	0.000000011291
10	23175132	25578595	755	28	0.0001938427	0.000000059696
10	25578596	26888683	521	28	0.0000249598	0.000000033591
10	26888684	29323235	887	28	0.0000542837	0.000000055198
10	29323236	29783691	264	28	0.0002489463	0.000000029168
10	29783692	30458837	360	28	0.0001300632	0.000000036977
10	30458838	31907518	476	28	0.0001658444	0.000000042971
10	31907519	33707967	606	28	0.0003992581	0.000000053181
10	33707968	35109354	488	28	0.0001072108	0.000000041942
10	35109355	36572507	413	28	0.0001885620	0.000000036746
10	36572508	37790028	316	28	0.0002217043	0.000000029265
10	37790029	42372578	196	13	0.0000535358	0.000000010562
10	42372579	43894770	292	28	0.0002090631	0.000000028771
10	43894771	44730074	284	28	0.0002890549	0.000000018684
10	44730075	48760449	652	28	0.0000121729	0.000000045676
10	48760450	50840914	641	28	0.0003490216	0.000000056373
10	50840915	53616628	744	28	0.0002771388	0.000000061924
10	53616629	55103571	675	28	0.0002985319	0.000000063752
10	55103572	57031139	752	28	0.0001289636	0.000000059692
10	57031140	57662145	177	18	0.0000767082	0.000000012820
10	57662146	58959527	379	25	0.0001078390	0.000000023295
10	58959528	60289986	412	28	0.0001637763	0.000000030311
10	60289987	61891408	579	28	0.0000356521	0.000000050077
10	61891409	62659678	296	28	0.0001786464	0.000000025447
10	62659679	63341694	159	18	0.0000248433	0.000000013283
10	63341695	65794113	826	28	0.0006292770	0.000000062631
10	65794114	67549614	474	28	0.0001659351	0.000000037426
10	67549615	69900147	880	28	0.0001628681	0.000000059470
10	69900148	70195990	107	11	0.0001105234	0.000000010062
10	70195991	72220849	862	28	0.0001410419	0.000000054313
10	72220850	73508511	725	28	0.0001275366	0.000000059090
10	73508512	75422549	414	28	0.0002499567	0.000000032458
10	75422550	78706813	819	28	0.0001857422	0.000000058313
10	78706814	80876748	994	28	0.0001857677	0.000000059520
10	80876749	82414678	476	28	0.0001805830	0.000000043247
10	82414679	84383744	708	28	0.0000029935	0.000000055746
10	84383745	85458702	435	28	0.0001660907	0.000000034785
10	85458703	87937576	954	28	0.0000739241	0.000000057541
10	87937577	89127063	264	28	0.0002582516	0.000000027572
10	89127064	91013380	714	28	0.0001572717	0.000000056773
10	91013381	92006580	370	28	0.0000467664	0.000000031013
10	92006581	93335046	443	28	0.0000814604	0.000000035200
10	93335047	95396367	640	28	0.0008029553	0.000000062097
10	95396368	96221242	259	28	0.0002553248	0.000000026541
10	96221243	97822356	564	28	0.0001012241	0.000000036815
10	97822357	100241301	887	28	0.0001700499	0.000000058843
10	100241302	100668399	146	14	0.0000946984	0.000000012117
10	100668400	102949238	745	28	0.0001871375	0.000000055836
10	102949239	104380409	294	28	0.0001235629	0.000000017082
10	104380410	106695047	743	28	0.0001530864	0.000000041870
10	106695048	108726685	660	28	0.0002699103	0.000000059223
10	108726686	110317704	632	28	-0.0000499543	0.000000049977
10	110317705	112561492	652	28	0.0002146299	0.000000058666
10	112561493	115328431	1013	28	0.0002288068	0.000000055367
10	115328432	116421405	480	28	0.0002737341	0.000000047626
10	116421406	119523933	965	28	0.0001805856	0.000000060386
10	119523934	120591352	397	28	0.0002559982	0.000000042250
10	120591353	122407322	650	28	0.0000386544	0.000000054447
10	122407323	123231464	384	28	0.0000147580	0.000000034181
10	123231465	123900544	267	28	0.0001084053	0.000000026755
10	123900545	125869345	823	28	0.0000196979	0.000000051453
10	125869346	128001097	916	28	0.0000656912	0.000000055548
10	128001098	129154361	512	28	0.0001362898	0.000000049158
10	129154362	130844283	904	28	0.0001631614	0.000000058616
10	130844284	131741326	401	28	0.0001622225	0.000000039877
10	131741327	132580244	409	28	0.0000634492	0.000000035377
10	132580245	134336328	817	28	0.0002132645	0.000000060973
10	134336329	134494672	39	6	0.0001155686	0.000000006130
10	134494673	135523864	247	28	0.0000891452	0.000000027149
11	70855	1213589	222	28	0.0002288591	0.000000025193
11	1213590	3665480	777	28	0.0000245749	0.000000039756
11	3665481	4746708	413	28	0.0000956797	0.000000037967
11	4746709	6322868	954	28	0.0002135284	0.000000061414
11	6322869	7436700	530	28	0.0002234015	0.000000047858
11	7436701	8333273	475	28	0.0002721938	0.000000052121
11	8333274	9087316	268	28	0.0000326687	0.000000015889
11	9087317	10952026	624	28	0.0003223659	0.000000048535
11	10952027	12564228	1075	28	0.0002235217	0.000000060555
11	12564229	13373123	394	28	0.0004691769	0.000000044673
11	13373124	15742551	755	28	-0.0000107168	0.000000052960
11	15742552	17578401	587	28	0.0001451127	0.000000035132
11	17578402	19569534	759	28	0.0001070488	0.000000056753
11	19569535	21017137	768	28	0.0001809204	0.000000060772
11	21017138	22374141	537	28	0.0001332336	0.000000049680
11	22374142	24088516	580	28	0.0001085055	0.000000048862
11	24088517	26045752	650	28	0.0002421729	0.000000063409
11	26045753	27020460	347	28	0.0000719237	0.000000027837
11	27020461	28481592	401	28	0.0005174886	0.000000034230
11	28481593	30141356	409	28	0.0004393887	0.000000044004
11	30141357	32276900	611	28	0.0003223778	0.000000048450
11	32276901	33958738	541	28	0.0000917834	0.000000044325
11	33958739	35502604	798	28	0.0002192944	0.000000060589
11	35502605	37116814	729	28	0.0000347867	0.000000054685
11	37116815	39382002	416	28	0.0001699403	0.000000036477
11	39382003	42310002	910	28	0.0000599400	0.000000057269
11	42310003	44693798	953	28	0.0001973897	0.000000058318
11	44693799	47006136	701	28	0.0002977448	0.000000044262
11	47006137	49866049	464	25	0.0004688123	0.000000021856
11	49866050	54695472	130	7	0.0000977683	0.000000007616
11	54695473	55082656	6	3	0.0000488454	0.000000001898
11	55082657	58457494	1028	28	0.0002967868	0.000000060336
11	58457495	58780548	65	6	0.0001306076	0.000000008103
11	58780549	62223770	943	28	0.0013517778	0.000000085500
11	62223771	63804568	290	28	0.0001187749	0.000000026451
11	63804569	65898630	445	28	0.0005354195	0.000000049465
11	65898631	68005824	292	28	0.0002820561	0.000000029027
11	68005825	69516129	438	28	0.0003733061	0.000000043952
11	69516130	70926291	447	28	0.0001771069	0.000000047175
11	70926292	72286016	290	28	0.0000998330	0.000000022876
11	72286017	74412350	574	28	0.0000933182	0.000000039365
11	74412351	76797208	733	28	0.0001927079	0.000000058290
11	76797209	78355057	398	28	0.0003157600	0.000000033741
11	78355058	80722372	1047	28	0.0000730230	0.000000057298
11	80722373	81266711	258	28	0.0000852860	0.000000025056
11	81266712	84381271	1151	28	0.0000809175	0.000000057653
11	84381272	86619300	759	28	0.0002209383	0.000000060821
11	86619301	87430234	301	28	0.0002447066	0.000000028995
11	87430235	89208935	556	28	0.0002791915	0.000000055959
11	89208936	90966489	373	28	0.0001602969	0.000000030269
11	90966490	92077143	343	28	0.0000733797	0.000000029551
11	92077144	93276156	388	28	0.0002277718	0.000000032501
11	93276157	94242259	264	25	0.0001601897	0.000000023407
11	94242260	95726040	586	28	0.0001385656	0.000000054111
11	95726041	97057057	490	28	-0.0000353501	0.000000043408
11	97057058	98705064	550	28	0.0002091461	0.000000054937
11	98705065	100417168	751	28	0.0000014123	0.000000053848
11	100417169	101331120	400	28	0.0000756837	0.000000024425
11	101331121	103959635	1057	28	0.0001922044	0.000000059032
11	103959636	104873283	282	23	0.0001909287	0.000000020972
11	104873284	106520893	456	28	0.0000891315	0.000000035416
11	106520894	107844199	454	28	0.0000235386	0.000000038600
11	107844200	108437036	127	11	0.0001400916	0.000000012056
11	108437037	109866115	338	28	0.0001112932	0.000000030582
11	109866116	111114396	480	28	0.0002811964	0.000000044277
11	111114397	112459487	366	28	0.0003135264	0.000000035232
11	112459488	114257727	773	28	0.0003527507	0.000000063201
11	114257728	114830665	221	26	0.0001148019	0.000000020818
11	114830666	116383347	643	28	0.0001161573	0.000000057800
11	116383348	117747109	586	28	0.0124580434	0.000000348809
11	117747110	119215475	488	28	0.0002013990	0.000000046231
11	119215476	120766805	604	28	0.0002592775	0.000000061314
11	120766806	121175942	196	22	-0.0000148024	0.000000015000
11	121175943	122591909	460	28	0.0002279871	0.000000048202
11	122591910	123500116	410	28	0.0000103054	0.000000038270
11	123500117	124495527	459	28	0.0001720819	0.000000035761
11	124495528	126311319	766	28	0.0002098758	0.000000056086
11	126311320	127316678	550	28	0.0002260846	0.000000049493
11	127316679	128188536	304	28	0.0002267254	0.000000030731
11	128188537	130342574	826	28	0.0001987085	0.000000059703
11	130342575	131074611	360	28	0.0001217814	0.000000036710
11	131074612	133000045	1078	28	0.0000768500	0.000000058363
11	133000046	134205992	534	28	0.0000400711	0.000000053361
11	134205993	134946451	397	28	0.0002456637	0.000000042143
12	61107	1080330	296	28	0.0003040533	0.000000032862
12	1080331	2544785	475	28	0.0002341252	0.000000050872
12	2544786	3677036	492	28	0.0000532248	0.000000048126
12	3677037	4417678	375	28	0.0000533472	0.000000036365
12	4417679	5321471	490	28	0.0002568045	0.000000052371
12	5321472	6419752	543	28	0.0001938982	0.000000053104
12	6419753	8377535	493	28	0.0001641655	0.000000049262
12	8377536	9031394	126	22	-0.0000344025	0.000000011197
12	9031395	10481533	519	28	0.0001828971	0.000000047584
12	10481534	11754845	321	28	0.0000029113	0.000000024697
12	11754846	12733527	427	28	0.0000424929	0.000000043147
12	12733528	15241483	1012	28	0.0000874717	0.000000057830
12	15241484	16310459	248	28	0.0000894767	0.000000023433
12	16310460	18087872	552	28	0.0002436142	0.000000053985
12	18087873	20863942	921	28	0.0000892163	0.000000053987
12	20863943	23820633	1078	28	0.0004183531	0.000000063322
12	23820634	25371082	702	28	0.0000615571	0.000000056061
12	25371083	27799772	1005	28	0.0003053239	0.000000058911
12	27799773	29651254	687	28	0.0002843506	0.000000057199
12	29651255	30512405	454	28	0.0001389197	0.000000038815
12	30512406	32165591	624	28	0.0001480724	0.000000053102
12	32165592	33076988	371	28	0.0001323254	0.000000033424
12	33076989	37856716	351	24	0.0001990092	0.000000026992
12	37856717	39227168	134	7	0.0001361100	0.000000012234
12	39227169	40816184	493	28	0.0001871625	0.000000039311
12	40816185	41658585	350	28	0.0000131088	0.000000023617
12	41658586	43984473	881	28	0.0000554246	0.000000057238
12	43984474	46024228	467	28	0.0001307056	0.000000036068
12	46024229	47714792	457	28	0.0002240103	0.000000041810
12	47714793	49001865	516	28	0.0000441982	0.000000040616
12	49001866	51776493	590	28	0.0003524160	0.000000048758
12	51776494	53039003	606	28	0.0001858712	0.000000049913
12	53039004	54778822	560	28	0.0002710185	0.000000050489
12	54778823	55665836	256	28	0.0003167365	0.000000029537
12	55665837	57548859	398	28	0.0003500730	0.000000035308
12	57548860	59308665	443	28	0.0004032756	0.000000040866
12	59308666	61123728	450	28	0.0001597733	0.000000036303
12	61123729	64032460	936	28	0.0001953669	0.000000060634
12	64032461	65559694	365	28	0.0002119495	0.000000036177
12	65559695	67181143	504	28	0.0001807262	0.000000042593
12	67181144	67909728	317	28	0.0002362839	0.000000029213
12	67909729	69826541	799	28	0.0001749564	0.000000060131
12	69826542	70957986	486	28	0.0001583304	0.000000038401
12	70957987	72645074	552	28	0.0000940659	0.000000040917
12	72645075	73818453	296	28	0.0002270206	0.000000028899
12	73818454	76511313	748	28	0.0001099082	0.000000058067
12	76511314	78570569	743	28	0.0001150553	0.000000058012
12	78570570	80448149	397	28	0.0000989493	0.000000035103
12	80448150	81467766	304	28	0.0002769923	0.000000030315
12	81467767	83502665	553	28	0.0001381795	0.000000043332
12	83502666	84303843	229	27	0.0001345208	0.000000017909
12	84303844	85990425	388	28	0.0000319858	0.000000023969
12	85990426	89682121	739	28	0.0001412969	0.000000053085
12	89682122	92066154	633	28	0.0001788017	0.000000037513
12	92066155	94514566	893	28	0.0000430022	0.000000054854
12	94514567	96020784	680	28	0.0000817151	0.000000055623
12	96020785	97108838	443	28	0.0000052573	0.000000037668
12	97108839	99305986	916	28	0.0000678511	0.000000056010
12	99305987	101447640	646	28	-0.0000102142	0.000000051142
12	101447641	101862689	140	16	0.0000716714	0.000000013216
12	101862690	102964985	329	28	0.0001369003	0.000000020359
12	102964986	104848695	749	28	0.0001381040	0.000000058027
12	104848696	106436212	835	28	0.0000820310	0.000000058572
12	106436213	106958747	224	28	0.0002674201	0.000000026731
12	106958748	109025900	727	28	0.0003258259	0.000000061329
12	109025901	110336718	387	28	0.0003161960	0.000000027845
12	110336719	113263517	460	28	0.0004176790	0.000000019720
12	113263518	113986708	199	27	0.0001446319	0.000000020823
12	113986709	115036601	530	28	0.0002224968	0.000000048565
12	115036602	115503215	192	28	0.0001277825	0.000000014315
12	115503216	117087470	743	28	0.0001929506	0.000000058438
12	117087471	118135374	442	28	0.0001643559	0.000000046510
12	118135375	119754109	675	28	0.0002097783	0.000000060498
12	119754110	122007650	643	28	0.0001622923	0.000000045277
12	122007651	124977979	646	28	0.0007367997	0.000000063640
12	124977980	126445504	594	28	0.0002312980	0.000000059947
12	126445505	127875097	632	28	0.0003668733	0.000000062243
12	127875098	129237296	689	28	0.0001755022	0.000000061438
12	129237297	130377920	666	28	0.0002631672	0.000000062604
12	130377921	131786750	707	28	0.0000099544	0.000000055440
12	131786751	132807033	278	28	0.0002228096	0.000000030973
12	132807034	133841510	161	23	0.0003235786	0.000000022623
13	19020013	20686719	273	28	0.0000006962	0.000000022758
13	20686720	22242173	564	28	0.0000651909	0.000000051950
13	22242174	23594701	659	28	0.0000324543	0.000000060589
13	23594702	24531936	493	28	0.0001930033	0.000000048858
13	24531937	25784361	628	28	0.0000533796	0.000000058332
13	25784362	27284361	531	28	0.0003485463	0.000000053079
13	27284362	29257550	828	28	0.0002427362	0.000000063410
13	29257551	30483266	494	28	0.0001231760	0.000000045101
13	30483267	32301814	747	28	0.0000849749	0.000000059219
13	32301815	33776902	557	28	0.0001190730	0.000000044739
13	33776903	35026463	448	28	0.0002728796	0.000000046707
13	35026464	36046366	209	28	0.0000425662	0.000000019847
13	36046367	37498184	627	28	0.0000733205	0.000000057857
13	37498185	38878162	530	28	0.0001512389	0.000000042554
13	38878163	41069262	853	28	0.0001972867	0.000000063095
13	41069263	43101026	608	28	0.0001042742	0.000000048404
13	43101027	44901408	782	28	0.0004161772	0.000000069041
13	44901409	46495213	518	28	0.0000621581	0.000000046955
13	46495214	47431078	351	28	0.0002595447	0.000000036828
13	47431079	49383961	609	28	0.0001567677	0.000000053677
13	49383962	51591090	720	28	0.0004256336	0.000000062091
13	51591091	53339621	433	28	0.0000809986	0.000000040237
13	53339622	54682863	515	28	0.0002541809	0.000000051099
13	54682864	55817130	318	28	0.0001708200	0.000000026510
13	55817131	57554216	295	22	0.0001531671	0.000000022450
13	57554217	58410625	201	21	0.0000756957	0.000000013661
13	58410626	59302270	214	22	0.0001530164	0.000000018070
13	59302271	60854777	546	28	0.0001897532	0.000000048621
13	60854778	61591948	279	28	0.0001718462	0.000000026959
13	61591949	63971558	628	28	0.0001091706	0.000000054184
13	63971559	65200601	294	28	0.0001228780	0.000000023682
13	65200602	67844452	775	28	0.0000920518	0.000000059243
13	67844453	70724515	870	28	0.0002592272	0.000000064513
13	70724516	71526790	312	28	0.0001595459	0.000000032364
13	71526791	73934088	826	28	0.0001383909	0.000000058680
13	73934089	75670142	724	28	0.0000228919	0.000000055532
13	75670143	77410554	762	28	0.0003296015	0.000000064783
13	77410555	78808812	419	28	0.0001014435	0.000000033239
13	78808813	80585675	564	28	-0.0000241722	0.000000043315
13	80585676	82581813	598	28	-0.0000109657	0.000000050169
13	82581814	84133143	391	28	0.0000821472	0.000000024824
13	84133144	85610915	407	28	0.0001489449	0.000000035581
13	85610916	88559881	741	28	0.0000122690	0.000000053644
13	88559882	90521310	459	28	0.0000530853	0.000000034674
13	90521311	93129690	839	28	0.0000467093	0.000000057707
13	93129691	93586454	120	16	0.0001612784	0.000000015300
13	93586455	96087557	1168	28	0.0002593863	0.000000062492
13	96087558	97519209	343	28	0.0001123364	0.000000032315
13	97519210	98938918	425	28	0.0003526253	0.000000049612
13	98938919	100574094	766	28	0.0000312598	0.000000058368
13	100574095	102300522	750	28	0.0000855535	0.000000059205
13	102300523	104066709	912	28	-0.0000039695	0.000000056149
13	104066710	104844113	304	28	0.0001846886	0.000000031966
13	104844114	106247553	615	28	0.0000725963	0.000000059856
13	106247554	106749999	268	28	0.0001221743	0.000000027183
13	106750000	108189876	599	28	0.0001317063	0.000000059001
13	108189877	109121209	429	28	0.0001764755	0.000000046862
13	109121210	109815111	321	28	0.0000975398	0.000000031718
13	109815112	111232072	733	28	0.0001476860	0.000000041818
13	111232073	112247591	442	28	0.0003410191	0.000000048645
13	112247592	113572487	449	28	0.0001068807	0.000000047126
13	113572488	115109852	317	28	0.0001281168	0.000000031944
14	19002084	21589401	563	28	0.0001722809	0.000000058795
14	21589402	23018664	691	28	0.0002006908	0.000000059277
14	23018665	24905122	669	28	0.0000508147	0.000000056817
14	24905123	26135685	547	28	0.0001312890	0.000000043982
14	26135686	28466532	683	28	0.0001136704	0.000000060371
14	28466533	29972144	378	28	0.0001433955	0.000000035346
14	29972145	32383264	578	28	0.0001623126	0.000000051074
14	32383265	34846250	1235	28	0.0001540042	0.000000060114
14	34846251	35859592	239	28	0.0002263650	0.000000024201
14	35859593	38667724	856	28	0.0001611274	0.000000059088
14	38667725	40341989	531	28	0.0002077072	0.000000047791
14	40341990	41615501	347	28	0.0000730159	0.000000024425
14	41615502	43137388	413	28	0.0001896710	0.000000034680
14	43137389	44543226	355	28	-0.0000093056	0.000000030832
14	44543227	46081895	373	28	0.0001687128	0.000000033033
14	46081896	46749129	188	16	0.0000467092	0.000000012560
14	46749130	48573585	579	28	0.0000464663	0.000000049560
14	48573586	49005470	112	13	0.0000652084	0.000000009631
14	49005471	50507759	451	28	0.0002444405	0.000000046273
14	50507760	51493571	357	28	0.0003460243	0.000000041081
14	51493572	53474382	832	28	0.0003220864	0.000000062253
14	53474383	53997830	172	19	0.0002153457	0.000000019459
14	53997831	55233680	446	28	0.0001913718	0.000000044890
14	55233681	56216879	283	27	0.0001893688	0.000000027127
14	56216880	57481261	659	28	0.0001473118	0.000000060070
14	57481262	59448335	701	28	0.0001942925	0.000000060786
14	59448336	61680423	597	28	0.0001534795	0.000000045843
14	61680424	63790014	797	28	0.0001978112	0.000000059238
14	63790015	65220297	338	28	0.0003143730	0.000000035781
14	65220298	66399554	398	28	0.0000720416	0.000000035627
14	66399555	67992316	404	28	0.0001842700	0.000000028343
14	67992317	71131956	1217	28	0.0002621941	0.000000060307
14	71131957	72889614	670	28	0.0000682360	0.000000055549
14	72889615	76444766	1124	28	0.0002760596	0.000000060249
14	76444767	77229471	346	28	0.0002811965	0.000000038799
14	77229472	78561944	623	28	0.0004363370	0.000000063363
14	78561945	80186578	606	28	0.0003792558	0.000000060580
14	80186579	81579713	504	28	0.0001663463	0.000000045543
14	81579714	83138096	465	28	-0.0000464764	0.000000036557
14	83138097	84241632	378	28	0.0000344119	0.000000031382
14	84241633	85746318	467	28	0.0002726972	0.000000047413
14	85746319	86647001	303	28	0.0000435335	0.000000026860
14	86647002	87635340	302	28	0.0001308797	0.000000028860
14	87635341	89497642	592	28	0.0001742866	0.000000048509
14	89497643	91296859	683	28	0.0001419914	0.000000057753
14	91296860	93132298	653	28	0.0001321948	0.000000055542
14	93132299	94325284	392	28	0.0002688860	0.000000040402
14	94325285	95750866	850	28	0.0001575580	0.000000058919
14	95750867	96262414	366	28	-0.0000300973	0.000000030781
14	96262415	98341161	832	28	0.0002838668	0.000000064755
14	98341162	99138531	368	28	0.0001382666	0.000000031762
14	99138532	101534306	883	28	0.0002897493	0.000000061028
14	101534307	103012101	422	28	0.0000622955	0.000000039156
14	103012102	105001722	457	28	0.0001335766	0.000000041041
14	105001723	106340357	146	27	0.0001055612	0.000000017158
14	106340358	107289453	35	5	-0.0000160595	0.000000002959
15	20001200	21131603	4	1	-0.0000087269	0.000000000323
15	21131604	24195126	294	28	0.0001609104	0.000000034652
15	24195127	25108589	192	28	0.0001940075	0.000000021883
15	25108590	27298111	845	28	0.0002095910	0.000000063490
15	27298112	29338501	465	28	0.0000074329	0.000000042731
15	29338502	30165567	288	28	0.0003418398	0.000000036671
15	30165568	31591820	294	28	0.0001535625	0.000000030974
15	31591821	32441810	252	28	0.0001276611	0.000000022836
15	32441811	34015424	722	28	0.0001133294	0.000000060430
15	34015425	35083250	394	28	-0.0000037012	0.000000034110
15	35083251	37456501	918	28	0.0001928139	0.000000061752
15	37456502	38530776	343	28	0.0000005975	0.000000031835
15	38530777	40384131	761	28	0.0001460103	0.000000060402
15	40384132	41177513	221	28	0.0004556778	0.000000032369
15	41177514	42776398	412	28	0.0003347812	0.000000040903
15	42776399	44198048	253	16	0.0006354654	0.000000032411
15	44198049	46618786	484	28	0.0003843741	0.000000047084
15	46618787	48136047	578	28	0.0002155193	0.000000052356
15	48136048	50008042	437	28	0.0001968504	0.000000038925
15	50008043	51677559	600	28	0.0001707699	0.000000041279
15	51677560	53069095	389	28	0.0003379430	0.000000036240
15	53069096	54508527	624	28	0.0002924445	0.000000061893
15	54508528	55136268	246	28	0.0001794890	0.000000029343
15	55136269	56901772	530	28	0.0002349784	0.000000056319
15	56901773	58441365	614	28	0.0002289545	0.000000058470
15	58441366	59694115	502	28	0.0017693785	0.000000090827
15	59694116	61265835	657	28	0.0001505735	0.000000060199
15	61265836	63215221	900	28	0.0001041668	0.000000050443
15	63215222	65104667	476	28	0.0005997162	0.000000048125
15	65104668	67094766	598	28	0.0004219240	0.000000065895
15	67094767	69017998	735	28	0.0001422426	0.000000040965
15	69017999	70133340	290	28	0.0001971199	0.000000032275
15	70133341	71922648	699	28	0.0001395669	0.000000061397
15	71922649	73628713	353	28	0.0005069025	0.000000038362
15	73628714	76398623	585	28	0.0001879462	0.000000041166
15	76398624	78516052	510	28	0.0000159659	0.000000036053
15	78516053	80860977	967	28	0.0000102885	0.000000049808
15	80860978	84260467	885	28	0.0001369547	0.000000057950
15	84260468	86652904	760	28	0.0000950072	0.000000051866
15	86652905	88369942	761	28	0.0000880380	0.000000058843
15	88369943	90475550	692	28	0.0001567147	0.000000062095
15	90475551	92164391	611	28	0.0003731703	0.000000059005
15	92164392	93780901	803	28	0.0001495204	0.000000062123
15	93780902	94924329	561	28	0.0000375950	0.000000057802
15	94924330	96141595	574	28	0.0002905845	0.000000064022
15	96141596	98030909	740	28	0.0000319774	0.000000057315
15	98030910	99244058	558	28	0.0001450584	0.000000062284
15	99244059	100636846	535	28	0.0002862499	0.000000062466
15	100636847	101552693	387	28	0.0000491520	0.000000038157
15	101552694	102520965	412	28	0.0004405358	0.000000056078
16	60054	1207205	271	28	0.0001286078	0.000000034343
16	1207206	2764828	340	28	0.0003831880	0.000000042172
16	2764829	4001195	284	28	0.0001437101	0.000000032819
16	4001196	5118344	353	28	0.0001804132	0.000000038240
16	5118345	5891579	337	28	0.0001882952	0.000000039879
16	5891580	6893550	695	28	0.0001287424	0.000000060247
16	6893551	7529120	475	28	0.0002130851	0.000000055518
16	7529121	8338518	525	28	0.0002492160	0.000000062045
16	8338519	9799418	695	28	0.0000964252	0.000000059249
16	9799419	10426031	364	28	0.0002733269	0.000000038922
16	10426032	11520160	424	28	0.0001760028	0.000000046915
16	11520161	12613097	388	28	0.0002703006	0.000000047194
16	12613098	13154436	300	28	0.0000269564	0.000000027120
16	13154437	14464001	547	28	0.0002657127	0.000000057639
16	14464002	16154059	304	28	0.0003254337	0.000000034783
16	16154060	17644748	390	28	0.0002468683	0.000000044355
16	17644749	18643606	173	28	0.0000602045	0.000000018762
16	18643607	20150570	411	28	0.0002166461	0.000000033862
16	20150571	22448903	419	28	0.0000299834	0.000000033177
16	22448904	24136874	495	28	0.0000207356	0.000000045000
16	24136875	25986861	732	28	0.0000759434	0.000000058083
16	25986862	27445754	635	28	0.0002343461	0.000000061706
16	27445755	29036612	331	28	0.0000936735	0.000000023020
16	29036613	31382942	248	28	0.0004132091	0.000000029489
16	31382943	46399472	114	16	0.0001371629	0.000000013338
16	46399473	49007925	292	28	0.0002187129	0.000000027911
16	49007926	52035822	1059	28	0.0000768763	0.000000057462
16	52035823	53382571	447	28	0.0000768813	0.000000035877
16	53382572	55903773	1171	28	0.0001724635	0.000000047460
16	55903774	57664329	609	28	0.0006350573	0.000000062625
16	57664330	59045404	490	28	0.0001432093	0.000000044645
16	59045405	60745693	493	28	0.0001813574	0.000000050553
16	60745694	62229848	357	28	0.0000296326	0.000000029063
16	62229849	63691588	440	28	0.0001665517	0.000000045272
16	63691589	65938565	805	28	0.0001687686	0.000000060937
16	65938566	68841362	660	28	0.0001735434	0.000000048305
16	68841363	71054027	366	28	0.0003481131	0.000000040744
16	71054028	72935149	443	28	0.0002819792	0.000000034898
16	72935150	74971502	782	28	0.0002249255	0.000000061570
16	74971503	75977953	221	28	0.0002957982	0.000000026845
16	75977954	77523677	667	28	0.0000662673	0.000000056231
16	77523678	78456291	629	28	0.0001862442	0.000000061429
16	78456292	79134814	556	28	0.0002950814	0.000000065316
16	79134815	80297373	779	28	0.0000536505	0.000000057035
16	80297374	81772535	762	28	0.0002457508	0.000000062113
16	81772536	82747727	573	28	0.0000292262	0.000000056717
16	82747728	83477207	602	28	0.0001687203	0.000000059593
16	83477208	84445882	702	28	0.0000338425	0.000000058408
16	84445883	85148684	448	28	0.0001143069	0.000000051403
16	85148685	86156598	473	28	0.0002908516	0.000000061427
16	86156599	86815410	522	28	0.0001380484	0.000000061726
16	86815411	87647348	354	28	0.0000399293	0.000000038592
16	87647349	89041164	334	28	0.0002235571	0.000000040423
16	89041165	90292811	288	28	0.0002390747	0.000000029896
17	56	1172398	294	28	0.0001742741	0.000000041464
17	1172399	1928730	243	28	0.0001877279	0.000000030548
17	1928731	3702311	612	28	0.0000723641	0.000000058976
17	3702312	4696260	346	28	0.0002492230	0.000000042289
17	4696261	5741333	371	28	0.0001061956	0.000000034393
17	5741334	7317397	606	28	0.0000137882	0.000000057937
17	7317398	8306424	290	28	0.0003651913	0.000000036710
17	8306425	9965920	635	28	0.0001619241	0.000000062016
17	9965921	11102814	466	28	0.0002858827	0.000000051217
17	11102815	12534768	545	28	0.0000220470	0.000000055281
17	12534769	13180371	295	28	0.0002376220	0.000000034676
17	13180372	13894636	360	28	0.0000778634	0.000000038564
17	13894637	15019096	595	28	0.0000364263	0.000000058651
17	15019097	16412341	301	28	0.0001061879	0.000000030073
17	16412342	18856319	535	28	0.0003163885	0.000000049844
17	18856320	21290356	364	28	0.0003656714	0.000000040303
17	21290357	27334243	490	28	0.0000514905	0.000000044491
17	27334244	29786490	479	28	0.0001767467	0.000000029335
17	29786491	31538424	535	28	0.0000628905	0.000000050512
17	31538425	32912797	818	28	0.0001153343	0.000000059156
17	32912798	34469035	491	28	0.0002486640	0.000000040744
17	34469036	36809343	499	28	0.0000604054	0.000000045336
17	36809344	38877403	427	28	0.0001269355	0.000000028539
17	38877404	39899809	306	28	0.0000733008	0.000000023741
17	39899810	41772086	351	28	0.0003031123	0.000000031186
17	41772087	43056904	326	28	0.0005947305	0.000000038925
17	43056905	45876021	583	28	0.0004307674	0.000000040201
17	45876022	47517399	521	28	0.0003317573	0.000000043417
17	47517400	49898956	742	28	0.0002337785	0.000000062941
17	49898957	50719054	283	27	0.0001870814	0.000000027987
17	50719055	51826117	307	28	0.0000906993	0.000000024728
17	51826118	53599431	607	28	0.0000897302	0.000000055750
17	53599432	55357540	607	28	0.0001458239	0.000000054930
17	55357541	57487511	668	28	-0.0000123694	0.000000053026
17	57487512	59312754	237	22	0.0000992130	0.000000017369
17	59312755	61545588	434	28	0.0000697341	0.000000038575
17	61545589	63148127	290	28	0.0000819955	0.000000022914
17	63148128	64800429	625	28	0.0001876548	0.000000050261
17	64800430	67858769	921	28	0.0002429083	0.000000058723
17	67858770	69387816	644	28	0.0000833299	0.000000043119
17	69387817	72672202	1406	28	-0.0000259640	0.000000057341
17	72672203	74375559	386	28	0.0001532100	0.000000040383
17	74375560	76263412	710	28	0.0002591665	0.000000065387
17	76263413	77298635	449	28	0.0003581159	0.000000059821
17	77298636	78837587	527	28	0.0001016163	0.000000054902
17	78837588	80034407	212	28	0.0001875256	0.000000027929
17	80034408	81194907	290	28	0.0002142355	0.000000022363
18	10644	912485	393	28	0.0000687577	0.000000041295
18	912486	1942910	364	28	0.0002163311	0.000000036177
18	1942911	3891657	754	28	0.0000929021	0.000000059627
18	3891658	5834179	768	28	0.0001953860	0.000000063381
18	5834180	7090484	562	28	0.0001893199	0.000000059631
18	7090485	8498930	566	28	0.0001576933	0.000000057213
18	8498931	11075912	1240	28	0.0000454008	0.000000057646
18	11075913	11905439	253	28	0.0001179542	0.000000027921
18	11905440	14440798	724	28	0.0004172996	0.000000068103
18	14440799	19485843	157	16	0.0003032426	0.000000020050
18	19485844	20649471	299	28	0.0005315977	0.000000038850
18	20649472	22996650	808	28	0.0001984417	0.000000058605
18	22996651	24026190	309	28	0.0001926988	0.000000033718
18	24026191	25927681	779	28	0.0001696350	0.000000061281
18	25927682	26875586	244	26	0.0002234834	0.000000025524
18	26875587	27866477	269	27	0.0002198244	0.000000026506
18	27866478	30264065	868	28	0.0001835494	0.000000061878
18	30264066	31780066	342	28	0.0001461455	0.000000030467
18	31780067	33861963	609	28	0.0001243583	0.000000051776
18	33861964	35075249	473	28	0.0000927844	0.000000044353
18	35075250	36365489	486	28	0.0000342346	0.000000035993
18	36365490	37684366	346	28	0.0002825113	0.000000031370
18	37684367	39892647	764	28	0.0002312821	0.000000060390
18	39892648	42922105	927	28	0.0000867761	0.000000055903
18	42922106	44299245	679	28	0.0002168981	0.000000062685
18	44299246	45939731	585	28	0.0003171945	0.000000060610
18	45939732	47730583	769	28	0.0001741196	0.000000051388
18	47730584	51062184	1162	28	0.0000341774	0.000000057006
18	51062185	51554174	172	15	0.0000504131	0.000000013801
18	51554175	55213837	1095	28	0.0001510054	0.000000060105
18	55213838	56530219	601	28	0.0000507154	0.000000056455
18	56530220	57630482	576	28	0.0001098364	0.000000058694
18	57630483	59020750	433	28	0.0002504660	0.000000032437
18	59020751	60277714	537	28	0.0001387688	0.000000049555
18	60277715	61820251	569	28	0.0000675883	0.000000046962
18	61820252	63463401	516	28	0.0003553245	0.000000051373
18	63463402	64252800	237	22	0.0000440775	0.000000017652
18	64252801	66125816	728	28	0.0001699327	0.000000059992
18	66125817	67175819	320	28	0.0002435492	0.000000036283
18	67175820	68621178	451	28	0.0001211032	0.000000045632
18	68621179	69621617	381	28	0.0000811186	0.000000037164
18	69621618	71038473	557	28	0.0000983619	0.000000054400
18	71038474	71971461	487	28	0.0002783716	0.000000059710
18	71971462	73526986	651	28	0.0002449722	0.000000063871
18	73526987	74813814	584	28	0.0000387592	0.000000058404
18	74813815	75976316	587	28	0.0002422442	0.000000062781
18	75976317	77149990	408	28	0.0000328594	0.000000035377
18	77149991	78017157	254	28	0.0001428619	0.000000028510
19	80840	610728	89	23	-0.0000148536	0.000000012327
19	610729	2098395	270	28	0.0002780296	0.000000050567
19	2098396	3019659	219	28	0.0000895900	0.000000027437
19	3019660	4348966	294	28	0.0001244917	0.000000042019
19	4348967	5811851	377	28	0.0001029702	0.000000044918
19	5811852	6684884	193	28	0.0000990553	0.000000025480
19	6684885	8347512	492	28	0.0005302099	0.000000065469
19	8347513	9238392	246	28	0.0003053627	0.000000026906
19	9238393	11284027	469	28	0.0001359756	0.000000035732
19	11284028	13471126	394	28	0.0002005309	0.000000038750
19	13471127	14486346	197	28	0.0000696039	0.000000022570
19	14486347	15648609	352	28	0.0002209840	0.000000039093
19	15648610	16374415	347	28	0.0001577080	0.000000030462
19	16374416	18409861	527	28	0.0000516262	0.000000054040
19	18409862	19877470	312	28	0.0020229301	0.000000063948
19	19877471	20905756	129	20	0.0001189714	0.000000014408
19	20905757	22732895	304	28	0.0005655914	0.000000038213
19	22732896	23467745	125	13	-0.0000250567	0.000000008445
19	23467746	28557892	268	27	0.0001317882	0.000000022442
19	28557893	29790946	464	28	0.0001576519	0.000000043210
19	29790947	30727953	327	28	0.0001031293	0.000000031911
19	30727954	32746519	636	28	0.0000787575	0.000000058030
19	32746520	34262951	492	28	0.0004933933	0.000000056506
19	34262952	36469294	639	28	0.0001491482	0.000000059215
19	36469295	37527032	219	20	-0.0000102609	0.000000014149
19	37527033	40170618	589	28	0.0002542603	0.000000055615
19	40170619	40984600	175	25	0.0000256990	0.000000015765
19	40984601	42131572	283	28	-0.0000433755	0.000000022761
19	42131573	43862454	156	21	0.0002857682	0.000000022161
19	43862455	44744107	279	28	0.0000052895	0.000000022628
19	44744108	46102696	347	28	0.0014577274	0.000000063024
19	46102697	47150081	283	28	0.0002497361	0.000000026341
19	47150082	49282226	569	28	0.0006858713	0.000000071068
19	49282227	51532566	582	28	0.0001980868	0.000000066632
19	51532567	52985289	615	28	-0.0000089699	0.000000055077
19	52985290	54602361	474	28	0.0000274472	0.000000056563
19	54602362	55728079	345	28	0.0000488099	0.000000035946
19	55728080	57521334	662	28	0.0001869236	0.000000067413
19	57521335	59118838	522	28	0.0002363194	0.000000053319
20	60479	697599	258	28	0.0001673976	0.000000033038
20	697600	2469500	993	28	-0.0000259491	0.000000055816
20	2469501	3828412	480	28	0.0001634480	0.000000050385
20	3828413	5477849	782	28	0.0000556620	0.000000058776
20	5477850	7084072	727	28	0.0000994407	0.000000058537
20	7084073	8117010	400	28	0.0000635387	0.000000033347
20	8117011	9730920	763	28	0.0000011706	0.000000055453
20	9730921	11249535	732	28	0.0001326178	0.000000057372
20	11249536	12447498	497	28	0.0000988766	0.000000041196
20	12447499	13689863	547	28	0.0001707734	0.000000053284
20	13689864	15958358	972	28	0.0003096405	0.000000066290
20	15958359	17487231	935	28	0.0001635705	0.000000060593
20	17487232	18972202	598	28	0.0002205874	0.000000057672
20	18972203	20959709	885	28	0.0000948623	0.000000060764
20	20959710	22491455	399	28	0.0001788664	0.000000033639
20	22491456	23293789	355	28	0.0001387046	0.000000032712
20	23293790	24717723	523	28	0.0001117830	0.000000046240
20	24717724	25344230	211	21	0.0001488137	0.000000018964
20	25344231	31614822	561	28	0.0003487458	0.000000048543
20	31614823	32813440	282	28	0.0002591347	0.000000027327
20	32813441	34960445	436	28	0.0003580359	0.000000029493
20	34960446	36909529	476	28	0.0002603303	0.000000043884
20	36909530	38436760	503	28	0.0002135727	0.000000045722
20	38436761	39610855	462	28	0.0002269274	0.000000044308
20	39610856	40585688	284	28	0.0001749534	0.000000021442
20	40585689	41615459	576	28	0.0001257649	0.000000060627
20	41615460	42680175	386	28	0.0003082169	0.000000042897
20	42680176	44839055	754	28	0.0009668276	0.000000074537
20	44839056	47199979	1011	28	0.0000487121	0.000000057128
20	47199980	49239657	737	28	0.0001869903	0.000000059684
20	49239658	52472548	1323	28	0.0001846866	0.000000059869
20	52472549	54055265	600	28	0.0001482417	0.000000060184
20	54055266	56447958	1125	28	0.0002292833	0.000000062776
20	56447959	58406571	864	28	0.0000350056	0.000000056837
20	58406572	59561723	537	28	0.0001603502	0.000000054230
20	59561724	61301854	729	28	0.0001530181	0.000000062719
20	61301855	62190179	274	28	0.0001336939	0.000000032950
20	62190180	62965162	217	28	0.0002026211	0.000000024894
21	9411243	15950981	267	28	0.0002165258	0.000000030302
21	15950982	18053164	652	28	0.0001185340	0.000000060840
21	18053165	19480374	434	28	-0.0000337815	0.000000041335
21	19480375	20962338	601	28	0.0000820337	0.000000059968
21	20962339	22072763	352	28	0.0000763584	0.000000034311
21	22072764	23362874	521	28	0.0001715509	0.000000049245
21	23362875	24696230	354	28	0.0001581357	0.000000034682
21	24696231	26469121	645	28	0.0002198909	0.000000061890
21	26469122	27271018	217	25	0.0002346545	0.000000025677
21	27271019	29125225	864	28	-0.0000201013	0.000000056152
21	29125226	31197024	680	28	0.0001562573	0.000000054354
21	31197025	32668641	444	28	0.0000192480	0.000000031537
21	32668642	34376998	637	28	0.0000708712	0.000000056560
21	34376999	35225464	282	28	0.0004549109	0.000000038871
21	35225465	36524372	556	28	0.0001297286	0.000000052635
21	36524373	37870778	525	28	0.0001411563	0.000000047155
21	37870779	38711703	304	28	0.0002517104	0.000000030533
21	38711704	40482901	830	28	0.0003242312	0.000000063637
21	40482902	41389526	487	28	0.0000675707	0.000000039922
21	41389527	43321527	983	28	0.0001156552	0.000000059139
21	43321528	44506267	674	28	0.0001545463	0.000000061612
21	44506268	46177104	542	28	0.0001510249	0.000000054031
21	46177105	47492225	482	28	0.0001997519	0.000000046867
21	47492226	48119751	228	26	0.0000101451	0.000000018174
22	16050408	17674294	200	28	0.0002696080	0.000000030963
22	17674295	18296087	253	28	0.0001252992	0.000000030486
22	18296088	19912357	517	28	0.0002560151	0.000000056948
22	19912358	22357324	571	28	0.0000679627	0.000000050132
22	22357325	23712646	317	28	0.0000565598	0.000000030866
22	23712647	24984203	346	28	0.0002172406	0.000000033386
22	24984204	26791627	732	28	0.0000811014	0.000000057213
22	26791628	27834751	730	28	0.0000835703	0.000000059606
22	27834752	29651798	566	28	0.0001263656	0.000000053712
22	29651799	31439917	524	28	-0.0000048473	0.000000040243
22	31439918	32664985	342	28	0.0000153114	0.000000026806
22	32664986	34494913	920	28	0.0002463307	0.000000062852
22	34494914	35530984	489	28	0.0003240672	0.000000046247
22	35530985	37570268	815	28	0.0001038378	0.000000058102
22	37570269	39307893	508	28	0.0007436478	0.000000068409
22	39307894	40545796	320	28	0.0001465104	0.000000033857
22	40545797	42690817	446	28	0.0002295080	0.000000036512
22	42690818	43714199	386	28	0.0001915914	0.000000041242
22	43714200	44995307	684	28	-0.0000193583	0.000000055557
22	44995308	46470494	595	28	0.0000172357	0.000000059114
22	46470495	47596317	443	28	0.0001045485	0.000000047067
22	47596318	48903702	734	28	0.0001474236	0.000000060372
22	48903703	49824533	603	28	0.0001241157	0.000000059583
22	49824534	51243297	366	28	0.0002451948	0.000000043523
