chr	start	end	num_snp	k	local_h2g	var
1	10583	1892606	117	13	0.0002264631	0.000000120650
1	1892607	3582735	469	13	0.0000561879	0.000000352022
1	3582736	4380810	295	13	0.0000035669	0.000000175265
1	4380811	5913892	916	13	0.0000213456	0.000000325815
1	5913893	7247334	450	13	0.0000992931	0.000000230224
1	7247335	9365198	741	13	0.0000096292	0.000000328020
1	9365199	10806983	374	13	0.0001154797	0.000000183841
1	10806984	11777840	282	13	0.0001818284	0.000000177150
1	11777841	12779465	307	13	0.0003602368	0.000000221303
1	12779466	14891510	646	13	0.0002984061	0.000000348919
1	14891511	16897729	747	13	-0.0000226915	0.000000343584
1	16897730	18662898	699	13	0.0001332102	0.000000349277
1	18662899	20469148	777	13	0.0000913046	0.000000365735
1	20469149	21736587	479	13	0.0000819555	0.000000234189
1	21736588	23086882	545	13	0.0000701114	0.000000304824
1	23086883	23920589	237	13	0.0003210305	0.000000122789
1	23920590	25516844	549	13	0.0003482279	0.000000322231
1	25516845	27401866	434	13	0.0004404124	0.000000196619
1	27401867	30161880	578	13	0.0000984684	0.000000264994
1	30161881	32438684	984	13	0.0002784566	0.000000335355
1	32438685	34799757	716	13	0.0000519203	0.000000326718
1	34799758	37549182	608	13	-0.0000402285	0.000000313434
1	37549183	38731846	393	13	0.0007191458	0.000000221872
1	38731847	40200566	462	13	0.0006625613	0.000000263538
1	40200567	41975326	573	13	0.0001154955	0.000000245612
1	41975327	43758456	591	13	0.0000662375	0.000000247399
1	43758457	44969182	389	13	0.0002179901	0.000000158717
1	44969183	46899500	478	13	0.0001350125	0.000000146906
1	46899501	48002575	318	13	0.0011112073	0.000000190663
1	48002576	48978187	360	13	0.0002511499	0.000000168883
1	48978188	49894176	253	13	0.0003439776	0.000000121179
1	49894177	51713725	265	13	0.0000398839	0.000000076737
1	51713726	54226261	583	13	0.0000765412	0.000000264905
1	54226262	56413116	893	13	0.0001511831	0.000000341973
1	56413117	57021727	287	13	0.0001273609	0.000000110176
1	57021728	58865398	910	13	0.0002722808	0.000000344605
1	58865399	59890408	412	13	0.0000867774	0.000000174608
1	59890409	61922364	704	13	0.0000528100	0.000000328119
1	61922365	63455088	581	13	0.0003651797	0.000000327779
1	63455089	65041703	698	13	0.0001167144	0.000000290228
1	65041704	66939403	671	13	0.0002498744	0.000000280729
1	66939404	68477894	719	13	0.0001697523	0.000000268822
1	68477895	69687615	399	13	0.0000041316	0.000000173581
1	69687616	71372469	559	13	-0.0000629465	0.000000239128
1	71372470	71684404	87	10	0.0000662943	0.000000029032
1	71684405	74326906	585	13	0.0001549146	0.000000202877
1	74326907	76728134	759	13	-0.0001016428	0.000000253714
1	76728135	79661197	992	13	-0.0001013499	0.000000313514
1	79661198	81354190	500	13	0.0000150670	0.000000209625
1	81354191	83991747	1022	13	0.0000137788	0.000000327260
1	83991748	84844494	330	13	0.0001325344	0.000000125254
1	84844495	86454750	681	13	0.0001527380	0.000000307456
1	86454751	88128630	611	13	0.0002829032	0.000000301385
1	88128631	90066302	552	13	0.0001761643	0.000000248838
1	90066303	91886316	591	13	0.0002253431	0.000000275939
1	91886317	93536458	537	13	0.0001068048	0.000000198890
1	93536459	94506190	268	13	0.0001782217	0.000000102410
1	94506191	96150892	696	13	0.0002122540	0.000000331051
1	96150893	97885248	637	13	0.0001076674	0.000000226732
1	97885249	99800603	670	13	-0.0000095089	0.000000269023
1	99800604	100826404	348	13	-0.0000457499	0.000000111400
1	100826405	102041015	473	13	0.0001589242	0.000000188746
1	102041016	102898744	292	13	0.0000868445	0.000000128253
1	102898745	103914210	213	13	0.0002278148	0.000000078675
1	103914211	106087841	481	13	-0.0000437400	0.000000194281
1	106087842	108409664	770	13	0.0000178438	0.000000328025
1	108409665	110303930	598	13	0.0002019875	0.000000288140
1	110303931	111741736	615	13	0.0001752132	0.000000360374
1	111741737	113273305	757	13	-0.0000353796	0.000000316625
1	113273306	114873844	539	13	-0.0000088492	0.000000249562
1	114873845	115880592	357	13	0.0002020601	0.000000135401
1	115880593	118839066	916	13	0.0002357238	0.000000358713
1	118839067	144977493	605	13	0.0000486350	0.000000242818
1	144977494	148361252	464	13	0.0002062715	0.000000193130
1	148361253	151538880	363	13	0.0002587846	0.000000140608
1	151538881	153180828	521	13	0.0000021437	0.000000176598
1	153180829	154770402	492	13	0.0002938373	0.000000226296
1	154770403	156336132	322	13	0.0001821907	0.000000151757
1	156336133	158027411	643	13	0.0000559784	0.000000312995
1	158027412	159913047	740	13	0.0002743786	0.000000371857
1	159913048	162346720	943	13	0.0000659037	0.000000346283
1	162346721	165191701	1278	13	0.0001619226	0.000000336392
1	165191702	166460516	581	13	0.0001458526	0.000000299708
1	166460517	169086323	1205	13	0.0002237141	0.000000359110
1	169086324	170557775	591	13	0.0002511533	0.000000209252
1	170557776	173097906	978	13	0.0001006818	0.000000324502
1	173097907	175089767	448	13	-0.0000295225	0.000000113302
1	175089768	177433380	869	13	-0.0000252588	0.000000326889
1	177433381	178944308	544	13	0.0003260615	0.000000230491
1	178944309	178954469	2	1	0.0003023032	0.000000046051
1	178954470	181144120	811	13	-0.0000080001	0.000000307303
1	181144121	182755355	667	13	0.0000522938	0.000000325822
1	182755356	184595512	674	13	0.0002459340	0.000000287435
1	184595513	186810022	581	13	0.0001847958	0.000000241663
1	186810023	188759944	696	13	0.0001424542	0.000000283006
1	188759945	189904129	244	13	-0.0000428728	0.000000069632
1	189904130	191868929	591	13	0.0000631741	0.000000178933
1	191868930	194107441	646	13	0.0000831331	0.000000264343
1	194107442	196176200	630	13	0.0001383970	0.000000228156
1	196176201	197311513	206	13	0.0000939754	0.000000063242
1	197311514	199239883	548	13	0.0000678344	0.000000229213
1	199239884	200137648	344	13	0.0002099080	0.000000154574
1	200137649	201589974	751	13	0.0000702304	0.000000341204
1	201589975	203334733	652	13	0.0001753745	0.000000358869
1	203334734	204681067	537	13	0.0000632674	0.000000276531
1	204681068	206073264	604	13	0.0007866471	0.000000344047
1	206073265	208410363	699	13	0.0000524245	0.000000337046
1	208410364	210787749	1018	13	0.0002888232	0.000000349291
1	210787750	212842329	741	13	0.0002420852	0.000000337749
1	212842330	214578265	648	13	0.0000510938	0.000000335668
1	214578266	216243633	644	13	0.0001500393	0.000000282888
1	216243634	218705512	1151	13	0.0001504508	0.000000320162
1	218705513	219590570	314	13	0.0001511273	0.000000129187
1	219590571	221858230	750	13	0.0001894681	0.000000327107
1	221858231	222230219	187	13	0.0002763475	0.000000096497
1	222230220	224938519	632	13	0.0001469969	0.000000400076
1	224938520	226810859	558	13	0.0000456391	0.000000251544
1	226810860	229156247	789	13	0.0001929819	0.000000362403
1	229156248	230685254	599	13	0.0002383802	0.000000349006
1	230685255	232090251	627	13	-0.0000208342	0.000000312913
1	232090252	233429283	651	13	0.0001761372	0.000000366621
1	233429284	234599433	593	13	0.0000450150	0.000000325065
1	234599434	235819435	416	13	0.0001695898	0.000000251225
1	235819436	237555627	789	13	-0.0000922114	0.000000336949
1	237555628	238567806	460	13	0.0000825817	0.000000236025
1	238567807	239925313	531	13	0.0002946984	0.000000278343
1	239925314	240564090	377	13	0.0001926511	0.000000193768
1	240564091	241582219	553	13	0.0001365171	0.000000371444
1	241582220	242071601	236	13	-0.0000451656	0.000000118435
1	242071602	244109498	674	13	0.0001060127	0.000000337952
1	244109499	245506745	556	13	0.0001435806	0.000000366848
1	245506746	247344517	792	13	0.0001239011	0.000000374715
1	247344518	249239465	433	13	-0.0000070341	0.000000221676
2	10133	1781021	710	13	0.0000853122	0.000000322146
2	1781022	3973778	1027	13	0.0000439021	0.000000335077
2	3973779	5708336	661	13	0.0000601458	0.000000318919
2	5708337	6836253	595	13	0.0000436241	0.000000270993
2	6836254	8422146	673	13	0.0000039359	0.000000305165
2	8422147	10298468	723	13	0.0000880306	0.000000343504
2	10298469	12419149	1033	13	-0.0000089686	0.000000340469
2	12419150	14335307	622	13	0.0002204989	0.000000286296
2	14335308	16329734	768	13	0.0001327834	0.000000301197
2	16329735	18647422	899	13	0.0001676062	0.000000323522
2	18647423	19692403	396	13	0.0002001848	0.000000183411
2	19692404	21050489	664	13	0.0000243300	0.000000309883
2	21050490	23341382	638	13	0.0000767335	0.000000305085
2	23341383	24686917	457	13	0.0001499083	0.000000197538
2	24686918	26894984	583	13	0.0001731274	0.000000271943
2	26894985	28598776	424	13	0.0000952644	0.000000155226
2	28598777	29217558	253	13	0.0000844353	0.000000110638
2	29217559	30463710	650	13	-0.0000138761	0.000000307261
2	30463711	31550449	556	13	0.0000108951	0.000000297424
2	31550450	33363776	520	13	0.0000748856	0.000000285784
2	33363777	35345027	849	13	0.0001172233	0.000000316676
2	35345028	36122005	305	13	-0.0000753072	0.000000117894
2	36122006	38132711	978	13	0.0001788637	0.000000322213
2	38132712	39031336	343	13	0.0001137989	0.000000176832
2	39031337	40281482	317	13	-0.0000453732	0.000000140749
2	40281483	43309589	1365	13	0.0000486183	0.000000290220
2	43309590	44313802	417	13	0.0002682947	0.000000227290
2	44313803	46482633	1128	13	0.0000391392	0.000000325268
2	46482634	47318771	436	13	0.0001575459	0.000000277729
2	47318772	48213000	312	13	0.0001532218	0.000000205905
2	48213001	50022256	744	13	0.0000929589	0.000000303126
2	50022257	50818927	352	13	0.0000967413	0.000000157965
2	50818928	52491132	668	13	0.0000404538	0.000000295280
2	52491133	53508451	492	13	0.0000439554	0.000000221503
2	53508452	54685225	456	13	0.0001126668	0.000000216814
2	54685226	56203344	631	13	0.0003690046	0.000000306227
2	56203345	57429099	444	13	0.0001435248	0.000000210031
2	57429100	58297314	284	13	-0.0000378455	0.000000118670
2	58297315	60291999	771	13	0.0004184491	0.000000318112
2	60292000	62429043	611	13	0.0010361297	0.000000353046
2	62429044	64625912	602	13	0.0002890238	0.000000292608
2	64625913	65933443	476	13	0.0007164514	0.000000277578
2	65933444	67226165	563	13	-0.0000046779	0.000000247560
2	67226166	68010175	433	13	0.0001605447	0.000000187273
2	68010176	69139563	502	13	0.0001757397	0.000000226468
2	69139564	70755197	555	13	0.0002130131	0.000000229649
2	70755198	73174847	833	13	0.0001299319	0.000000329046
2	73174848	75630085	762	13	0.0001614782	0.000000342739
2	75630086	76913660	533	13	0.0000782727	0.000000247934
2	76913661	78079263	408	13	0.0002554083	0.000000243284
2	78079264	80050402	861	13	0.0001270135	0.000000303792
2	80050403	81620840	595	13	-0.0000108651	0.000000302884
2	81620841	85140679	926	13	0.0000704919	0.000000255821
2	85140680	88038506	657	13	0.0006020155	0.000000292197
2	88038507	89154525	253	13	0.0000345826	0.000000091685
2	89154526	95326451	4	2	0.0000622775	0.000000008807
2	95326452	98995200	443	13	0.0000440311	0.000000171265
2	98995201	101822328	931	13	0.0000841132	0.000000283675
2	101822329	102688764	271	13	0.0000191698	0.000000094200
2	102688765	103588214	418	13	0.0001333417	0.000000125495
2	103588215	105125033	317	13	-0.0000620378	0.000000123747
2	105125034	106210057	419	13	0.0000055056	0.000000186101
2	106210058	107408266	467	13	0.0000561508	0.000000203068
2	107408267	108429176	368	13	0.0000359570	0.000000127951
2	108429177	110572431	555	13	0.0001712775	0.000000236667
2	110572432	113921855	840	13	0.0007011946	0.000000337852
2	113921856	116772469	791	13	0.0002666090	0.000000323004
2	116772470	118367465	422	13	-0.0000137076	0.000000141256
2	118367466	121303782	1035	13	0.0000480265	0.000000317407
2	121303783	123302905	612	13	0.0000324245	0.000000316738
2	123302906	124732249	450	13	0.0002764883	0.000000162850
2	124732250	125840920	400	13	0.0001631779	0.000000164352
2	125840921	127373763	430	13	-0.0000078589	0.000000129838
2	127373764	128034346	308	13	0.0000363521	0.000000138267
2	128034347	129474440	451	13	0.0001661198	0.000000203903
2	129474441	130067169	240	13	0.0001143331	0.000000094768
2	130067170	130658084	219	13	0.0000808447	0.000000088238
2	130658085	133042783	238	13	0.0001383590	0.000000145728
2	133042784	135158577	948	13	0.0000033858	0.000000308060
2	135158578	137042793	477	13	0.0000278590	0.000000157642
2	137042794	138698116	629	13	0.0001752051	0.000000279399
2	138698117	140100270	453	13	0.0001369095	0.000000144585
2	140100271	141805350	596	13	0.0002677464	0.000000277922
2	141805351	142518601	311	13	0.0002015330	0.000000147101
2	142518602	144519483	679	13	0.0000833452	0.000000294452
2	144519484	146445569	461	13	-0.0000163197	0.000000192142
2	146445570	147277161	160	13	0.0001445561	0.000000069537
2	147277162	150210291	686	13	0.0001686344	0.000000266082
2	150210292	151731461	489	13	0.0003052045	0.000000226255
2	151731462	152486781	294	13	0.0008879779	0.000000155257
2	152486782	154005055	516	13	0.0001971117	0.000000221745
2	154005056	155391134	508	13	0.0001280353	0.000000233022
2	155391135	157560634	579	13	0.0000783106	0.000000243616
2	157560635	158533217	174	13	0.0001103283	0.000000092666
2	158533218	159577081	349	13	0.0003156446	0.000000172609
2	159577082	161769732	748	13	0.0002384441	0.000000307720
2	161769733	163503550	410	13	-0.0000035311	0.000000135208
2	163503551	164466637	205	13	0.0000977069	0.000000086111
2	164466638	165178839	185	13	0.0000289398	0.000000071707
2	165178840	167160269	664	13	0.0002587668	0.000000271511
2	167160270	167355969	75	10	0.0000338321	0.000000028066
2	167355970	169968235	881	13	0.0000668394	0.000000307512
2	169968236	171226244	511	13	-0.0000423854	0.000000214897
2	171226245	173138904	605	13	0.0000840512	0.000000300995
2	173138905	175588928	870	13	0.0002202572	0.000000324073
2	175588929	177363635	561	13	-0.0000342811	0.000000234343
2	177363636	178553182	482	13	0.0000238722	0.000000172620
2	178553183	181312738	1034	13	-0.0000124676	0.000000295132
2	181312739	182266030	315	13	0.0000763972	0.000000116412
2	182266031	184357607	644	13	0.0000515761	0.000000293557
2	184357608	185280172	245	13	0.0006051836	0.000000125597
2	185280173	189882064	1006	13	0.0000856609	0.000000310905
2	189882065	191973356	521	13	0.0004497245	0.000000230131
2	191973357	195861163	741	13	0.0001186347	0.000000339250
2	195861164	196447455	162	13	0.0003651530	0.000000089952
2	196447456	198078109	460	13	0.0004153923	0.000000175646
2	198078110	199311124	322	13	0.0002323948	0.000000105062
2	199311125	201576283	654	13	0.0000907022	0.000000261094
2	201576284	202818636	329	13	0.0002697919	0.000000147174
2	202818637	205799240	779	13	0.0002542896	0.000000329089
2	205799241	206735703	421	13	-0.0000131908	0.000000234223
2	206735704	208645398	685	13	0.0001217855	0.000000324175
2	208645399	209941528	352	13	0.0004311641	0.000000184875
2	209941529	212379517	768	13	0.0001790509	0.000000306057
2	212379518	214014281	651	13	0.0001759480	0.000000328276
2	214014282	215573794	458	13	-0.0001292137	0.000000186860
2	215573795	217715660	847	13	0.0001386945	0.000000337993
2	217715661	218395479	293	13	-0.0001251112	0.000000137788
2	218395480	220454550	616	13	0.0004284739	0.000000305991
2	220454551	222521175	895	13	-0.0000974059	0.000000316503
2	222521176	224859418	821	13	0.0001971061	0.000000343357
2	224859419	225840003	374	13	0.0003792200	0.000000148380
2	225840004	228119841	763	13	0.0004982650	0.000000335972
2	228119842	229370786	472	13	0.0001303750	0.000000197089
2	229370787	231843388	979	13	0.0000955786	0.000000331957
2	231843389	233550002	503	13	0.0000265912	0.000000246310
2	233550003	235150986	824	13	0.0000582293	0.000000317727
2	235150987	236043549	447	13	0.0000087962	0.000000274138
2	236043550	237449031	496	13	0.0000166551	0.000000234615
2	237449032	238760980	563	13	0.0000754581	0.000000275157
2	238760981	239952642	447	13	0.0003115712	0.000000247312
2	239952643	241560083	715	13	-0.0001450102	0.000000361240
2	241560084	242149920	233	13	0.0002075934	0.000000122904
2	242149921	243188919	143	13	0.0003313511	0.000000089458
3	60157	1441778	648	13	0.0001819529	0.000000345639
3	1441779	2992119	958	13	0.0000245795	0.000000342798
3	2992120	4431646	814	13	-0.0000061043	0.000000333294
3	4431647	6083182	832	13	0.0003460485	0.000000376768
3	6083183	7083386	449	13	0.0000957825	0.000000257900
3	7083387	8648560	906	13	-0.0000134076	0.000000302780
3	8648561	9543182	525	13	0.0000270107	0.000000333769
3	9543183	11019664	645	13	-0.0000997885	0.000000342634
3	11019665	13070798	784	13	0.0003655803	0.000000372952
3	13070799	14816899	838	13	0.0002147241	0.000000356762
3	14816900	16282441	554	13	-0.0000985727	0.000000245664
3	16282442	17891117	523	13	0.0004950983	0.000000254051
3	17891118	19125143	357	13	0.0005991140	0.000000198236
3	19125144	20091347	209	13	0.0002892315	0.000000122016
3	20091348	21643706	672	13	0.0003104903	0.000000324583
3	21643707	22204243	409	13	-0.0000109365	0.000000214962
3	22204244	23804864	565	13	0.0000390500	0.000000285237
3	23804865	25461557	780	13	0.0005078290	0.000000349024
3	25461558	26877768	491	13	0.0002694370	0.000000231008
3	26877769	27840909	282	13	-0.0000238774	0.000000117874
3	27840910	29142259	471	13	-0.0000298311	0.000000222884
3	29142260	30717954	718	13	0.0001226451	0.000000335366
3	30717955	32351714	682	13	0.0000423292	0.000000320946
3	32351715	33255591	291	13	0.0001746182	0.000000169808
3	33255592	35283457	615	13	0.0000268706	0.000000260536
3	35283458	36486841	427	13	0.0001382546	0.000000188761
3	36486842	38356115	620	13	0.0001405897	0.000000284766
3	38356116	40221297	695	13	0.0000072636	0.000000297063
3	40221298	41064527	159	13	0.0000824405	0.000000068772
3	41064528	42540001	481	13	0.0001729643	0.000000219897
3	42540002	45165152	731	13	0.0001899568	0.000000316909
3	45165153	46657499	575	13	0.0000250643	0.000000244575
3	46657500	47727211	181	13	0.0002349266	0.000000079455
3	47727212	49316971	259	13	0.0002207401	0.000000067057
3	49316972	51832014	454	13	0.0002550109	0.000000107410
3	51832015	54081389	635	13	0.0003723171	0.000000296064
3	54081390	55348859	694	13	0.0002144500	0.000000336475
3	55348860	56433906	389	13	0.0001711954	0.000000192742
3	56433907	58157518	569	13	0.0000831597	0.000000228934
3	58157519	60272905	1020	13	0.0001260202	0.000000323603
3	60272906	62355665	1037	13	-0.0000224926	0.000000326906
3	62355666	63669285	704	13	0.0001228153	0.000000340975
3	63669286	65273537	802	13	0.0001279758	0.000000322908
3	65273538	66270446	358	13	-0.0000140548	0.000000204137
3	66270447	68286913	689	13	0.0004249819	0.000000350683
3	68286914	69276761	385	13	0.0000390784	0.000000198976
3	69276762	70449027	418	13	-0.0000793199	0.000000214256
3	70449028	72529328	821	13	0.0001691016	0.000000334735
3	72529329	74321816	743	13	0.0000673701	0.000000312827
3	74321817	75704948	287	13	0.0001343245	0.000000135667
3	75704949	77508834	522	13	0.0002236852	0.000000271949
3	77508835	79024540	435	13	0.0000390784	0.000000206552
3	79024541	81427309	515	13	0.0001955451	0.000000169415
3	81427310	82643885	310	13	0.0000708562	0.000000108393
3	82643886	84367478	344	13	-0.0000392413	0.000000122191
3	84367479	85582230	272	13	-0.0000842647	0.000000084325
3	85582231	87409731	472	13	0.0001449946	0.000000170372
3	87409732	88298372	205	13	0.0002361774	0.000000076456
3	88298373	94255315	494	13	0.0000367591	0.000000184652
3	94255316	95311970	228	13	0.0002254531	0.000000078566
3	95311971	98215949	603	13	-0.0000254539	0.000000209648
3	98215950	99373761	350	13	0.0003437475	0.000000147669
3	99373762	100592216	345	13	0.0002177800	0.000000119441
3	100592217	103084959	701	13	0.0002092566	0.000000286098
3	103084960	104581612	448	13	-0.0000472425	0.000000172189
3	104581613	106982810	750	13	0.0000105630	0.000000323888
3	106982811	109522394	807	13	0.0005164240	0.000000341283
3	109522395	110513769	269	13	0.0002136914	0.000000092616
3	110513770	112815698	740	13	0.0001290607	0.000000317000
3	112815699	113947862	386	13	0.0002697356	0.000000169515
3	113947863	115447079	414	13	0.0001466958	0.000000221393
3	115447080	116800152	554	13	0.0000273909	0.000000250874
3	116800153	118530250	607	13	0.0000343432	0.000000287737
3	118530251	120523054	719	13	0.0002851392	0.000000296599
3	120523055	121974096	410	13	0.0002169406	0.000000126578
3	121974097	123517767	539	13	0.0000841316	0.000000231323
3	123517768	124936641	647	13	-0.0000009909	0.000000282904
3	124936642	126214942	417	13	0.0001233341	0.000000177930
3	126214943	128194860	703	13	-0.0000882923	0.000000315830
3	128194861	130244734	463	13	0.0004202122	0.000000211854
3	130244735	131836515	572	13	0.0000224712	0.000000215393
3	131836516	133252172	535	13	0.0002891053	0.000000219408
3	133252173	135456905	908	13	0.0004589859	0.000000341974
3	135456906	137371082	461	13	0.0003382607	0.000000171540
3	137371083	139954596	870	13	0.0003542405	0.000000314579
3	139954597	141339096	496	13	0.0003838994	0.000000249045
3	141339097	143164627	650	13	0.0009461028	0.000000365482
3	143164628	144410815	409	13	0.0001461993	0.000000176885
3	144410816	145664618	380	13	-0.0001196376	0.000000122772
3	145664619	146726628	352	13	0.0001301704	0.000000143982
3	146726629	149043236	723	13	0.0000979715	0.000000335997
3	149043237	150252003	447	13	-0.0000902288	0.000000214192
3	150252004	151348729	388	13	0.0001443736	0.000000196199
3	151348730	153256570	593	13	-0.0000048850	0.000000254038
3	153256571	154714217	427	13	0.0001578401	0.000000153785
3	154714218	156008699	346	13	-0.0000023873	0.000000151300
3	156008700	157312027	469	13	-0.0000071995	0.000000170529
3	157312028	159477889	674	13	0.0000315944	0.000000230301
3	159477890	161524503	587	13	0.0003249092	0.000000201995
3	161524504	163253204	511	13	0.0000962565	0.000000180641
3	163253205	165055468	460	13	0.0002316192	0.000000135695
3	165055469	167117428	473	13	0.0000927727	0.000000172935
3	167117429	168580959	388	13	0.0001056334	0.000000152850
3	168580960	170964908	751	13	0.0002690585	0.000000325743
3	170964909	172295730	543	13	-0.0000228249	0.000000301143
3	172295731	173477284	403	13	-0.0000555558	0.000000222108
3	173477285	175116538	631	13	0.0001080990	0.000000325983
3	175116539	176320286	365	13	0.0001126445	0.000000157871
3	176320287	178107164	572	13	0.0000279093	0.000000297886
3	178107165	179374585	405	13	0.0003898638	0.000000184831
3	179374586	181511165	488	13	0.0001670988	0.000000213474
3	181511166	183769682	696	13	0.0004284606	0.000000341071
3	183769683	185068254	436	13	0.0000756068	0.000000248308
3	185068255	186890343	697	13	0.0002258770	0.000000386428
3	186890344	188856213	833	13	0.0000951564	0.000000339159
3	188856214	190226606	647	13	-0.0000449924	0.000000307698
3	190226607	192343813	804	13	-0.0000412960	0.000000326763
3	192343814	194059670	584	13	-0.0000237719	0.000000371449
3	194059671	194786673	314	13	0.0002069417	0.000000226024
3	194786674	195971407	263	13	0.0023130277	0.000000337267
3	195971408	197075986	322	13	0.0001111119	0.000000186986
3	197075987	197946621	198	13	0.0003139855	0.000000123857
4	10240	694714	109	12	0.0002892877	0.000000069039
4	694715	1478710	233	13	0.0000236076	0.000000113467
4	1478711	2842978	300	13	0.0002538600	0.000000194772
4	2842979	3846039	279	13	0.0000595316	0.000000166717
4	3846040	4684115	243	13	0.0002824329	0.000000154291
4	4684116	5502387	409	13	0.0001668227	0.000000234342
4	5502388	6773042	727	13	0.0001618245	0.000000413922
4	6773043	7539691	434	13	-0.0000084674	0.000000320036
4	7539692	8152234	375	13	0.0001030748	0.000000256675
4	8152235	9326478	259	13	-0.0000338705	0.000000154383
4	9326479	10699151	542	13	-0.0000386483	0.000000187793
4	10699152	12323033	693	13	-0.0000116523	0.000000314678
4	12323034	14272000	743	13	0.0000584695	0.000000315663
4	14272001	15147445	391	13	0.0003164661	0.000000200562
4	15147446	15927008	268	13	0.0001895398	0.000000133944
4	15927009	17383321	700	13	0.0001296435	0.000000319957
4	17383322	18841873	439	13	0.0001529204	0.000000204081
4	18841874	20544556	501	13	0.0001155288	0.000000196867
4	20544557	22319346	692	13	0.0001137809	0.000000317604
4	22319347	24135528	629	13	0.0003943758	0.000000314168
4	24135529	25609321	632	13	0.0000233809	0.000000331873
4	25609322	27343721	589	13	-0.0000005085	0.000000344379
4	27343722	27965867	214	13	-0.0000350511	0.000000101741
4	27965868	29762207	560	13	0.0000015288	0.000000244375
4	29762208	30454534	168	13	0.0001641779	0.000000082328
4	30454535	31782980	432	13	0.0000384318	0.000000205502
4	31782981	33172765	336	13	0.0001030344	0.000000150763
4	33172766	35151414	377	13	0.0001982181	0.000000130191
4	35151415	36020435	285	13	0.0000750006	0.000000102617
4	36020436	37255046	457	13	0.0005397335	0.000000203146
4	37255047	38907021	824	13	0.0006392537	0.000000379649
4	38907022	40202608	409	13	0.0004568429	0.000000204092
4	40202609	42213057	746	13	-0.0000102488	0.000000342718
4	42213058	43965044	559	13	0.0002434057	0.000000233720
4	43965045	45189156	358	13	0.0003176164	0.000000134494
4	45189157	47411895	484	13	0.0003164626	0.000000200211
4	47411896	48123599	234	13	0.0001436472	0.000000083871
4	48123600	53877432	506	13	0.0002171492	0.000000179739
4	53877433	55429555	556	13	0.0006074257	0.000000260110
4	55429556	56547643	398	13	0.0001388342	0.000000197225
4	56547644	58935007	926	13	0.0001457839	0.000000333734
4	58935008	60741086	486	13	0.0001519796	0.000000192588
4	60741087	62371762	452	13	0.0000341537	0.000000186115
4	62371763	64341000	464	13	-0.0000508480	0.000000207681
4	64341001	66600491	543	13	0.0001656819	0.000000221939
4	66600492	68059496	414	13	0.0001528042	0.000000169670
4	68059497	68854764	260	13	0.0001481872	0.000000105778
4	68854765	71049151	561	13	0.0001609646	0.000000187330
4	71049152	72140557	236	13	0.0002059741	0.000000098959
4	72140558	74592389	535	13	0.0000184163	0.000000211711
4	74592390	77130706	765	13	0.0003063121	0.000000319037
4	77130707	79093978	773	13	-0.0000728385	0.000000321654
4	79093979	80990296	595	13	0.0000974442	0.000000215356
4	80990297	82125314	258	13	0.0001702830	0.000000119012
4	82125315	83372592	403	13	0.0001431600	0.000000197542
4	83372593	84799655	510	13	0.0000000561	0.000000229252
4	84799656	86930608	642	13	0.0000307482	0.000000256186
4	86930609	87534647	139	13	0.0003145815	0.000000069025
4	87534648	89238027	599	13	0.0006310806	0.000000293671
4	89238028	90231563	342	13	0.0002616689	0.000000178752
4	90231564	91560676	362	13	0.0000551886	0.000000148032
4	91560677	94233298	615	13	-0.0000556842	0.000000288277
4	94233299	96182187	636	13	0.0002745227	0.000000318514
4	96182188	97540702	523	13	-0.0000996924	0.000000235236
4	97540703	99424066	423	13	0.0002656659	0.000000149516
4	99424067	100678359	445	13	-0.0000203398	0.000000177966
4	100678360	103221355	848	13	0.0001169887	0.000000336855
4	103221356	105305293	518	13	0.0001892013	0.000000205216
4	105305294	107501304	611	13	0.0000755061	0.000000236294
4	107501305	108815347	377	13	0.0000322611	0.000000134560
4	108815348	111256566	817	13	0.0000421423	0.000000318215
4	111256567	113870101	752	13	0.0000722930	0.000000303514
4	113870102	115666245	645	13	0.0001688555	0.000000339740
4	115666246	117276928	359	13	0.0001903496	0.000000127326
4	117276929	118479917	358	13	0.0000818856	0.000000142093
4	118479918	119933511	436	13	0.0000273318	0.000000150681
4	119933512	120392683	156	13	0.0001535133	0.000000057387
4	120392684	122657986	765	13	0.0000280878	0.000000327658
4	122657987	124286480	397	13	0.0003682774	0.000000160725
4	124286481	125210861	275	13	0.0001022160	0.000000121807
4	125210862	126480885	409	13	0.0001419123	0.000000189418
4	126480886	127275476	237	13	0.0000371516	0.000000105931
4	127275477	127830292	174	13	0.0002802175	0.000000089582
4	127830293	128996664	201	13	0.0001941512	0.000000076771
4	128996665	130591884	466	13	0.0001557302	0.000000198564
4	130591885	131283820	192	13	0.0004029757	0.000000110115
4	131283821	132954032	374	13	0.0000450770	0.000000160891
4	132954033	134628433	396	13	0.0002496335	0.000000167575
4	134628434	136566406	451	13	0.0002405196	0.000000185163
4	136566407	138541970	550	13	0.0000327874	0.000000264467
4	138541971	139556510	371	13	0.0001096930	0.000000170704
4	139556511	141084630	532	13	0.0002102368	0.000000305850
4	141084631	143443264	751	13	0.0000974166	0.000000318222
4	143443265	146178186	538	13	0.0002697259	0.000000197416
4	146178187	148521872	656	13	-0.0000775569	0.000000289393
4	148521873	150683579	560	13	0.0000383408	0.000000251379
4	150683580	152782183	542	13	0.0000250315	0.000000165368
4	152782184	154477640	526	13	0.0000810478	0.000000288949
4	154477641	155056125	216	13	0.0000341151	0.000000097836
4	155056126	157485096	865	13	-0.0000025861	0.000000344015
4	157485097	158743717	342	13	-0.0001175701	0.000000144490
4	158743718	161058863	550	13	-0.0000428682	0.000000203871
4	161058864	161826434	280	13	0.0003162741	0.000000144502
4	161826435	163243678	472	13	-0.0001013139	0.000000205055
4	163243679	164478233	345	13	0.0000879059	0.000000158596
4	164478234	165823447	451	13	0.0001291374	0.000000243028
4	165823448	167018857	381	13	0.0000847562	0.000000208554
4	167018858	167852916	192	13	0.0003191348	0.000000098039
4	167852917	169676824	617	13	0.0000458383	0.000000306820
4	169676825	170776509	337	13	0.0000609291	0.000000158433
4	170776510	172558634	442	13	0.0001401564	0.000000195843
4	172558635	174264131	411	13	0.0001485216	0.000000184972
4	174264132	176570715	665	13	-0.0000283804	0.000000345179
4	176570716	178991909	868	13	0.0002042282	0.000000350626
4	178991910	180122042	347	13	-0.0000947156	0.000000175285
4	180122043	182066806	857	13	-0.0001330620	0.000000329543
4	182066807	183371274	746	13	-0.0000415316	0.000000325892
4	183371275	184929454	626	13	0.0000090330	0.000000401009
4	184929455	186909089	919	13	-0.0000509891	0.000000354700
4	186909090	188472980	649	13	0.0000080418	0.000000347176
4	188472981	189693510	443	13	0.0000746682	0.000000292176
4	189693511	191043593	341	13	0.0000170733	0.000000198532
5	11940	982251	240	13	0.0001560335	0.000000120521
5	982252	2132441	485	13	0.0000257327	0.000000327053
5	2132442	3361940	827	13	0.0000063026	0.000000342070
5	3361941	4632109	562	13	0.0001418945	0.000000290003
5	4632110	5973232	721	13	0.0002282175	0.000000331529
5	5973233	7143217	608	13	0.0001501340	0.000000308373
5	7143218	8446335	616	13	0.0002638514	0.000000286391
5	8446336	9718831	631	13	0.0001809033	0.000000304116
5	9718832	11173270	771	13	0.0001679212	0.000000335838
5	11173271	13464831	620	13	0.0001755137	0.000000295478
5	13464832	14757803	618	13	0.0002400524	0.000000286207
5	14757804	16963612	776	13	-0.0000033254	0.000000309270
5	16963613	18051591	287	13	0.0002232310	0.000000168338
5	18051592	19917715	579	13	0.0001311488	0.000000230679
5	19917716	22152072	475	13	0.0000319562	0.000000183278
5	22152073	23494323	419	13	-0.0001151483	0.000000145273
5	23494324	26184850	689	13	0.0002182202	0.000000311959
5	26184851	26857603	155	13	0.0002109586	0.000000073301
5	26857604	27984512	238	13	0.0001604564	0.000000110191
5	27984513	29714819	430	13	-0.0001100092	0.000000149089
5	29714820	31390248	600	13	0.0002627498	0.000000262670
5	31390249	33500179	852	13	0.0000108549	0.000000321110
5	33500180	35048969	576	13	-0.0000631987	0.000000283154
5	35048970	36433953	494	13	0.0001585445	0.000000191334
5	36433954	38802409	780	13	0.0002682578	0.000000332576
5	38802410	40287728	552	13	0.0001168088	0.000000197491
5	40287729	41888709	555	13	0.0001763227	0.000000176100
5	41888710	43983498	425	13	0.0001466169	0.000000148106
5	43983499	50163397	433	13	0.0004097232	0.000000147540
5	50163398	52134621	578	13	0.0001922275	0.000000234348
5	52134622	53703043	628	13	0.0003235308	0.000000284768
5	53703044	55417348	626	13	0.0001312180	0.000000260162
5	55417349	56621101	514	13	0.0004200166	0.000000262016
5	56621102	57340072	276	13	0.0002357265	0.000000113657
5	57340073	58524621	558	13	-0.0000683701	0.000000218461
5	58524622	60935906	698	13	-0.0000013659	0.000000265255
5	60935907	61672994	275	13	-0.0000044171	0.000000096056
5	61672995	63218986	505	13	0.0001783577	0.000000179111
5	63218987	63968303	182	13	0.0002377361	0.000000077063
5	63968304	65911285	636	13	0.0001007589	0.000000243846
5	65911286	67850859	801	13	0.0001905972	0.000000327526
5	67850860	71240455	466	13	0.0000051683	0.000000196661
5	71240456	73759325	1012	13	0.0000880638	0.000000324490
5	73759326	75798865	712	13	-0.0000364550	0.000000319909
5	75798866	77623331	747	13	0.0005533802	0.000000363789
5	77623332	79393143	673	13	0.0001708959	0.000000319858
5	79393144	80481470	461	13	0.0000412026	0.000000217925
5	80481471	82025647	512	13	0.0003454094	0.000000257648
5	82025648	83972688	550	13	-0.0000234569	0.000000300339
5	83972689	85767289	531	13	0.0001316542	0.000000218296
5	85767290	87389990	280	13	0.0001129901	0.000000125617
5	87389991	88891529	310	13	0.0005233098	0.000000147416
5	88891530	90422653	437	13	0.0002521200	0.000000183369
5	90422654	91840541	285	13	-0.0000187105	0.000000121175
5	91840542	93809983	418	13	0.0001708033	0.000000163593
5	93809984	95963518	719	13	0.0000902423	0.000000314331
5	95963519	97315600	426	13	0.0000934860	0.000000156245
5	97315601	99260991	505	13	0.0003030340	0.000000203692
5	99260992	101578768	529	13	0.0003014590	0.000000213624
5	101578769	103320004	495	13	0.0001008916	0.000000191491
5	103320005	104851482	430	13	-0.0000277480	0.000000188342
5	104851483	105893054	179	13	0.0001370096	0.000000092758
5	105893055	107264195	566	13	0.0002186764	0.000000309936
5	107264196	108633933	397	13	0.0003604387	0.000000194591
5	108633934	110821143	659	13	0.0001401834	0.000000297709
5	110821144	111981561	434	13	-0.0000119823	0.000000208175
5	111981562	113396284	560	13	0.0001030478	0.000000247665
5	113396285	114830369	542	13	0.0000650849	0.000000231136
5	114830370	115831046	440	13	0.0004105345	0.000000222688
5	115831047	117346212	561	13	0.0000580174	0.000000308064
5	117346213	118608819	385	13	0.0003061723	0.000000208381
5	118608820	119669041	346	13	0.0000424984	0.000000162736
5	119669042	120452165	242	13	0.0003824741	0.000000135252
5	120452166	122556904	681	13	0.0001421829	0.000000302472
5	122556905	123798099	450	13	0.0000549349	0.000000196028
5	123798100	125785648	858	13	0.0000747659	0.000000306545
5	125785649	127344603	449	13	0.0001139600	0.000000199790
5	127344604	129519024	688	13	0.0000956149	0.000000269161
5	129519025	132139648	628	13	0.0000954584	0.000000190330
5	132139649	134777400	932	13	0.0003588086	0.000000351430
5	134777401	136376049	605	13	-0.0001149630	0.000000216681
5	136376050	139265071	710	13	0.0001188113	0.000000273550
5	139265072	140645970	360	13	0.0001430981	0.000000119864
5	140645971	142981247	949	13	0.0001479864	0.000000345839
5	142981248	144943353	647	13	0.0004557447	0.000000271741
5	144943354	147181997	759	13	0.0001865149	0.000000327726
5	147181998	148662623	571	13	0.0000663616	0.000000255465
5	148662624	150561297	873	13	0.0003856262	0.000000364175
5	150561298	152867773	876	13	0.0002690492	0.000000319341
5	152867774	153773087	433	13	0.0002698955	0.000000162556
5	153773088	155373504	572	13	0.0002924893	0.000000277493
5	155373505	156628699	393	13	-0.0000320231	0.000000154830
5	156628700	158825697	893	13	0.0002597646	0.000000313483
5	158825698	159973943	428	13	0.0000875940	0.000000218607
5	159973944	161482132	538	13	-0.0000792632	0.000000193757
5	161482133	162743907	368	13	0.0000293562	0.000000158341
5	162743908	163771581	392	13	0.0002786081	0.000000195600
5	163771582	165642394	563	13	-0.0000352525	0.000000304460
5	165642395	166847739	424	13	0.0002221935	0.000000244921
5	166847740	168525317	789	13	0.0000353840	0.000000312032
5	168525318	169505663	491	13	0.0003133063	0.000000253143
5	169505664	171074291	674	13	0.0001956466	0.000000336526
5	171074292	172678326	700	13	0.0003381538	0.000000344426
5	172678327	173642870	503	13	0.0004698276	0.000000273066
5	173642871	175450594	843	13	0.0000436104	0.000000348956
5	175450595	177251506	357	13	0.0000161820	0.000000174673
5	177251507	178413463	451	13	0.0000923579	0.000000261029
5	178413464	179401243	368	13	0.0001084410	0.000000213737
5	179401244	180559932	364	13	0.0000057136	0.000000218057
5	180559933	180885155	43	9	0.0000451060	0.000000024560
6	73924	1452361	703	13	0.0001817000	0.000000363047
6	1452362	2458935	446	13	0.0002491241	0.000000240298
6	2458936	3573592	611	13	0.0002661552	0.000000370752
6	3573593	4617816	543	13	-0.0000996019	0.000000254411
6	4617817	5791471	617	13	0.0000382488	0.000000328997
6	5791472	6785206	617	13	0.0002975973	0.000000335157
6	6785207	7808935	534	13	0.0001705380	0.000000301694
6	7808936	9020025	517	13	0.0000524445	0.000000211732
6	9020026	10540316	630	13	0.0001503540	0.000000314481
6	10540317	11790815	577	13	0.0001624063	0.000000287561
6	11790816	13209387	615	13	-0.0000545032	0.000000284914
6	13209388	14802923	715	13	0.0001761009	0.000000338154
6	14802924	17386404	1027	13	0.0009884264	0.000000386677
6	17386405	19207486	677	13	0.0001997360	0.000000276660
6	19207487	21684064	1049	13	0.0002799996	0.000000337872
6	21684065	22748306	534	13	0.0000218477	0.000000283985
6	22748307	23936618	509	13	0.0000313072	0.000000275991
6	23936619	24852274	409	13	0.0003187976	0.000000239290
6	24852275	25684586	469	13	0.0049265844	0.000000529569
6	25684587	26791232	501	13	0.0065589000	0.000000561826
6	26791233	28017818	286	13	0.0008131403	0.000000131372
6	28017819	28917607	324	13	0.0023384777	0.000000216021
6	28917608	29737970	551	13	0.0009442849	0.000000205451
6	29737971	30798167	942	13	0.0013058216	0.000000289755
6	30798168	31571217	846	13	0.0008715657	0.000000307446
6	31571218	32682663	722	13	0.0005081195	0.000000266300
6	32682664	33236496	671	13	0.0002839498	0.000000245930
6	33236497	35455755	774	13	0.0004908274	0.000000347748
6	35455756	37572595	843	13	0.0002790866	0.000000330971
6	37572596	39295676	781	13	0.0002708500	0.000000323718
6	39295677	40345114	422	13	0.0000576200	0.000000191241
6	40345115	42038720	753	13	0.0022013223	0.000000470318
6	42038721	43756168	466	13	0.0001739145	0.000000250437
6	43756169	45406562	598	13	0.0003059225	0.000000337480
6	45406563	47311897	787	13	0.0005008882	0.000000330775
6	47311898	48391124	367	13	0.0001887472	0.000000133060
6	48391125	50386144	533	13	0.0002571165	0.000000174752
6	50386145	52210475	650	13	0.0000651969	0.000000256371
6	52210476	53279101	447	13	0.0000240253	0.000000184242
6	53279102	55468269	885	13	0.0001862094	0.000000300831
6	55468270	56105312	219	13	0.0001390538	0.000000069792
6	56105313	57599464	383	13	0.0001255190	0.000000148635
6	57599465	61880511	140	11	0.0001249289	0.000000051797
6	61880512	63552887	353	13	0.0001289693	0.000000098976
6	63552888	65765741	465	13	0.0000154772	0.000000166139
6	65765742	67329214	514	13	0.0001112815	0.000000205220
6	67329215	68849482	486	13	0.0001543201	0.000000192773
6	68849483	69523447	230	13	0.0003117998	0.000000111754
6	69523448	71609509	771	13	0.0000034302	0.000000290462
6	71609510	73450096	656	13	0.0002792886	0.000000283236
6	73450097	75462002	609	13	0.0001583049	0.000000251184
6	75462003	77414880	465	13	0.0000357602	0.000000167521
6	77414881	78957727	506	13	0.0001404228	0.000000151495
6	78957728	80691169	606	13	0.0002606935	0.000000256805
6	80691170	81929221	395	13	0.0000577803	0.000000109619
6	81929222	83127148	362	13	0.0001669203	0.000000145923
6	83127149	85209988	579	13	-0.0000293686	0.000000214865
6	85209989	87069499	624	13	0.0001504669	0.000000208073
6	87069500	88822139	569	13	0.0000724210	0.000000225579
6	88822140	89973051	445	13	0.0000095605	0.000000200883
6	89973052	91843195	761	13	0.0003163825	0.000000339224
6	91843196	93428643	484	13	0.0002967543	0.000000226177
6	93428644	94118141	298	13	0.0001545668	0.000000125430
6	94118142	94441174	87	8	0.0001994317	0.000000043299
6	94441175	97093510	649	13	-0.0001112696	0.000000255879
6	97093511	97842283	246	13	0.0000160483	0.000000093700
6	97842284	100630145	827	13	0.0002085267	0.000000306767
6	100630146	102636771	512	13	0.0001010988	0.000000216908
6	102636772	103983394	354	13	0.0002613709	0.000000140379
6	103983395	106056732	683	13	0.0001335837	0.000000294154
6	106056733	107450305	648	13	0.0000250489	0.000000328336
6	107450306	108464379	365	13	0.0002124538	0.000000180532
6	108464380	110304246	561	13	0.0026419397	0.000000368554
6	110304247	112345013	633	13	0.0002875972	0.000000297761
6	112345014	114220832	654	13	0.0001100342	0.000000256534
6	114220833	116131395	512	13	0.0000948953	0.000000175641
6	116131396	117672971	488	13	0.0000482208	0.000000181754
6	117672972	118963114	393	13	0.0000632786	0.000000147640
6	118963115	119963277	336	13	0.0001344282	0.000000137436
6	119963278	120512127	172	13	0.0004652452	0.000000081022
6	120512128	121905675	391	13	0.0004841367	0.000000150843
6	121905676	123856180	635	13	0.0003420680	0.000000257031
6	123856181	125424382	621	13	0.0002061237	0.000000347359
6	125424383	127540460	475	13	0.0001512492	0.000000202435
6	127540461	129861030	624	13	0.0004455006	0.000000292404
6	129861031	130935453	505	13	0.0001671879	0.000000244337
6	130935454	132765668	624	13	0.0002984695	0.000000286153
6	132765669	134244242	617	13	0.0000083715	0.000000262147
6	134244243	136224176	609	13	0.0085909637	0.000000889464
6	136224177	137614217	353	13	0.0000712050	0.000000176130
6	137614218	138822628	496	13	0.0001595565	0.000000234833
6	138822629	139845435	405	13	0.0006005310	0.000000255618
6	139845436	142288478	556	13	0.0004162163	0.000000237303
6	142288479	145319809	1065	13	0.0001320735	0.000000306379
6	145319810	146665423	324	13	0.0000665331	0.000000090336
6	146665424	148920351	947	13	-0.0000734485	0.000000308655
6	148920352	150253403	535	13	0.0002194408	0.000000232087
6	150253404	151912702	908	13	0.0003060296	0.000000343316
6	151912703	153094495	589	13	0.0000900851	0.000000278727
6	153094496	154974119	830	13	0.0000342158	0.000000313000
6	154974120	156763325	762	13	-0.0000584665	0.000000330744
6	156763326	158218718	447	13	0.0001391265	0.000000292179
6	158218719	160580496	1067	13	0.0000776782	0.000000327405
6	160580497	162169563	788	13	0.0002314523	0.000000322440
6	162169564	162931202	388	13	0.0000082053	0.000000204812
6	162931203	164383520	701	13	0.0000783769	0.000000325206
6	164383521	165586863	565	13	0.0004557446	0.000000286053
6	165586864	167024732	839	13	0.0000799681	0.000000323857
6	167024733	168042834	439	13	-0.0000844337	0.000000207545
6	168042835	169382049	667	13	-0.0000335200	0.000000369170
6	169382050	170330172	421	13	0.0001800810	0.000000178049
6	170330173	171051269	247	13	-0.0001200164	0.000000100576
7	16161	972751	109	13	0.0000837796	0.000000083514
7	972752	1353066	113	13	0.0001075222	0.000000080686
7	1353067	2062397	160	13	0.0003389658	0.000000139554
7	2062398	2772226	237	13	0.0000801336	0.000000143804
7	2772227	4573427	889	13	0.0000617132	0.000000331824
7	4573428	5416231	230	13	0.0001877420	0.000000189192
7	5416232	5854525	108	13	0.0002253665	0.000000080444
7	5854526	6573856	149	13	0.0004287879	0.000000116216
7	6573857	7808751	449	13	0.0001048027	0.000000257824
7	7808752	9123422	760	13	-0.0000000471	0.000000357926
7	9123423	9987498	388	13	0.0000774505	0.000000237100
7	9987499	11299197	510	13	-0.0000745328	0.000000265233
7	11299198	12635460	739	13	0.0001837366	0.000000326169
7	12635461	13884201	596	13	-0.0000441225	0.000000326932
7	13884202	15143656	584	13	0.0000502637	0.000000332093
7	15143657	16902068	789	13	0.0000695722	0.000000318941
7	16902069	19481546	1069	13	-0.0000243298	0.000000320909
7	19481547	20124907	240	13	0.0001803732	0.000000129115
7	20124908	22507628	1237	13	0.0001397877	0.000000324329
7	22507629	23471441	329	13	0.0001506784	0.000000177841
7	23471442	25077258	732	13	0.0001167633	0.000000321671
7	25077259	25909554	462	13	0.0000272072	0.000000216237
7	25909555	28360308	916	13	0.0000812228	0.000000328444
7	28360309	31137288	1314	13	-0.0000216378	0.000000345130
7	31137289	33555767	1041	13	0.0000292921	0.000000313137
7	33555768	36213537	1054	13	0.0001237096	0.000000316353
7	36213538	37555183	656	13	0.0000886940	0.000000344729
7	37555184	38966702	670	13	0.0000432853	0.000000282323
7	38966703	39862669	331	13	0.0000131437	0.000000124388
7	39862670	42001810	634	13	0.0001990489	0.000000288409
7	42001811	43159073	413	13	0.0002680427	0.000000203518
7	43159074	44763827	489	13	-0.0000325037	0.000000213338
7	44763828	45952921	375	13	0.0004378825	0.000000218595
7	45952922	46986719	428	13	0.0000806076	0.000000169735
7	46986720	49212277	939	13	0.0000662488	0.000000311314
7	49212278	51675321	935	13	0.0005471046	0.000000332457
7	51675322	53176311	673	13	0.0000266495	0.000000273304
7	53176312	54222975	387	13	-0.0000198290	0.000000129174
7	54222976	55691583	577	13	0.0000778322	0.000000270437
7	55691584	57382637	264	13	0.0003265755	0.000000123708
7	57382638	63307358	150	13	0.0001459011	0.000000076472
7	63307359	63641124	54	6	0.0002697522	0.000000037798
7	63641125	65689808	334	13	0.0001993468	0.000000122575
7	65689809	68234073	741	13	0.0001057352	0.000000324392
7	68234074	69085363	284	13	0.0002528555	0.000000149744
7	69085364	71874884	884	13	0.0002666245	0.000000340982
7	71874885	73334601	160	13	-0.0000258641	0.000000071438
7	73334602	76458563	368	13	0.0001552830	0.000000207516
7	76458564	78093858	644	13	0.0001115897	0.000000320077
7	78093859	79888068	675	13	0.0001059647	0.000000317665
7	79888069	82022685	756	13	-0.0000201774	0.000000340537
7	82022686	83801202	662	13	0.0001968085	0.000000325478
7	83801203	85572181	421	13	0.0000567793	0.000000148602
7	85572182	87825003	583	13	-0.0000699977	0.000000190538
7	87825004	90661783	993	13	0.0000414562	0.000000307108
7	90661784	92493751	445	13	0.0001509039	0.000000187752
7	92493752	93966600	371	13	0.0003325752	0.000000217163
7	93966601	96073507	726	13	0.0001258554	0.000000295462
7	96073508	97099569	324	13	0.0001341742	0.000000141396
7	97099570	98715473	447	13	0.0005951753	0.000000239421
7	98715474	100196650	255	13	0.0005086987	0.000000113140
7	100196651	101199252	251	13	0.0018197021	0.000000237984
7	101199253	103197509	405	13	0.0001170080	0.000000197190
7	103197510	104159524	488	13	-0.0000811627	0.000000200245
7	104159525	105682904	559	13	0.0001694462	0.000000275637
7	105682905	107780177	788	13	0.0000711690	0.000000343342
7	107780178	109647593	577	13	0.0001731613	0.000000253151
7	109647594	112618683	874	13	-0.0000819546	0.000000311407
7	112618684	113712386	234	13	0.0000295900	0.000000097352
7	113712387	116780177	742	13	0.0001285666	0.000000303078
7	116780178	118351580	388	13	0.0001155066	0.000000129700
7	118351581	121045272	465	13	0.0005996725	0.000000209538
7	121045273	121933629	248	13	0.0002572302	0.000000109310
7	121933630	124156804	683	13	0.0001596461	0.000000259420
7	124156805	124167551	7	2	0.0003558570	0.000000027536
7	124167552	126519169	705	13	0.0006243331	0.000000272633
7	126519170	126869220	145	13	0.0000292174	0.000000052044
7	126869221	128778385	617	13	0.0002149164	0.000000258424
7	128778386	130422413	491	13	0.0000921407	0.000000233365
7	130422414	132805847	960	13	-0.0000505132	0.000000327499
7	132805848	134307595	455	13	0.0001184401	0.000000162014
7	134307596	135591082	521	13	0.0005943174	0.000000261837
7	135591083	136876561	427	13	0.0000438762	0.000000187805
7	136876562	138744678	646	13	0.0001437809	0.000000384491
7	138744679	139933176	343	13	0.0002258454	0.000000185311
7	139933177	140235209	126	13	0.0001827145	0.000000099894
7	140235210	141226556	293	13	-0.0000057075	0.000000112541
7	141226557	142656309	466	13	0.0000721893	0.000000175103
7	142656310	144968288	581	13	0.0003839682	0.000000276034
7	144968289	146427959	400	13	0.0003371163	0.000000190401
7	146427960	147815317	596	13	0.0003228140	0.000000292860
7	147815318	149840657	653	13	0.0000219213	0.000000366098
7	149840658	150711504	336	13	-0.0000397872	0.000000131249
7	150711505	152249805	489	13	0.0001355255	0.000000364220
7	152249806	153674018	502	13	-0.0000824944	0.000000312763
7	153674019	154964729	589	13	-0.0000388727	0.000000376582
7	154964730	156065249	515	13	-0.0001321137	0.000000354717
7	156065250	157634596	566	13	0.0000660890	0.000000330912
7	157634597	159128574	519	13	-0.0000393417	0.000000275346
8	10422	1044216	424	13	-0.0000009741	0.000000254937
8	1044217	1163244	75	13	0.0006285989	0.000000081159
8	1163245	2042941	502	13	0.0000141884	0.000000365275
8	2042942	2573278	271	13	0.0000937758	0.000000153369
8	2573279	3392925	623	13	0.0004008227	0.000000349005
8	3392926	3783016	440	13	0.0001556252	0.000000265004
8	3783017	4480475	691	13	0.0005511537	0.000000389325
8	4480476	5146926	506	13	0.0002344563	0.000000335375
8	5146927	6142796	793	13	0.0003656905	0.000000366224
8	6142797	7153078	569	13	0.0000450650	0.000000372182
8	7153079	9154693	577	13	0.0000668143	0.000000325409
8	9154694	9640786	242	13	0.0000905255	0.000000125593
8	9640787	10463196	490	13	0.0000878069	0.000000305748
8	10463197	11278997	408	13	0.0001865000	0.000000225052
8	11278998	13491774	860	13	0.0002253240	0.000000344549
8	13491775	13944991	270	13	0.0000383075	0.000000132218
8	13944992	15991659	1132	13	0.0000308164	0.000000293936
8	15991660	17387875	579	13	-0.0001364109	0.000000318645
8	17387876	17836398	292	13	0.0002528558	0.000000171992
8	17836399	19492839	1012	13	0.0002187617	0.000000322289
8	19492840	20060855	344	13	0.0000053682	0.000000167645
8	20060856	21661736	784	13	0.0000633030	0.000000314455
8	21661737	22897056	488	13	0.0003478475	0.000000352005
8	22897057	24674717	692	13	0.0005595076	0.000000360176
8	24674718	25483453	297	13	0.0001932665	0.000000129270
8	25483454	26682524	650	13	-0.0000255061	0.000000316859
8	26682525	28162391	768	13	0.0000782020	0.000000305274
8	28162392	29327895	384	13	0.0001408747	0.000000182739
8	29327896	31133728	562	13	0.0003769996	0.000000275095
8	31133729	31548359	133	13	0.0000084760	0.000000053476
8	31548360	32977217	497	13	0.0001447153	0.000000201185
8	32977218	35317231	557	13	0.0000372762	0.000000167399
8	35317232	37379388	376	13	0.0002783382	0.000000173292
8	37379389	38938805	305	13	0.0000096850	0.000000169228
8	38938806	40703336	628	13	0.0001018011	0.000000278016
8	40703337	41721453	405	13	0.0002876801	0.000000228008
8	41721454	42773822	198	13	0.0000871090	0.000000085072
8	42773823	46841314	54	8	0.0000236454	0.000000029757
8	46841315	50082469	428	13	0.0004067894	0.000000178933
8	50082470	53302929	813	13	0.0000281059	0.000000268431
8	53302930	54418043	360	13	0.0000149550	0.000000143866
8	54418044	55945580	490	13	0.0000162004	0.000000176709
8	55945581	56956382	362	13	0.0000068441	0.000000135811
8	56956383	59068650	691	13	0.0001698316	0.000000304520
8	59068651	59728099	287	13	0.0001204071	0.000000117598
8	59728100	62329098	822	13	0.0001007267	0.000000305194
8	62329099	63349305	343	13	0.0001519966	0.000000121377
8	63349306	65232871	537	13	0.0002334383	0.000000192844
8	65232872	66489089	376	13	0.0005444597	0.000000179079
8	66489090	69863056	906	13	0.0000668315	0.000000321953
8	69863057	70867978	421	13	0.0000095227	0.000000197913
8	70867979	72289453	453	13	-0.0000214507	0.000000166471
8	72289454	73817198	716	13	0.0001636058	0.000000311432
8	73817199	75445063	641	13	0.0000379211	0.000000276755
8	75445064	76456541	304	13	-0.0000383691	0.000000105211
8	76456542	79132860	728	13	0.0001969933	0.000000269573
8	79132861	81956394	830	13	0.0000826372	0.000000309516
8	81956395	82693738	224	13	0.0005135919	0.000000126063
8	82693739	84225588	429	13	0.0000361437	0.000000137576
8	84225589	85955618	368	13	0.0000641594	0.000000138125
8	85955619	87411708	277	13	0.0000320911	0.000000083148
8	87411709	89085480	496	13	-0.0000775108	0.000000179608
8	89085481	90638161	419	13	0.0001833927	0.000000159711
8	90638162	93554385	713	13	-0.0000081537	0.000000268585
8	93554386	95005526	393	13	0.0001208721	0.000000165335
8	95005527	96534805	654	13	0.0001355790	0.000000310810
8	96534806	99401580	1156	13	-0.0000520191	0.000000303283
8	99401581	101620957	516	13	0.0004920659	0.000000183677
8	101620958	104123305	1019	13	0.0001073345	0.000000330979
8	104123306	104988751	265	13	0.0003312744	0.000000100991
8	104988752	107410753	841	13	0.0000761606	0.000000287715
8	107410754	108648176	493	13	0.0002167110	0.000000185440
8	108648177	109248172	208	13	0.0001802529	0.000000072279
8	109248173	110484313	360	13	0.0002744817	0.000000118573
8	110484314	111850846	296	13	0.0001865417	0.000000104124
8	111850847	113064319	247	13	0.0000585016	0.000000073452
8	113064320	116096494	823	13	0.0003223317	0.000000265727
8	116096495	119685456	1196	13	-0.0000578962	0.000000295814
8	119685457	121201699	541	13	-0.0000796053	0.000000187018
8	121201700	124861458	1389	13	0.0000726573	0.000000313174
8	124861459	125683718	347	13	0.0001098981	0.000000141676
8	125683719	126410916	274	13	0.0000286037	0.000000130242
8	126410917	128659110	949	13	0.0001573262	0.000000332192
8	128659111	130381138	707	13	0.0001587146	0.000000317081
8	130381139	131639624	490	13	0.0003143000	0.000000231678
8	131639625	133351143	788	13	0.0001972767	0.000000316922
8	133351144	134570000	725	13	0.0002717567	0.000000318158
8	134570001	136035604	785	13	-0.0000169330	0.000000298229
8	136035605	137524150	570	13	0.0001358412	0.000000232480
8	137524151	139254829	774	13	-0.0000900499	0.000000295523
8	139254830	140725642	786	13	0.0001095822	0.000000330016
8	140725643	143044913	876	13	0.0001873622	0.000000353100
8	143044914	144236880	396	13	0.0002585749	0.000000205214
8	144236881	146303866	360	13	0.0002734062	0.000000227503
9	10023	1079706	612	13	-0.0000293355	0.000000326609
9	1079707	1916876	616	13	0.0002144141	0.000000322220
9	1916877	3190063	813	13	-0.0000437823	0.000000341033
9	3190064	4495327	768	13	-0.0000117418	0.000000333684
9	4495328	4884925	239	13	0.0015768385	0.000000243313
9	4884926	6557588	592	13	0.0004671670	0.000000338585
9	6557589	7154922	305	13	0.0003220865	0.000000183456
9	7154923	8456298	950	13	0.0002487052	0.000000363237
9	8456299	9166402	411	13	0.0001745273	0.000000281402
9	9166403	10879252	857	13	0.0001115082	0.000000359475
9	10879253	12276488	486	13	0.0000096178	0.000000241122
9	12276489	14836362	1308	13	-0.0000449214	0.000000350052
9	14836363	16659654	827	13	0.0001004865	0.000000325930
9	16659655	18661050	971	13	0.0002956899	0.000000326156
9	18661051	20463533	865	13	0.0001037204	0.000000338154
9	20463534	22206558	707	13	0.0002128432	0.000000322075
9	22206559	24158517	641	13	-0.0000214863	0.000000334427
9	24158518	25330809	314	13	0.0001406096	0.000000197879
9	25330810	26111756	291	13	0.0001693326	0.000000192105
9	26111757	28224282	994	13	0.0001152806	0.000000319674
9	28224283	28811583	260	13	0.0002612355	0.000000161335
9	28811584	30387391	582	13	0.0000780507	0.000000217414
9	30387392	31310382	260	13	0.0003125268	0.000000120515
9	31310383	32019367	217	13	0.0001032766	0.000000083921
9	32019368	33578333	617	13	0.0001829396	0.000000292315
9	33578334	34642242	297	13	0.0003245477	0.000000105042
9	34642243	36743282	610	13	0.0001128153	0.000000300970
9	36743283	38641598	760	13	-0.0000364060	0.000000318275
9	38641599	65472189	108	13	-0.0001608328	0.000000054656
9	65472190	72512710	609	13	0.0001243384	0.000000270956
9	72512711	72753754	112	11	0.0002427808	0.000000051715
9	72753755	74253039	629	13	0.0000767904	0.000000241583
9	74253040	76203945	606	13	0.0002805558	0.000000248903
9	76203946	76973080	192	13	-0.0000327872	0.000000070959
9	76973081	78900182	846	13	0.0001796218	0.000000338717
9	78900183	79471207	311	13	-0.0000308783	0.000000160129
9	79471208	81079054	553	13	0.0001169075	0.000000291171
9	81079055	82590927	662	13	0.0001175465	0.000000313212
9	82590928	84211232	706	13	0.0000753386	0.000000316010
9	84211233	85440800	342	13	-0.0000855347	0.000000180695
9	85440801	86938195	659	13	-0.0001180065	0.000000283141
9	86938196	88109332	528	13	0.0000312952	0.000000214170
9	88109333	88590416	115	13	0.0000458255	0.000000044845
9	88590417	90136245	638	13	0.0001636204	0.000000314218
9	90136246	92528697	918	13	0.0003593521	0.000000359876
9	92528698	94167202	678	13	-0.0000366490	0.000000336801
9	94167203	96671697	856	13	0.0002198829	0.000000330096
9	96671698	98922039	725	13	0.0000858216	0.000000304804
9	98922040	101592858	928	13	0.0001241665	0.000000324005
9	101592859	104624436	1027	13	-0.0000909664	0.000000308996
9	104624437	105967975	606	13	0.0001171945	0.000000255359
9	105967976	107581748	645	13	0.0002866273	0.000000238404
9	107581749	109298753	642	13	0.0001667467	0.000000337721
9	109298754	110695061	603	13	-0.0000571754	0.000000325844
9	110695062	112778023	1152	13	-0.0000131499	0.000000301466
9	112778024	114831081	965	13	0.0000455173	0.000000324750
9	114831082	115693144	331	13	0.0003036329	0.000000137448
9	115693145	117019800	667	13	0.0004080108	0.000000380200
9	117019801	117921959	492	13	0.0000657019	0.000000242067
9	117921960	121321536	1569	13	-0.0000107877	0.000000310602
9	121321537	122260296	378	13	0.0001235922	0.000000172008
9	122260297	124871321	825	13	0.0001628791	0.000000332991
9	124871322	126971886	721	13	0.0001994791	0.000000368539
9	126971887	129059664	586	13	-0.0000976533	0.000000242455
9	129059665	130055509	353	13	-0.0000766379	0.000000158881
9	130055510	132165469	524	13	0.0000050485	0.000000267386
9	132165470	133223216	329	13	0.0000488151	0.000000180304
9	133223217	134127887	358	13	0.0002172421	0.000000234326
9	134127888	135298841	464	13	0.0001784367	0.000000232021
9	135298842	137041121	718	13	0.0001141416	0.000000408243
9	137041122	137589363	218	13	-0.0000607442	0.000000158921
9	137589364	138938977	671	13	0.0001349955	0.000000411398
9	138938978	139500341	129	13	-0.0000548326	0.000000079468
9	139500342	141144795	279	13	0.0000704732	0.000000197791
10	60523	751338	138	13	0.0003545962	0.000000100211
10	751339	1523543	356	13	0.0000457421	0.000000184935
10	1523544	2254499	467	13	0.0000251099	0.000000243013
10	2254500	3352698	706	13	-0.0000194876	0.000000333374
10	3352699	4572273	640	13	0.0001069361	0.000000322929
10	4572274	5983761	751	13	0.0001001223	0.000000339250
10	5983762	7171483	779	13	0.0000019980	0.000000347879
10	7171484	8774664	917	13	0.0001359758	0.000000345691
10	8774665	10249395	597	13	0.0002730748	0.000000276043
10	10249396	12586796	1092	13	0.0000924846	0.000000334967
10	12586797	13321599	467	13	0.0000467794	0.000000302909
10	13321600	15026067	988	13	0.0002730276	0.000000338759
10	15026068	16551766	593	13	-0.0000019018	0.000000322083
10	16551767	18537266	814	13	0.0002563979	0.000000354795
10	18537267	19716877	560	13	0.0001888748	0.000000273069
10	19716878	22772282	1039	13	0.0000007005	0.000000321702
10	22772283	23175131	131	13	0.0002574219	0.000000079567
10	23175132	25578595	804	13	0.0003581890	0.000000353307
10	25578596	26888683	573	13	0.0001468898	0.000000229044
10	26888684	29323235	967	13	0.0001244994	0.000000329883
10	29323236	29783691	285	13	0.0002477362	0.000000152767
10	29783692	30458837	381	13	0.0000544805	0.000000200142
10	30458838	31907518	502	13	0.0003608264	0.000000235572
10	31907519	33707967	667	13	0.0002076125	0.000000258914
10	33707968	35109354	516	13	0.0004135301	0.000000253522
10	35109355	36572507	442	13	0.0003393645	0.000000196777
10	36572508	37790028	340	13	-0.0000437247	0.000000117544
10	37790029	42372578	211	13	0.0000370491	0.000000043289
10	42372579	43894770	330	13	0.0001820687	0.000000148214
10	43894771	44730074	311	13	0.0002887297	0.000000132159
10	44730075	48760449	719	13	0.0009242892	0.000000382761
10	48760450	50840914	699	13	-0.0000359268	0.000000304016
10	50840915	53616628	784	13	0.0003239887	0.000000356571
10	53616629	55103571	717	13	0.0000670563	0.000000338502
10	55103572	57031139	797	13	-0.0000206716	0.000000325402
10	57031140	57662145	192	13	0.0002040736	0.000000068612
10	57662146	58959527	400	13	0.0000218729	0.000000099012
10	58959528	60289986	453	13	0.0000475737	0.000000151342
10	60289987	61891408	620	13	0.0002373097	0.000000319000
10	61891409	62659678	318	13	0.0003979437	0.000000156847
10	62659679	63341694	170	13	-0.0000388672	0.000000063917
10	63341695	65794113	884	13	-0.0000299964	0.000000309102
10	65794114	67549614	515	13	0.0000801600	0.000000189234
10	67549615	69900147	929	13	-0.0000549658	0.000000296878
10	69900148	70195990	119	11	-0.0000059080	0.000000043323
10	70195991	72220849	939	13	0.0001905566	0.000000352230
10	72220850	73508511	782	13	0.0000010338	0.000000348894
10	73508512	75422549	459	13	0.0002116694	0.000000161741
10	75422550	78706813	878	13	0.0001957694	0.000000312101
10	78706814	80876748	1064	13	0.0002747024	0.000000338347
10	80876749	82414678	533	13	0.0001466039	0.000000274885
10	82414679	84383744	753	13	0.0002652280	0.000000321310
10	84383745	85458702	462	13	0.0000824458	0.000000157035
10	85458703	87937576	1022	13	0.0000766523	0.000000304053
10	87937577	89127063	294	13	0.0000606295	0.000000133296
10	89127064	91013380	755	13	-0.0001123329	0.000000305041
10	91013381	92006580	387	13	0.0002293588	0.000000173205
10	92006581	93335046	461	13	0.0001143276	0.000000179362
10	93335047	95396367	693	13	0.0002043862	0.000000308594
10	95396368	96221242	276	13	0.0000882858	0.000000126888
10	96221243	97822356	606	13	0.0000864741	0.000000200124
10	97822357	100241301	946	13	0.0001974699	0.000000342008
10	100241302	100668399	157	13	0.0000752395	0.000000058831
10	100668400	102949238	812	13	0.0004486390	0.000000351129
10	102949239	104380409	316	13	0.0004603703	0.000000121863
10	104380410	106695047	788	13	0.0005679364	0.000000320279
10	106695048	108726685	699	13	0.0002246618	0.000000298141
10	108726686	110317704	667	13	0.0001074383	0.000000297824
10	110317705	112561492	683	13	0.0000163334	0.000000291730
10	112561493	115328431	1063	13	-0.0000714949	0.000000319909
10	115328432	116421405	514	13	0.0000747174	0.000000250188
10	116421406	119523933	1053	13	0.0002455513	0.000000335798
10	119523934	120591352	439	13	0.0000752095	0.000000228149
10	120591353	122407322	735	13	0.0000269890	0.000000328038
10	122407323	123231464	407	13	0.0001687199	0.000000193003
10	123231465	123900544	296	13	-0.0000211090	0.000000156913
10	123900545	125869345	926	13	0.0001424921	0.000000337467
10	125869346	128001097	1000	13	0.0003309066	0.000000342414
10	128001098	129154361	548	13	0.0002756679	0.000000292807
10	129154362	130844283	993	13	0.0000927234	0.000000370147
10	130844284	131741326	449	13	-0.0000345278	0.000000231711
10	131741327	132580244	431	13	0.0000912842	0.000000216833
10	132580245	134336328	904	13	-0.0000339998	0.000000349545
10	134336329	134494672	39	6	0.0000530987	0.000000021106
10	134494673	135523864	292	13	0.0000333254	0.000000171995
11	70855	1213589	286	13	0.0000605035	0.000000193408
11	1213590	3665480	853	13	0.0001318139	0.000000404991
11	3665481	4746708	451	13	0.0002758807	0.000000245099
11	4746709	6322868	1029	13	0.0000344297	0.000000319439
11	6322869	7436700	571	13	0.0001276741	0.000000253314
11	7436701	8333273	525	13	-0.0000624657	0.000000304194
11	8333274	9087316	291	13	0.0000051432	0.000000132245
11	9087317	10952026	668	13	0.0001014177	0.000000305366
11	10952027	12564228	1142	13	0.0001207900	0.000000328111
11	12564229	13373123	420	13	-0.0000465167	0.000000169344
11	13373124	15742551	794	13	0.0000977607	0.000000295953
11	15742552	17578401	638	13	0.0002210541	0.000000264107
11	17578402	19569534	825	13	0.0002460078	0.000000333834
11	19569535	21017137	825	13	0.0000198362	0.000000324673
11	21017138	22374141	583	13	0.0000250447	0.000000302033
11	22374142	24088516	620	13	0.0002138103	0.000000261947
11	24088517	26045752	702	13	0.0001084885	0.000000337399
11	26045753	27020460	372	13	0.0002281289	0.000000156395
11	27020461	28481592	418	13	0.0003337083	0.000000155410
11	28481593	30141356	433	13	0.0002757227	0.000000195072
11	30141357	32276900	655	13	0.0001548282	0.000000224394
11	32276901	33958738	579	13	0.0002889047	0.000000264300
11	33958739	35502604	846	13	0.0000514268	0.000000311978
11	35502605	37116814	765	13	0.0000070590	0.000000307170
11	37116815	39382002	445	13	0.0002003906	0.000000175277
11	39382003	42310002	954	13	0.0000971062	0.000000301326
11	42310003	44693798	1012	13	-0.0000336108	0.000000305557
11	44693799	47006136	739	13	0.0001292294	0.000000313002
11	47006137	49866049	506	13	0.0002920744	0.000000153637
11	49866050	54695472	156	8	0.0008097227	0.000000087348
11	54695473	55082656	13	3	0.0000908968	0.000000018259
11	55082657	58457494	1096	13	0.0005588348	0.000000305293
11	58457495	58780548	76	7	-0.0000398415	0.000000022865
11	58780549	62223770	1044	13	0.0002760708	0.000000343120
11	62223771	63804568	313	13	0.0001404102	0.000000149042
11	63804569	65898630	517	13	0.0002396409	0.000000255712
11	65898631	68005824	338	13	0.0005772900	0.000000168490
11	68005825	69516129	495	13	0.0000674762	0.000000248556
11	69516130	70926291	491	13	0.0002671296	0.000000303097
11	70926292	72286016	326	13	0.0000922505	0.000000131349
11	72286017	74412350	615	13	0.0004133810	0.000000264750
11	74412351	76797208	803	13	-0.0000989724	0.000000313385
11	76797209	78355057	453	13	0.0000910440	0.000000183094
11	78355058	80722372	1102	13	0.0000647565	0.000000320615
11	80722373	81266711	273	13	-0.0000415841	0.000000118044
11	81266712	84381271	1210	13	0.0001835321	0.000000311421
11	84381272	86619300	806	13	0.0000090951	0.000000292922
11	86619301	87430234	327	13	0.0000094269	0.000000118462
11	87430235	89208935	601	13	0.0000183665	0.000000285391
11	89208936	90966489	409	13	0.0001312206	0.000000138514
11	90966490	92077143	362	13	-0.0000578778	0.000000133456
11	92077144	93276156	420	13	-0.0000467479	0.000000152733
11	93276157	94242259	299	13	0.0000071774	0.000000101647
11	94242260	95726040	608	13	0.0002523847	0.000000311466
11	95726041	97057057	528	13	0.0000761213	0.000000284980
11	97057058	98705064	592	13	0.0003041160	0.000000313882
11	98705065	100417168	804	13	-0.0000261977	0.000000305232
11	100417169	101331120	415	13	0.0001586422	0.000000174377
11	101331121	103959635	1119	13	-0.0000508811	0.000000296338
11	103959636	104873283	300	13	0.0002926703	0.000000089764
11	104873284	106520893	492	13	0.0000510005	0.000000184906
11	106520894	107844199	486	13	0.0001459989	0.000000237298
11	107844200	108437036	139	11	0.0006762010	0.000000078617
11	108437037	109866115	361	13	0.0001562108	0.000000166013
11	109866116	111114396	507	13	0.0001478334	0.000000206671
11	111114397	112459487	399	13	-0.0000325697	0.000000144729
11	112459488	114257727	821	13	0.0000964664	0.000000331005
11	114257728	114830665	240	13	0.0002622037	0.000000110625
11	114830666	116383347	681	13	0.0001721885	0.000000323085
11	116383348	117747109	643	13	0.0001878715	0.000000366991
11	117747110	119215475	542	13	0.0000770055	0.000000266175
11	119215476	120766805	671	13	-0.0000073785	0.000000344949
11	120766806	121175942	208	13	0.0000001082	0.000000077472
11	121175943	122591909	486	13	-0.0000120884	0.000000240199
11	122591910	123500116	439	13	0.0004078615	0.000000269999
11	123500117	124495527	500	13	0.0000643983	0.000000160104
11	124495528	126311319	834	13	0.0000941149	0.000000315085
11	126311320	127316678	579	13	0.0000511620	0.000000255404
11	127316679	128188536	322	13	0.0003950461	0.000000155107
11	128188537	130342574	907	13	0.0000980919	0.000000339152
11	130342575	131074611	391	13	0.0001825088	0.000000212984
11	131074612	133000045	1150	13	-0.0000535571	0.000000326802
11	133000046	134205992	568	13	-0.0001228275	0.000000319801
11	134205993	134946451	428	13	-0.0000879453	0.000000241064
12	61107	1080330	337	13	0.0001482751	0.000000215832
12	1080331	2544785	520	13	-0.0001190616	0.000000287251
12	2544786	3677036	533	13	0.0000592757	0.000000328597
12	3677037	4417678	411	13	0.0002921765	0.000000267940
12	4417679	5321471	518	13	0.0000028585	0.000000262576
12	5321472	6419752	578	13	-0.0000839887	0.000000292679
12	6419753	8377535	561	13	-0.0000527793	0.000000354186
12	8377536	9031394	144	13	0.0002255621	0.000000101892
12	9031395	10481533	563	13	0.0004122075	0.000000279342
12	10481534	11754845	366	13	-0.0000010890	0.000000155801
12	11754846	12733527	455	13	0.0000650283	0.000000263951
12	12733528	15241483	1075	13	0.0001952929	0.000000325591
12	15241484	16310459	265	13	0.0002386112	0.000000126928
12	16310460	18087872	585	13	0.0002314932	0.000000283999
12	18087873	20863942	991	13	0.0000497253	0.000000316634
12	20863943	23820633	1138	13	0.0000687055	0.000000304576
12	23820634	25371082	750	13	-0.0000704203	0.000000309881
12	25371083	27799772	1071	13	0.0002765490	0.000000324166
12	27799773	29651254	736	13	0.0000530202	0.000000301636
12	29651255	30512405	483	13	0.0000091095	0.000000194000
12	30512406	32165591	669	13	0.0002000538	0.000000326745
12	32165592	33076988	400	13	-0.0000479521	0.000000166077
12	33076989	37856716	376	13	0.0003800427	0.000000132029
12	37856717	39227168	151	8	0.0000743515	0.000000053227
12	39227169	40816184	507	13	0.0000817178	0.000000175094
12	40816185	41658585	371	13	0.0001977274	0.000000128245
12	41658586	43984473	937	13	-0.0000710257	0.000000285844
12	43984474	46024228	495	13	0.0000592614	0.000000169941
12	46024229	47714792	496	13	0.0002352717	0.000000220047
12	47714793	49001865	577	13	0.0002399714	0.000000263781
12	49001866	51776493	667	13	0.0002067796	0.000000294140
12	51776494	53039003	662	13	0.0000152225	0.000000284477
12	53039004	54778822	609	13	0.0002499819	0.000000307216
12	54778823	55665836	289	13	0.0001902281	0.000000148022
12	55665837	57548859	449	13	0.0001070237	0.000000221419
12	57548860	59308665	484	13	-0.0000891626	0.000000184396
12	59308666	61123728	475	13	-0.0001198205	0.000000158912
12	61123729	64032460	998	13	0.0000344321	0.000000321610
12	64032461	65559694	391	13	0.0001369511	0.000000187279
12	65559695	67181143	543	13	0.0003497361	0.000000251227
12	67181144	67909728	331	13	0.0002201882	0.000000127761
12	67909729	69826541	847	13	0.0001564877	0.000000345780
12	69826542	70957986	522	13	-0.0000473826	0.000000193630
12	70957987	72645074	586	13	0.0001765960	0.000000264459
12	72645075	73818453	318	13	0.0002088758	0.000000134073
12	73818454	76511313	806	13	0.0000308483	0.000000319199
12	76511314	78570569	786	13	0.0000816186	0.000000324003
12	78570570	80448149	428	13	-0.0000461357	0.000000191152
12	80448150	81467766	316	13	0.0002546549	0.000000130883
12	81467767	83502665	595	13	0.0001011109	0.000000240475
12	83502666	84303843	243	13	0.0001012705	0.000000076892
12	84303844	85990425	416	13	0.0002038307	0.000000134656
12	85990426	89682121	781	13	0.0001626469	0.000000274944
12	89682122	92066154	672	13	0.0000453716	0.000000234211
12	92066155	94514566	944	13	-0.0000638370	0.000000329633
12	94514567	96020784	734	13	0.0001263459	0.000000330839
12	96020785	97108838	482	13	0.0000733435	0.000000241658
12	97108839	99305986	958	13	-0.0000993769	0.000000306331
12	99305987	101447640	680	13	0.0000076615	0.000000324124
12	101447641	101862689	158	13	0.0004402308	0.000000096217
12	101862690	102964985	353	13	0.0000600451	0.000000167461
12	102964986	104848695	822	13	0.0000572853	0.000000323342
12	104848696	106436212	893	13	-0.0000092424	0.000000314496
12	106436213	106958747	240	13	0.0004039403	0.000000131809
12	106958748	109025900	787	13	0.0002558170	0.000000332409
12	109025901	110336718	417	13	0.0002159986	0.000000186498
12	110336719	113263517	479	13	0.0001487190	0.000000175694
12	113263518	113986708	227	13	0.0001827056	0.000000132036
12	113986709	115036601	567	13	0.0000291030	0.000000257180
12	115036602	115503215	204	13	0.0000876073	0.000000110940
12	115503216	117087470	778	13	0.0003063340	0.000000337827
12	117087471	118135374	481	13	0.0000924775	0.000000265363
12	118135375	119754109	723	13	-0.0000024464	0.000000334810
12	119754110	122007650	712	13	0.0007037891	0.000000364573
12	122007651	124977979	729	13	0.0001519928	0.000000335627
12	124977980	126445504	669	13	0.0000366692	0.000000383538
12	126445505	127875097	694	13	0.0000948861	0.000000342769
12	127875098	129237296	740	13	0.0001751724	0.000000402903
12	129237297	130377920	704	13	-0.0001380329	0.000000329397
12	130377921	131786750	787	13	0.0000175561	0.000000374948
12	131786751	132807033	313	13	0.0000420436	0.000000160041
12	132807034	133841510	182	13	0.0005677595	0.000000135103
13	19020013	20686719	325	13	0.0001437122	0.000000162469
13	20686720	22242173	620	13	0.0000136619	0.000000313131
13	22242174	23594701	709	13	0.0000286375	0.000000364541
13	23594702	24531936	545	13	-0.0000409734	0.000000272566
13	24531937	25784361	680	13	0.0001903585	0.000000348169
13	25784362	27284361	573	13	0.0001422544	0.000000272500
13	27284362	29257550	907	13	0.0001757631	0.000000353028
13	29257551	30483266	532	13	-0.0000181881	0.000000238638
13	30483267	32301814	830	13	0.0000179910	0.000000362750
13	32301815	33776902	613	13	0.0001473369	0.000000269665
13	33776903	35026463	472	13	0.0000799166	0.000000216522
13	35026464	36046366	230	13	0.0003578275	0.000000123929
13	36046367	37498184	682	13	0.0002509198	0.000000336815
13	37498185	38878162	571	13	0.0001315559	0.000000213955
13	38878163	41069262	926	13	0.0002807237	0.000000350036
13	41069263	43101026	653	13	0.0000411303	0.000000263305
13	43101027	44901408	836	13	0.0001442666	0.000000316556
13	44901409	46495213	541	13	0.0001340007	0.000000271666
13	46495214	47431078	378	13	-0.0000473143	0.000000152000
13	47431079	49383961	639	13	0.0002112860	0.000000276310
13	49383962	51591090	770	13	0.0001748891	0.000000320187
13	51591091	53339621	465	13	0.0002402945	0.000000232115
13	53339622	54682863	549	13	0.0001718063	0.000000252759
13	54682864	55817130	335	13	0.0001611952	0.000000129131
13	55817131	57554216	313	13	0.0000151100	0.000000083917
13	57554217	58410625	212	13	0.0001594631	0.000000069486
13	58410626	59302270	228	13	-0.0000401828	0.000000067622
13	59302271	60854777	574	13	0.0000511887	0.000000239283
13	60854778	61591948	304	13	0.0001333886	0.000000133087
13	61591949	63971558	681	13	0.0002552259	0.000000318639
13	63971559	65200601	317	13	0.0000990963	0.000000106476
13	65200602	67844452	825	13	0.0000897196	0.000000310875
13	67844453	70724515	931	13	0.0001007668	0.000000315129
13	70724516	71526790	331	13	0.0001496978	0.000000166918
13	71526791	73934088	893	13	0.0000303381	0.000000333663
13	73934089	75670142	758	13	-0.0000007080	0.000000324825
13	75670143	77410554	813	13	0.0003171857	0.000000316759
13	77410555	78808812	452	13	0.0001384585	0.000000178212
13	78808813	80585675	605	13	0.0003801121	0.000000277888
13	80585676	82581813	653	13	-0.0000183626	0.000000295513
13	82581814	84133143	408	13	0.0001689303	0.000000120292
13	84133144	85610915	436	13	0.0001961576	0.000000176094
13	85610916	88559881	803	13	0.0001550213	0.000000316968
13	88559882	90521310	491	13	0.0000148855	0.000000160866
13	90521311	93129690	906	13	0.0002878207	0.000000326415
13	93129691	93586454	130	13	0.0000342992	0.000000060248
13	93586455	96087557	1254	13	0.0000382178	0.000000332808
13	96087558	97519209	377	13	0.0001111701	0.000000169188
13	97519210	98938918	459	13	-0.0000054944	0.000000243905
13	98938919	100574094	825	13	0.0000546825	0.000000313687
13	100574095	102300522	795	13	0.0001091115	0.000000307814
13	102300523	104066709	971	13	0.0001223682	0.000000321372
13	104066710	104844113	317	13	0.0002626905	0.000000154842
13	104844114	106247553	656	13	0.0001928939	0.000000345374
13	106247554	106749999	279	13	0.0000670473	0.000000127556
13	106750000	108189876	632	13	0.0001310285	0.000000347779
13	108189877	109121209	453	13	0.0001917733	0.000000260236
13	109121210	109815111	341	13	-0.0001096492	0.000000155588
13	109815112	111232072	808	13	0.0003097330	0.000000374476
13	111232073	112247591	498	13	-0.0000161499	0.000000266157
13	112247592	113572487	496	13	0.0001592037	0.000000303412
13	113572488	115109852	451	13	0.0003221248	0.000000296525
14	19002084	21589401	623	13	0.0000454338	0.000000388495
14	21589402	23018664	739	13	0.0001798580	0.000000341266
14	23018665	24905122	727	13	0.0001892512	0.000000391490
14	24905123	26135685	583	13	0.0002379489	0.000000236711
14	26135686	28466532	717	13	-0.0000248225	0.000000319242
14	28466533	29972144	399	13	-0.0000112017	0.000000167611
14	29972145	32383264	622	13	0.0000442508	0.000000319938
14	32383265	34846250	1317	13	0.0000178585	0.000000349290
14	34846251	35859592	259	13	0.0002394494	0.000000118035
14	35859593	38667724	915	13	0.0000996633	0.000000316711
14	38667725	40341989	576	13	0.0000145154	0.000000227347
14	40341990	41615501	367	13	0.0001405843	0.000000114525
14	41615502	43137388	445	13	0.0002266121	0.000000172368
14	43137389	44543226	375	13	0.0002235741	0.000000183866
14	44543227	46081895	394	13	0.0000382799	0.000000158300
14	46081896	46749129	196	13	0.0002195751	0.000000068980
14	46749130	48573585	612	13	0.0000800178	0.000000266945
14	48573586	49005470	116	13	0.0000615907	0.000000044564
14	49005471	50507759	484	13	0.0002874664	0.000000227699
14	50507760	51493571	379	13	0.0004522733	0.000000197585
14	51493572	53474382	893	13	-0.0000636834	0.000000300320
14	53474383	53997830	182	13	0.0003724140	0.000000085915
14	53997831	55233680	462	13	0.0001487865	0.000000236588
14	55233681	56216879	301	13	0.0001112482	0.000000106965
14	56216880	57481261	700	13	0.0000339440	0.000000308615
14	57481262	59448335	730	13	0.0000066040	0.000000296575
14	59448336	61680423	635	13	0.0000691692	0.000000225608
14	61680424	63790014	836	13	-0.0000421216	0.000000289995
14	63790015	65220297	377	13	0.0001073474	0.000000159344
14	65220298	66399554	421	13	0.0006392746	0.000000219055
14	66399555	67992316	432	13	0.0000535778	0.000000120219
14	67992317	71131956	1283	13	0.0002411361	0.000000326129
14	71131957	72889614	712	13	0.0001976572	0.000000316008
14	72889615	76444766	1208	13	0.0002864173	0.000000334820
14	76444767	77229471	365	13	0.0000297966	0.000000192349
14	77229472	78561944	658	13	0.0001766720	0.000000319746
14	78561945	80186578	626	13	0.0001706574	0.000000293863
14	80186579	81579713	525	13	0.0001521839	0.000000226163
14	81579714	83138096	493	13	0.0002101975	0.000000237123
14	83138097	84241632	398	13	0.0000686368	0.000000178916
14	84241633	85746318	489	13	0.0001684978	0.000000228031
14	85746319	86647001	325	13	0.0001675427	0.000000152959
14	86647002	87635340	319	13	-0.0000084265	0.000000135508
14	87635341	89497642	633	13	-0.0000264790	0.000000237643
14	89497643	91296859	722	13	0.0000483859	0.000000324544
14	91296860	93132298	706	13	0.0001741087	0.000000335311
14	93132299	94325284	439	13	0.0000299768	0.000000206861
14	94325285	95750866	916	13	0.0000400430	0.000000335401
14	95750867	96262414	396	13	0.0001989880	0.000000218404
14	96262415	98341161	879	13	0.0002195669	0.000000356185
14	98341162	99138531	389	13	-0.0000082090	0.000000147342
14	99138532	101534306	937	13	-0.0000059986	0.000000342620
14	101534307	103012101	456	13	0.0004626546	0.000000290903
14	103012102	105001722	504	13	0.0003510113	0.000000266232
14	105001723	106340357	179	13	-0.0000070192	0.000000105652
14	106340358	107289453	40	5	-0.0000018752	0.000000018808
15	20001200	21131603	7	2	0.0002608680	0.000000031164
15	21131604	24195126	328	13	-0.0000464764	0.000000197239
15	24195127	25108589	202	13	0.0001706605	0.000000093385
15	25108590	27298111	934	13	0.0000342079	0.000000366930
15	27298112	29338501	512	13	0.0000733662	0.000000269258
15	29338502	30165567	311	13	0.0001760953	0.000000163433
15	30165568	31591820	313	13	-0.0000508395	0.000000151197
15	31591821	32441810	278	13	0.0002191404	0.000000129907
15	32441811	34015424	751	13	0.0001992803	0.000000327845
15	34015425	35083250	420	13	-0.0000998610	0.000000196731
15	35083251	37456501	972	13	0.0000145414	0.000000325216
15	37456502	38530776	364	13	0.0001672641	0.000000192709
15	38530777	40384131	813	13	0.0002882369	0.000000331273
15	40384132	41177513	245	13	0.0001288231	0.000000120695
15	41177514	42776398	441	13	0.0002007481	0.000000210636
15	42776399	44198048	280	13	0.0000423717	0.000000084406
15	44198049	46618786	527	13	0.0002539102	0.000000225897
15	46618787	48136047	613	13	0.0002073514	0.000000250702
15	48136048	50008042	460	13	-0.0000445377	0.000000160579
15	50008043	51677559	628	13	0.0001527689	0.000000237312
15	51677560	53069095	418	13	0.0001401797	0.000000160194
15	53069096	54508527	651	13	0.0004196405	0.000000300439
15	54508528	55136268	263	13	0.0000259732	0.000000128794
15	55136269	56901772	552	13	0.0000191724	0.000000280429
15	56901773	58441365	647	13	0.0002578124	0.000000337103
15	58441366	59694115	541	13	0.0001719042	0.000000326038
15	59694116	61265835	700	13	-0.0000848779	0.000000319823
15	61265836	63215221	951	13	-0.0000080349	0.000000321783
15	63215222	65104667	502	13	-0.0000146841	0.000000219157
15	65104668	67094766	645	13	0.0009294936	0.000000390147
15	67094767	69017998	777	13	0.0000763279	0.000000311307
15	69017999	70133340	311	13	0.0000737845	0.000000163628
15	70133341	71922648	738	13	0.0001542466	0.000000333619
15	71922649	73628713	382	13	0.0001163502	0.000000133980
15	73628714	76398623	622	13	0.0010018503	0.000000366156
15	76398624	78516052	552	13	0.0001272491	0.000000203093
15	78516053	80860977	1020	13	0.0003704077	0.000000323294
15	80860978	84260467	934	13	0.0001093747	0.000000312998
15	84260468	86652904	810	13	0.0002465275	0.000000318174
15	86652905	88369942	798	13	0.0003321233	0.000000319666
15	88369943	90475550	755	13	-0.0000148185	0.000000329718
15	90475551	92164391	656	13	0.0001959398	0.000000338809
15	92164392	93780901	867	13	0.0003085566	0.000000356800
15	93780902	94924329	612	13	0.0000249277	0.000000365371
15	94924330	96141595	611	13	0.0001267683	0.000000340106
15	96141596	98030909	785	13	0.0002550605	0.000000364824
15	98030910	99244058	593	13	-0.0000430496	0.000000348787
15	99244059	100636846	590	13	0.0001038082	0.000000361889
15	100636847	101552693	433	13	0.0002517550	0.000000269620
15	101552694	102520965	459	13	0.0000714236	0.000000304074
16	60054	1207205	315	13	0.0028314477	0.000000479411
16	1207206	2764828	391	13	0.0002334097	0.000000254514
16	2764829	4001195	328	13	0.0002548763	0.000000234663
16	4001196	5118344	395	13	0.0000836983	0.000000278189
16	5118345	5891579	381	13	-0.0000687867	0.000000231644
16	5891580	6893550	739	13	0.0000360259	0.000000341904
16	6893551	7529120	504	13	0.0001882106	0.000000295862
16	7529121	8338518	562	13	0.0001315569	0.000000340690
16	8338519	9799418	742	13	0.0001613025	0.000000335623
16	9799419	10426031	383	13	0.0001728543	0.000000172342
16	10426032	11520160	475	13	-0.0000197059	0.000000288124
16	11520161	12613097	421	13	0.0000964143	0.000000249407
16	12613098	13154436	327	13	0.0000277758	0.000000153815
16	13154437	14464001	582	13	0.0000294872	0.000000287810
16	14464002	16154059	325	13	0.0001128687	0.000000170870
16	16154060	17644748	409	13	-0.0000210001	0.000000227712
16	17644749	18643606	187	13	0.0000094381	0.000000095296
16	18643607	20150570	444	13	0.0002359263	0.000000241048
16	20150571	22448903	455	13	-0.0000210233	0.000000189333
16	22448904	24136874	549	13	0.0000491105	0.000000287484
16	24136875	25986861	790	13	0.0001718074	0.000000344431
16	25986862	27445754	685	13	0.0000233956	0.000000328990
16	27445755	29036612	358	13	0.0002480768	0.000000159681
16	29036613	31382942	295	13	0.0005213175	0.000000190804
16	31382943	46399472	130	13	0.0002662999	0.000000072436
16	46399473	49007925	306	13	0.0002037277	0.000000116704
16	49007926	52035822	1133	13	0.0000531595	0.000000323247
16	52035823	53382571	478	13	0.0000766174	0.000000194314
16	53382572	55903773	1228	13	0.0000439218	0.000000332623
16	55903774	57664329	666	13	0.0003014874	0.000000356084
16	57664330	59045404	548	13	0.0000180812	0.000000315347
16	59045405	60745693	531	13	0.0001414156	0.000000261424
16	60745694	62229848	377	13	0.0001545328	0.000000153752
16	62229849	63691588	472	13	0.0000262339	0.000000227847
16	63691589	65938565	844	13	0.0001329419	0.000000314417
16	65938566	68841362	701	13	0.0008903835	0.000000370462
16	68841363	71054027	401	13	0.0003035476	0.000000201311
16	71054028	72935149	473	13	-0.0000075426	0.000000195959
16	72935150	74971502	821	13	0.0001334931	0.000000363381
16	74971503	75977953	245	13	0.0005507071	0.000000159582
16	75977954	77523677	737	13	-0.0000648148	0.000000313626
16	77523678	78456291	677	13	0.0001548852	0.000000333455
16	78456292	79134814	593	13	-0.0000025341	0.000000339415
16	79134815	80297373	805	13	0.0002176450	0.000000326956
16	80297374	81772535	835	13	0.0000467953	0.000000344859
16	81772536	82747727	617	13	-0.0000036387	0.000000353905
16	82747728	83477207	632	13	0.0001221257	0.000000317956
16	83477208	84445882	748	13	-0.0000628072	0.000000349622
16	84445883	85148684	492	13	0.0001457672	0.000000375706
16	85148685	86156598	508	13	0.0001576974	0.000000418530
16	86156599	86815410	549	13	-0.0001249735	0.000000346692
16	86815411	87647348	394	13	0.0001493898	0.000000279150
16	87647349	89041164	404	13	0.0003679266	0.000000378463
16	89041165	90292811	336	13	0.0005249260	0.000000224404
17	56	1172398	357	13	0.0002127796	0.000000379423
17	1172399	1928730	271	13	0.0004383800	0.000000214117
17	1928731	3702311	675	13	-0.0000548269	0.000000352159
17	3702312	4696260	386	13	0.0001617596	0.000000284453
17	4696261	5741333	409	13	0.0002877141	0.000000214197
17	5741334	7317397	677	13	-0.0000010924	0.000000404585
17	7317398	8306424	335	13	-0.0000270575	0.000000189315
17	8306425	9965920	696	13	-0.0000986944	0.000000358559
17	9965921	11102814	501	13	0.0000765605	0.000000272138
17	11102815	12534768	598	13	0.0000102235	0.000000345110
17	12534769	13180371	311	13	-0.0000547213	0.000000160381
17	13180372	13894636	384	13	0.0001632828	0.000000243422
17	13894637	15019096	635	13	-0.0000908424	0.000000326566
17	15019097	16412341	338	13	0.0001113495	0.000000178894
17	16412342	18856319	609	13	0.0001642902	0.000000282304
17	18856320	21290356	401	13	0.0021269615	0.000000317463
17	21290357	27334243	537	13	0.0010610870	0.000000335343
17	27334244	29786490	521	13	0.0006113103	0.000000199712
17	29786491	31538424	571	13	0.0001529799	0.000000298260
17	31538425	32912797	866	13	0.0000563692	0.000000309627
17	32912798	34469035	544	13	-0.0000331239	0.000000258677
17	34469036	36809343	554	13	0.0000258591	0.000000306926
17	36809344	38877403	471	13	0.0005007546	0.000000258429
17	38877404	39899809	398	13	0.0001882589	0.000000182504
17	39899810	41772086	389	13	0.0002971853	0.000000150303
17	41772087	43056904	355	13	0.0000270758	0.000000135571
17	43056905	45876021	620	13	0.0001383537	0.000000230056
17	45876022	47517399	557	13	0.0001078117	0.000000222377
17	47517400	49898956	820	13	0.0000916404	0.000000355934
17	49898957	50719054	297	13	0.0000417443	0.000000106720
17	50719055	51826117	335	13	0.0001102647	0.000000126858
17	51826118	53599431	638	13	0.0000804127	0.000000306040
17	53599432	55357540	651	13	0.0000699120	0.000000330841
17	55357541	57487511	709	13	0.0004250921	0.000000364653
17	57487512	59312754	252	13	0.0003944152	0.000000098685
17	59312755	61545588	467	13	0.0000908281	0.000000237670
17	61545589	63148127	320	13	-0.0000153698	0.000000127890
17	63148128	64800429	669	13	0.0001567699	0.000000318029
17	64800430	67858769	1008	13	-0.0000828354	0.000000343374
17	67858770	69387816	674	13	0.0002020694	0.000000307394
17	69387817	72672202	1515	13	0.0000956288	0.000000366518
17	72672203	74375559	433	13	0.0001023640	0.000000245340
17	74375560	76263412	798	13	0.0000834599	0.000000417972
17	76263413	77298635	496	13	0.0000619084	0.000000389600
17	77298636	78837587	587	13	0.0000864707	0.000000393378
17	78837588	80034407	255	13	0.0002388611	0.000000196297
17	80034408	81194907	327	13	0.0001678650	0.000000159080
18	10644	912485	428	13	0.0000592199	0.000000260045
18	912486	1942910	389	13	0.0000227851	0.000000161227
18	1942911	3891657	821	13	0.0001236158	0.000000373378
18	3891658	5834179	843	13	0.0002591245	0.000000374961
18	5834180	7090484	606	13	0.0001565013	0.000000372214
18	7090485	8498930	610	13	-0.0000081602	0.000000338554
18	8498931	11075912	1348	13	-0.0001369932	0.000000341538
18	11075913	11905439	284	13	0.0001152596	0.000000169486
18	11905440	14440798	805	13	0.0000855930	0.000000344930
18	14440799	19485843	174	13	0.0000909140	0.000000074007
18	19485844	20649471	312	13	0.0006737871	0.000000162209
18	20649472	22996650	846	13	0.0001483186	0.000000310957
18	22996651	24026190	331	13	0.0002851608	0.000000160773
18	24026191	25927681	828	13	0.0000202749	0.000000317851
18	25927682	26875586	263	13	0.0001305838	0.000000096251
18	26875587	27866477	286	13	-0.0000221314	0.000000102228
18	27866478	30264065	924	13	0.0003311563	0.000000333513
18	30264066	31780066	361	13	-0.0000315434	0.000000136201
18	31780067	33861963	645	13	0.0002817562	0.000000286397
18	33861964	35075249	496	13	0.0000605186	0.000000234480
18	35075250	36365489	517	13	0.0000817058	0.000000186119
18	36365490	37684366	364	13	0.0001370270	0.000000127247
18	37684367	39892647	794	13	0.0001873265	0.000000302104
18	39892648	42922105	975	13	-0.0000615921	0.000000298706
18	42922106	44299245	715	13	0.0016616451	0.000000428094
18	44299246	45939731	633	13	-0.0000559753	0.000000309040
18	45939732	47730583	814	13	-0.0000115467	0.000000329057
18	47730584	51062184	1245	13	0.0000984269	0.000000311996
18	51062185	51554174	183	13	-0.0000354282	0.000000054892
18	51554175	55213837	1173	13	0.0002887687	0.000000325209
18	55213838	56530219	639	13	0.0000999064	0.000000339979
18	56530220	57630482	606	13	0.0001190014	0.000000322862
18	57630483	59020750	454	13	0.0001247859	0.000000207666
18	59020751	60277714	562	13	0.0000802332	0.000000265157
18	60277715	61820251	593	13	0.0000689552	0.000000269145
18	61820252	63463401	531	13	0.0000637269	0.000000205991
18	63463402	64252800	256	13	-0.0000796529	0.000000082511
18	64252801	66125816	777	13	0.0001438303	0.000000319977
18	66125817	67175819	343	13	0.0000207825	0.000000174641
18	67175820	68621178	497	13	0.0003446652	0.000000317974
18	68621179	69621617	403	13	0.0000852422	0.000000193859
18	69621618	71038473	591	13	0.0000024225	0.000000309389
18	71038474	71971461	522	13	0.0000408810	0.000000334410
18	71971462	73526986	689	13	0.0001024663	0.000000333536
18	73526987	74813814	623	13	0.0000781094	0.000000349492
18	74813815	75976316	621	13	0.0002279271	0.000000357898
18	75976317	77149990	442	13	0.0001503095	0.000000217080
18	77149991	78017157	285	13	0.0004308479	0.000000182747
19	80840	610728	110	13	0.0001807870	0.000000152332
19	610729	2098395	348	13	0.0001088978	0.000000538229
19	2098396	3019659	265	13	0.0000792018	0.000000225429
19	3019660	4348966	345	13	0.0001787606	0.000000372867
19	4348967	5811851	437	13	0.0013105186	0.000000450477
19	5811852	6684884	225	13	-0.0001324235	0.000000157036
19	6684885	8347512	568	13	-0.0000307783	0.000000442341
19	8347513	9238392	281	13	0.0001790011	0.000000146083
19	9238393	11284027	534	13	0.0000894987	0.000000278297
19	11284028	13471126	448	13	0.0020253167	0.000000380734
19	13471127	14486346	223	13	0.0001270034	0.000000155811
19	14486347	15648609	396	13	0.0001486638	0.000000235429
19	15648610	16374415	387	13	0.0002532532	0.000000163652
19	16374416	18409861	603	13	0.0001188548	0.000000423810
19	18409862	19877470	351	13	0.0002113642	0.000000194051
19	19877471	20905756	150	13	0.0000780672	0.000000083383
19	20905757	22732895	373	13	0.0000332198	0.000000148153
19	22732896	23467745	151	13	0.0004897513	0.000000088269
19	23467746	28557892	321	13	0.0000681716	0.000000118091
19	28557893	29790946	509	13	-0.0000125492	0.000000211211
19	29790947	30727953	357	13	0.0003446287	0.000000196810
19	30727954	32746519	672	13	0.0002007423	0.000000330289
19	32746520	34262951	539	13	0.0006040997	0.000000326366
19	34262952	36469294	700	13	0.0000336446	0.000000376589
19	36469295	37527032	247	13	0.0000967261	0.000000083255
19	37527033	40170618	684	13	-0.0000601784	0.000000333334
19	40170619	40984600	196	13	0.0001315853	0.000000097051
19	40984601	42131572	322	13	-0.0000386038	0.000000183868
19	42131573	43862454	178	13	0.0001037544	0.000000094086
19	43862455	44744107	319	13	0.0001024131	0.000000139969
19	44744108	46102696	389	13	0.0001120180	0.000000248101
19	46102697	47150081	308	13	0.0000052106	0.000000210277
19	47150082	49282226	630	13	0.0002286686	0.000000426957
19	49282227	51532566	685	13	0.0002722104	0.000000504469
19	51532567	52985289	680	13	0.0000102128	0.000000391649
19	52985290	54602361	555	13	-0.0001012847	0.000000515960
19	54602362	55728079	396	13	0.0001687931	0.000000333571
19	55728080	57521334	739	13	0.0001783978	0.000000439924
19	57521335	59118838	580	13	0.0002706757	0.000000307914
20	60479	697599	287	13	0.0000647049	0.000000203125
20	697600	2469500	1059	13	0.0002392827	0.000000365020
20	2469501	3828412	530	13	0.0003305717	0.000000308308
20	3828413	5477849	862	13	0.0001594158	0.000000370935
20	5477850	7084072	780	13	0.0001766211	0.000000345210
20	7084073	8117010	428	13	0.0001780436	0.000000171942
20	8117011	9730920	812	13	-0.0000723419	0.000000315084
20	9730921	11249535	763	13	0.0000939784	0.000000356558
20	11249536	12447498	528	13	0.0001298735	0.000000233500
20	12447499	13689863	582	13	0.0002151176	0.000000320692
20	13689864	15958358	1020	13	0.0003046248	0.000000363950
20	15958359	17487231	993	13	-0.0000275206	0.000000334890
20	17487232	18972202	647	13	0.0000251498	0.000000354612
20	18972203	20959709	918	13	0.0001200166	0.000000360907
20	20959710	22491455	427	13	0.0002296682	0.000000174268
20	22491456	23293789	372	13	0.0000574939	0.000000157644
20	23293790	24717723	562	13	0.0001178651	0.000000266436
20	24717724	25344230	240	13	0.0002026280	0.000000096889
20	25344231	31614822	620	13	0.0006344497	0.000000283808
20	31614823	32813440	305	13	-0.0000019815	0.000000123413
20	32813441	34960445	478	13	0.0001366070	0.000000162921
20	34960446	36909529	518	13	0.0000791769	0.000000238050
20	36909530	38436760	536	13	0.0002469411	0.000000247453
20	38436761	39610855	489	13	0.0001051980	0.000000260964
20	39610856	40585688	298	13	0.0004417690	0.000000165505
20	40585689	41615459	596	13	-0.0000200475	0.000000338191
20	41615460	42680175	413	13	0.0004711720	0.000000260146
20	42680176	44839055	823	13	0.0003150859	0.000000361409
20	44839056	47199979	1061	13	0.0004915221	0.000000381240
20	47199980	49239657	796	13	0.0002686321	0.000000361952
20	49239658	52472548	1385	13	0.0001191722	0.000000360467
20	52472549	54055265	656	13	-0.0000941002	0.000000349341
20	54055266	56447958	1195	13	0.0000725159	0.000000376780
20	56447959	58406571	929	13	0.0000414782	0.000000387845
20	58406572	59561723	560	13	0.0005899483	0.000000337468
20	59561724	61301854	799	13	0.0000349648	0.000000442048
20	61301855	62190179	317	13	0.0000448878	0.000000252854
20	62190180	62965162	242	13	0.0006143708	0.000000192318
21	9411243	15950981	317	13	0.0001076964	0.000000182899
21	15950982	18053164	703	13	-0.0000182191	0.000000338257
21	18053165	19480374	492	13	0.0001174533	0.000000297586
21	19480375	20962338	659	13	0.0001205343	0.000000348343
21	20962339	22072763	382	13	0.0003116291	0.000000214864
21	22072764	23362874	571	13	0.0000456859	0.000000279336
21	23362875	24696230	387	13	0.0000771209	0.000000184114
21	24696231	26469121	700	13	0.0001312378	0.000000327584
21	26469122	27271018	236	13	0.0001847122	0.000000112996
21	27271019	29125225	927	13	-0.0000204980	0.000000316638
21	29125226	31197024	741	13	0.0000611892	0.000000284779
21	31197025	32668641	482	13	0.0000473831	0.000000172053
21	32668642	34376998	711	13	0.0002449743	0.000000337618
21	34376999	35225464	295	13	0.0001888973	0.000000154073
21	35225465	36524372	608	13	0.0000128249	0.000000339183
21	36524373	37870778	575	13	0.0001651892	0.000000261275
21	37870779	38711703	333	13	0.0000323484	0.000000138081
21	38711704	40482901	901	13	0.0002461413	0.000000341918
21	40482902	41389526	536	13	0.0002059076	0.000000247220
21	41389527	43321527	1094	13	-0.0000142898	0.000000360039
21	43321528	44506267	737	13	0.0001561461	0.000000373637
21	44506268	46177104	602	13	0.0000508450	0.000000376684
21	46177105	47492225	544	13	0.0004256986	0.000000338204
21	47492226	48119751	253	13	-0.0000415419	0.000000102522
22	16050408	17674294	235	13	-0.0000316341	0.000000133648
22	17674295	18296087	276	13	-0.0000388675	0.000000163584
22	18296088	19912357	570	13	0.0000563424	0.000000326415
22	19912358	22357324	645	13	0.0001869919	0.000000352407
22	22357325	23712646	357	13	0.0000403579	0.000000188679
22	23712647	24984203	384	13	0.0003760814	0.000000195508
22	24984204	26791627	802	13	0.0000728607	0.000000365107
22	26791628	27834751	771	13	-0.0000780559	0.000000348199
22	27834752	29651798	601	13	0.0002575870	0.000000344500
22	29651799	31439917	584	13	0.0002167372	0.000000249135
22	31439918	32664985	365	13	0.0001230254	0.000000146568
22	32664986	34494913	976	13	0.0002571471	0.000000350384
22	34494914	35530984	530	13	0.0001486895	0.000000213219
22	35530985	37570268	886	13	0.0033054257	0.000000608470
22	37570269	39307893	577	13	0.0001234225	0.000000345237
22	39307894	40545796	360	13	0.0000996323	0.000000201765
22	40545797	42690817	475	13	0.0005151206	0.000000179938
22	42690818	43714199	428	13	0.0000446637	0.000000236127
22	43714200	44995307	759	13	0.0000779911	0.000000350267
22	44995308	46470494	669	13	0.0001670218	0.000000397274
22	46470495	47596317	481	13	0.0000174318	0.000000277366
22	47596318	48903702	789	13	0.0001751064	0.000000367532
22	48903703	49824533	652	13	0.0003416207	0.000000404164
22	49824534	51243297	430	13	0.0012655808	0.000000346837
