chr	start	end	num_snp	k	local_h2g	var
1	10583	1892606	96	18	0.0001518617	0.000000008770
1	1892607	3582735	438	40	0.0003326622	0.000000032141
1	3582736	4380810	270	40	0.0001294020	0.000000017534
1	4380811	5913892	859	40	0.0001369008	0.000000034737
1	5913893	7247334	424	40	0.0001267307	0.000000024181
1	7247335	9365198	696	40	0.0001639904	0.000000035171
1	9365199	10806983	349	40	0.0002405856	0.000000021339
1	10806984	11777840	253	40	0.0000693902	0.000000014884
1	11777841	12779465	280	40	0.0003040265	0.000000022114
1	12779466	14891510	616	40	0.0000878674	0.000000033723
1	14891511	16897729	689	40	0.0005916997	0.000000044792
1	16897730	18662898	663	40	0.0000418751	0.000000032707
1	18662899	20469148	707	40	0.0003454449	0.000000039336
1	20469149	21736587	459	40	0.0002202429	0.000000027129
1	21736588	23086882	520	40	0.0002280881	0.000000032728
1	23086883	23920589	220	28	0.0003341549	0.000000018139
1	23920590	25516844	517	40	0.0002036681	0.000000031815
1	25516845	27401866	411	40	0.0002991240	0.000000024049
1	27401867	30161880	548	40	0.0003672043	0.000000032360
1	30161881	32438684	929	40	0.0000848088	0.000000033510
1	32438685	34799757	673	40	0.0001416678	0.000000034635
1	34799758	37549182	551	40	0.0001636020	0.000000030038
1	37549183	38731846	366	40	0.0003283189	0.000000024728
1	38731847	40200566	446	40	0.0000583746	0.000000022865
1	40200567	41975326	551	40	0.0000435138	0.000000025462
1	41975327	43758456	537	40	0.0001293716	0.000000025846
1	43758457	44969182	368	35	-0.0000165067	0.000000015156
1	44969183	46899500	457	38	0.0002617689	0.000000021336
1	46899501	48002575	297	33	0.0001493985	0.000000015906
1	48002576	48978187	342	40	0.0001613648	0.000000020600
1	48978188	49894176	247	28	0.0000509384	0.000000013218
1	49894177	51713725	255	25	0.0002394256	0.000000014391
1	51713726	54226261	562	40	0.0001355926	0.000000029519
1	54226262	56413116	828	40	0.0001809639	0.000000035652
1	56413117	57021727	272	31	0.0001023816	0.000000013852
1	57021728	58865398	850	40	0.0000424920	0.000000032382
1	58865399	59890408	383	40	0.0001714483	0.000000020778
1	59890409	61922364	666	40	0.0003545254	0.000000039270
1	61922365	63455088	534	40	0.0002567357	0.000000031750
1	63455089	65041703	656	40	0.0000997019	0.000000028948
1	65041704	66939403	640	40	0.0002654017	0.000000033477
1	66939404	68477894	679	40	0.0001259497	0.000000029419
1	68477895	69687615	375	40	0.0002032136	0.000000022329
1	69687616	71372469	515	40	0.0001504310	0.000000025922
1	71372470	71684404	82	10	0.0000305127	0.000000003713
1	71684405	74326906	556	40	0.0001393577	0.000000023390
1	74326907	76728134	711	40	0.0000925806	0.000000028411
1	76728135	79661197	943	40	0.0002451135	0.000000036839
1	79661198	81354190	466	40	-0.0000405732	0.000000020209
1	81354191	83991747	960	40	0.0001747871	0.000000035356
1	83991748	84844494	312	35	0.0001740401	0.000000016228
1	84844495	86454750	643	40	0.0001613985	0.000000033020
1	86454751	88128630	565	40	0.0000703797	0.000000027179
1	88128631	90066302	517	40	0.0001358577	0.000000026342
1	90066303	91886316	560	40	0.0002641574	0.000000030531
1	91886317	93536458	508	40	0.0000641095	0.000000021320
1	93536459	94506190	255	26	0.0001244266	0.000000012495
1	94506191	96150892	644	40	0.0002372779	0.000000034832
1	96150893	97885248	601	40	0.0001703179	0.000000026405
1	97885249	99800603	636	40	0.0003010011	0.000000032264
1	99800604	100826404	314	36	0.0003467915	0.000000020611
1	100826405	102041015	444	40	0.0002030492	0.000000023542
1	102041016	102898744	274	36	0.0002137222	0.000000016554
1	102898745	103914210	198	21	0.0000006813	0.000000007541
1	103914211	106087841	449	40	0.0001767198	0.000000023794
1	106087842	108409664	722	40	0.0001147662	0.000000033946
1	108409665	110303930	556	40	0.0002981568	0.000000030442
1	110303931	111741736	565	40	0.0002763083	0.000000035558
1	111741737	113273305	719	40	0.0001293636	0.000000034427
1	113273306	114873844	509	40	0.0003388868	0.000000031170
1	114873845	115880592	343	37	0.0002378859	0.000000019249
1	115880593	118839066	823	40	0.0002172551	0.000000036435
1	118839067	144977493	562	40	0.0002053088	0.000000028950
1	144977494	148361252	430	40	0.0001076752	0.000000021733
1	148361253	151538880	348	34	0.0006966822	0.000000029570
1	151538881	153180828	468	40	0.0001310276	0.000000020965
1	153180829	154770402	457	40	0.0002975039	0.000000026826
1	154770403	156336132	306	38	0.0002813999	0.000000020721
1	156336133	158027411	595	40	0.0001306628	0.000000030640
1	158027412	159913047	678	40	0.0000540316	0.000000032880
1	159913048	162346720	869	40	0.0001442149	0.000000034825
1	162346721	165191701	1196	40	0.0002400904	0.000000036866
1	165191702	166460516	528	40	0.0000821807	0.000000028497
1	166460517	169086323	1098	40	0.0000562818	0.000000032830
1	169086324	170557775	553	40	0.0001187936	0.000000023651
1	170557776	173097906	899	40	0.0004144557	0.000000040664
1	173097907	175089767	410	32	0.0001673464	0.000000015888
1	175089768	177433380	782	40	0.0001021589	0.000000033741
1	177433381	178944308	492	40	0.0002425979	0.000000026327
1	178944309	178954469	2	1	0.0000152455	0.000000000456
1	178954470	181144120	746	40	0.0001313925	0.000000033732
1	181144121	182755355	598	40	0.0002195684	0.000000034147
1	182755356	184595512	628	40	0.0001804563	0.000000029629
1	184595513	186810022	521	40	0.0003147455	0.000000028058
1	186810023	188759944	619	40	0.0001140619	0.000000028101
1	188759945	189904129	218	17	0.0000220279	0.000000007848
1	189904130	191868929	537	40	0.0001048501	0.000000021332
1	191868930	194107441	571	40	0.0002174695	0.000000028961
1	194107442	196176200	571	40	0.0000406870	0.000000022568
1	196176201	197311513	197	16	0.0000238608	0.000000007086
1	197311514	199239883	504	40	0.0001882569	0.000000026228
1	199239884	200137648	297	35	0.0000522051	0.000000014362
1	200137649	201589974	704	40	0.0000659103	0.000000033056
1	201589975	203334733	613	40	0.0000684146	0.000000032266
1	203334734	204681067	483	40	0.0000842851	0.000000025219
1	204681068	206073264	574	40	0.0000876114	0.000000029893
1	206073265	208410363	632	40	0.0000541685	0.000000032677
1	208410364	210787749	926	40	0.0001055435	0.000000033960
1	210787750	212842329	687	40	0.0000871879	0.000000033425
1	212842330	214578265	606	40	0.0001101614	0.000000032590
1	214578266	216243633	576	40	0.0002389845	0.000000031836
1	216243634	218705512	1079	40	0.0003187152	0.000000038533
1	218705513	219590570	278	33	0.0001217466	0.000000014955
1	219590571	221858230	679	40	0.0004312704	0.000000040331
1	221858231	222230219	174	21	0.0000912858	0.000000010946
1	222230220	224938519	452	40	-0.0000069753	0.000000020960
1	224938520	226810859	513	40	0.0002624549	0.000000028891
1	226810860	229156247	689	40	0.0001813712	0.000000033365
1	229156248	230685254	529	40	0.0002983095	0.000000033323
1	230685255	232090251	589	40	0.0000473152	0.000000029295
1	232090252	233429283	598	40	0.0001070847	0.000000033790
1	233429284	234599433	531	40	0.0002141007	0.000000031806
1	234599434	235819435	384	40	0.0003507999	0.000000027835
1	235819436	237555627	718	40	0.0003642378	0.000000039868
1	237555628	238567806	425	40	0.0000432200	0.000000022720
1	238567807	239925313	488	40	0.0000561318	0.000000026072
1	239925314	240564090	343	40	0.0001084945	0.000000019648
1	240564091	241582219	516	40	0.0000894383	0.000000031560
1	241582220	242071601	217	38	0.0000437221	0.000000012758
1	242071602	244109498	619	40	0.0003317344	0.000000038388
1	244109499	245506745	513	40	0.0004310012	0.000000037321
1	245506746	247344517	705	40	0.0000603679	0.000000032974
1	247344518	249239465	400	40	0.0001072075	0.000000023924
2	10133	1781021	655	40	0.0001925553	0.000000036018
2	1781022	3973778	960	40	-0.0000130506	0.000000031607
2	3973779	5708336	622	40	0.0001648620	0.000000035695
2	5708337	6836253	554	40	0.0001939811	0.000000030608
2	6836254	8422146	648	40	0.0001269195	0.000000034567
2	8422147	10298468	671	40	0.0001049530	0.000000034308
2	10298469	12419149	972	40	0.0000998776	0.000000034168
2	12419150	14335307	592	40	0.0001290872	0.000000031004
2	14335308	16329734	742	40	0.0007865010	0.000000049279
2	16329735	18647422	856	40	0.0001853378	0.000000035903
2	18647423	19692403	385	40	0.0003655995	0.000000027094
2	19692404	21050489	639	40	0.0001486511	0.000000034360
2	21050490	23341382	618	40	0.0000756012	0.000000033351
2	23341383	24686917	433	40	0.0001163843	0.000000022617
2	24686918	26894984	554	40	0.0002232871	0.000000031080
2	26894985	28598776	413	33	0.0007441928	0.000000033765
2	28598777	29217558	247	31	0.0000329547	0.000000012750
2	29217559	30463710	635	40	0.0000935602	0.000000033843
2	30463711	31550449	530	40	0.0002260526	0.000000033785
2	31550450	33363776	494	40	0.0001234967	0.000000030435
2	33363777	35345027	801	40	0.0001107709	0.000000034222
2	35345028	36122005	290	30	-0.0000123309	0.000000013645
2	36122006	38132711	924	40	0.0001653083	0.000000035475
2	38132712	39031336	322	37	0.0001295215	0.000000021193
2	39031337	40281482	298	31	0.0000934092	0.000000018174
2	40281483	43309589	1302	40	0.0001960711	0.000000035976
2	43309590	44313802	403	40	0.0005301046	0.000000033828
2	44313803	46482633	1065	40	0.0001137908	0.000000034272
2	46482634	47318771	416	40	0.0002440748	0.000000030803
2	47318772	48213000	297	40	-0.0000014394	0.000000017961
2	48213001	50022256	711	40	0.0000544553	0.000000032908
2	50022257	50818927	344	34	0.0000003397	0.000000017579
2	50818928	52491132	643	40	0.0001740755	0.000000035394
2	52491133	53508451	466	40	0.0000541305	0.000000024911
2	53508452	54685225	430	40	0.0002329744	0.000000027766
2	54685226	56203344	606	40	0.0003750578	0.000000039988
2	56203345	57429099	427	40	0.0002454539	0.000000028262
2	57429100	58297314	272	29	0.0000077163	0.000000014134
2	58297315	60291999	736	40	0.0000669578	0.000000033140
2	60292000	62429043	584	40	0.0002007963	0.000000035632
2	62429044	64625912	581	40	0.0000083955	0.000000029762
2	64625913	65933443	464	40	0.0002104541	0.000000028958
2	65933444	67226165	551	40	0.0003598882	0.000000034526
2	67226166	68010175	419	40	0.0002958746	0.000000026859
2	68010176	69139563	470	40	0.0002292164	0.000000027128
2	69139564	70755197	535	40	0.0003006431	0.000000030896
2	70755198	73174847	797	40	0.0001024148	0.000000034079
2	73174848	75630085	720	40	0.0007260116	0.000000048066
2	75630086	76913660	511	40	0.0002128308	0.000000030553
2	76913661	78079263	384	40	0.0001269431	0.000000024822
2	78079264	80050402	818	40	0.0002207997	0.000000036434
2	80050403	81620840	579	40	0.0002213475	0.000000036015
2	81620841	85140679	883	40	0.0000061466	0.000000027512
2	85140680	88038506	633	40	0.0002160201	0.000000031387
2	88038507	89154525	244	30	0.0000530678	0.000000012145
2	89154526	95326451	4	2	-0.0000021269	0.000000000204
2	95326452	98995200	426	40	0.0001633233	0.000000022646
2	98995201	101822328	907	40	0.0001993727	0.000000036110
2	101822329	102688764	261	30	0.0001923798	0.000000015315
2	102688765	103588214	405	36	0.0000746762	0.000000015639
2	103588215	105125033	302	40	0.0001313926	0.000000017073
2	105125034	106210057	405	40	0.0001025338	0.000000022247
2	106210058	107408266	443	40	0.0001485239	0.000000023859
2	107408267	108429176	347	37	0.0000375999	0.000000014773
2	108429177	110572431	523	40	0.0001940177	0.000000027662
2	110572432	113921855	796	40	0.0002486529	0.000000037273
2	113921856	116772469	750	40	0.0000843343	0.000000033547
2	116772470	118367465	387	36	0.0001513688	0.000000018606
2	118367466	121303782	989	40	0.0004392264	0.000000041545
2	121303783	123302905	577	40	0.0004786006	0.000000038661
2	123302906	124732249	430	40	0.0001797000	0.000000020621
2	124732250	125840920	380	40	0.0000792008	0.000000019034
2	125840921	127373763	409	37	0.0001529389	0.000000018513
2	127373764	128034346	286	40	0.0001746615	0.000000017668
2	128034347	129474440	431	40	0.0002113773	0.000000023797
2	129474441	130067169	220	26	-0.0000146151	0.000000008912
2	130067170	130658084	201	25	0.0001260713	0.000000011979
2	130658085	133042783	209	35	-0.0000268128	0.000000010505
2	133042784	135158577	911	40	0.0001934049	0.000000035981
2	135158578	137042793	446	40	0.0002734488	0.000000023440
2	137042794	138698116	588	40	0.0001442584	0.000000030203
2	138698117	140100270	432	40	0.0000644591	0.000000017182
2	140100271	141805350	565	40	0.0000058312	0.000000026675
2	141805351	142518601	297	33	-0.0000340810	0.000000014273
2	142518602	144519483	649	40	0.0003198359	0.000000036328
2	144519484	146445569	435	40	0.0001250777	0.000000023221
2	146445570	147277161	151	15	0.0001411329	0.000000010113
2	147277162	150210291	661	40	0.0003884641	0.000000035611
2	150210292	151731461	463	40	0.0001126469	0.000000024012
2	151731462	152486781	286	29	0.0002939317	0.000000018443
2	152486782	154005055	478	40	0.0001486014	0.000000025203
2	154005056	155391134	482	40	0.0001025669	0.000000025239
2	155391135	157560634	552	40	0.0000669350	0.000000026382
2	157560635	158533217	169	25	0.0002590875	0.000000015348
2	158533218	159577081	327	38	0.0001538986	0.000000018960
2	159577082	161769732	718	40	0.0003510454	0.000000038129
2	161769733	163503550	390	36	0.0001729249	0.000000018837
2	163503551	164466637	188	22	0.0001061285	0.000000011095
2	164466638	165178839	176	21	0.0001091609	0.000000010689
2	165178840	167160269	629	40	0.0000819220	0.000000029209
2	167160270	167355969	72	10	0.0000876377	0.000000005196
2	167355970	169968235	814	40	0.0001988035	0.000000036002
2	169968236	171226244	486	40	0.0005317949	0.000000034397
2	171226245	173138904	572	40	0.0000591807	0.000000030246
2	173138905	175588928	836	40	0.0001440913	0.000000034913
2	175588929	177363635	531	40	0.0002915300	0.000000030392
2	177363636	178553182	474	40	0.0003162734	0.000000026828
2	178553183	181312738	989	40	0.0001579401	0.000000035154
2	181312739	182266030	298	32	0.0002018512	0.000000017224
2	182266031	184357607	606	40	0.0002067883	0.000000032682
2	184357608	185280172	230	25	0.0001277379	0.000000012966
2	185280173	189882064	939	40	0.0000840070	0.000000033379
2	189882065	191973356	499	40	0.0002568049	0.000000027578
2	191973357	195861163	709	40	0.0001119382	0.000000034283
2	195861164	196447455	151	20	0.0001035174	0.000000009236
2	196447456	198078109	446	40	0.0002364169	0.000000022265
2	198078110	199311124	304	26	0.0001675681	0.000000014586
2	199311125	201576283	622	40	0.0002154215	0.000000032402
2	201576284	202818636	316	39	0.0001449188	0.000000017927
2	202818637	205799240	744	40	0.0001351633	0.000000034727
2	205799241	206735703	401	40	0.0002157480	0.000000027162
2	206735704	208645398	654	40	0.0005392959	0.000000043875
2	208645399	209941528	334	40	0.0002138945	0.000000020614
2	209941529	212379517	738	40	0.0007800232	0.000000048974
2	212379518	214014281	626	40	0.0003138161	0.000000038805
2	214014282	215573794	441	40	0.0001103055	0.000000023794
2	215573795	217715660	794	40	0.0003371814	0.000000039455
2	217715661	218395479	275	36	0.0000616369	0.000000015522
2	218395480	220454550	591	40	0.0002421276	0.000000031034
2	220454551	222521175	852	40	0.0000938513	0.000000033774
2	222521176	224859418	777	40	0.0000221680	0.000000032293
2	224859419	225840003	344	35	0.0001545839	0.000000017269
2	225840004	228119841	727	40	0.0002573542	0.000000035457
2	228119842	229370786	444	40	0.0003285600	0.000000026812
2	229370787	231843388	934	40	0.0001044966	0.000000034062
2	231843389	233550002	465	40	0.0001687997	0.000000025539
2	233550003	235150986	792	40	0.0002851860	0.000000037974
2	235150987	236043549	421	40	0.0000277089	0.000000025116
2	236043550	237449031	462	40	0.0000148294	0.000000023989
2	237449032	238760980	531	40	0.0002095173	0.000000031231
2	238760981	239952642	406	40	0.0001024379	0.000000023097
2	239952643	241560083	648	40	0.0000686324	0.000000033614
2	241560084	242149920	216	29	0.0001770590	0.000000014398
2	242149921	243188919	127	15	0.0000257192	0.000000006717
3	60157	1441778	616	40	0.0001006194	0.000000033722
3	1441779	2992119	897	40	0.0000429833	0.000000032575
3	2992120	4431646	763	40	0.0001537366	0.000000035045
3	4431647	6083182	771	40	0.0001999810	0.000000036242
3	6083183	7083386	422	40	0.0000854105	0.000000025429
3	7083387	8648560	858	40	0.0001005130	0.000000033680
3	8648561	9543182	486	40	0.0000995202	0.000000028791
3	9543183	11019664	593	40	0.0000818579	0.000000033445
3	11019665	13070798	736	40	0.0002054751	0.000000036327
3	13070799	14816899	791	40	0.0003214673	0.000000038785
3	14816900	16282441	526	40	0.0001114955	0.000000026633
3	16282442	17891117	495	40	0.0001613085	0.000000026448
3	17891118	19125143	339	40	0.0000782804	0.000000017994
3	19125144	20091347	193	24	0.0000599142	0.000000011625
3	20091348	21643706	630	40	0.0000521822	0.000000032492
3	21643707	22204243	378	40	0.0000949674	0.000000021973
3	22204244	23804864	527	40	0.0001195308	0.000000029563
3	23804865	25461557	744	40	0.0002070028	0.000000035923
3	25461558	26877768	464	40	0.0002116850	0.000000026466
3	26877769	27840909	270	30	-0.0000073799	0.000000013240
3	27840910	29142259	445	40	0.0000606007	0.000000024455
3	29142260	30717954	684	40	0.0001936049	0.000000035828
3	30717955	32351714	656	40	0.0000431482	0.000000032445
3	32351715	33255591	276	40	0.0001855555	0.000000019536
3	33255592	35283457	581	40	0.0001085059	0.000000028039
3	35283458	36486841	407	40	0.0000374483	0.000000020324
3	36486842	38356115	588	40	0.0000902517	0.000000028709
3	38356116	40221297	655	40	0.0001979251	0.000000032090
3	40221298	41064527	149	16	0.0000333700	0.000000007486
3	41064528	42540001	449	40	0.0002499872	0.000000026201
3	42540002	45165152	706	40	0.0000877423	0.000000031830
3	45165153	46657499	508	40	0.0001728159	0.000000026152
3	46657500	47727211	176	17	0.0000859523	0.000000009252
3	47727212	49316971	257	15	0.0002297592	0.000000011806
3	49316972	51832014	439	24	0.0002047468	0.000000015172
3	51832015	54081389	605	40	0.0003602475	0.000000034592
3	54081390	55348859	655	40	0.0000787993	0.000000033169
3	55348860	56433906	370	40	0.0001342615	0.000000021639
3	56433907	58157518	540	40	0.0002231285	0.000000028355
3	58157519	60272905	970	40	0.0001119450	0.000000033877
3	60272906	62355665	976	40	0.0001719078	0.000000035309
3	62355666	63669285	671	40	0.0000873357	0.000000033551
3	63669286	65273537	757	40	0.0002627418	0.000000037189
3	65273538	66270446	342	40	0.0001237193	0.000000022613
3	66270447	68286913	622	40	-0.0000018307	0.000000031411
3	68286914	69276761	367	40	0.0001990882	0.000000024065
3	69276762	70449027	388	40	0.0001024910	0.000000022917
3	70449028	72529328	787	40	0.0000571304	0.000000032814
3	72529329	74321816	718	40	0.0001794188	0.000000035341
3	74321817	75704948	272	31	0.0001164670	0.000000015439
3	75704949	77508834	481	40	0.0001129452	0.000000026076
3	77508835	79024540	404	40	0.0001292666	0.000000022481
3	79024541	81427309	489	40	0.0001023182	0.000000019778
3	81427310	82643885	294	27	0.0001121696	0.000000013876
3	82643886	84367478	312	31	0.0000839461	0.000000015148
3	84367479	85582230	250	22	0.0000480313	0.000000011209
3	85582231	87409731	452	40	0.0000450232	0.000000019250
3	87409732	88298372	187	19	0.0000299977	0.000000007676
3	88298373	94255315	463	40	0.0002057035	0.000000024358
3	94255316	95311970	216	18	0.0000286446	0.000000008579
3	95311971	98215949	564	40	0.0001736630	0.000000025729
3	98215950	99373761	326	38	0.0000890086	0.000000015333
3	99373762	100592216	332	28	0.0000409747	0.000000013170
3	100592217	103084959	658	40	0.0001203490	0.000000029348
3	103084960	104581612	408	40	0.0001551579	0.000000020468
3	104581613	106982810	710	40	0.0000894180	0.000000033474
3	106982811	109522394	758	40	0.0001343935	0.000000034271
3	109522395	110513769	249	25	0.0000840194	0.000000010541
3	110513770	112815698	683	40	0.0001255675	0.000000031988
3	112815699	113947862	372	40	0.0000231751	0.000000016516
3	113947863	115447079	400	40	0.0000804807	0.000000022893
3	115447080	116800152	521	40	0.0001072047	0.000000026730
3	116800153	118530250	561	40	-0.0000279134	0.000000027472
3	118530251	120523054	664	40	0.0001147800	0.000000028387
3	120523055	121974096	390	37	0.0003159667	0.000000019569
3	121974097	123517767	529	40	0.0002349393	0.000000028580
3	123517768	124936641	615	40	0.0002834821	0.000000034696
3	124936642	126214942	385	40	0.0003083627	0.000000023695
3	126214943	128194860	655	40	0.0000926575	0.000000031707
3	128194861	130244734	437	40	0.0001215522	0.000000021421
3	130244735	131836515	533	40	0.0000464102	0.000000022802
3	131836516	133252172	515	40	0.0002906339	0.000000027828
3	133252173	135456905	851	40	0.0000790039	0.000000033145
3	135456906	137371082	442	38	0.0001415100	0.000000020272
3	137371083	139954596	842	40	0.0000894074	0.000000033441
3	139954597	141339096	475	40	0.0002864505	0.000000029712
3	141339097	143164627	621	40	0.0008690913	0.000000048952
3	143164628	144410815	387	40	0.0003107548	0.000000024722
3	144410816	145664618	353	40	0.0001583936	0.000000017500
3	145664619	146726628	335	40	0.0000162505	0.000000015256
3	146726629	149043236	666	40	0.0001083406	0.000000033863
3	149043237	150252003	423	40	0.0001528510	0.000000025017
3	150252004	151348729	366	40	0.0001655358	0.000000021870
3	151348730	153256570	565	40	0.0000486988	0.000000026947
3	153256571	154714217	406	40	0.0001704104	0.000000019029
3	154714218	156008699	327	40	0.0002753914	0.000000021869
3	156008700	157312027	445	40	0.0001381441	0.000000021450
3	157312028	159477889	642	40	0.0000561149	0.000000025253
3	159477890	161524503	551	40	0.0001098862	0.000000022693
3	161524504	163253204	470	40	0.0000208960	0.000000018711
3	163253205	165055468	436	36	0.0001123125	0.000000016601
3	165055469	167117428	451	40	0.0002133417	0.000000022716
3	167117429	168580959	363	40	0.0001568506	0.000000018554
3	168580960	170964908	708	40	0.0004391053	0.000000041155
3	170964909	172295730	508	40	0.0001425421	0.000000029458
3	172295731	173477284	379	40	0.0000248739	0.000000020402
3	173477285	175116538	596	40	0.0001258106	0.000000034135
3	175116539	176320286	341	40	0.0000380425	0.000000016040
3	176320287	178107164	536	40	0.0001402153	0.000000029376
3	178107165	179374585	383	40	0.0003007546	0.000000023685
3	179374586	181511165	453	40	0.0002071618	0.000000025665
3	181511166	183769682	662	40	0.0001421826	0.000000032691
3	183769683	185068254	414	40	0.0001850406	0.000000025851
3	185068255	186890343	656	40	0.0007215943	0.000000047995
3	186890344	188856213	802	40	-0.0000144869	0.000000031269
3	188856214	190226606	625	40	0.0000119757	0.000000031780
3	190226607	192343813	736	40	0.0000649048	0.000000032915
3	192343814	194059670	506	40	0.0001930126	0.000000031600
3	194059671	194786673	261	40	0.0002049236	0.000000018876
3	194786674	195971407	228	37	0.0001790636	0.000000016424
3	195971408	197075986	286	40	0.0001853362	0.000000018722
3	197075987	197946621	177	28	0.0000597525	0.000000011425
4	10240	694714	105	12	0.0000475016	0.000000006655
4	694715	1478710	220	25	0.0002086575	0.000000015287
4	1478711	2842978	262	40	0.0001813143	0.000000017711
4	2842979	3846039	263	38	0.0001919959	0.000000019033
4	3846040	4684115	226	37	0.0000692720	0.000000014195
4	4684116	5502387	389	40	0.0000628964	0.000000023603
4	5502388	6773042	682	40	0.0001067665	0.000000034565
4	6773043	7539691	409	40	0.0002772128	0.000000030982
4	7539692	8152234	353	40	0.0001388634	0.000000023918
4	8152235	9326478	244	40	0.0001839132	0.000000017835
4	9326479	10699151	497	37	0.0002908741	0.000000027367
4	10699152	12323033	644	40	0.0001202578	0.000000034167
4	12323034	14272000	710	40	0.0001349689	0.000000034394
4	14272001	15147445	374	40	0.0001253261	0.000000022134
4	15147446	15927008	248	33	0.0001172472	0.000000015177
4	15927009	17383321	663	40	0.0002132585	0.000000036262
4	17383322	18841873	416	40	0.0001072194	0.000000021662
4	18841874	20544556	467	40	0.0001596502	0.000000022946
4	20544557	22319346	669	40	0.0001244815	0.000000034145
4	22319347	24135528	604	40	0.0002574835	0.000000034458
4	24135529	25609321	595	40	0.0001551810	0.000000034610
4	25609322	27343721	564	40	0.0001164261	0.000000032963
4	27343722	27965867	199	28	0.0000143744	0.000000010612
4	27965868	29762207	528	40	0.0000470029	0.000000024922
4	29762208	30454534	152	23	0.0000140631	0.000000007365
4	30454535	31782980	400	40	0.0001874415	0.000000023815
4	31782981	33172765	310	36	0.0000477063	0.000000016084
4	33172766	35151414	358	32	0.0000804787	0.000000014559
4	35151415	36020435	268	33	0.0001033657	0.000000013087
4	36020436	37255046	431	40	0.0000824814	0.000000019845
4	37255047	38907021	785	40	0.0002116849	0.000000036224
4	38907022	40202608	399	40	0.0002180052	0.000000022300
4	40202609	42213057	711	40	0.0001822829	0.000000035633
4	42213058	43965044	527	40	0.0003583035	0.000000031211
4	43965045	45189156	338	38	0.0001808373	0.000000017241
4	45189157	47411895	443	40	0.0002704871	0.000000024503
4	47411896	48123599	221	25	0.0000068327	0.000000008729
4	48123600	53877432	484	39	0.0001062171	0.000000021546
4	53877433	55429555	533	40	0.0002172218	0.000000029320
4	55429556	56547643	369	40	0.0000865379	0.000000019699
4	56547644	58935007	854	40	0.0000426929	0.000000032554
4	58935008	60741086	451	40	0.0000918980	0.000000021206
4	60741087	62371762	420	40	0.0000500320	0.000000020068
4	62371763	64341000	430	40	0.0002614323	0.000000026293
4	64341001	66600491	501	40	0.0002348323	0.000000025525
4	66600492	68059496	383	40	0.0000595111	0.000000017438
4	68059497	68854764	244	31	0.0001348317	0.000000012848
4	68854765	71049151	521	40	0.0002395017	0.000000023192
4	71049152	72140557	217	27	0.0001288810	0.000000011980
4	72140558	74592389	489	40	0.0002323095	0.000000025612
4	74592390	77130706	729	40	0.0003814447	0.000000037710
4	77130707	79093978	727	40	0.0013189618	0.000000060913
4	79093979	80990296	561	40	0.0001874961	0.000000025559
4	80990297	82125314	243	30	0.0002537970	0.000000016696
4	82125315	83372592	363	40	0.0000442096	0.000000017840
4	83372593	84799655	480	40	0.0001504206	0.000000025008
4	84799656	86930608	588	40	0.0000208982	0.000000024937
4	86930609	87534647	139	18	0.0000627932	0.000000007362
4	87534648	89238027	562	40	0.0002950107	0.000000031997
4	89238028	90231563	316	40	0.0000347801	0.000000015920
4	90231564	91560676	332	39	0.0000564567	0.000000015539
4	91560677	94233298	563	40	0.0002058596	0.000000031792
4	94233299	96182187	605	40	0.0000144084	0.000000030242
4	96182188	97540702	487	40	0.0000261949	0.000000024207
4	97540703	99424066	397	35	0.0000479187	0.000000014849
4	99424067	100678359	412	40	0.0001967380	0.000000021865
4	100678360	103221355	794	40	0.0000765279	0.000000033183
4	103221356	105305293	483	40	0.0004621754	0.000000030102
4	105305294	107501304	581	40	0.0001912150	0.000000027739
4	107501305	108815347	359	40	0.0001116687	0.000000017666
4	108815348	111256566	766	40	0.0001404378	0.000000034656
4	111256567	113870101	719	40	0.0001369719	0.000000034537
4	113870102	115666245	606	40	0.0001337856	0.000000033381
4	115666246	117276928	334	36	0.0001641406	0.000000016549
4	117276929	118479917	337	38	0.0002495072	0.000000020209
4	118479918	119933511	419	40	0.0002776239	0.000000022721
4	119933512	120392683	146	16	0.0000273909	0.000000006292
4	120392684	122657986	696	40	0.0001829514	0.000000035432
4	122657987	124286480	380	37	0.0001660513	0.000000018280
4	124286481	125210861	260	35	0.0002366511	0.000000017315
4	125210862	126480885	383	40	0.0001974492	0.000000022750
4	126480886	127275476	222	31	0.0000779167	0.000000012538
4	127275477	127830292	163	22	0.0001773802	0.000000011909
4	127830293	128996664	195	15	0.0000490251	0.000000009696
4	128996665	130591884	440	40	0.0001730370	0.000000023107
4	130591885	131283820	181	21	-0.0000374082	0.000000008143
4	131283821	132954032	351	40	0.0000828065	0.000000019054
4	132954033	134628433	368	39	0.0002167705	0.000000020697
4	134628434	136566406	424	40	0.0003414962	0.000000025234
4	136566407	138541970	513	40	0.0001916848	0.000000028926
4	138541971	139556510	353	40	0.0003941332	0.000000026303
4	139556511	141084630	500	40	0.0001855453	0.000000030152
4	141084631	143443264	716	40	0.0000390883	0.000000032282
4	143443265	146178186	510	40	0.0001727851	0.000000022922
4	146178187	148521872	601	40	0.0001058986	0.000000030163
4	148521873	150683579	522	40	0.0001770290	0.000000027361
4	150683580	152782183	503	40	0.0003004242	0.000000024739
4	152782184	154477640	502	40	0.0001846173	0.000000030546
4	154477641	155056125	205	28	0.0000979929	0.000000012283
4	155056126	157485096	799	40	0.0001212560	0.000000034155
4	157485097	158743717	320	40	0.0001211775	0.000000017877
4	158743718	161058863	507	40	0.0001225731	0.000000023844
4	161058864	161826434	263	33	0.0000848426	0.000000015440
4	161826435	163243678	435	40	0.0000170033	0.000000020446
4	163243679	164478233	329	40	0.0001236564	0.000000018217
4	164478234	165823447	418	40	0.0001038105	0.000000024140
4	165823448	167018857	358	40	0.0000151096	0.000000019352
4	167018858	167852916	185	26	-0.0000124334	0.000000008155
4	167852917	169676824	576	40	-0.0000194374	0.000000027943
4	169676825	170776509	316	37	0.0001755650	0.000000018784
4	170776510	172558634	410	40	0.0000405744	0.000000019738
4	172558635	174264131	392	40	0.0000627442	0.000000019046
4	174264132	176570715	618	40	-0.0000275516	0.000000030887
4	176570716	178991909	820	40	0.0001096311	0.000000034019
4	178991910	180122042	316	40	0.0000069019	0.000000016736
4	180122043	182066806	795	40	0.0000443152	0.000000032487
4	182066807	183371274	707	40	0.0001786435	0.000000035464
4	183371275	184929454	582	40	0.0001527883	0.000000035380
4	184929455	186909089	871	40	0.0000898409	0.000000033976
4	186909090	188472980	596	40	0.0000546469	0.000000032830
4	188472981	189693510	406	40	0.0001439517	0.000000025690
4	189693511	191043593	293	40	0.0001818520	0.000000019550
5	11940	982251	229	26	0.0002154611	0.000000015638
5	982252	2132441	451	40	0.0001857294	0.000000030508
5	2132442	3361940	782	40	-0.0000242235	0.000000031184
5	3361941	4632109	523	40	0.0000928067	0.000000027676
5	4632110	5973232	684	40	0.0000136677	0.000000031890
5	5973233	7143217	570	40	0.0000901446	0.000000029787
5	7143218	8446335	582	40	-0.0000423024	0.000000026117
5	8446336	9718831	596	40	0.0000605350	0.000000029384
5	9718832	11173270	724	40	0.0000376125	0.000000032505
5	11173271	13464831	560	40	0.0000432695	0.000000026942
5	13464832	14757803	565	40	0.0002632980	0.000000032673
5	14757804	16963612	751	40	0.0000249112	0.000000032008
5	16963613	18051591	264	40	0.0000545058	0.000000015443
5	18051592	19917715	542	40	0.0001784223	0.000000026718
5	19917716	22152072	435	40	0.0000038086	0.000000018417
5	22152073	23494323	396	40	0.0000626307	0.000000018209
5	23494324	26184850	643	40	0.0001562962	0.000000033072
5	26184851	26857603	150	22	0.0000500420	0.000000008167
5	26857604	27984512	218	32	0.0000168744	0.000000011005
5	27984513	29714819	400	40	0.0000318892	0.000000017397
5	29714820	31390248	565	40	0.0003214302	0.000000032512
5	31390249	33500179	803	40	0.0001828338	0.000000035692
5	33500180	35048969	532	40	0.0001652613	0.000000030412
5	35048970	36433953	467	40	0.0000676115	0.000000021712
5	36433954	38802409	755	40	0.0001408862	0.000000034756
5	38802410	40287728	526	40	0.0010308075	0.000000043715
5	40287729	41888709	535	40	0.0001803845	0.000000022534
5	41888710	43983498	402	30	0.0001201185	0.000000018133
5	43983499	50163397	411	30	0.0002777006	0.000000020808
5	50163398	52134621	551	40	0.0001637239	0.000000027869
5	52134622	53703043	595	40	0.0005548172	0.000000040334
5	53703044	55417348	589	40	0.0000925880	0.000000027270
5	55417349	56621101	494	40	0.0000907475	0.000000025159
5	56621102	57340072	265	36	0.0000620453	0.000000012901
5	57340073	58524621	529	40	0.0001992034	0.000000028115
5	58524622	60935906	678	40	0.0000857920	0.000000030314
5	60935907	61672994	264	27	0.0000669718	0.000000012902
5	61672995	63218986	474	40	0.0001122437	0.000000021060
5	63218987	63968303	173	19	0.0000718044	0.000000009256
5	63968304	65911285	609	40	0.0002194965	0.000000030400
5	65911286	67850859	769	40	0.0003104625	0.000000038344
5	67850860	71240455	446	40	0.0003622495	0.000000027752
5	71240456	73759325	952	40	0.0001277520	0.000000034316
5	73759326	75798865	676	40	-0.0000114190	0.000000030361
5	75798866	77623331	702	40	0.0001830583	0.000000035599
5	77623332	79393143	645	40	0.0001538073	0.000000034918
5	79393144	80481470	440	40	0.0005392236	0.000000033695
5	80481471	82025647	497	40	0.0001750726	0.000000029042
5	82025648	83972688	517	40	0.0001164738	0.000000030289
5	83972689	85767289	483	40	0.0001762833	0.000000025497
5	85767290	87389990	268	31	0.0000476370	0.000000014105
5	87389991	88891529	299	32	0.0000438748	0.000000013570
5	88891530	90422653	419	40	0.0002876451	0.000000024441
5	90422654	91840541	260	31	0.0000709455	0.000000013859
5	91840542	93809983	404	40	0.0001267091	0.000000019535
5	93809984	95963518	676	40	0.0001672315	0.000000035103
5	95963519	97315600	407	40	0.0001489316	0.000000019681
5	97315601	99260991	480	40	0.0001745484	0.000000024206
5	99260992	101578768	487	40	0.0000764070	0.000000022090
5	101578769	103320004	471	40	0.0000900024	0.000000021747
5	103320005	104851482	406	40	0.0001016206	0.000000021250
5	104851483	105893054	164	21	0.0000241967	0.000000009656
5	105893055	107264195	547	40	0.0000590891	0.000000031532
5	107264196	108633933	376	40	0.0002186037	0.000000023473
5	108633934	110821143	620	40	0.0001194355	0.000000030974
5	110821144	111981561	405	40	0.0002117031	0.000000026163
5	111981562	113396284	531	40	0.0000911426	0.000000027550
5	113396285	114830369	504	40	0.0000611276	0.000000024744
5	114830370	115831046	422	40	0.0000785876	0.000000022397
5	115831047	117346212	536	40	0.0001619618	0.000000032649
5	117346213	118608819	361	40	0.0003383937	0.000000026482
5	118608820	119669041	326	38	0.0001867807	0.000000020273
5	119669042	120452165	228	25	0.0000908370	0.000000013583
5	120452166	122556904	655	40	0.0000991738	0.000000033667
5	122556905	123798099	433	40	0.0001494232	0.000000024703
5	123798100	125785648	819	40	0.0001359300	0.000000034492
5	125785649	127344603	415	40	0.0001956170	0.000000023554
5	127344604	129519024	643	40	0.0001261682	0.000000028573
5	129519025	132139648	600	40	0.0001901019	0.000000024854
5	132139649	134777400	888	40	0.0003004058	0.000000038322
5	134777401	136376049	577	40	0.0000403138	0.000000025155
5	136376050	139265071	681	40	0.0001632110	0.000000030083
5	139265072	140645970	347	31	0.0000039284	0.000000012886
5	140645971	142981247	899	40	0.0001930483	0.000000035891
5	142981248	144943353	615	40	0.0000375875	0.000000027068
5	144943354	147181997	716	40	0.0000235001	0.000000032066
5	147181998	148662623	541	40	0.0001641807	0.000000028586
5	148662624	150561297	839	40	0.0000966626	0.000000033795
5	150561298	152867773	832	40	0.0000983657	0.000000033522
5	152867774	153773087	425	40	0.0001154546	0.000000019258
5	153773088	155373504	548	40	0.0001439037	0.000000028961
5	155373505	156628699	368	40	0.0000777612	0.000000018485
5	156628700	158825697	867	40	0.0001696861	0.000000035108
5	158825698	159973943	403	40	0.0001640172	0.000000024581
5	159973944	161482132	512	40	0.0002946802	0.000000028013
5	161482133	162743907	351	40	0.0000105590	0.000000017115
5	162743908	163771581	374	40	0.0001634503	0.000000022134
5	163771582	165642394	532	40	0.0000618506	0.000000030004
5	165642395	166847739	408	40	0.0001130145	0.000000026138
5	166847740	168525317	759	40	0.0000633555	0.000000032949
5	168525318	169505663	464	40	0.0000608959	0.000000025889
5	169505664	171074291	647	40	0.0000945779	0.000000033704
5	171074292	172678326	662	40	0.0001556880	0.000000035082
5	172678327	173642870	485	40	0.0000483176	0.000000025840
5	173642871	175450594	802	40	0.0000282772	0.000000032410
5	175450595	177251506	320	40	0.0009487019	0.000000036489
5	177251507	178413463	424	40	0.0001194502	0.000000026130
5	178413464	179401243	346	40	0.0001262199	0.000000021759
5	179401244	180559932	322	40	0.0002568450	0.000000022367
5	180559933	180885155	42	9	0.0000014408	0.000000002658
6	73924	1452361	673	40	0.0001504117	0.000000035299
6	1452362	2458935	430	40	0.0003386716	0.000000029655
6	2458936	3573592	574	40	0.0000048029	0.000000030173
6	3573593	4617816	507	40	0.0001693678	0.000000029066
6	4617817	5791471	583	40	0.0001191820	0.000000033138
6	5791472	6785206	587	40	0.0000924153	0.000000033727
6	6785207	7808935	511	40	0.0001561509	0.000000030623
6	7808936	9020025	485	40	0.0001423957	0.000000025173
6	9020026	10540316	600	40	0.0002679354	0.000000036053
6	10540317	11790815	561	40	0.0000832505	0.000000030449
6	11790816	13209387	585	40	0.0001184373	0.000000031126
6	13209388	14802923	670	40	0.0001826459	0.000000035612
6	14802924	17386404	977	40	0.0001281273	0.000000034346
6	17386405	19207486	632	40	0.0001168271	0.000000028328
6	19207487	21684064	1016	40	0.0002271568	0.000000036603
6	21684065	22748306	507	40	0.0001025858	0.000000029006
6	22748307	23936618	488	40	0.0002517425	0.000000032180
6	23936619	24852274	398	40	0.0001511358	0.000000025376
6	24852275	25684586	446	40	0.0001591650	0.000000024759
6	25684587	26791232	475	35	0.0005319463	0.000000027721
6	26791233	28017818	275	19	0.0004245299	0.000000019105
6	28017819	28917607	302	19	0.0001879302	0.000000013131
6	28917608	29737970	524	31	0.0002659231	0.000000021555
6	29737971	30798167	907	40	0.0001729455	0.000000024755
6	30798168	31571217	795	40	0.0003845912	0.000000030709
6	31571218	32682663	692	40	0.0003435553	0.000000029666
6	32682664	33236496	622	40	0.0001467173	0.000000024003
6	33236497	35455755	747	40	0.0003029447	0.000000038245
6	35455756	37572595	804	40	0.0001739130	0.000000035350
6	37572596	39295676	744	40	0.0000927257	0.000000033469
6	39295677	40345114	394	40	0.0001946002	0.000000023319
6	40345115	42038720	711	40	0.0001137069	0.000000034129
6	42038721	43756168	442	40	0.0004447204	0.000000031174
6	43756169	45406562	579	40	0.0007486756	0.000000046136
6	45406563	47311897	755	40	0.0001082339	0.000000033882
6	47311898	48391124	350	38	0.0001809236	0.000000017663
6	48391125	50386144	491	40	0.0002163051	0.000000021747
6	50386145	52210475	615	40	0.0002450190	0.000000031115
6	52210476	53279101	422	40	0.0002921352	0.000000025678
6	53279102	55468269	849	40	0.0002919760	0.000000037805
6	55468270	56105312	211	20	0.0000882503	0.000000009415
6	56105313	57599464	363	39	0.0000575940	0.000000016559
6	57599465	61880511	119	9	-0.0000025915	0.000000003746
6	61880512	63552887	333	22	0.0000316902	0.000000012361
6	63552888	65765741	443	40	0.0001685188	0.000000021362
6	65765742	67329214	477	40	0.0002530227	0.000000026284
6	67329215	68849482	450	40	0.0001011921	0.000000021005
6	68849483	69523447	217	26	0.0000650802	0.000000010836
6	69523448	71609509	740	40	0.0001125938	0.000000032055
6	71609510	73450096	629	40	0.0000668013	0.000000029115
6	73450097	75462002	570	40	0.0000186882	0.000000024208
6	75462003	77414880	448	40	0.0001029772	0.000000019889
6	77414881	78957727	481	40	0.0000875085	0.000000018299
6	78957728	80691169	573	40	0.0001746203	0.000000028892
6	80691170	81929221	362	27	-0.0000197050	0.000000011773
6	81929222	83127148	347	40	0.0000518829	0.000000016476
6	83127149	85209988	555	40	0.0000936585	0.000000024790
6	85209989	87069499	592	40	0.0002595082	0.000000026945
6	87069500	88822139	538	40	0.0003917295	0.000000030106
6	88822140	89973051	431	40	0.0000976777	0.000000022949
6	89973052	91843195	729	40	0.0003286503	0.000000038908
6	91843196	93428643	465	40	0.0000782562	0.000000023539
6	93428644	94118141	279	40	0.0001200157	0.000000014901
6	94118142	94441174	82	8	0.0000001554	0.000000002989
6	94441175	97093510	612	40	0.0000772004	0.000000027634
6	97093511	97842283	227	26	0.0000703157	0.000000010993
6	97842284	100630145	784	40	0.0001579884	0.000000034932
6	100630146	102636771	488	40	0.0002973437	0.000000028806
6	102636772	103983394	330	33	0.0000940494	0.000000015669
6	103983395	106056732	657	40	0.0000719996	0.000000030263
6	106056733	107450305	622	40	0.0000794232	0.000000033430
6	107450306	108464379	345	40	0.0000871622	0.000000018998
6	108464380	110304246	515	40	0.0003355857	0.000000028296
6	110304247	112345013	599	40	0.0001009268	0.000000029048
6	112345014	114220832	622	40	0.0001061570	0.000000028701
6	114220833	116131395	469	40	0.0001304838	0.000000020341
6	116131396	117672971	468	40	0.0002295920	0.000000024094
6	117672972	118963114	365	39	0.0002166737	0.000000020159
6	118963115	119963277	318	36	0.0000919183	0.000000015955
6	119963278	120512127	163	18	0.0000758738	0.000000008326
6	120512128	121905675	377	36	0.0003224879	0.000000021061
6	121905676	123856180	588	40	0.0000800346	0.000000025005
6	123856181	125424382	581	40	0.0000461578	0.000000032550
6	125424383	127540460	454	40	0.0002736139	0.000000025867
6	127540461	129861030	600	40	0.0003319335	0.000000034267
6	129861031	130935453	491	40	0.0003145005	0.000000030993
6	130935454	132765668	595	40	0.0003142769	0.000000034461
6	132765669	134244242	577	40	0.0002474008	0.000000032328
6	134244243	136224176	581	40	0.0001654391	0.000000034237
6	136224177	137614217	340	40	-0.0000326015	0.000000016953
6	137614218	138822628	471	40	0.0001602172	0.000000027006
6	138822629	139845435	374	40	0.0002344378	0.000000024732
6	139845436	142288478	525	40	0.0002112988	0.000000027337
6	142288479	145319809	1016	40	0.0000028693	0.000000031506
6	145319810	146665423	309	26	0.0001601461	0.000000014016
6	146665424	148920351	911	40	0.0000615965	0.000000032823
6	148920352	150253403	513	40	0.0001738949	0.000000026542
6	150253404	151912702	876	40	0.0001023400	0.000000033900
6	151912703	153094495	555	40	0.0000327996	0.000000026621
6	153094496	154974119	789	40	0.0002048185	0.000000036107
6	154974120	156763325	719	40	0.0000532717	0.000000032774
6	156763326	158218718	369	40	0.0002090578	0.000000023822
6	158218719	160580496	1029	40	0.0003152922	0.000000038516
6	160580497	162169563	752	40	0.0010317537	0.000000054485
6	162169564	162931202	369	40	0.0001001219	0.000000022220
6	162931203	164383520	674	40	0.0001572516	0.000000035083
6	164383521	165586863	527	40	0.0000647257	0.000000026357
6	165586864	167024732	795	40	0.0001320685	0.000000034510
6	167024733	168042834	421	40	0.0000075290	0.000000021149
6	168042835	169382049	574	40	-0.0000454640	0.000000026835
6	169382050	170330172	383	40	0.0002032936	0.000000021778
6	170330173	171051269	233	29	0.0000580361	0.000000013526
7	16161	972751	87	15	0.0000710909	0.000000006752
7	972752	1353066	98	16	0.0002851917	0.000000011947
7	1353067	2062397	137	21	0.0000622272	0.000000009432
7	2062398	2772226	216	35	0.0002528110	0.000000017932
7	2772227	4573427	845	40	0.0000544050	0.000000032781
7	4573428	5416231	202	40	0.0001438371	0.000000015753
7	5416232	5854525	97	16	-0.0000249963	0.000000005059
7	5854526	6573856	140	22	0.0000817658	0.000000009721
7	6573857	7808751	413	40	0.0001215525	0.000000025584
7	7808752	9123422	719	40	0.0000124830	0.000000032020
7	9123423	9987498	353	40	0.0000743936	0.000000021320
7	9987499	11299197	462	40	0.0000650173	0.000000026963
7	11299198	12635460	679	40	0.0000714071	0.000000032968
7	12635461	13884201	564	40	0.0001247357	0.000000034250
7	13884202	15143656	559	40	0.0002394650	0.000000036809
7	15143657	16902068	743	40	0.0000768699	0.000000033148
7	16902069	19481546	1012	40	0.0002154551	0.000000036336
7	19481547	20124907	230	29	0.0001746674	0.000000016358
7	20124908	22507628	1185	40	-0.0000376990	0.000000030666
7	22507629	23471441	309	40	0.0001536328	0.000000020050
7	23471442	25077258	696	40	0.0000343785	0.000000032159
7	25077259	25909554	442	40	0.0004017477	0.000000030340
7	25909555	28360308	869	40	0.0002961534	0.000000037985
7	28360309	31137288	1230	40	0.0001467812	0.000000034803
7	31137289	33555767	981	40	0.0002562688	0.000000037166
7	33555768	36213537	990	40	0.0001749129	0.000000035313
7	36213538	37555183	626	40	0.0000639935	0.000000033169
7	37555184	38966702	629	40	0.0000473613	0.000000028472
7	38966703	39862669	313	35	-0.0000123143	0.000000013374
7	39862670	42001810	611	40	0.0004076197	0.000000036904
7	42001811	43159073	395	40	0.0001017535	0.000000021764
7	43159074	44763827	462	40	0.0002826398	0.000000027065
7	44763828	45952921	344	40	0.0000673663	0.000000019029
7	45952922	46986719	406	40	0.0002555018	0.000000023752
7	46986720	49212277	894	40	0.0001116332	0.000000033990
7	49212278	51675321	884	40	0.0004321355	0.000000041017
7	51675322	53176311	619	40	0.0000970010	0.000000030017
7	53176312	54222975	357	39	0.0001370670	0.000000017638
7	54222976	55691583	524	40	0.0000905627	0.000000026845
7	55691584	57382637	240	27	0.0001249697	0.000000012953
7	57382638	63307358	125	14	0.0000875438	0.000000008095
7	63307359	63641124	52	5	-0.0000202776	0.000000001837
7	63641125	65689808	304	26	0.0000721468	0.000000013394
7	65689809	68234073	687	40	0.0001717230	0.000000034000
7	68234074	69085363	263	39	0.0001094961	0.000000015424
7	69085364	71874884	830	40	0.0002137451	0.000000036180
7	71874885	73334601	146	22	0.0000589336	0.000000008261
7	73334602	76458563	343	40	0.0002268397	0.000000022133
7	76458564	78093858	602	40	0.0005103297	0.000000042406
7	78093859	79888068	642	40	-0.0000172766	0.000000030554
7	79888069	82022685	710	40	0.0000857400	0.000000033447
7	82022686	83801202	624	40	0.0002003941	0.000000034299
7	83801203	85572181	403	40	0.0000804241	0.000000017780
7	85572182	87825003	560	40	0.0001865577	0.000000025260
7	87825004	90661783	950	40	0.0002638114	0.000000037231
7	90661784	92493751	421	40	0.0000475760	0.000000018902
7	92493752	93966600	351	40	0.0002807062	0.000000024906
7	93966601	96073507	688	40	0.0002988361	0.000000037967
7	96073508	97099569	307	40	0.0002130836	0.000000018919
7	97099570	98715473	414	40	0.0001391519	0.000000022750
7	98715474	100196650	240	26	0.0001360337	0.000000012589
7	100196651	101199252	243	36	0.0000743782	0.000000014458
7	101199253	103197509	380	40	0.0003740749	0.000000026890
7	103197510	104159524	471	40	0.0002611233	0.000000028127
7	104159525	105682904	532	40	0.0002338652	0.000000031176
7	105682905	107780177	736	40	0.0001762675	0.000000035479
7	107780178	109647593	550	40	0.0001204382	0.000000027185
7	109647594	112618683	821	40	0.0001453539	0.000000034658
7	112618684	113712386	218	27	0.0002135844	0.000000014716
7	113712387	116780177	709	40	0.0001471961	0.000000032315
7	116780178	118351580	372	38	-0.0000057745	0.000000013844
7	118351581	121045272	437	40	0.0000921445	0.000000019470
7	121045273	121933629	227	28	0.0000701151	0.000000011098
7	121933630	124156804	660	40	0.0001251232	0.000000029157
7	124156805	124167551	6	2	0.0000213462	0.000000000772
7	124167552	126519169	655	40	0.0003265214	0.000000031237
7	126519170	126869220	139	18	0.0000765374	0.000000007610
7	126869221	128778385	589	40	0.0004512543	0.000000033581
7	128778386	130422413	466	40	0.0003551176	0.000000029832
7	130422414	132805847	913	40	0.0000963518	0.000000033913
7	132805848	134307595	441	35	0.0000772986	0.000000020026
7	134307596	135591082	496	40	0.0003388743	0.000000029813
7	135591083	136876561	405	40	0.0001608529	0.000000022635
7	136876562	138744678	606	40	0.0001604771	0.000000035203
7	138744679	139933176	327	40	0.0002238750	0.000000020907
7	139933177	140235209	120	25	0.0002028997	0.000000010933
7	140235210	141226556	281	32	0.0001029391	0.000000014496
7	141226557	142656309	437	40	0.0000880785	0.000000018529
7	142656310	144968288	543	40	0.0001702486	0.000000027316
7	144968289	146427959	375	40	0.0002078647	0.000000021818
7	146427960	147815317	560	40	0.0002550320	0.000000032296
7	147815318	149840657	613	40	0.0000388370	0.000000032630
7	149840658	150711504	304	38	0.0000027922	0.000000012997
7	150711505	152249805	456	40	0.0009280553	0.000000047100
7	152249806	153674018	461	40	-0.0000261484	0.000000025265
7	153674019	154964729	544	40	-0.0000531325	0.000000029280
7	154964730	156065249	465	40	0.0003398023	0.000000033151
7	156065250	157634596	516	40	0.0005456380	0.000000039910
7	157634597	159128574	457	40	0.0001317511	0.000000025406
8	10422	1044216	394	40	0.0001452637	0.000000027090
8	1044217	1163244	71	12	0.0000509253	0.000000005336
8	1163245	2042941	455	40	0.0001422531	0.000000030820
8	2042942	2573278	252	40	-0.0000344439	0.000000013982
8	2573279	3392925	592	40	0.0001245333	0.000000034327
8	3392926	3783016	423	40	0.0000056018	0.000000024927
8	3783017	4480475	673	40	0.0000841862	0.000000033484
8	4480476	5146926	488	40	0.0001307163	0.000000031901
8	5146927	6142796	748	40	0.0000550404	0.000000032684
8	6142797	7153078	545	40	0.0002958260	0.000000038450
8	7153079	9154693	550	40	0.0001035333	0.000000033633
8	9154694	9640786	237	25	0.0001389447	0.000000016328
8	9640787	10463196	463	40	0.0001672506	0.000000031362
8	10463197	11278997	386	40	0.0000859707	0.000000023545
8	11278998	13491774	795	40	0.0003266626	0.000000038768
8	13491775	13944991	247	31	0.0000803597	0.000000015019
8	13944992	15991659	1073	40	0.0000716961	0.000000032955
8	15991660	17387875	543	40	0.0000773649	0.000000033177
8	17387876	17836398	268	34	0.0001275272	0.000000018097
8	17836399	19492839	966	40	0.0001339122	0.000000034459
8	19492840	20060855	335	40	0.0001517049	0.000000021604
8	20060856	21661736	742	40	-0.0000057618	0.000000031353
8	21661737	22897056	461	40	0.0002343961	0.000000031214
8	22897057	24674717	653	40	0.0005066214	0.000000042706
8	24674718	25483453	287	35	0.0001229687	0.000000015821
8	25483454	26682524	610	40	0.0001306751	0.000000032381
8	26682525	28162391	731	40	0.0001068785	0.000000033785
8	28162392	29327895	369	40	0.0000438774	0.000000018831
8	29327896	31133728	542	40	0.0001735580	0.000000029790
8	31133729	31548359	119	20	0.0002184241	0.000000010633
8	31548360	32977217	480	40	0.0004128998	0.000000030032
8	32977218	35317231	527	40	0.0000696861	0.000000019846
8	35317232	37379388	358	40	0.0000544896	0.000000017550
8	37379389	38938805	290	40	0.0001457444	0.000000018641
8	38938806	40703336	565	40	0.0000149727	0.000000025456
8	40703337	41721453	374	40	-0.0000037427	0.000000019669
8	41721454	42773822	191	22	0.0002154553	0.000000012991
8	42773823	46841314	41	7	0.0000543325	0.000000003378
8	46841315	50082469	391	36	0.0004627447	0.000000027448
8	50082470	53302929	774	40	0.0001527157	0.000000031871
8	53302930	54418043	342	40	0.0001616752	0.000000018828
8	54418044	55945580	474	40	0.0001981573	0.000000023872
8	55945581	56956382	349	40	0.0000221403	0.000000016228
8	56956383	59068650	650	40	0.0001196094	0.000000032113
8	59068651	59728099	274	34	0.0000707901	0.000000014035
8	59728100	62329098	787	40	0.0003131109	0.000000038396
8	62329099	63349305	324	35	0.0001871153	0.000000017034
8	63349306	65232871	516	40	0.0001237411	0.000000023654
8	65232872	66489089	360	40	0.0002913255	0.000000021914
8	66489090	69863056	859	40	0.0000784886	0.000000033187
8	69863057	70867978	403	40	0.0001474508	0.000000023485
8	70867979	72289453	440	40	0.0001780778	0.000000022673
8	72289454	73817198	680	40	0.0002268863	0.000000035581
8	73817199	75445063	614	40	0.0001991669	0.000000031878
8	75445064	76456541	291	38	0.0001456157	0.000000015700
8	76456542	79132860	686	40	0.0001252977	0.000000029222
8	79132861	81956394	802	40	0.0002328796	0.000000036563
8	81956395	82693738	218	33	0.0001011596	0.000000012008
8	82693739	84225588	411	40	-0.0000263268	0.000000014940
8	84225589	85955618	355	39	0.0000582700	0.000000015995
8	85955619	87411708	267	25	0.0003373283	0.000000017826
8	87411709	89085480	483	40	0.0001652951	0.000000024519
8	89085481	90638161	383	39	-0.0000394639	0.000000015583
8	90638162	93554385	674	40	0.0002337681	0.000000034280
8	93554386	95005526	386	40	0.0000433416	0.000000019251
8	95005527	96534805	625	40	0.0001722705	0.000000033544
8	96534806	99401580	1092	40	0.0001226787	0.000000034193
8	99401581	101620957	503	40	0.0000726491	0.000000019102
8	101620958	104123305	983	40	0.0001542867	0.000000034908
8	104123306	104988751	249	24	0.0000712896	0.000000011093
8	104988752	107410753	816	40	0.0001247815	0.000000034096
8	107410754	108648176	469	40	0.0001560915	0.000000022904
8	108648177	109248172	204	23	0.0000182599	0.000000008062
8	109248173	110484313	348	29	0.0000603723	0.000000013171
8	110484314	111850846	287	33	0.0002343978	0.000000016279
8	111850847	113064319	232	19	0.0000946954	0.000000010546
8	113064320	116096494	773	40	0.0000336491	0.000000027548
8	116096495	119685456	1146	40	0.0001553798	0.000000034844
8	119685457	121201699	524	40	0.0002357884	0.000000026757
8	121201700	124861458	1331	40	0.0002274623	0.000000036495
8	124861459	125683718	332	40	0.0001234122	0.000000017590
8	125683719	126410916	254	40	0.0000961885	0.000000015379
8	126410917	128659110	907	40	0.0001828565	0.000000035666
8	128659111	130381138	670	40	0.0001061098	0.000000033847
8	130381139	131639624	464	40	0.0000921970	0.000000023985
8	131639625	133351143	758	40	0.0001219261	0.000000034041
8	133351144	134570000	706	40	0.0001185025	0.000000034060
8	134570001	136035604	747	40	-0.0000186170	0.000000030954
8	136035605	137524150	546	40	0.0001088320	0.000000026972
8	137524151	139254829	736	40	0.0000798849	0.000000033064
8	139254830	140725642	748	40	0.0000641811	0.000000033134
8	140725643	143044913	821	40	0.0000780012	0.000000033256
8	143044914	144236880	364	40	0.0001019445	0.000000019545
8	144236881	146303866	337	40	0.0001352993	0.000000022442
9	10023	1079706	568	40	0.0001326891	0.000000034441
9	1079707	1916876	600	40	0.0001270876	0.000000034326
9	1916877	3190063	761	40	0.0001742260	0.000000035519
9	3190064	4495327	731	40	0.0000609685	0.000000032771
9	4495328	4884925	230	39	0.0001086213	0.000000015782
9	4884926	6557588	552	40	0.0000668863	0.000000032859
9	6557589	7154922	293	38	0.0002534849	0.000000022052
9	7154923	8456298	924	40	0.0000443460	0.000000032440
9	8456299	9166402	399	40	0.0000745775	0.000000024902
9	9166403	10879252	834	40	0.0002423181	0.000000036923
9	10879253	12276488	461	40	0.0001259419	0.000000026323
9	12276489	14836362	1258	40	0.0000685360	0.000000033084
9	14836363	16659654	793	40	0.0001702047	0.000000035325
9	16659655	18661050	929	40	0.0000425166	0.000000032252
9	18661051	20463533	818	40	-0.0000232956	0.000000030965
9	20463534	22206558	685	40	0.0001432899	0.000000034734
9	22206559	24158517	599	40	0.0001345486	0.000000034329
9	24158518	25330809	294	40	0.0001502391	0.000000020845
9	25330810	26111756	271	40	0.0001828229	0.000000020063
9	26111757	28224282	929	40	0.0000785844	0.000000033198
9	28224283	28811583	250	35	-0.0000237447	0.000000012466
9	28811584	30387391	548	40	0.0001335233	0.000000025347
9	30387392	31310382	244	23	0.0000134614	0.000000010615
9	31310383	32019367	203	23	0.0000256200	0.000000008849
9	32019368	33578333	585	40	0.0001569963	0.000000030827
9	33578334	34642242	285	27	0.0002793281	0.000000016292
9	34642243	36743282	581	40	0.0003597673	0.000000036355
9	36743283	38641598	718	40	0.0000455094	0.000000032473
9	38641599	65472189	102	21	0.0001272188	0.000000008705
9	65472190	72512710	552	40	0.0009932783	0.000000048082
9	72512711	72753754	100	10	0.0000055636	0.000000004255
9	72753755	74253039	587	40	0.0000747198	0.000000026634
9	74253040	76203945	564	40	0.0001388025	0.000000027484
9	76203946	76973080	177	21	0.0000907094	0.000000010109
9	76973081	78900182	803	40	0.0000992068	0.000000033659
9	78900183	79471207	291	40	0.0000961865	0.000000018059
9	79471208	81079054	519	40	0.0001600843	0.000000030979
9	81079055	82590927	629	40	-0.0000264233	0.000000030850
9	82590928	84211232	652	40	-0.0000411258	0.000000030439
9	84211233	85440800	323	40	0.0001776439	0.000000021413
9	85440801	86938195	635	40	0.0001596097	0.000000033661
9	86938196	88109332	497	40	0.0000746347	0.000000024523
9	88109333	88590416	111	14	0.0000607089	0.000000005815
9	88590417	90136245	596	40	0.0000174420	0.000000029743
9	90136246	92528697	842	40	0.0001964632	0.000000036032
9	92528698	94167202	614	40	0.0000531718	0.000000031405
9	94167203	96671697	779	40	0.0002625063	0.000000037175
9	96671698	98922039	663	40	0.0001951333	0.000000032864
9	98922040	101592858	850	40	0.0002849097	0.000000037743
9	101592859	104624436	955	40	0.0002065217	0.000000035989
9	104624437	105967975	568	40	0.0001692652	0.000000028428
9	105967976	107581748	602	40	0.0000453299	0.000000024272
9	107581749	109298753	594	40	0.0002461059	0.000000033771
9	109298754	110695061	569	40	0.0001028460	0.000000031264
9	110695062	112778023	1098	40	0.0001544032	0.000000034823
9	112778024	114831081	909	40	0.0002091300	0.000000035969
9	114831082	115693144	314	30	0.0000115977	0.000000013654
9	115693145	117019800	640	40	0.0001987156	0.000000036088
9	117019801	117921959	465	40	0.0002610235	0.000000029069
9	117921960	121321536	1457	40	0.0001137042	0.000000033863
9	121321537	122260296	359	40	0.0000539803	0.000000018423
9	122260297	124871321	769	40	0.0001818733	0.000000035451
9	124871322	126971886	662	40	0.0000813333	0.000000033282
9	126971887	129059664	548	40	0.0000372788	0.000000026905
9	129059665	130055509	325	40	0.0002242955	0.000000020828
9	130055510	132165469	497	40	0.0001928260	0.000000028784
9	132165470	133223216	318	40	0.0002326488	0.000000021738
9	133223217	134127887	338	40	0.0000518653	0.000000019605
9	134127888	135298841	433	40	0.0001332678	0.000000023415
9	135298842	137041121	654	40	0.0003269430	0.000000039631
9	137041122	137589363	206	40	0.0002479458	0.000000018925
9	137589364	138938977	619	40	-0.0000519455	0.000000031797
9	138938978	139500341	118	22	0.0001694764	0.000000011288
9	139500342	141144795	241	36	0.0005237303	0.000000027408
10	60523	751338	122	14	0.0000751020	0.000000008591
10	751339	1523543	341	40	0.0003497410	0.000000025998
10	1523544	2254499	440	40	0.0000646534	0.000000024286
10	2254500	3352698	666	40	0.0001200566	0.000000034567
10	3352699	4572273	610	40	0.0001413148	0.000000034904
10	4572274	5983761	706	40	0.0000735515	0.000000033146
10	5983762	7171483	739	40	0.0000307839	0.000000032284
10	7171484	8774664	867	40	0.0001871779	0.000000035832
10	8774665	10249395	563	40	0.0001332688	0.000000028656
10	10249396	12586796	1027	40	0.0001551975	0.000000034993
10	12586797	13321599	443	40	-0.0000141958	0.000000025509
10	13321600	15026067	947	40	-0.0000100455	0.000000031329
10	15026068	16551766	557	40	0.0001271642	0.000000033703
10	16551767	18537266	756	40	0.0000808241	0.000000033335
10	18537267	19716877	530	40	0.0000888415	0.000000027082
10	19716878	22772282	985	40	0.0000788428	0.000000033201
10	22772283	23175131	125	14	0.0000662303	0.000000008139
10	23175132	25578595	765	40	0.0001698419	0.000000035311
10	25578596	26888683	534	40	0.0003169887	0.000000028012
10	26888684	29323235	902	40	0.0001642936	0.000000035126
10	29323236	29783691	268	40	0.0000471749	0.000000014346
10	29783692	30458837	362	40	0.0001332831	0.000000022670
10	30458838	31907518	468	40	0.0003423313	0.000000029712
10	31907519	33707967	627	40	0.0001120017	0.000000027754
10	33707968	35109354	501	40	0.0001451294	0.000000027065
10	35109355	36572507	413	40	0.0002129466	0.000000023101
10	36572508	37790028	319	39	0.0000756024	0.000000015370
10	37790029	42372578	198	13	0.0001520437	0.000000008444
10	42372579	43894770	299	34	0.0001836464	0.000000017588
10	43894771	44730074	292	34	0.0003057929	0.000000019312
10	44730075	48760449	665	40	0.0002011560	0.000000035829
10	48760450	50840914	661	40	0.0002760206	0.000000033671
10	50840915	53616628	752	40	0.0006101709	0.000000045043
10	53616629	55103571	679	40	0.0000965919	0.000000033558
10	55103572	57031139	762	40	0.0000996032	0.000000033634
10	57031140	57662145	178	18	0.0000725597	0.000000007389
10	57662146	58959527	379	25	0.0001113984	0.000000013893
10	58959528	60289986	418	40	0.0002658582	0.000000020934
10	60289987	61891408	585	40	0.0000417397	0.000000029925
10	61891409	62659678	300	34	0.0001559447	0.000000016881
10	62659679	63341694	161	19	0.0001039315	0.000000009771
10	63341695	65794113	841	40	0.0003145415	0.000000038399
10	65794114	67549614	481	40	0.0002101779	0.000000023980
10	67549615	69900147	892	40	0.0000281885	0.000000031986
10	69900148	70195990	116	11	0.0001904526	0.000000009057
10	70195991	72220849	883	40	0.0001910128	0.000000035841
10	72220850	73508511	732	40	0.0001686233	0.000000035358
10	73508512	75422549	439	36	0.0002062829	0.000000019617
10	75422550	78706813	841	40	0.0001348989	0.000000034449
10	78706814	80876748	1010	40	0.0003555221	0.000000039468
10	80876749	82414678	496	40	0.0002156743	0.000000029491
10	82414679	84383744	710	40	0.0000698604	0.000000033105
10	84383745	85458702	438	40	-0.0000105557	0.000000016887
10	85458703	87937576	971	40	0.0000657153	0.000000032880
10	87937577	89127063	270	35	0.0000847988	0.000000014600
10	89127064	91013380	722	40	0.0002263990	0.000000036524
10	91013381	92006580	375	40	0.0002487936	0.000000022922
10	92006581	93335046	439	40	0.0003199342	0.000000026298
10	93335047	95396367	664	40	0.0006888017	0.000000044168
10	95396368	96221242	264	32	0.0001276972	0.000000015901
10	96221243	97822356	580	40	0.0003162057	0.000000027847
10	97822357	100241301	915	40	0.0000898368	0.000000033640
10	100241302	100668399	147	14	0.0000931241	0.000000007837
10	100668400	102949238	765	40	0.0003342603	0.000000038890
10	102949239	104380409	306	28	0.0001381277	0.000000014230
10	104380410	106695047	762	40	0.0001905541	0.000000035657
10	106695048	108726685	672	40	0.0001125044	0.000000031774
10	108726686	110317704	623	40	0.0001295236	0.000000032375
10	110317705	112561492	659	40	0.0001260896	0.000000032189
10	112561493	115328431	1018	40	0.0001175746	0.000000034164
10	115328432	116421405	494	40	0.0001273295	0.000000026618
10	116421406	119523933	995	40	0.0000600410	0.000000032965
10	119523934	120591352	404	40	0.0002191645	0.000000026284
10	120591353	122407322	677	40	0.0000450687	0.000000032825
10	122407323	123231464	393	40	0.0000917155	0.000000021552
10	123231465	123900544	280	40	0.0002791860	0.000000020935
10	123900545	125869345	854	40	0.0002905443	0.000000038169
10	125869346	128001097	946	40	0.0003057825	0.000000038348
10	128001098	129154361	526	40	0.0001276838	0.000000029559
10	129154362	130844283	932	40	0.0000656854	0.000000033260
10	130844284	131741326	413	40	0.0000111281	0.000000020947
10	131741327	132580244	406	40	0.0000189027	0.000000020316
10	132580245	134336328	841	40	0.0000343014	0.000000032469
10	134336329	134494672	39	6	-0.0000201708	0.000000001387
10	134494673	135523864	277	40	0.0000366230	0.000000016193
11	70855	1213589	254	40	0.0001971780	0.000000017447
11	1213590	3665480	794	40	0.0005202290	0.000000043680
11	3665481	4746708	424	40	0.0000890013	0.000000024035
11	4746709	6322868	974	40	0.0001351023	0.000000034554
11	6322869	7436700	545	40	0.0000354235	0.000000025587
11	7436701	8333273	490	40	0.0001257617	0.000000030434
11	8333274	9087316	273	30	-0.0000003207	0.000000013883
11	9087317	10952026	634	40	0.0004208417	0.000000040754
11	10952027	12564228	1096	40	0.0000424932	0.000000032659
11	12564229	13373123	394	40	0.0000828975	0.000000020687
11	13373124	15742551	770	40	0.0001880096	0.000000035019
11	15742552	17578401	596	40	0.0003429437	0.000000033553
11	17578402	19569534	776	40	0.0000846893	0.000000033471
11	19569535	21017137	783	40	0.0000879297	0.000000033612
11	21017138	22374141	549	40	0.0003438754	0.000000035317
11	22374142	24088516	585	40	0.0000889487	0.000000028025
11	24088517	26045752	655	40	0.0000128781	0.000000031965
11	26045753	27020460	354	40	0.0001424736	0.000000018081
11	27020461	28481592	399	40	0.0000832023	0.000000017798
11	28481593	30141356	411	40	0.0001889554	0.000000022943
11	30141357	32276900	625	40	0.0009931054	0.000000045156
11	32276901	33958738	546	40	0.0000688706	0.000000026391
11	33958739	35502604	813	40	0.0000435024	0.000000032558
11	35502605	37116814	733	40	-0.0000083868	0.000000031316
11	37116815	39382002	414	40	0.0002051707	0.000000021697
11	39382003	42310002	910	40	-0.0000110066	0.000000031111
11	42310003	44693798	949	40	-0.0000112219	0.000000031219
11	44693799	47006136	705	40	0.0001485056	0.000000034801
11	47006137	49866049	475	25	0.0003025716	0.000000021639
11	49866050	54695472	131	7	0.0000191235	0.000000003647
11	54695473	55082656	6	3	0.0000498031	0.000000001593
11	55082657	58457494	1055	40	0.0002014390	0.000000035317
11	58457495	58780548	67	6	0.0000585237	0.000000003978
11	58780549	62223770	981	40	0.0000593767	0.000000032952
11	62223771	63804568	297	36	0.0001278706	0.000000016004
11	63804569	65898630	491	40	0.0005671279	0.000000035841
11	65898631	68005824	316	35	0.0001150752	0.000000016221
11	68005825	69516129	458	40	0.0003682087	0.000000029898
11	69516130	70926291	456	40	0.0002549517	0.000000030380
11	70926292	72286016	304	35	0.0000966757	0.000000014426
11	72286017	74412350	593	40	0.0000527473	0.000000026520
11	74412351	76797208	754	40	0.0003042675	0.000000038372
11	76797209	78355057	415	36	0.0001101471	0.000000018873
11	78355058	80722372	1043	40	0.0000578263	0.000000032776
11	80722373	81266711	259	38	0.0000263548	0.000000013375
11	81266712	84381271	1142	40	0.0001495922	0.000000034704
11	84381272	86619300	766	40	0.0000584173	0.000000032624
11	86619301	87430234	301	35	0.0001200207	0.000000015415
11	87430235	89208935	557	40	0.0000744237	0.000000029625
11	89208936	90966489	378	34	0.0000492243	0.000000015736
11	90966490	92077143	344	38	0.0002416474	0.000000020957
11	92077144	93276156	392	40	0.0002028482	0.000000021434
11	93276157	94242259	269	26	0.0000182653	0.000000011183
11	94242260	95726040	571	40	0.0001925944	0.000000032665
11	95726041	97057057	498	40	0.0001390504	0.000000028968
11	97057058	98705064	550	40	0.0001015524	0.000000030941
11	98705065	100417168	759	40	0.0001238191	0.000000034191
11	100417169	101331120	404	40	0.0000825555	0.000000019881
11	101331121	103959635	1065	40	0.0000757198	0.000000033046
11	103959636	104873283	283	23	0.0000801552	0.000000010605
11	104873284	106520893	466	40	0.0000211717	0.000000019408
11	106520894	107844199	461	40	-0.0000828869	0.000000020349
11	107844200	108437036	135	11	0.0000177307	0.000000005273
11	108437037	109866115	340	39	0.0002057416	0.000000020618
11	109866116	111114396	484	40	0.0002500540	0.000000026413
11	111114397	112459487	381	38	0.0001724428	0.000000019965
11	112459488	114257727	778	40	0.0002531742	0.000000037241
11	114257728	114830665	227	27	0.0001797405	0.000000013989
11	114830666	116383347	647	40	0.0001125401	0.000000034013
11	116383348	117747109	594	40	0.0001616996	0.000000035095
11	117747110	119215475	511	40	0.0002825057	0.000000031317
11	119215476	120766805	623	40	0.0002624254	0.000000037458
11	120766806	121175942	198	23	0.0000397790	0.000000009945
11	121175943	122591909	463	40	0.0001662197	0.000000028050
11	122591910	123500116	416	40	0.0001218956	0.000000025475
11	123500117	124495527	477	40	0.0000464856	0.000000018724
11	124495528	126311319	790	40	0.0002829706	0.000000037904
11	126311320	127316678	560	40	0.0002236439	0.000000030620
11	127316679	128188536	303	39	0.0001650497	0.000000017997
11	128188537	130342574	849	40	0.0000829495	0.000000033427
11	130342575	131074611	365	40	0.0001337597	0.000000022183
11	131074612	133000045	1090	40	0.0000370379	0.000000032443
11	133000046	134205992	544	40	0.0001426650	0.000000034084
11	134205993	134946451	395	40	0.0000713956	0.000000022838
12	61107	1080330	309	40	0.0005096714	0.000000028408
12	1080331	2544785	480	40	0.0001323962	0.000000027867
12	2544786	3677036	500	40	0.0003242867	0.000000035034
12	3677037	4417678	388	40	0.0000722522	0.000000022680
12	4417679	5321471	500	40	0.0002223822	0.000000031266
12	5321472	6419752	552	40	0.0001798259	0.000000032938
12	6419753	8377535	166	28	0.0000887484	0.000000010282
12	8377536	9031394	0	0	-0.0001479614	-0.000000000000
12	9031395	10481533	215	29	0.0001454573	0.000000012981
12	10481534	11754845	335	40	0.0001182438	0.000000017088
12	11754846	12733527	438	40	0.0001711664	0.000000028968
12	12733528	15241483	1013	40	0.0002059154	0.000000036008
12	15241484	16310459	252	36	0.0004715463	0.000000022601
12	16310460	18087872	556	40	0.0001537757	0.000000031152
12	18087873	20863942	928	40	0.0001754406	0.000000035356
12	20863943	23820633	1093	40	0.0001762052	0.000000035364
12	23820634	25371082	706	40	0.0001282564	0.000000034230
12	25371083	27799772	1017	40	0.0000593898	0.000000032753
12	27799773	29651254	692	40	0.0001056483	0.000000031467
12	29651255	30512405	459	40	0.0001652406	0.000000024003
12	30512406	32165591	627	40	0.0000281318	0.000000030618
12	32165592	33076988	376	40	0.0002619728	0.000000023394
12	33076989	37856716	350	24	0.0001003224	0.000000015073
12	37856717	39227168	135	7	-0.0000037639	0.000000005239
12	39227169	40816184	496	40	0.0002686236	0.000000026174
12	40816185	41658585	351	36	0.0002153511	0.000000017941
12	41658586	43984473	896	40	0.0000660822	0.000000032758
12	43984474	46024228	465	40	0.0001691041	0.000000022251
12	46024229	47714792	465	40	0.0002149651	0.000000025606
12	47714793	49001865	537	40	0.0003066941	0.000000030513
12	49001866	51776493	622	40	0.0002981989	0.000000032472
12	51776494	53039003	622	40	0.0001967500	0.000000031087
12	53039004	54778822	586	40	0.0003098613	0.000000033869
12	54778823	55665836	273	36	0.0000849710	0.000000014538
12	55665837	57548859	416	40	0.0001445570	0.000000021302
12	57548860	59308665	454	40	0.0005536075	0.000000031157
12	59308666	61123728	450	40	0.0000250960	0.000000019109
12	61123729	64032460	943	40	0.0001398949	0.000000034438
12	64032461	65559694	376	40	0.0001523671	0.000000021673
12	65559695	67181143	510	40	0.0002114230	0.000000028129
12	67181144	67909728	321	40	0.0000744383	0.000000014890
12	67909729	69826541	804	40	-0.0000363208	0.000000030735
12	69826542	70957986	495	40	0.0000761981	0.000000021989
12	70957987	72645074	564	40	0.0000689649	0.000000026016
12	72645075	73818453	302	30	0.0001089364	0.000000015292
12	73818454	76511313	762	40	0.0002306788	0.000000036578
12	76511314	78570569	745	40	0.0002077835	0.000000035965
12	78570570	80448149	400	40	0.0000755276	0.000000019414
12	80448150	81467766	307	35	0.0001794086	0.000000017069
12	81467767	83502665	551	40	0.0000711543	0.000000024479
12	83502666	84303843	229	27	0.0001464937	0.000000011357
12	84303844	85990425	392	34	0.0000997743	0.000000015719
12	85990426	89682121	744	40	0.0001946323	0.000000031877
12	89682122	92066154	638	40	0.0002420806	0.000000028593
12	92066155	94514566	898	40	0.0000699404	0.000000033059
12	94514567	96020784	691	40	0.0001228893	0.000000034147
12	96020785	97108838	453	40	0.0001476039	0.000000025623
12	97108839	99305986	919	40	0.0001160094	0.000000033943
12	99305987	101447640	650	40	0.0000899953	0.000000032390
12	101447641	101862689	148	16	0.0000444556	0.000000007921
12	101862690	102964985	330	40	0.0002657169	0.000000022126
12	102964986	104848695	758	40	0.0000753896	0.000000033182
12	104848696	106436212	840	40	0.0002624307	0.000000037279
12	106436213	106958747	230	33	0.0001689951	0.000000015128
12	106958748	109025900	725	40	0.0001751987	0.000000034396
12	109025901	110336718	393	40	0.0001229075	0.000000020754
12	110336719	113263517	459	40	0.0002457657	0.000000023632
12	113263518	113986708	212	28	0.0001313630	0.000000013132
12	113986709	115036601	540	40	0.0003509305	0.000000033364
12	115036602	115503215	195	36	0.0000968701	0.000000012616
12	115503216	117087470	743	40	0.0002214970	0.000000036403
12	117087471	118135374	455	40	0.0002170913	0.000000029173
12	118135375	119754109	679	40	0.0000676349	0.000000033203
12	119754110	122007650	675	40	0.0001372782	0.000000033851
12	122007651	124977979	680	40	0.0002596178	0.000000036815
12	124977980	126445504	614	40	0.0001223313	0.000000034656
12	126445505	127875097	640	40	0.0000897805	0.000000032437
12	127875098	129237296	697	40	0.0000831347	0.000000034284
12	129237297	130377920	677	40	0.0002511680	0.000000037279
12	130377921	131786750	736	40	0.0000883081	0.000000033844
12	131786751	132807033	288	40	0.0001129791	0.000000016610
12	132807034	133841510	168	25	0.0000034894	0.000000008354
13	19020013	20686719	289	35	0.0001543803	0.000000016939
13	20686720	22242173	584	40	0.0001881975	0.000000032575
13	22242174	23594701	662	40	0.0000285620	0.000000032490
13	23594702	24531936	505	40	0.0002559329	0.000000031125
13	24531937	25784361	640	40	0.0000255960	0.000000032299
13	25784362	27284361	536	40	0.0000422394	0.000000026065
13	27284362	29257550	850	40	0.0002955971	0.000000038279
13	29257551	30483266	499	40	0.0001768201	0.000000027363
13	30483267	32301814	770	40	0.0000673317	0.000000033212
13	32301815	33776902	573	40	0.0001441498	0.000000028690
13	33776903	35026463	451	40	0.0001178997	0.000000024009
13	35026464	36046366	220	30	0.0001158142	0.000000013639
13	36046367	37498184	642	40	0.0002700176	0.000000037552
13	37498185	38878162	543	40	-0.0000263920	0.000000021383
13	38878163	41069262	858	40	0.0000462569	0.000000032639
13	41069263	43101026	629	40	0.0001106217	0.000000029653
13	43101027	44901408	801	40	0.0001774922	0.000000035528
13	44901409	46495213	519	40	-0.0000165739	0.000000025025
13	46495214	47431078	363	40	0.0002130296	0.000000021491
13	47431079	49383961	601	40	0.0000647344	0.000000028699
13	49383962	51591090	737	40	0.0003492286	0.000000039255
13	51591091	53339621	449	40	0.0001804200	0.000000025840
13	53339622	54682863	522	40	-0.0000122524	0.000000024607
13	54682864	55817130	313	36	0.0002164150	0.000000017562
13	55817131	57554216	292	22	0.0000582430	0.000000010828
13	57554217	58410625	202	20	0.0000341408	0.000000007953
13	58410626	59302270	216	22	0.0000931761	0.000000010191
13	59302271	60854777	540	40	0.0000799446	0.000000025615
13	60854778	61591948	277	34	0.0000399001	0.000000013704
13	61591949	63971558	622	40	0.0000202514	0.000000029045
13	63971559	65200601	298	30	0.0001541239	0.000000014000
13	65200602	67844452	772	40	0.0001001802	0.000000033517
13	67844453	70724515	880	40	0.0003115576	0.000000038241
13	70724516	71526790	313	40	0.0001206329	0.000000018141
13	71526791	73934088	835	40	0.0004442595	0.000000041315
13	73934089	75670142	732	40	0.0002704735	0.000000037437
13	75670143	77410554	781	40	0.0000548438	0.000000032550
13	77410555	78808812	433	40	-0.0000322249	0.000000017220
13	78808813	80585675	574	40	0.0002435289	0.000000030729
13	80585676	82581813	607	40	0.0000249405	0.000000028778
13	82581814	84133143	391	35	0.0001369100	0.000000015931
13	84133144	85610915	407	40	0.0000733426	0.000000019082
13	85610916	88559881	752	40	0.0000733823	0.000000031677
13	88559882	90521310	456	40	0.0000069434	0.000000018122
13	90521311	93129690	851	40	0.0001146030	0.000000034048
13	93129691	93586454	121	16	0.0000908765	0.000000008334
13	93586455	96087557	1191	40	0.0001747614	0.000000035434
13	96087558	97519209	355	38	0.0003949706	0.000000025702
13	97519210	98938918	432	40	0.0001047369	0.000000025586
13	98938919	100574094	776	40	0.0002086593	0.000000036242
13	100574095	102300522	768	40	0.0000697564	0.000000033039
13	102300523	104066709	912	40	0.0003442202	0.000000039273
13	104066710	104844113	298	40	0.0000135746	0.000000015080
13	104844114	106247553	611	40	0.0000054419	0.000000031712
13	106247554	106749999	271	40	0.0000647162	0.000000014672
13	106750000	108189876	604	40	0.0000585123	0.000000032952
13	108189877	109121209	431	40	0.0002097514	0.000000027382
13	109121210	109815111	322	40	0.0001961861	0.000000020903
13	109815112	111232072	744	40	0.0001510113	0.000000035336
13	111232073	112247591	459	40	0.0001748515	0.000000027679
13	112247592	113572487	456	40	0.0000604552	0.000000025955
13	113572488	115109852	405	40	0.0000784804	0.000000022679
14	19002084	21589401	591	40	0.0000343254	0.000000032709
14	21589402	23018664	709	40	0.0000194113	0.000000032183
14	23018665	24905122	684	40	0.0000855917	0.000000033952
14	24905123	26135685	554	40	0.0001814650	0.000000027279
14	26135686	28466532	695	40	0.0000142856	0.000000031839
14	28466533	29972144	380	40	0.0002414695	0.000000023353
14	29972145	32383264	590	40	0.0001939849	0.000000033906
14	32383265	34846250	1258	40	0.0001045351	0.000000034014
14	34846251	35859592	240	30	0.0001488989	0.000000014750
14	35859593	38667724	869	40	0.0000971347	0.000000033572
14	38667725	40341989	538	40	0.0000505811	0.000000024973
14	40341990	41615501	347	32	0.0000095104	0.000000012738
14	41615502	43137388	415	36	-0.0000334066	0.000000016311
14	43137389	44543226	357	40	0.0001845585	0.000000021960
14	44543227	46081895	364	40	0.0000473552	0.000000017040
14	46081896	46749129	188	16	-0.0000213379	0.000000005740
14	46749130	48573585	585	40	0.0000928057	0.000000029830
14	48573586	49005470	111	13	0.0000291490	0.000000005329
14	49005471	50507759	463	40	0.0000629317	0.000000024178
14	50507760	51493571	367	40	0.0001580700	0.000000022045
14	51493572	53474382	847	40	0.0000077846	0.000000031596
14	53474383	53997830	176	19	0.0000211894	0.000000008247
14	53997831	55233680	443	40	0.0002305912	0.000000028479
14	55233681	56216879	291	26	0.0000793401	0.000000014291
14	56216880	57481261	663	40	0.0001521437	0.000000034925
14	57481262	59448335	699	40	0.0001356778	0.000000034344
14	59448336	61680423	608	40	0.0000340395	0.000000025374
14	61680424	63790014	809	40	0.0000467281	0.000000032365
14	63790015	65220297	349	34	-0.0000723988	0.000000014835
14	65220298	66399554	406	40	0.0001186576	0.000000021752
14	66399555	67992316	373	33	0.0000741738	0.000000014639
14	67992317	71131956	1232	40	0.0002157286	0.000000036212
14	71131957	72889614	676	40	0.0001845330	0.000000035351
14	72889615	76444766	1148	40	0.0002433548	0.000000036866
14	76444767	77229471	355	40	0.0000674736	0.000000019912
14	77229472	78561944	635	40	0.0002327071	0.000000035958
14	78561945	80186578	606	40	0.0001337439	0.000000032366
14	80186579	81579713	508	40	0.0002768634	0.000000030148
14	81579714	83138096	470	40	0.0003539177	0.000000029672
14	83138097	84241632	377	40	0.0002818246	0.000000023805
14	84241633	85746318	465	40	0.0000522988	0.000000024120
14	85746319	86647001	304	35	0.0002267706	0.000000019675
14	86647002	87635340	306	40	0.0001499790	0.000000018264
14	87635341	89497642	603	40	0.0001392236	0.000000027976
14	89497643	91296859	695	40	0.0001481142	0.000000034827
14	91296860	93132298	673	40	0.0002683903	0.000000037526
14	93132299	94325284	410	40	0.0002842721	0.000000025881
14	94325285	95750866	870	40	0.0000950766	0.000000033763
14	95750867	96262414	378	40	-0.0000044243	0.000000018689
14	96262415	98341161	844	40	0.0000968585	0.000000033950
14	98341162	99138531	365	40	0.0000926716	0.000000018246
14	99138532	101534306	895	40	0.0002291167	0.000000036915
14	101534307	103012101	435	40	0.0001887303	0.000000027025
14	103012102	105001722	476	40	0.0002359833	0.000000027856
14	105001723	106340357	159	28	0.0001483231	0.000000011988
14	106340358	107289453	38	5	-0.0000032219	0.000000001963
15	20001200	21131603	6	2	0.0000241782	0.000000001073
15	21131604	24195126	303	40	0.0000092762	0.000000017511
15	24195127	25108589	194	28	0.0000914764	0.000000011658
15	25108590	27298111	849	40	0.0001169277	0.000000034675
15	27298112	29338501	459	40	0.0001196134	0.000000026200
15	29338502	30165567	289	40	0.0000805604	0.000000016799
15	30165568	31591820	299	40	0.0001446261	0.000000019051
15	31591821	32441810	259	37	0.0000244783	0.000000013190
15	32441811	34015424	723	40	0.0001148847	0.000000034114
15	34015425	35083250	401	40	-0.0000387213	0.000000019300
15	35083251	37456501	925	40	0.0001142594	0.000000034059
15	37456502	38530776	347	40	0.0001804343	0.000000022053
15	38530777	40384131	777	40	0.0002599290	0.000000037288
15	40384132	41177513	235	28	0.0001393519	0.000000014769
15	41177514	42776398	427	40	0.0002739337	0.000000026414
15	42776399	44198048	272	17	0.0000252431	0.000000010211
15	44198049	46618786	488	40	0.0017829300	0.000000060988
15	46618787	48136047	584	40	0.0002008209	0.000000030720
15	48136048	50008042	442	40	0.0002203550	0.000000023484
15	50008043	51677559	600	40	0.0000858325	0.000000026870
15	51677560	53069095	402	38	0.0003077305	0.000000023146
15	53069096	54508527	628	40	0.0006950161	0.000000045024
15	54508528	55136268	253	32	0.0001621529	0.000000017829
15	55136269	56901772	532	40	0.0000612150	0.000000029154
15	56901773	58441365	621	40	0.0001803146	0.000000035415
15	58441366	59694115	502	40	0.0001570224	0.000000032320
15	59694116	61265835	659	40	0.0001170089	0.000000034247
15	61265836	63215221	896	40	0.0000714545	0.000000033009
15	63215222	65104667	488	40	0.0004092224	0.000000031706
15	65104668	67094766	617	40	0.0002076339	0.000000035916
15	67094767	69017998	742	40	0.0001957804	0.000000035978
15	69017999	70133340	276	40	0.0002059180	0.000000019230
15	70133341	71922648	703	40	0.0001766215	0.000000035597
15	71922649	73628713	356	31	0.0001801052	0.000000018271
15	73628714	76398623	591	40	0.0003738207	0.000000038093
15	76398624	78516052	523	40	0.0003824278	0.000000029660
15	78516053	80860977	981	40	0.0000602350	0.000000032737
15	80860978	84260467	907	40	0.0003049368	0.000000038303
15	84260468	86652904	766	40	0.0002296134	0.000000036479
15	86652905	88369942	764	40	0.0000300776	0.000000032135
15	88369943	90475550	718	40	0.0001003417	0.000000033997
15	90475551	92164391	618	40	0.0001351136	0.000000034838
15	92164392	93780901	815	40	0.0000291582	0.000000032464
15	93780902	94924329	578	40	0.0001758303	0.000000036000
15	94924330	96141595	585	40	0.0001906156	0.000000036017
15	96141596	98030909	741	40	0.0000621479	0.000000033153
15	98030910	99244058	564	40	0.0000616746	0.000000033343
15	99244059	100636846	547	40	0.0002781296	0.000000036984
15	100636847	101552693	404	40	0.0001608218	0.000000026002
15	101552694	102520965	431	40	0.0003600175	0.000000034493
16	60054	1207205	296	40	0.0001213848	0.000000020336
16	1207206	2764828	365	40	0.0001059354	0.000000021765
16	2764829	4001195	298	40	0.0002496764	0.000000022983
16	4001196	5118344	372	40	0.0001174191	0.000000024790
16	5118345	5891579	344	40	0.0000448220	0.000000021315
16	5891580	6893550	701	40	0.0000304823	0.000000032329
16	6893551	7529120	471	40	0.0000776950	0.000000029051
16	7529121	8338518	530	40	0.0000557161	0.000000031482
16	8338519	9799418	702	40	0.0000742303	0.000000033324
16	9799419	10426031	369	39	0.0000973935	0.000000020424
16	10426032	11520160	442	40	0.0001622617	0.000000029008
16	11520161	12613097	396	40	0.0002581278	0.000000028864
16	12613098	13154436	308	40	0.0001048367	0.000000018005
16	13154437	14464001	549	40	0.0001399770	0.000000031786
16	14464002	16154059	313	40	0.0000277651	0.000000016606
16	16154060	17644748	392	40	0.0001279286	0.000000023958
16	17644749	18643606	176	28	0.0000009731	0.000000009684
16	18643607	20150570	420	40	0.0000822706	0.000000021865
16	20150571	22448903	434	40	0.0019205373	0.000000061677
16	22448904	24136874	510	40	0.0001380951	0.000000028515
16	24136875	25986861	745	40	0.0000424411	0.000000032647
16	25986862	27445754	647	40	0.0001553944	0.000000035117
16	27445755	29036612	336	40	0.0002327796	0.000000019689
16	29036613	31382942	266	33	0.0001775470	0.000000017376
16	31382943	46399472	122	16	0.0001252406	0.000000008676
16	46399473	49007925	299	33	0.0001125909	0.000000014609
16	49007926	52035822	1078	40	0.0002696398	0.000000037504
16	52035823	53382571	452	40	0.0002687026	0.000000025055
16	53382572	55903773	1179	40	0.0000973538	0.000000033779
16	55903774	57664329	625	40	-0.0000384196	0.000000030626
16	57664330	59045404	505	40	0.0000660789	0.000000028672
16	59045405	60745693	499	40	0.0001098763	0.000000027357
16	60745694	62229848	361	40	0.0000892502	0.000000017161
16	62229849	63691588	438	40	0.0000661671	0.000000023208
16	63691589	65938565	804	40	0.0000734902	0.000000033027
16	65938566	68841362	647	40	0.0003540973	0.000000037514
16	68841363	71054027	383	40	0.0001776617	0.000000022358
16	71054028	72935149	449	38	0.0001552812	0.000000024044
16	72935150	74971502	786	40	0.0000137119	0.000000031764
16	74971503	75977953	218	28	0.0002163393	0.000000016161
16	75977954	77523677	680	40	0.0000650684	0.000000032845
16	77523678	78456291	638	40	0.0001847226	0.000000035670
16	78456292	79134814	564	40	0.0000933530	0.000000033818
16	79134815	80297373	771	40	0.0002047020	0.000000036107
16	80297374	81772535	783	40	0.0002370057	0.000000036923
16	81772536	82747727	582	40	0.0000068104	0.000000031850
16	82747728	83477207	602	40	0.0001835476	0.000000035406
16	83477208	84445882	715	40	0.0001144938	0.000000034492
16	84445883	85148684	463	40	0.0001917897	0.000000032460
16	85148685	86156598	477	40	0.0000649840	0.000000031050
16	86156599	86815410	526	40	0.0001486851	0.000000035217
16	86815411	87647348	360	40	0.0001925385	0.000000026068
16	87647349	89041164	358	40	0.0001234441	0.000000024491
16	89041165	90292811	311	34	0.0003485315	0.000000025259
17	56	1172398	311	40	0.0001164135	0.000000021542
17	1172399	1928730	253	40	0.0001238241	0.000000016512
17	1928731	3702311	641	40	0.0000927114	0.000000033887
17	3702312	4696260	360	40	0.0001893561	0.000000023218
17	4696261	5741333	385	40	0.0001956261	0.000000023324
17	5741334	7317397	625	40	0.0001814216	0.000000035906
17	7317398	8306424	314	40	0.0001516788	0.000000020855
17	8306425	9965920	653	40	0.0000593574	0.000000033221
17	9965921	11102814	473	40	0.0002541678	0.000000029902
17	11102815	12534768	554	40	0.0001122673	0.000000033132
17	12534769	13180371	295	40	0.0000868696	0.000000018287
17	13180372	13894636	371	40	0.0000480084	0.000000022340
17	13894637	15019096	602	40	-0.0000224667	0.000000031127
17	15019097	16412341	320	40	-0.0000090432	0.000000016109
17	16412342	18856319	554	40	0.0003888501	0.000000033541
17	18856320	21290356	384	40	0.0004676658	0.000000028962
17	21290357	27334243	507	40	0.0001508475	0.000000029764
17	27334244	29786490	493	39	0.0001125674	0.000000019619
17	29786491	31538424	543	40	0.0000855897	0.000000029515
17	31538425	32912797	830	40	0.0000066179	0.000000031800
17	32912798	34469035	521	40	0.0000105856	0.000000025569
17	34469036	36809343	510	40	0.0002917951	0.000000032662
17	36809344	38877403	443	40	0.0007601641	0.000000037628
17	38877404	39899809	324	34	0.0001737019	0.000000016180
17	39899810	41772086	376	39	0.0002305581	0.000000019426
17	41772087	43056904	339	38	0.0001102776	0.000000016851
17	43056905	45876021	599	40	0.0003032840	0.000000030420
17	45876022	47517399	534	40	0.0003273868	0.000000030032
17	47517400	49898956	769	40	0.0001153131	0.000000034321
17	49898957	50719054	279	26	0.0001159369	0.000000014806
17	50719055	51826117	307	33	0.0001636122	0.000000016099
17	51826118	53599431	608	40	0.0000758455	0.000000030908
17	53599432	55357540	591	40	0.0000764033	0.000000030244
17	55357541	57487511	685	40	0.0002029840	0.000000036149
17	57487512	59312754	246	23	0.0006607544	0.000000023261
17	59312755	61545588	442	40	0.0009448021	0.000000042396
17	61545589	63148127	306	37	0.0003355298	0.000000020089
17	63148128	64800429	616	40	0.0000763718	0.000000030030
17	64800430	67858769	941	40	0.0003300263	0.000000038992
17	67858770	69387816	646	40	0.0002787903	0.000000036051
17	69387817	72672202	1422	40	0.0000511453	0.000000032971
17	72672203	74375559	407	40	0.0001497512	0.000000024588
17	74375560	76263412	737	40	0.0000250707	0.000000032635
17	76263413	77298635	470	40	-0.0000076467	0.000000028742
17	77298636	78837587	545	40	0.0001826995	0.000000033973
17	78837588	80034407	238	40	0.0004616759	0.000000023803
17	80034408	81194907	307	35	0.0002329587	0.000000020954
18	10644	912485	407	40	0.0001157962	0.000000024751
18	912486	1942910	366	40	0.0000462940	0.000000017677
18	1942911	3891657	770	40	0.0000746185	0.000000033748
18	3891658	5834179	784	40	0.0001850661	0.000000035996
18	5834180	7090484	575	40	0.0002042859	0.000000034879
18	7090485	8498930	582	40	0.0000290191	0.000000030967
18	8498931	11075912	1265	40	0.0001291788	0.000000034633
18	11075913	11905439	251	40	0.0000559692	0.000000014837
18	11905440	14440798	746	40	0.0001690013	0.000000035447
18	14440799	19485843	159	17	0.0000608320	0.000000008095
18	19485844	20649471	299	35	0.0002806917	0.000000020065
18	20649472	22996650	816	40	-0.0000284211	0.000000030742
18	22996651	24026190	308	34	0.0000790582	0.000000017439
18	24026191	25927681	779	40	0.0001380794	0.000000034393
18	25927682	26875586	245	26	0.0000426784	0.000000011552
18	26875587	27866477	269	27	0.0000221065	0.000000011550
18	27866478	30264065	881	40	0.0000970913	0.000000033488
18	30264066	31780066	345	36	0.0001308615	0.000000017597
18	31780067	33861963	605	40	0.0001690002	0.000000029955
18	33861964	35075249	482	40	0.0001456545	0.000000026445
18	35075250	36365489	493	40	0.0001263049	0.000000022541
18	36365490	37684366	352	34	0.0000273844	0.000000014422
18	37684367	39892647	766	40	0.0000578493	0.000000031929
18	39892648	42922105	928	40	0.0002606559	0.000000037152
18	42922106	44299245	685	40	0.0002085296	0.000000036010
18	44299246	45939731	586	40	0.0001595544	0.000000032769
18	45939732	47730583	766	40	0.0001618754	0.000000035074
18	47730584	51062184	1181	40	0.0000493463	0.000000032463
18	51062185	51554174	172	15	0.0000135111	0.000000007192
18	51554175	55213837	1115	40	0.0001046391	0.000000033678
18	55213838	56530219	612	40	0.0000362825	0.000000031760
18	56530220	57630482	585	40	0.0000067380	0.000000031183
18	57630483	59020750	433	40	0.0002360640	0.000000026338
18	59020751	60277714	543	40	0.0004187653	0.000000034859
18	60277715	61820251	578	40	0.0001002312	0.000000028061
18	61820252	63463401	515	40	0.0000710352	0.000000023866
18	63463402	64252800	239	22	0.0000081000	0.000000009917
18	64252801	66125816	721	40	0.0000278274	0.000000032004
18	66125817	67175819	329	40	0.0000434531	0.000000018093
18	67175820	68621178	456	40	0.0000822518	0.000000026071
18	68621179	69621617	382	40	-0.0000231502	0.000000018411
18	69621618	71038473	562	40	-0.0000337270	0.000000027448
18	71038474	71971461	495	40	0.0001888565	0.000000032013
18	71971462	73526986	660	40	0.0001864234	0.000000035809
18	73526987	74813814	594	40	-0.0000159303	0.000000031283
18	74813815	75976316	589	40	0.0000499757	0.000000032013
18	75976317	77149990	410	40	0.0001399541	0.000000021754
18	77149991	78017157	262	38	0.0003950890	0.000000022042
19	80840	610728	99	24	0.0000827112	0.000000008079
19	610729	2098395	293	40	0.0002990698	0.000000025708
19	2098396	3019659	237	40	0.0003000333	0.000000020947
19	3019660	4348966	316	40	0.0002845555	0.000000025770
19	4348967	5811851	406	40	0.0002159231	0.000000028965
19	5811852	6684884	209	40	0.0000438948	0.000000013083
19	6684885	8347512	526	40	0.0001318355	0.000000032509
19	8347513	9238392	262	40	0.0001158004	0.000000013810
19	9238393	11284027	494	40	0.0000699211	0.000000024061
19	11284028	13471126	416	40	0.0001296316	0.000000023801
19	13471127	14486346	204	40	0.0000631680	0.000000012451
19	14486347	15648609	369	40	0.0002086425	0.000000023748
19	15648610	16374415	360	40	0.0000962435	0.000000016797
19	16374416	18409861	551	40	0.0000178645	0.000000031256
19	18409862	19877470	326	40	0.0003954146	0.000000025020
19	19877471	20905756	125	20	0.0000727676	0.000000008282
19	20905757	22732895	310	37	0.0003430433	0.000000020408
19	22732896	23467745	127	13	0.0000631472	0.000000006607
19	23467746	28557892	276	27	0.0000023915	0.000000010814
19	28557893	29790946	467	40	0.0000391999	0.000000023012
19	29790947	30727953	331	40	0.0000476713	0.000000017803
19	30727954	32746519	645	40	-0.0000234357	0.000000031122
19	32746520	34262951	509	40	0.0004450332	0.000000035552
19	34262952	36469294	659	40	0.0001490611	0.000000035113
19	36469295	37527032	233	20	0.0002133259	0.000000013239
19	37527033	40170618	635	40	0.0005252781	0.000000041087
19	40170619	40984600	187	25	0.0001579212	0.000000012299
19	40984601	42131572	299	40	0.0000657971	0.000000017014
19	42131573	43862454	167	21	0.0001060097	0.000000010135
19	43862455	44744107	300	40	0.0001571313	0.000000017053
19	44744108	46102696	360	40	0.0000775701	0.000000021372
19	46102697	47150081	292	40	0.0001715049	0.000000019517
19	47150082	49282226	595	40	0.0003748360	0.000000038514
19	49282227	51532566	636	40	0.0003480151	0.000000040344
19	51532567	52985289	637	40	0.0000301250	0.000000032822
19	52985290	54602361	505	40	0.0000786747	0.000000032278
19	54602362	55728079	356	40	0.0000758666	0.000000022109
19	55728080	57521334	677	40	-0.0000233781	0.000000031662
19	57521335	59118838	539	40	-0.0000245562	0.000000026686
20	60479	697599	270	40	0.0000277323	0.000000015799
20	697600	2469500	1008	40	-0.0000281913	0.000000031058
20	2469501	3828412	499	40	0.0001362659	0.000000028830
20	3828413	5477849	798	40	0.0001352141	0.000000034718
20	5477850	7084072	741	40	0.0001013599	0.000000034006
20	7084073	8117010	407	40	0.0000965796	0.000000019745
20	8117011	9730920	776	40	0.0001615460	0.000000034987
20	9730921	11249535	735	40	0.0000860733	0.000000033450
20	11249536	12447498	500	40	0.0000898876	0.000000023705
20	12447499	13689863	548	40	0.0002352105	0.000000031550
20	13689864	15958358	984	40	0.0001477756	0.000000034719
20	15958359	17487231	945	40	0.0002046269	0.000000035941
20	17487232	18972202	615	40	-0.0000623111	0.000000028448
20	18972203	20959709	888	40	0.0001346734	0.000000034476
20	20959710	22491455	388	39	0.0000480311	0.000000016517
20	22491456	23293789	342	40	0.0000663720	0.000000017541
20	23293790	24717723	521	40	0.0001921781	0.000000028096
20	24717724	25344230	220	21	0.0000643164	0.000000009921
20	25344231	31614822	577	40	0.0001237974	0.000000026146
20	31614823	32813440	293	29	0.0002111937	0.000000017463
20	32813441	34960445	460	30	0.0003095729	0.000000021668
20	34960446	36909529	490	40	0.0001832721	0.000000024870
20	36909530	38436760	506	40	0.0000478389	0.000000023005
20	38436761	39610855	468	40	-0.0000115635	0.000000023572
20	39610856	40585688	283	33	0.0000199407	0.000000013742
20	40585689	41615459	580	40	0.0001118953	0.000000033485
20	41615460	42680175	395	40	-0.0000320881	0.000000019606
20	42680176	44839055	781	40	0.0003824844	0.000000040090
20	44839056	47199979	1030	40	0.0000743838	0.000000033383
20	47199980	49239657	759	40	0.0001198239	0.000000034213
20	49239658	52472548	1347	40	0.0000543762	0.000000032789
20	52472549	54055265	616	40	0.0005617399	0.000000044167
20	54055266	56447958	1143	40	0.0002293794	0.000000036999
20	56447959	58406571	885	40	0.0000772090	0.000000033620
20	58406572	59561723	536	40	0.0001437712	0.000000029870
20	59561724	61301854	750	40	0.0003697067	0.000000040248
20	61301855	62190179	295	40	0.0001409002	0.000000019756
20	62190180	62965162	234	37	0.0004610944	0.000000024257
21	9411243	15950981	285	40	0.0000467039	0.000000016084
21	15950982	18053164	659	40	0.0002632182	0.000000037440
21	18053165	19480374	441	40	0.0001090851	0.000000026234
21	19480375	20962338	608	40	-0.0000326693	0.000000030718
21	20962339	22072763	358	40	0.0002455573	0.000000023774
21	22072764	23362874	524	40	0.0000948935	0.000000026922
21	23362875	24696230	352	40	0.0000572246	0.000000018215
21	24696231	26469121	652	40	0.0000971905	0.000000033217
21	26469122	27271018	220	25	0.0000237290	0.000000011369
21	27271019	29125225	869	40	0.0003362838	0.000000038940
21	29125226	31197024	688	40	0.0002536430	0.000000034062
21	31197025	32668641	451	40	0.0001389662	0.000000020646
21	32668642	34376998	660	40	0.0001224416	0.000000034181
21	34376999	35225464	289	40	0.0001344301	0.000000018184
21	35225465	36524372	567	40	0.0002038534	0.000000036029
21	36524373	37870778	536	40	0.0003445063	0.000000033022
21	37870779	38711703	313	39	-0.0000296794	0.000000012629
21	38711704	40482901	836	40	-0.0000219723	0.000000031006
21	40482902	41389526	498	40	0.0000486581	0.000000023072
21	41389527	43321527	1008	40	0.0000305165	0.000000032245
21	43321528	44506267	692	40	0.0000902053	0.000000033548
21	44506268	46177104	569	40	0.0000938421	0.000000033547
21	46177105	47492225	503	40	0.0002140180	0.000000030910
21	47492226	48119751	240	25	0.0001241425	0.000000014065
22	16050408	17674294	215	38	0.0001787772	0.000000017196
22	17674295	18296087	259	40	0.0000746770	0.000000016024
22	18296088	19912357	536	40	0.0000821323	0.000000028895
22	19912358	22357324	595	40	0.0001095547	0.000000029746
22	22357325	23712646	335	40	0.0000854799	0.000000019158
22	23712647	24984203	359	40	0.0001196493	0.000000018164
22	24984204	26791627	748	40	0.0001498135	0.000000035007
22	26791628	27834751	738	40	0.0000738386	0.000000033517
22	27834752	29651798	575	40	0.0000668133	0.000000032642
22	29651799	31439917	551	40	0.0002199942	0.000000029126
22	31439918	32664985	355	33	0.0001388602	0.000000019314
22	32664986	34494913	920	40	0.0000662580	0.000000032839
22	34494914	35530984	491	40	0.0000781152	0.000000021733
22	35530985	37570268	831	40	0.0001480800	0.000000034920
22	37570269	39307893	534	40	0.0000822005	0.000000030363
22	39307894	40545796	334	40	0.0000760371	0.000000019474
22	40545797	42690817	463	34	0.0003102170	0.000000024682
22	42690818	43714199	403	40	0.0002199531	0.000000025758
22	43714200	44995307	707	40	0.0000907587	0.000000033707
22	44995308	46470494	618	40	0.0002190516	0.000000036598
22	46470495	47596317	452	40	0.0001745545	0.000000028438
22	47596318	48903702	741	40	-0.0000102510	0.000000031334
22	48903703	49824533	609	40	0.0000879891	0.000000033864
22	49824534	51243297	395	40	0.0001033055	0.000000023419
