chr	start	end	num_snp	k	local_h2g	var
1	10583	1892606	96	14	0.0003070042	0.000000064795
1	1892607	3582735	438	14	0.0001169706	0.000000243589
1	3582736	4380810	271	14	0.0000877037	0.000000138558
1	4380811	5913892	869	14	0.0001019229	0.000000326203
1	5913893	7247334	429	14	0.0000173006	0.000000210913
1	7247335	9365198	700	14	0.0001013794	0.000000326166
1	9365199	10806983	352	14	0.0000742980	0.000000155400
1	10806984	11777840	258	14	-0.0000592066	0.000000121423
1	11777841	12779465	283	14	-0.0000199002	0.000000141572
1	12779466	14891510	618	14	0.0004678419	0.000000350520
1	14891511	16897729	690	14	0.0000937987	0.000000325663
1	16897730	18662898	663	14	0.0002962735	0.000000339118
1	18662899	20469148	715	14	0.0001848854	0.000000331716
1	20469149	21736587	461	14	0.0001136390	0.000000224761
1	21736588	23086882	523	14	0.0000334407	0.000000279112
1	23086883	23920589	223	14	0.0001133315	0.000000107014
1	23920590	25516844	521	14	0.0000213565	0.000000274714
1	25516845	27401866	413	14	0.0000388170	0.000000167877
1	27401867	30161880	552	14	-0.0000562544	0.000000234917
1	30161881	32438684	935	14	0.0001822839	0.000000331543
1	32438685	34799757	676	14	0.0000860206	0.000000325146
1	34799758	37549182	551	14	0.0000916101	0.000000264380
1	37549183	38731846	374	14	0.0001702620	0.000000179781
1	38731847	40200566	447	14	0.0002914185	0.000000228330
1	40200567	41975326	556	14	0.0003491744	0.000000266623
1	41975327	43758456	543	14	0.0002963495	0.000000247134
1	43758457	44969182	371	14	0.0000818314	0.000000151433
1	44969183	46899500	458	14	0.0002917084	0.000000166504
1	46899501	48002575	298	14	0.0000090574	0.000000117861
1	48002576	48978187	344	14	0.0000219189	0.000000163526
1	48978188	49894176	247	14	-0.0001332869	0.000000103612
1	49894177	51713725	260	14	0.0000147763	0.000000085604
1	51713726	54226261	563	14	0.0001836060	0.000000276161
1	54226262	56413116	838	14	0.0000942607	0.000000325693
1	56413117	57021727	271	14	0.0003525292	0.000000129361
1	57021728	58865398	847	14	0.0001393458	0.000000328690
1	58865399	59890408	383	14	0.0003376320	0.000000183008
1	59890409	61922364	672	14	-0.0000013960	0.000000319336
1	61922365	63455088	533	14	0.0001098987	0.000000263465
1	63455089	65041703	659	14	-0.0000135322	0.000000267385
1	65041704	66939403	650	14	0.0002307376	0.000000295802
1	66939404	68477894	687	14	0.0001748027	0.000000278433
1	68477895	69687615	389	14	0.0000738205	0.000000178000
1	69687616	71372469	520	14	-0.0000474045	0.000000218915
1	71372470	71684404	82	10	0.0000878717	0.000000032681
1	71684405	74326906	559	14	0.0001989874	0.000000211433
1	74326907	76728134	728	14	0.0000194272	0.000000266712
1	76728135	79661197	946	14	-0.0001692938	0.000000308179
1	79661198	81354190	475	14	0.0002379137	0.000000222765
1	81354191	83991747	973	14	0.0000495904	0.000000322725
1	83991748	84844494	312	14	0.0001073899	0.000000121237
1	84844495	86454750	652	14	0.0000493270	0.000000301249
1	86454751	88128630	571	14	0.0002862266	0.000000276556
1	88128631	90066302	523	14	0.0001383387	0.000000238072
1	90066303	91886316	557	14	0.0001246064	0.000000248971
1	91886317	93536458	509	14	0.0004166603	0.000000219763
1	93536459	94506190	255	14	0.0001857100	0.000000101552
1	94506191	96150892	651	14	0.0000416854	0.000000304415
1	96150893	97885248	606	14	0.0000112366	0.000000222103
1	97885249	99800603	643	14	0.0001850512	0.000000269857
1	99800604	100826404	339	14	0.0003165804	0.000000143605
1	100826405	102041015	447	14	0.0000039872	0.000000184583
1	102041016	102898744	279	14	0.0000626072	0.000000114013
1	102898745	103914210	200	14	0.0000197360	0.000000070663
1	103914211	106087841	454	14	-0.0000428959	0.000000191462
1	106087842	108409664	728	14	0.0000453628	0.000000322444
1	108409665	110303930	566	14	0.0004794980	0.000000267560
1	110303931	111741736	571	14	0.0001387411	0.000000307183
1	111741737	113273305	721	14	0.0000702657	0.000000324099
1	113273306	114873844	512	14	0.0001102375	0.000000240367
1	114873845	115880592	345	14	0.0000765248	0.000000135945
1	115880593	118839066	835	14	0.0002760243	0.000000337773
1	118839067	144977493	568	14	0.0000592382	0.000000244647
1	144977494	148361252	432	14	0.0000153457	0.000000187981
1	148361253	151538880	350	14	0.0002437099	0.000000149432
1	151538881	153180828	468	14	0.0002046824	0.000000185310
1	153180829	154770402	459	14	0.0004064306	0.000000221764
1	154770403	156336132	307	14	0.0001326401	0.000000144650
1	156336133	158027411	597	14	0.0002479159	0.000000291888
1	158027412	159913047	681	14	-0.0000288779	0.000000317510
1	159913048	162346720	876	14	0.0002069354	0.000000333181
1	162346721	165191701	1198	14	0.0002935598	0.000000338938
1	165191702	166460516	533	14	-0.0001528371	0.000000256727
1	166460517	169086323	1106	14	0.0000536076	0.000000322992
1	169086324	170557775	558	14	0.0001557297	0.000000213962
1	170557776	173097906	902	14	0.0000586873	0.000000323329
1	173097907	175089767	412	14	0.0000384818	0.000000116103
1	175089768	177433380	785	14	0.0002425444	0.000000335548
1	177433381	178944308	492	14	0.0000692294	0.000000208254
1	178944309	178954469	2	1	-0.0000160642	0.000000000013
1	178954470	181144120	751	14	0.0001036207	0.000000320357
1	181144121	182755355	601	14	0.0001636642	0.000000306638
1	182755356	184595512	630	14	-0.0000316543	0.000000251267
1	184595513	186810022	525	14	0.0000314776	0.000000207112
1	186810023	188759944	620	14	0.0000746702	0.000000258305
1	188759945	189904129	219	14	-0.0000128443	0.000000066210
1	189904130	191868929	538	14	0.0001949989	0.000000195848
1	191868930	194107441	584	14	0.0000889865	0.000000243129
1	194107442	196176200	581	14	0.0001120359	0.000000220564
1	196176201	197311513	196	14	-0.0000320783	0.000000056305
1	197311514	199239883	504	14	0.0001240616	0.000000222720
1	199239884	200137648	301	14	0.0001693273	0.000000135803
1	200137649	201589974	708	14	-0.0000425861	0.000000316599
1	201589975	203334733	618	14	0.0005582220	0.000000349070
1	203334734	204681067	485	14	0.0000188530	0.000000229485
1	204681068	206073264	577	14	0.0002392698	0.000000295644
1	206073265	208410363	634	14	0.0003682851	0.000000343904
1	208410364	210787749	930	14	0.0002004626	0.000000332751
1	210787750	212842329	698	14	0.0000515002	0.000000322852
1	212842330	214578265	611	14	0.0006461330	0.000000348235
1	214578266	216243633	592	14	0.0001682438	0.000000278713
1	216243634	218705512	1083	14	0.0001038966	0.000000326334
1	218705513	219590570	282	14	-0.0000487657	0.000000111608
1	219590571	221858230	690	14	0.0002170971	0.000000328639
1	221858231	222230219	174	14	-0.0000288937	0.000000079788
1	222230220	224938519	467	14	0.0001206176	0.000000219091
1	224938520	226810859	520	14	0.0000672288	0.000000232682
1	226810860	229156247	695	14	-0.0000304078	0.000000295957
1	229156248	230685254	530	14	0.0002514568	0.000000281368
1	230685255	232090251	589	14	0.0000289863	0.000000284595
1	232090252	233429283	607	14	0.0002489616	0.000000335974
1	233429284	234599433	536	14	0.0000310362	0.000000273920
1	234599434	235819435	384	14	0.0000697780	0.000000194226
1	235819436	237555627	730	14	0.0000193667	0.000000320716
1	237555628	238567806	430	14	-0.0000648477	0.000000209565
1	238567807	239925313	491	14	0.0000162798	0.000000247403
1	239925314	240564090	343	14	0.0000502329	0.000000166036
1	240564091	241582219	518	14	0.0002853291	0.000000314712
1	241582220	242071601	220	14	0.0000767349	0.000000113718
1	242071602	244109498	622	14	-0.0000555691	0.000000308297
1	244109499	245506745	515	14	0.0002817897	0.000000288384
1	245506746	247344517	710	14	0.0000498011	0.000000322739
1	247344518	249239465	400	14	0.0001129827	0.000000201074
2	10133	1781021	664	14	0.0002594072	0.000000336668
2	1781022	3973778	968	14	0.0001172552	0.000000327222
2	3973779	5708336	632	14	0.0001410175	0.000000328801
2	5708337	6836253	567	14	0.0002304157	0.000000280688
2	6836254	8422146	655	14	0.0001259034	0.000000327796
2	8422147	10298468	673	14	0.0000278663	0.000000321281
2	10298469	12419149	974	14	0.0000356315	0.000000321797
2	12419150	14335307	595	14	-0.0000349453	0.000000277464
2	14335308	16329734	748	14	-0.0000610112	0.000000315375
2	16329735	18647422	861	14	0.0001529565	0.000000329594
2	18647423	19692403	384	14	0.0000758470	0.000000186016
2	19692404	21050489	633	14	0.0000152820	0.000000307083
2	21050490	23341382	622	14	-0.0000286912	0.000000317523
2	23341383	24686917	442	14	0.0002272892	0.000000211288
2	24686918	26894984	560	14	0.0002248460	0.000000273202
2	26894985	28598776	417	14	0.0015550924	0.000000265725
2	28598777	29217558	247	14	0.0001780027	0.000000122191
2	29217559	30463710	636	14	0.0000541874	0.000000323030
2	30463711	31550449	532	14	0.0000523863	0.000000290500
2	31550450	33363776	495	14	0.0000841455	0.000000281033
2	33363777	35345027	804	14	-0.0001053794	0.000000312426
2	35345028	36122005	291	14	-0.0000031827	0.000000130086
2	36122006	38132711	932	14	0.0003290022	0.000000341293
2	38132712	39031336	326	14	0.0002741421	0.000000195130
2	39031337	40281482	303	14	-0.0000121268	0.000000153557
2	40281483	43309589	1312	14	0.0004318576	0.000000348129
2	43309590	44313802	403	14	0.0005515769	0.000000246862
2	44313803	46482633	1073	14	-0.0000287435	0.000000317519
2	46482634	47318771	419	14	0.0004730277	0.000000282554
2	47318772	48213000	301	14	0.0004961157	0.000000202540
2	48213001	50022256	716	14	0.0001048265	0.000000326396
2	50022257	50818927	345	14	0.0002376153	0.000000182913
2	50818928	52491132	648	14	0.0002149677	0.000000333715
2	52491133	53508451	466	14	0.0000843955	0.000000237965
2	53508452	54685225	436	14	0.0000727831	0.000000228229
2	54685226	56203344	614	14	0.0002607526	0.000000336758
2	56203345	57429099	428	14	0.0001849442	0.000000233579
2	57429100	58297314	272	14	0.0002738904	0.000000148280
2	58297315	60291999	741	14	0.0001289279	0.000000327997
2	60292000	62429043	587	14	0.0002402934	0.000000333159
2	62429044	64625912	583	14	0.0001258865	0.000000305597
2	64625913	65933443	464	14	0.0000557587	0.000000238152
2	65933444	67226165	555	14	-0.0000828440	0.000000257088
2	67226166	68010175	423	14	-0.0000000453	0.000000196294
2	68010176	69139563	471	14	0.0002454629	0.000000228013
2	69139564	70755197	535	14	0.0001318918	0.000000245967
2	70755198	73174847	802	14	0.0000419026	0.000000322214
2	73174848	75630085	722	14	0.0002941613	0.000000338978
2	75630086	76913660	515	14	0.0001431609	0.000000267084
2	76913661	78079263	393	14	0.0001950809	0.000000225367
2	78079264	80050402	826	14	0.0001630812	0.000000330267
2	80050403	81620840	579	14	-0.0000386425	0.000000311649
2	81620841	85140679	891	14	0.0000996096	0.000000279182
2	85140680	88038506	634	14	0.0002082699	0.000000277082
2	88038507	89154525	245	14	0.0002954109	0.000000120153
2	89154526	95326451	4	2	-0.0000296573	0.000000000189
2	95326452	98995200	428	14	0.0003778568	0.000000204596
2	98995201	101822328	907	14	0.0000649404	0.000000323745
2	101822329	102688764	261	14	0.0001060334	0.000000108348
2	102688765	103588214	406	14	0.0000847576	0.000000136486
2	103588215	105125033	304	14	-0.0000025275	0.000000131380
2	105125034	106210057	407	14	0.0000795609	0.000000195536
2	106210058	107408266	444	14	-0.0000172686	0.000000195827
2	107408267	108429176	355	14	0.0001972515	0.000000142622
2	108429177	110572431	530	14	-0.0000258078	0.000000225154
2	110572432	113921855	799	14	0.0004570226	0.000000349801
2	113921856	116772469	758	14	-0.0000495317	0.000000316138
2	116772470	118367465	397	14	0.0004823697	0.000000175854
2	118367466	121303782	995	14	0.0001011096	0.000000326149
2	121303783	123302905	576	14	0.0000533312	0.000000278271
2	123302906	124732249	430	14	0.0002765563	0.000000175762
2	124732250	125840920	381	14	0.0001560436	0.000000174295
2	125840921	127373763	409	14	0.0001650835	0.000000151830
2	127373764	128034346	287	14	0.0002532240	0.000000145048
2	128034347	129474440	433	14	0.0004902870	0.000000213985
2	129474441	130067169	223	14	0.0002407212	0.000000100393
2	130067170	130658084	204	14	-0.0000692188	0.000000080699
2	130658085	133042783	214	14	0.0001968806	0.000000110678
2	133042784	135158577	916	14	0.0003350920	0.000000341698
2	135158578	137042793	457	14	0.0003849042	0.000000190008
2	137042794	138698116	595	14	0.0003351289	0.000000293354
2	138698117	140100270	434	14	0.0001510387	0.000000156619
2	140100271	141805350	569	14	0.0003420186	0.000000285940
2	141805351	142518601	299	14	0.0000703476	0.000000146870
2	142518602	144519483	657	14	0.0001175597	0.000000303579
2	144519484	146445569	440	14	-0.0000003077	0.000000198957
2	146445570	147277161	151	14	0.0001574752	0.000000073292
2	147277162	150210291	661	14	0.0001606220	0.000000278208
2	150210292	151731461	474	14	0.0000541441	0.000000211989
2	151731462	152486781	286	14	0.0002009275	0.000000123694
2	152486782	154005055	481	14	0.0001074796	0.000000221625
2	154005056	155391134	486	14	0.0001937159	0.000000238283
2	155391135	157560634	554	14	0.0002063120	0.000000258574
2	157560635	158533217	172	14	0.0001010348	0.000000094220
2	158533218	159577081	330	14	0.0001468438	0.000000157617
2	159577082	161769732	721	14	0.0003682095	0.000000329041
2	161769733	163503550	390	14	0.0001126275	0.000000144595
2	163503551	164466637	193	14	0.0000705370	0.000000086886
2	164466638	165178839	177	14	0.0001839277	0.000000087826
2	165178840	167160269	630	14	-0.0000257348	0.000000270875
2	167160270	167355969	73	10	-0.0000090037	0.000000028570
2	167355970	169968235	832	14	0.0071766787	0.000000796361
2	169968236	171226244	490	14	0.0000687962	0.000000224535
2	171226245	173138904	576	14	-0.0000022293	0.000000290516
2	173138905	175588928	842	14	0.0000847871	0.000000325064
2	175588929	177363635	534	14	0.0002129045	0.000000248542
2	177363636	178553182	475	14	-0.0000480328	0.000000184466
2	178553183	181312738	1009	14	0.0000297538	0.000000321407
2	181312739	182266030	298	14	0.0000274996	0.000000119687
2	182266031	184357607	615	14	0.0000118732	0.000000284185
2	184357608	185280172	232	14	0.0000076147	0.000000093475
2	185280173	189882064	956	14	0.0000873039	0.000000325231
2	189882065	191973356	501	14	0.0001959621	0.000000224745
2	191973357	195861163	715	14	0.0001417887	0.000000328852
2	195861164	196447455	153	14	0.0002426221	0.000000078857
2	196447456	198078109	446	14	0.0000956869	0.000000166442
2	198078110	199311124	304	14	0.0000940311	0.000000105749
2	199311125	201576283	628	14	0.0001063558	0.000000283945
2	201576284	202818636	316	14	-0.0000110423	0.000000135841
2	202818637	205799240	746	14	0.0000498782	0.000000322744
2	205799241	206735703	404	14	0.0001436833	0.000000226062
2	206735704	208645398	657	14	-0.0000028513	0.000000319240
2	208645399	209941528	334	14	0.0003640523	0.000000172536
2	209941529	212379517	740	14	0.0002431787	0.000000335590
2	212379518	214014281	626	14	0.0001581443	0.000000329939
2	214014282	215573794	444	14	0.0000051651	0.000000208079
2	215573795	217715660	795	14	-0.0000099436	0.000000318768
2	217715661	218395479	276	14	0.0000231045	0.000000133689
2	218395480	220454550	593	14	0.0001734745	0.000000263433
2	220454551	222521175	854	14	-0.0001295526	0.000000310820
2	222521176	224859418	788	14	-0.0000968610	0.000000312992
2	224859419	225840003	350	14	0.0001300139	0.000000138833
2	225840004	228119841	734	14	-0.0001511161	0.000000288678
2	228119842	229370786	452	14	0.0000105265	0.000000185675
2	229370787	231843388	931	14	-0.0000658704	0.000000315052
2	231843389	233550002	466	14	0.0002997092	0.000000230235
2	233550003	235150986	797	14	0.0002170492	0.000000333853
2	235150987	236043549	416	14	-0.0000593741	0.000000225695
2	236043550	237449031	471	14	0.0004962259	0.000000263804
2	237449032	238760980	535	14	0.0003084534	0.000000283004
2	238760981	239952642	412	14	-0.0000640332	0.000000194083
2	239952643	241560083	653	14	-0.0001115427	0.000000312017
2	241560084	242149920	216	14	0.0001704077	0.000000105936
2	242149921	243188919	130	14	0.0002184945	0.000000068666
3	60157	1441778	619	14	0.0000538738	0.000000323009
3	1441779	2992119	895	14	-0.0001022770	0.000000312632
3	2992120	4431646	769	14	0.0001248493	0.000000327726
3	4431647	6083182	774	14	-0.0000654190	0.000000315082
3	6083183	7083386	428	14	-0.0000280022	0.000000230535
3	7083387	8648560	858	14	0.0000673696	0.000000323906
3	8648561	9543182	489	14	0.0004178136	0.000000290248
3	9543183	11019664	593	14	0.0000114270	0.000000320189
3	11019665	13070798	738	14	0.0001942466	0.000000332338
3	13070799	14816899	787	14	-0.0000301198	0.000000317428
3	14816900	16282441	532	14	0.0001100565	0.000000246613
3	16282442	17891117	500	14	0.0001273305	0.000000234585
3	17891118	19125143	341	14	0.0001527138	0.000000164400
3	19125144	20091347	196	14	0.0001003556	0.000000103150
3	20091348	21643706	638	14	0.0000495250	0.000000322720
3	21643707	22204243	381	14	-0.0000943891	0.000000184733
3	22204244	23804864	529	14	-0.0000711956	0.000000264280
3	23804865	25461557	747	14	0.0001773968	0.000000331218
3	25461558	26877768	469	14	0.0000523152	0.000000215261
3	26877769	27840909	273	14	0.0002131893	0.000000140549
3	27840910	29142259	449	14	0.0001027390	0.000000235719
3	29142260	30717954	686	14	-0.0000180219	0.000000318232
3	30717955	32351714	658	14	-0.0000077809	0.000000318912
3	32351715	33255591	276	14	0.0003031345	0.000000164073
3	33255592	35283457	583	14	0.0002008285	0.000000268069
3	35283458	36486841	409	14	0.0000733479	0.000000193796
3	36486842	38356115	596	14	0.0001607023	0.000000278929
3	38356116	40221297	659	14	0.0000572272	0.000000282853
3	40221298	41064527	149	14	-0.0000009446	0.000000060636
3	41064528	42540001	450	14	0.0000416974	0.000000203744
3	42540002	45165152	707	14	0.0002746936	0.000000320620
3	45165153	46657499	516	14	0.0002108158	0.000000232547
3	46657500	47727211	176	14	0.0001693881	0.000000077543
3	47727212	49316971	257	14	0.0001373726	0.000000069673
3	49316972	51832014	440	14	0.0002927265	0.000000117561
3	51832015	54081389	609	14	0.0001295647	0.000000274722
3	54081390	55348859	664	14	0.0000029470	0.000000319625
3	55348860	56433906	370	14	0.0001897331	0.000000191543
3	56433907	58157518	542	14	0.0003946960	0.000000257785
3	58157519	60272905	975	14	0.0000496732	0.000000322730
3	60272906	62355665	981	14	0.0001608896	0.000000330121
3	62355666	63669285	668	14	0.0002085944	0.000000333292
3	63669286	65273537	760	14	0.0002676132	0.000000337214
3	65273538	66270446	345	14	0.0000709289	0.000000196966
3	66270447	68286913	639	14	0.0001916780	0.000000332167
3	68286914	69276761	367	14	0.0001010447	0.000000196287
3	69276762	70449027	391	14	0.0000994262	0.000000208899
3	70449028	72529328	792	14	0.0003580703	0.000000343225
3	72529329	74321816	719	14	0.0001539366	0.000000329659
3	74321817	75704948	273	14	0.0002073529	0.000000133340
3	75704949	77508834	485	14	0.0002640439	0.000000250535
3	77508835	79024540	407	14	0.0004343398	0.000000219594
3	79024541	81427309	489	14	0.0001099445	0.000000174508
3	81427310	82643885	295	14	0.0000793262	0.000000111451
3	82643886	84367478	313	14	0.0002897979	0.000000143711
3	84367479	85582230	253	14	0.0000501375	0.000000098659
3	85582231	87409731	453	14	-0.0000029335	0.000000175565
3	87409732	88298372	189	14	0.0002085778	0.000000078366
3	88298373	94255315	463	14	0.0000738560	0.000000193165
3	94255316	95311970	216	14	-0.0001040272	0.000000065483
3	95311971	98215949	567	14	0.0001633496	0.000000225996
3	98215950	99373761	330	14	-0.0000013969	0.000000125839
3	99373762	100592216	332	14	0.0001823528	0.000000126154
3	100592217	103084959	659	14	0.0002991980	0.000000286674
3	103084960	104581612	413	14	0.0001760973	0.000000176913
3	104581613	106982810	709	14	0.0000072606	0.000000319912
3	106982811	109522394	763	14	0.0002784336	0.000000337933
3	109522395	110513769	252	14	-0.0000599392	0.000000076577
3	110513770	112815698	694	14	0.0001364544	0.000000307032
3	112815699	113947862	376	14	0.0000816518	0.000000157803
3	113947863	115447079	405	14	0.0000970904	0.000000211442
3	115447080	116800152	523	14	0.0000550933	0.000000242978
3	116800153	118530250	568	14	0.0002052688	0.000000297735
3	118530251	120523054	668	14	0.0000170716	0.000000260153
3	120523055	121974096	390	14	0.0004160788	0.000000143947
3	121974097	123517767	528	14	0.0006197364	0.000000268506
3	123517768	124936641	628	14	0.0002696676	0.000000304912
3	124936642	126214942	386	14	0.0001878029	0.000000171857
3	126214943	128194860	672	14	0.0001444132	0.000000311970
3	128194861	130244734	437	14	0.0000839364	0.000000184572
3	130244735	131836515	546	14	0.0001964403	0.000000227499
3	131836516	133252172	515	14	-0.0000056086	0.000000208045
3	133252173	135456905	863	14	0.0000332179	0.000000321637
3	135456906	137371082	441	14	0.0000832053	0.000000168206
3	137371083	139954596	842	14	0.0000979957	0.000000325942
3	139954597	141339096	477	14	0.0000326642	0.000000232469
3	141339097	143164627	624	14	0.0002224949	0.000000314211
3	143164628	144410815	389	14	0.0002138476	0.000000183954
3	144410816	145664618	354	14	0.0001511100	0.000000141469
3	145664619	146726628	336	14	0.0003274676	0.000000162501
3	146726629	149043236	682	14	0.0001116409	0.000000326848
3	149043237	150252003	425	14	0.0000802656	0.000000217106
3	150252004	151348729	367	14	0.0003553189	0.000000197194
3	151348730	153256570	566	14	0.0000896649	0.000000263542
3	153256571	154714217	407	14	0.0000490441	0.000000147372
3	154714218	156008699	332	14	-0.0000097419	0.000000149874
3	156008700	157312027	453	14	-0.0000187691	0.000000176491
3	157312028	159477889	642	14	-0.0000071205	0.000000236079
3	159477890	161524503	568	14	0.0001033453	0.000000205124
3	161524504	163253204	473	14	0.0003650915	0.000000199806
3	163253205	165055468	437	14	0.0002510655	0.000000149288
3	165055469	167117428	454	14	-0.0000753254	0.000000167524
3	167117429	168580959	363	14	0.0002099489	0.000000155411
3	168580960	170964908	719	14	0.0008945606	0.000000378878
3	170964909	172295730	509	14	0.0000186054	0.000000261674
3	172295731	173477284	384	14	-0.0000982569	0.000000185143
3	173477285	175116538	601	14	0.0003664088	0.000000343779
3	175116539	176320286	340	14	-0.0001145995	0.000000134083
3	176320287	178107164	537	14	0.0001397662	0.000000270409
3	178107165	179374585	386	14	-0.0000355016	0.000000161041
3	179374586	181511165	463	14	0.0001249032	0.000000215983
3	181511166	183769682	667	14	0.0001454901	0.000000309100
3	183769683	185068254	415	14	0.0002907799	0.000000228966
3	185068255	186890343	662	14	0.0002238216	0.000000334303
3	186890344	188856213	806	14	0.0000732293	0.000000324296
3	188856214	190226606	628	14	-0.0001024555	0.000000312620
3	190226607	192343813	744	14	0.0000524244	0.000000322913
3	192343814	194059670	512	14	0.0003525122	0.000000291637
3	194059671	194786673	265	14	0.0000028588	0.000000134240
3	194786674	195971407	230	14	0.0003583718	0.000000138929
3	195971408	197075986	289	14	0.0000661616	0.000000142172
3	197075987	197946621	182	14	0.0000206064	0.000000087172
4	10240	694714	105	12	0.0000133276	0.000000050150
4	694715	1478710	220	14	0.0001754556	0.000000108672
4	1478711	2842978	267	14	0.0004714798	0.000000160629
4	2842979	3846039	262	14	0.0000794169	0.000000139269
4	3846040	4684115	228	14	0.0001981053	0.000000130264
4	4684116	5502387	392	14	0.0001515233	0.000000225897
4	5502388	6773042	685	14	0.0004865008	0.000000351760
4	6773043	7539691	409	14	0.0001331061	0.000000244656
4	7539692	8152234	357	14	-0.0000703181	0.000000197026
4	8152235	9326478	244	14	0.0006006265	0.000000163491
4	9326479	10699151	512	14	0.0001434689	0.000000211805
4	10699152	12323033	648	14	0.0000954680	0.000000325774
4	12323034	14272000	713	14	0.0003555722	0.000000343059
4	14272001	15147445	383	14	0.0003311703	0.000000208799
4	15147446	15927008	250	14	-0.0000160747	0.000000116828
4	15927009	17383321	667	14	-0.0000056446	0.000000319054
4	17383322	18841873	420	14	0.0002575484	0.000000204610
4	18841874	20544556	470	14	0.0003203023	0.000000209412
4	20544557	22319346	669	14	0.0000338547	0.000000321679
4	22319347	24135528	606	14	0.0000039415	0.000000289468
4	24135529	25609321	605	14	0.0000662452	0.000000323085
4	25609322	27343721	565	14	0.0001957779	0.000000318330
4	27343722	27965867	199	14	0.0003486519	0.000000117011
4	27965868	29762207	528	14	0.0001661625	0.000000246147
4	29762208	30454534	158	14	-0.0001682773	0.000000054892
4	30454535	31782980	406	14	0.0001246666	0.000000200509
4	31782981	33172765	312	14	0.0001740323	0.000000154318
4	33172766	35151414	360	14	0.0001833285	0.000000131145
4	35151415	36020435	273	14	0.0001605578	0.000000112527
4	36020436	37255046	434	14	-0.0001107086	0.000000167156
4	37255047	38907021	791	14	0.0000706432	0.000000324124
4	38907022	40202608	400	14	0.0001389329	0.000000175766
4	40202609	42213057	715	14	0.0000482911	0.000000322638
4	42213058	43965044	528	14	-0.0000172310	0.000000228480
4	43965045	45189156	340	14	0.0003137340	0.000000144039
4	45189157	47411895	453	14	0.0000125080	0.000000181183
4	47411896	48123599	221	14	0.0001486290	0.000000087867
4	48123600	53877432	484	14	0.0001446911	0.000000193194
4	53877433	55429555	536	14	0.0000741273	0.000000246330
4	55429556	56547643	373	14	0.0002973205	0.000000188798
4	56547644	58935007	853	14	0.0001793756	0.000000331350
4	58935008	60741086	454	14	0.0004681679	0.000000215175
4	60741087	62371762	427	14	0.0005471825	0.000000220382
4	62371763	64341000	436	14	0.0000755604	0.000000205305
4	64341001	66600491	504	14	0.0000006673	0.000000197680
4	66600492	68059496	385	14	0.0001976166	0.000000167353
4	68059497	68854764	246	14	0.0000309435	0.000000092611
4	68854765	71049151	524	14	-0.0000751841	0.000000165575
4	71049152	72140557	220	14	-0.0000648504	0.000000078617
4	72140558	74592389	490	14	0.0002029360	0.000000211693
4	74592390	77130706	732	14	0.0000438042	0.000000297952
4	77130707	79093978	732	14	0.0000597432	0.000000323400
4	79093979	80990296	563	14	0.0000268502	0.000000209510
4	80990297	82125314	245	14	-0.0000886832	0.000000097403
4	82125315	83372592	363	14	0.0003109607	0.000000179961
4	83372593	84799655	484	14	0.0000852148	0.000000215396
4	84799656	86930608	592	14	0.0002806699	0.000000259293
4	86930609	87534647	138	14	0.0002554179	0.000000069936
4	87534648	89238027	570	14	0.0002632650	0.000000270789
4	89238028	90231563	325	14	0.0003978335	0.000000172843
4	90231564	91560676	339	14	0.0002791984	0.000000154278
4	91560677	94233298	567	14	0.0002331551	0.000000289470
4	94233299	96182187	607	14	0.0002336643	0.000000317159
4	96182188	97540702	489	14	0.0000315054	0.000000234469
4	97540703	99424066	404	14	0.0004224876	0.000000159919
4	99424067	100678359	412	14	0.0001308860	0.000000175236
4	100678360	103221355	797	14	-0.0000171540	0.000000318289
4	103221356	105305293	489	14	0.0000984107	0.000000198111
4	105305294	107501304	583	14	0.0000253850	0.000000233372
4	107501305	108815347	360	14	0.0001511627	0.000000153449
4	108815348	111256566	771	14	0.0001545395	0.000000329699
4	111256567	113870101	721	14	0.0001184729	0.000000327302
4	113870102	115666245	611	14	0.0000217618	0.000000310470
4	115666246	117276928	336	14	0.0001119375	0.000000127697
4	117276929	118479917	338	14	0.0001088174	0.000000146236
4	118479918	119933511	419	14	0.0000528585	0.000000161045
4	119933512	120392683	148	14	0.0001077474	0.000000059154
4	120392684	122657986	701	14	0.0000415168	0.000000322188
4	122657987	124286480	382	14	0.0000015804	0.000000138560
4	124286481	125210861	263	14	0.0001053682	0.000000119877
4	125210862	126480885	387	14	-0.0000692162	0.000000173168
4	126480886	127275476	222	14	0.0000007804	0.000000099639
4	127275477	127830292	163	14	0.0003643270	0.000000096695
4	127830293	128996664	195	14	0.0000571049	0.000000082468
4	128996665	130591884	443	14	0.0000340823	0.000000189216
4	130591885	131283820	183	14	0.0001655947	0.000000093107
4	131283821	132954032	355	14	0.0000728178	0.000000170115
4	132954033	134628433	372	14	0.0000146265	0.000000151476
4	134628434	136566406	425	14	0.0002060708	0.000000182790
4	136566407	138541970	513	14	0.0001496525	0.000000252025
4	138541971	139556510	353	14	0.0002755242	0.000000185408
4	139556511	141084630	501	14	0.0001989166	0.000000269358
4	141084631	143443264	717	14	0.0001276612	0.000000327913
4	143443265	146178186	510	14	0.0004949615	0.000000216278
4	146178187	148521872	617	14	0.0001676904	0.000000292345
4	148521873	150683579	528	14	0.0002945967	0.000000251168
4	150683580	152782183	516	14	0.0003965257	0.000000198598
4	152782184	154477640	501	14	0.0001883109	0.000000272913
4	154477641	155056125	205	14	-0.0000098530	0.000000091135
4	155056126	157485096	801	14	0.0000209019	0.000000320818
4	157485097	158743717	320	14	0.0001278591	0.000000151284
4	158743718	161058863	518	14	0.0002607087	0.000000224269
4	161058864	161826434	264	14	0.0001514550	0.000000137119
4	161826435	163243678	436	14	0.0001739835	0.000000205765
4	163243679	164478233	330	14	0.0001248793	0.000000154899
4	164478234	165823447	418	14	-0.0000300083	0.000000209146
4	165823448	167018857	360	14	0.0002396473	0.000000197469
4	167018858	167852916	186	14	0.0001730740	0.000000088291
4	167852917	169676824	578	14	0.0002463837	0.000000301187
4	169676825	170776509	315	14	0.0000794009	0.000000143042
4	170776510	172558634	413	14	0.0002449560	0.000000198480
4	172558635	174264131	393	14	0.0001787553	0.000000180340
4	174264132	176570715	626	14	0.0003555412	0.000000343057
4	176570716	178991909	825	14	-0.0000182383	0.000000318217
4	178991910	180122042	320	14	0.0003574718	0.000000181085
4	180122043	182066806	806	14	0.0002827521	0.000000338220
4	182066807	183371274	707	14	-0.0000482584	0.000000316222
4	183371275	184929454	586	14	0.0001125782	0.000000326911
4	184929455	186909089	870	14	0.0003603093	0.000000343374
4	186909090	188472980	610	14	0.0002169333	0.000000333846
4	188472981	189693510	409	14	0.0000428802	0.000000222139
4	189693511	191043593	298	14	0.0001843788	0.000000156267
5	11940	982251	229	14	0.0001021638	0.000000105678
5	982252	2132441	452	14	-0.0000917251	0.000000252949
5	2132442	3361940	785	14	-0.0000322489	0.000000317286
5	3361941	4632109	532	14	0.0000735974	0.000000258940
5	4632110	5973232	692	14	0.0000878088	0.000000325265
5	5973233	7143217	574	14	0.0002514333	0.000000296451
5	7143218	8446335	585	14	0.0000934550	0.000000277339
5	8446336	9718831	600	14	0.0003065394	0.000000300104
5	9718832	11173270	731	14	0.0001688320	0.000000330649
5	11173271	13464831	561	14	0.0001260045	0.000000265948
5	13464832	14757803	583	14	0.0003034168	0.000000291252
5	14757804	16963612	752	14	0.0001397134	0.000000328714
5	16963613	18051591	266	14	0.0001054195	0.000000138469
5	18051592	19917715	543	14	0.0002892253	0.000000242529
5	19917716	22152072	440	14	0.0000146803	0.000000178038
5	22152073	23494323	404	14	0.0000700299	0.000000167339
5	23494324	26184850	648	14	0.0000401293	0.000000304311
5	26184851	26857603	150	14	-0.0000744605	0.000000058713
5	26857604	27984512	218	14	0.0001566781	0.000000108044
5	27984513	29714819	401	14	0.0002283435	0.000000174525
5	29714820	31390248	570	14	0.0001692440	0.000000261743
5	31390249	33500179	810	14	0.0002030461	0.000000332923
5	33500180	35048969	545	14	0.0000241207	0.000000271311
5	35048970	36433953	476	14	0.0002242935	0.000000211761
5	36433954	38802409	754	14	0.0002972063	0.000000339180
5	38802410	40287728	533	14	0.0002307444	0.000000218912
5	40287729	41888709	540	14	0.0002231387	0.000000193743
5	41888710	43983498	407	14	0.0000591330	0.000000149941
5	43983499	50163397	413	14	0.0001432917	0.000000143464
5	50163398	52134621	556	14	0.0004308157	0.000000267827
5	52134622	53703043	598	14	0.0000023524	0.000000281382
5	53703044	55417348	590	14	0.0000014136	0.000000247823
5	55417349	56621101	497	14	0.0003300195	0.000000247290
5	56621102	57340072	265	14	0.0005787469	0.000000144801
5	57340073	58524621	530	14	-0.0000000344	0.000000232384
5	58524622	60935906	678	14	0.0000740186	0.000000291208
5	60935907	61672994	266	14	0.0000078272	0.000000106764
5	61672995	63218986	476	14	0.0001407256	0.000000188972
5	63218987	63968303	174	14	0.0001516828	0.000000080454
5	63968304	65911285	613	14	0.0002920578	0.000000273402
5	65911286	67850859	772	14	-0.0000793132	0.000000314158
5	67850860	71240455	446	14	0.0001564085	0.000000199272
5	71240456	73759325	954	14	0.0002286862	0.000000334627
5	73759326	75798865	675	14	0.0001906421	0.000000320946
5	75798866	77623331	709	14	0.0002517270	0.000000336158
5	77623332	79393143	648	14	0.0005466747	0.000000355759
5	79393144	80481470	445	14	0.0000085037	0.000000215771
5	80481471	82025647	498	14	-0.0000210373	0.000000247040
5	82025648	83972688	521	14	-0.0000269739	0.000000276549
5	83972689	85767289	491	14	0.0001053880	0.000000219445
5	85767290	87389990	269	14	0.0000151803	0.000000122584
5	87389991	88891529	301	14	0.0001178714	0.000000125616
5	88891530	90422653	419	14	0.0001926385	0.000000185825
5	90422654	91840541	264	14	0.0001085762	0.000000122543
5	91840542	93809983	406	14	0.0003464163	0.000000182940
5	93809984	95963518	685	14	0.0003457948	0.000000342409
5	95963519	97315600	407	14	0.0002119254	0.000000168937
5	97315601	99260991	480	14	-0.0000154022	0.000000195281
5	99260992	101578768	497	14	0.0003971709	0.000000225851
5	101578769	103320004	475	14	0.0001420382	0.000000200321
5	103320005	104851482	407	14	-0.0000163759	0.000000181919
5	104851483	105893054	165	14	-0.0000722453	0.000000079316
5	105893055	107264195	548	14	0.0002636523	0.000000324315
5	107264196	108633933	379	14	0.0005405710	0.000000215977
5	108633934	110821143	622	14	0.0000514284	0.000000286808
5	110821144	111981561	415	14	-0.0000002183	0.000000211113
5	111981562	113396284	535	14	0.0002182234	0.000000269221
5	113396285	114830369	512	14	0.0003241044	0.000000253812
5	114830370	115831046	424	14	-0.0001130224	0.000000192864
5	115831047	117346212	544	14	0.0003031787	0.000000315897
5	117346213	118608819	367	14	0.0002447299	0.000000201111
5	118608820	119669041	326	14	0.0000316582	0.000000155155
5	119669042	120452165	228	14	0.0002137039	0.000000121479
5	120452166	122556904	655	14	0.0000890830	0.000000325349
5	122556905	123798099	434	14	0.0002628603	0.000000225088
5	123798100	125785648	822	14	0.0000584549	0.000000323314
5	125785649	127344603	425	14	0.0000490166	0.000000188212
5	127344604	129519024	645	14	0.0002978326	0.000000275907
5	129519025	132139648	601	14	0.0006968726	0.000000245622
5	132139649	134777400	892	14	0.0000067144	0.000000319875
5	134777401	136376049	585	14	0.0001485090	0.000000250552
5	136376050	139265071	686	14	0.0002837094	0.000000284933
5	139265072	140645970	350	14	-0.0000044799	0.000000120057
5	140645971	142981247	913	14	0.0001836882	0.000000331636
5	142981248	144943353	619	14	0.0002278302	0.000000276953
5	144943354	147181997	730	14	0.0002784002	0.000000337931
5	147181998	148662623	546	14	0.0001960696	0.000000258597
5	148662624	150561297	841	14	0.0000164204	0.000000320520
5	150561298	152867773	836	14	0.0002690841	0.000000336565
5	152867774	153773087	425	14	0.0003608371	0.000000182597
5	153773088	155373504	555	14	0.0000731689	0.000000260325
5	155373505	156628699	371	14	0.0001614172	0.000000170121
5	156628700	158825697	868	14	0.0001265259	0.000000327838
5	158825698	159973943	413	14	0.0000558744	0.000000209397
5	159973944	161482132	513	14	0.0001527300	0.000000219174
5	161482133	162743907	350	14	0.0000946886	0.000000165730
5	162743908	163771581	376	14	0.0002912168	0.000000196912
5	163771582	165642394	534	14	0.0000224387	0.000000289240
5	165642395	166847739	414	14	0.0000204395	0.000000236511
5	166847740	168525317	763	14	0.0001330282	0.000000328270
5	168525318	169505663	473	14	0.0001366213	0.000000252562
5	169505664	171074291	647	14	-0.0000205499	0.000000318064
5	171074292	172678326	668	14	-0.0000024128	0.000000319269
5	172678327	173642870	489	14	0.0000410176	0.000000244140
5	173642871	175450594	808	14	-0.0000289036	0.000000317508
5	175450595	177251506	336	14	0.0005464483	0.000000184528
5	177251507	178413463	430	14	0.0002171432	0.000000245356
5	178413464	179401243	353	14	0.0000992227	0.000000189537
5	179401244	180559932	325	14	0.0000905353	0.000000161594
5	180559933	180885155	42	9	-0.0000010139	0.000000019779
6	73924	1452361	676	14	0.0000495721	0.000000322724
6	1452362	2458935	433	14	0.0000882792	0.000000221039
6	2458936	3573592	576	14	0.0001530044	0.000000311805
6	3573593	4617816	514	14	-0.0000206691	0.000000251288
6	4617817	5791471	589	14	0.0001561648	0.000000320879
6	5791472	6785206	590	14	-0.0000377114	0.000000316923
6	6785207	7808935	511	14	0.0001018277	0.000000275028
6	7808936	9020025	494	14	0.0005209536	0.000000251663
6	9020026	10540316	606	14	-0.0000654438	0.000000303200
6	10540317	11790815	562	14	0.0001382593	0.000000295469
6	11790816	13209387	590	14	0.0000836589	0.000000291121
6	13209388	14802923	675	14	0.0001526293	0.000000329572
6	14802924	17386404	986	14	0.0001765264	0.000000331160
6	17386405	19207486	634	14	-0.0000066943	0.000000255038
6	19207487	21684064	1020	14	0.0002776436	0.000000337880
6	21684065	22748306	513	14	0.0000145245	0.000000268529
6	22748307	23936618	487	14	0.0003290036	0.000000284366
6	23936619	24852274	399	14	0.0007289522	0.000000262663
6	24852275	25684586	448	14	0.0001751319	0.000000218621
6	25684587	26791232	476	14	0.0001989535	0.000000163597
6	26791233	28017818	277	14	0.0000796493	0.000000093415
6	28017819	28917607	317	14	0.0001635241	0.000000092971
6	28917608	29737970	528	14	0.0002936213	0.000000167905
6	29737971	30798167	910	14	0.0000955928	0.000000207972
6	30798168	31571217	798	14	0.0001767620	0.000000226882
6	31571218	32682663	699	14	0.0000246321	0.000000216836
6	32682664	33236496	628	14	0.0001890833	0.000000214814
6	33236497	35455755	753	14	0.0004455646	0.000000349040
6	35455756	37572595	817	14	0.0001104789	0.000000326771
6	37572596	39295676	760	14	0.0000764417	0.000000324509
6	39295677	40345114	400	14	0.0000931275	0.000000189796
6	40345115	42038720	715	14	0.0001800955	0.000000331398
6	42038721	43756168	449	14	-0.0000797776	0.000000203149
6	43756169	45406562	576	14	0.0001998474	0.000000303193
6	45406563	47311897	760	14	0.0000397898	0.000000322073
6	47311898	48391124	355	14	0.0000790037	0.000000134233
6	48391125	50386144	494	14	0.0001251603	0.000000170320
6	50386145	52210475	620	14	0.0001445839	0.000000267178
6	52210476	53279101	430	14	0.0000805397	0.000000190952
6	53279102	55468269	855	14	-0.0000398674	0.000000316034
6	55468270	56105312	211	14	0.0000501223	0.000000070907
6	56105313	57599464	366	14	0.0001248709	0.000000151087
6	57599465	61880511	119	9	0.0000382707	0.000000034968
6	61880512	63552887	334	14	0.0000487857	0.000000106413
6	63552888	65765741	444	14	0.0000519665	0.000000172644
6	65765742	67329214	481	14	0.0000092229	0.000000204294
6	67329215	68849482	461	14	0.0000139271	0.000000182595
6	68849483	69523447	217	14	0.0001343773	0.000000094620
6	69523448	71609509	741	14	-0.0000175503	0.000000297544
6	71609510	73450096	629	14	0.0001821221	0.000000288968
6	73450097	75462002	574	14	0.0000931469	0.000000240624
6	75462003	77414880	447	14	0.0003096993	0.000000187658
6	77414881	78957727	486	14	0.0001287666	0.000000164752
6	78957728	80691169	580	14	0.0002566424	0.000000266119
6	80691170	81929221	369	14	0.0002830581	0.000000132145
6	81929222	83127148	348	14	0.0000288090	0.000000147312
6	83127149	85209988	555	14	0.0000394742	0.000000224655
6	85209989	87069499	592	14	0.0000427665	0.000000209208
6	87069500	88822139	540	14	0.0003055255	0.000000229261
6	88822140	89973051	431	14	0.0002518987	0.000000218285
6	89973052	91843195	735	14	0.0001800963	0.000000331398
6	91843196	93428643	465	14	0.0000976666	0.000000218935
6	93428644	94118141	281	14	0.0001632569	0.000000125515
6	94118142	94441174	83	8	0.0000453454	0.000000029360
6	94441175	97093510	614	14	-0.0000185737	0.000000257084
6	97093511	97842283	228	14	0.0002168811	0.000000101209
6	97842284	100630145	787	14	0.0002268788	0.000000334507
6	100630146	102636771	492	14	0.0003927735	0.000000243197
6	102636772	103983394	331	14	-0.0000048495	0.000000126857
6	103983395	106056732	660	14	-0.0000697755	0.000000284578
6	106056733	107450305	622	14	0.0001741231	0.000000331001
6	107450306	108464379	350	14	0.0000099452	0.000000164032
6	108464380	110304246	533	14	0.0002561474	0.000000223968
6	110304247	112345013	614	14	0.0000919394	0.000000277238
6	112345014	114220832	625	14	0.0000183580	0.000000264503
6	114220833	116131395	476	14	0.0003435565	0.000000191190
6	116131396	117672971	468	14	0.0002148026	0.000000196493
6	117672972	118963114	369	14	0.0000709448	0.000000150717
6	118963115	119963277	320	14	-0.0000337905	0.000000128076
6	119963278	120512127	164	14	-0.0001448687	0.000000051232
6	120512128	121905675	377	14	-0.0000020656	0.000000130159
6	121905676	123856180	597	14	0.0000372778	0.000000230012
6	123856181	125424382	593	14	0.0001531704	0.000000329608
6	125424383	127540460	459	14	0.0002447787	0.000000209765
6	127540461	129861030	610	14	0.0001712234	0.000000283210
6	129861031	130935453	491	14	0.0000500750	0.000000239166
6	130935454	132765668	599	14	0.0002929475	0.000000294873
6	132765669	134244242	584	14	0.0000638226	0.000000272510
6	134244243	136224176	582	14	0.0001363713	0.000000316602
6	136224177	137614217	336	14	-0.0000527337	0.000000161202
6	137614218	138822628	474	14	0.0000130104	0.000000229789
6	138822629	139845435	381	14	-0.0000269630	0.000000189178
6	139845436	142288478	526	14	-0.0000219019	0.000000221286
6	142288479	145319809	1031	14	0.0002863673	0.000000338460
6	145319810	146665423	310	14	-0.0000033745	0.000000096355
6	146665424	148920351	915	14	-0.0000691039	0.000000314837
6	148920352	150253403	515	14	0.0001125869	0.000000229485
6	150253404	151912702	881	14	0.0001158994	0.000000327131
6	151912703	153094495	556	14	0.0001654416	0.000000267142
6	153094496	154974119	792	14	0.0007813917	0.000000371357
6	154974120	156763325	722	14	0.0000101734	0.000000320105
6	156763326	158218718	372	14	0.0005860032	0.000000222941
6	158218719	160580496	1030	14	0.0000917845	0.000000325529
6	160580497	162169563	757	14	0.0000232673	0.000000320975
6	162169564	162931202	372	14	0.0006860458	0.000000238865
6	162931203	164383520	674	14	0.0001542561	0.000000329680
6	164383521	165586863	535	14	-0.0000113375	0.000000244875
6	165586864	167024732	803	14	0.0001088357	0.000000326662
6	167024733	168042834	421	14	0.0001033995	0.000000208487
6	168042835	169382049	580	14	0.0000269480	0.000000283013
6	169382050	170330172	393	14	0.0001325112	0.000000174044
6	170330173	171051269	234	14	0.0000126398	0.000000106471
7	16161	972751	88	14	0.0000008438	0.000000044816
7	972752	1353066	98	14	0.0001208084	0.000000056033
7	1353067	2062397	136	14	0.0000665021	0.000000075468
7	2062398	2772226	216	14	0.0001654630	0.000000123205
7	2772227	4573427	846	14	0.0000311636	0.000000321500
7	4573428	5416231	200	14	0.0000642723	0.000000115344
7	5416232	5854525	98	14	-0.0000357138	0.000000048083
7	5854526	6573856	140	14	0.0000104494	0.000000071802
7	6573857	7808751	414	14	0.0001881733	0.000000235165
7	7808752	9123422	721	14	-0.0000198977	0.000000318107
7	9123423	9987498	354	14	0.0000022969	0.000000189777
7	9987499	11299197	467	14	0.0000255230	0.000000257879
7	11299198	12635460	692	14	0.0000132178	0.000000320308
7	12635461	13884201	563	14	0.0000139303	0.000000320355
7	13884202	15143656	570	14	0.0021774931	0.000000464136
7	15143657	16902068	748	14	0.0002256849	0.000000334427
7	16902069	19481546	1021	14	0.0000849903	0.000000325077
7	19481547	20124907	228	14	0.0002140819	0.000000128235
7	20124908	22507628	1190	14	-0.0001053948	0.000000312425
7	22507629	23471441	309	14	0.0001740297	0.000000168373
7	23471442	25077258	697	14	0.0001184585	0.000000327301
7	25077259	25909554	445	14	0.0000053480	0.000000210123
7	25909555	28360308	881	14	0.0000292956	0.000000321376
7	28360309	31137288	1237	14	0.0001813994	0.000000331484
7	31137289	33555767	986	14	0.0001671875	0.000000330540
7	33555768	36213537	1006	14	0.0001711147	0.000000330801
7	36213538	37555183	631	14	-0.0000299280	0.000000317440
7	37555184	38966702	631	14	0.0001815252	0.000000285329
7	38966703	39862669	313	14	-0.0000372655	0.000000125352
7	39862670	42001810	612	14	0.0002255326	0.000000290404
7	42001811	43159073	401	14	0.0001799280	0.000000201488
7	43159074	44763827	466	14	0.0012551428	0.000000285156
7	44763828	45952921	351	14	0.0001120114	0.000000174644
7	45952922	46986719	409	14	0.0001668656	0.000000184783
7	46986720	49212277	895	14	0.0001265825	0.000000327841
7	49212278	51675321	887	14	0.0008182918	0.000000373809
7	51675322	53176311	630	14	0.0000199058	0.000000281823
7	53176312	54222975	372	14	0.0002122346	0.000000153032
7	54222976	55691583	527	14	0.0000851728	0.000000251260
7	55691584	57382637	242	14	-0.0000748070	0.000000088676
7	57382638	63307358	126	14	0.0001636959	0.000000062807
7	63307359	63641124	53	6	0.0001527796	0.000000030341
7	63641125	65689808	306	14	0.0001884251	0.000000119821
7	65689809	68234073	704	14	0.0001214004	0.000000312654
7	68234074	69085363	264	14	0.0000659405	0.000000125297
7	69085364	71874884	834	14	-0.0000919250	0.000000313320
7	71874885	73334601	147	14	0.0000636485	0.000000066584
7	73334602	76458563	349	14	0.0002184268	0.000000176458
7	76458564	78093858	605	14	0.0001707501	0.000000326304
7	78093859	79888068	646	14	0.0000241861	0.000000315080
7	79888069	82022685	715	14	-0.0001595309	0.000000308827
7	82022686	83801202	627	14	-0.0000867617	0.000000297359
7	83801203	85572181	402	14	0.0000648041	0.000000154776
7	85572182	87825003	564	14	0.0000546265	0.000000210667
7	87825004	90661783	952	14	0.0005727692	0.000000357493
7	90661784	92493751	424	14	0.0002584484	0.000000188197
7	92493752	93966600	355	14	0.0001110165	0.000000185041
7	93966601	96073507	691	14	0.0000575065	0.000000323251
7	96073508	97099569	309	14	-0.0000177853	0.000000132257
7	97099570	98715473	418	14	0.0000467914	0.000000193376
7	98715474	100196650	249	14	0.0002863468	0.000000109336
7	100196651	101199252	245	14	0.0001723500	0.000000129807
7	101199253	103197509	384	14	0.0000128730	0.000000179891
7	103197510	104159524	475	14	0.0001149596	0.000000228270
7	104159525	105682904	535	14	-0.0000693215	0.000000253015
7	105682905	107780177	743	14	0.0000154920	0.000000320459
7	107780178	109647593	552	14	0.0001030497	0.000000248243
7	109647594	112618683	829	14	0.0000640265	0.000000323684
7	112618684	113712386	219	14	-0.0000151798	0.000000089591
7	113712387	116780177	709	14	0.0001415798	0.000000300786
7	116780178	118351580	372	14	0.0000499637	0.000000134201
7	118351581	121045272	438	14	0.0000414176	0.000000169347
7	121045273	121933629	228	14	0.0002957470	0.000000106968
7	121933630	124156804	661	14	0.0000258256	0.000000264997
7	124156805	124167551	6	2	-0.0000095010	0.000000002030
7	124167552	126519169	661	14	-0.0000304041	0.000000235234
7	126519170	126869220	140	14	-0.0000261255	0.000000052121
7	126869221	128778385	592	14	-0.0000566883	0.000000229331
7	128778386	130422413	470	14	0.0000312190	0.000000215908
7	130422414	132805847	922	14	-0.0000241304	0.000000317826
7	132805848	134307595	441	14	-0.0000743975	0.000000170202
7	134307596	135591082	500	14	0.0002405383	0.000000233826
7	135591083	136876561	408	14	0.0000601111	0.000000188282
7	136876562	138744678	611	14	-0.0001005852	0.000000312745
7	138744679	139933176	329	14	0.0003360269	0.000000171971
7	139933177	140235209	120	14	0.0002396832	0.000000072338
7	140235210	141226556	281	14	-0.0000428259	0.000000110157
7	141226557	142656309	444	14	0.0003320234	0.000000181993
7	142656310	144968288	550	14	0.0002387210	0.000000248168
7	144968289	146427959	379	14	0.0003359388	0.000000188084
7	146427960	147815317	571	14	0.0004325182	0.000000296938
7	147815318	149840657	619	14	-0.0000828369	0.000000313924
7	149840658	150711504	308	14	0.0001806816	0.000000133446
7	150711505	152249805	461	14	0.0002779533	0.000000278138
7	152249806	153674018	464	14	-0.0000119292	0.000000250457
7	153674019	154964729	549	14	0.0002058129	0.000000315310
7	154964730	156065249	480	14	0.0002542321	0.000000270191
7	156065250	157634596	521	14	0.0000377998	0.000000280843
7	157634597	159128574	459	14	0.0005050941	0.000000245154
8	10422	1044216	396	14	0.0002737384	0.000000252565
8	1044217	1163244	71	12	0.0001918192	0.000000049427
8	1163245	2042941	457	14	0.0002643273	0.000000291536
8	2042942	2573278	259	14	0.0002466908	0.000000156560
8	2573279	3392925	595	14	0.0000302794	0.000000321441
8	3392926	3783016	424	14	-0.0000872209	0.000000238453
8	3783017	4480475	669	14	0.0002119434	0.000000333514
8	4480476	5146926	492	14	0.0003268381	0.000000315270
8	5146927	6142796	755	14	-0.0000987352	0.000000312868
8	6142797	7153078	547	14	0.0000539520	0.000000323015
8	7153079	9154693	554	14	0.0003098948	0.000000340024
8	9154694	9640786	237	14	0.0005934542	0.000000162398
8	9640787	10463196	463	14	0.0003307015	0.000000298817
8	10463197	11278997	388	14	-0.0000182718	0.000000209921
8	11278998	13491774	802	14	0.0000280109	0.000000321291
8	13491775	13944991	252	14	-0.0000475238	0.000000122190
8	13944992	15991659	1083	14	0.0000899975	0.000000325410
8	15991660	17387875	549	14	-0.0000585716	0.000000315537
8	17387876	17836398	271	14	0.0001070590	0.000000152456
8	17836399	19492839	966	14	-0.0000272577	0.000000317618
8	19492840	20060855	335	14	0.0000957260	0.000000180752
8	20060856	21661736	748	14	0.0002907202	0.000000338749
8	21661737	22897056	461	14	0.0000891062	0.000000259967
8	22897057	24674717	656	14	0.0001151314	0.000000327080
8	24674718	25483453	287	14	0.0004673163	0.000000152257
8	25483454	26682524	617	14	0.0001747161	0.000000311040
8	26682525	28162391	737	14	0.0005653778	0.000000357002
8	28162392	29327895	369	14	0.0000516760	0.000000172625
8	29327896	31133728	544	14	0.0003931997	0.000000283639
8	31133729	31548359	125	14	0.0004013744	0.000000080609
8	31548360	32977217	486	14	0.0003164074	0.000000223890
8	32977218	35317231	537	14	0.0001732511	0.000000188483
8	35317232	37379388	359	14	0.0000612153	0.000000158382
8	37379389	38938805	290	14	0.0001444465	0.000000153008
8	38938806	40703336	583	14	0.0002033832	0.000000264708
8	40703337	41721453	382	14	0.0003400716	0.000000217387
8	41721454	42773822	192	14	0.0000960924	0.000000081495
8	42773823	46841314	43	7	-0.0000168194	0.000000018206
8	46841315	50082469	395	14	0.0000241764	0.000000163674
8	50082470	53302929	787	14	-0.0000076736	0.000000289426
8	53302930	54418043	344	14	0.0001305951	0.000000153367
8	54418044	55945580	475	14	0.0002615695	0.000000204875
8	55945581	56956382	353	14	0.0002856767	0.000000168022
8	56956383	59068650	664	14	0.0002185522	0.000000315420
8	59068651	59728099	275	14	0.0003922872	0.000000142386
8	59728100	62329098	790	14	0.0002966375	0.000000339143
8	62329099	63349305	328	14	0.0000425347	0.000000123761
8	63349306	65232871	516	14	-0.0000490746	0.000000199773
8	65232872	66489089	361	14	0.0004261935	0.000000174708
8	66489090	69863056	864	14	0.0002072471	0.000000333202
8	69863057	70867978	405	14	0.0001290257	0.000000204807
8	70867979	72289453	440	14	-0.0000139148	0.000000178126
8	72289454	73817198	689	14	0.0000383321	0.000000313052
8	73817199	75445063	616	14	-0.0000034257	0.000000275228
8	75445064	76456541	291	14	-0.0000256042	0.000000114356
8	76456542	79132860	687	14	0.0004611875	0.000000293833
8	79132861	81956394	803	14	0.0002340838	0.000000334985
8	81956395	82693738	219	14	0.0002128648	0.000000103330
8	82693739	84225588	416	14	-0.0000493023	0.000000143448
8	84225589	85955618	356	14	0.0000530620	0.000000142573
8	85955619	87411708	267	14	0.0003391857	0.000000117593
8	87411709	89085480	483	14	0.0002276906	0.000000217362
8	89085481	90638161	394	14	0.0000586224	0.000000162068
8	90638162	93554385	674	14	0.0000108135	0.000000294300
8	93554386	95005526	387	14	0.0000403627	0.000000177761
8	95005527	96534805	625	14	0.0001893140	0.000000312744
8	96534806	99401580	1101	14	-0.0000294743	0.000000317470
8	99401581	101620957	504	14	-0.0000085724	0.000000166706
8	101620958	104123305	986	14	0.0002526505	0.000000336219
8	104123306	104988751	249	14	0.0001638308	0.000000097736
8	104988752	107410753	819	14	0.0003031616	0.000000339576
8	107410754	108648176	470	14	0.0000169945	0.000000189417
8	108648177	109248172	204	14	0.0002082716	0.000000082989
8	109248173	110484313	350	14	0.0002766098	0.000000129269
8	110484314	111850846	287	14	0.0000023852	0.000000102766
8	111850847	113064319	234	14	0.0001884774	0.000000089298
8	113064320	116096494	781	14	-0.0000171716	0.000000266429
8	116096495	119685456	1153	14	0.0003352465	0.000000341708
8	119685457	121201699	527	14	0.0001774970	0.000000221488
8	121201700	124861458	1336	14	0.0001888680	0.000000331981
8	124861459	125683718	333	14	0.0002414297	0.000000155582
8	125683719	126410916	254	14	0.0001488088	0.000000132594
8	126410917	128659110	913	14	0.0000477083	0.000000322600
8	128659111	130381138	674	14	0.0001995105	0.000000332688
8	130381139	131639624	465	14	-0.0000357938	0.000000211483
8	131639625	133351143	759	14	-0.0000030799	0.000000319225
8	133351144	134570000	707	14	0.0000129700	0.000000320291
8	134570001	136035604	753	14	0.0001241575	0.000000327680
8	136035605	137524150	552	14	0.0001314132	0.000000252217
8	137524151	139254829	737	14	0.0001429167	0.000000327434
8	139254830	140725642	755	14	0.0002409934	0.000000335445
8	140725643	143044913	824	14	-0.0000202884	0.000000318081
8	143044914	144236880	366	14	0.0000087838	0.000000165251
8	144236881	146303866	338	14	0.0001701734	0.000000181731
9	10023	1079706	575	14	0.0002523554	0.000000336200
9	1079707	1916876	601	14	0.0001759994	0.000000331125
9	1916877	3190063	765	14	0.0001311977	0.000000328148
9	3190064	4495327	736	14	0.0001971455	0.000000332531
9	4495328	4884925	229	14	-0.0000457812	0.000000120442
9	4884926	6557588	556	14	-0.0000265981	0.000000317662
9	6557589	7154922	293	14	0.0000405508	0.000000158306
9	7154923	8456298	927	14	0.0000467230	0.000000322534
9	8456299	9166402	400	14	0.0001452599	0.000000237149
9	9166403	10879252	837	14	0.0001691487	0.000000330670
9	10879253	12276488	463	14	0.0003401107	0.000000254177
9	12276489	14836362	1260	14	0.0000646917	0.000000323728
9	14836363	16659654	802	14	0.0003203500	0.000000340718
9	16659655	18661050	938	14	0.0000840446	0.000000325014
9	18661051	20463533	821	14	0.0002929150	0.000000338895
9	20463534	22206558	685	14	0.0003916604	0.000000345457
9	22206559	24158517	605	14	0.0000806976	0.000000324046
9	24158518	25330809	295	14	0.0001827125	0.000000179298
9	25330810	26111756	272	14	0.0002915404	0.000000170966
9	26111757	28224282	948	14	0.0002316514	0.000000334824
9	28224283	28811583	251	14	0.0002782264	0.000000139228
9	28811584	30387391	550	14	0.0000482862	0.000000222496
9	30387392	31310382	245	14	0.0004473155	0.000000124676
9	31310383	32019367	206	14	0.0002284013	0.000000091910
9	32019368	33578333	588	14	0.0003484744	0.000000297833
9	33578334	34642242	285	14	0.0002043198	0.000000106358
9	34642243	36743282	583	14	0.0000980697	0.000000291351
9	36743283	38641598	720	14	0.0000406839	0.000000322133
9	38641599	65472189	101	14	0.0000946059	0.000000057159
9	65472190	72512710	563	14	0.0002268221	0.000000277598
9	72512711	72753754	100	10	0.0003550645	0.000000060074
9	72753755	74253039	594	14	0.0008223289	0.000000302849
9	74253040	76203945	571	14	0.0003812464	0.000000266645
9	76203946	76973080	180	14	-0.0000079569	0.000000074103
9	76973081	78900182	803	14	0.0001138088	0.000000326992
9	78900183	79471207	292	14	0.0000533983	0.000000154665
9	79471208	81079054	523	14	0.0001781456	0.000000287984
9	81079055	82590927	630	14	0.0000509077	0.000000322812
9	82590928	84211232	655	14	0.0001273240	0.000000327891
9	84211233	85440800	328	14	0.0002097992	0.000000180431
9	85440801	86938195	635	14	0.0000129631	0.000000303980
9	86938196	88109332	500	14	0.0000038280	0.000000224360
9	88109333	88590416	113	14	0.0001648186	0.000000051581
9	88590417	90136245	598	14	0.0002023086	0.000000311403
9	90136246	92528697	855	14	-0.0000593153	0.000000315487
9	92528698	94167202	623	14	0.0001540038	0.000000318513
9	94167203	96671697	789	14	0.0001809442	0.000000331454
9	96671698	98922039	667	14	0.0001232296	0.000000295926
9	98922040	101592858	860	14	0.0002214076	0.000000334143
9	101592859	104624436	964	14	0.0000423333	0.000000322243
9	104624437	105967975	567	14	-0.0000713712	0.000000238802
9	105967976	107581748	602	14	0.0001039377	0.000000235798
9	107581749	109298753	603	14	0.0000333318	0.000000290690
9	109298754	110695061	571	14	0.0002212691	0.000000305344
9	110695062	112778023	1099	14	0.0001154608	0.000000327102
9	112778024	114831081	908	14	0.0000919478	0.000000325540
9	114831082	115693144	314	14	0.0000237045	0.000000126865
9	115693145	117019800	642	14	0.0002323522	0.000000334870
9	117019801	117921959	465	14	0.0003318943	0.000000249483
9	117921960	121321536	1466	14	0.0000150147	0.000000320427
9	121321537	122260296	359	14	0.0001061623	0.000000169070
9	122260297	124871321	774	14	0.0002632839	0.000000336926
9	124871322	126971886	685	14	0.0002395345	0.000000335348
9	126971887	129059664	563	14	0.0002384501	0.000000276233
9	129059665	130055509	326	14	0.0000944379	0.000000156725
9	130055510	132165469	500	14	0.0000295767	0.000000243383
9	132165470	133223216	319	14	0.0000259789	0.000000157990
9	133223217	134127887	340	14	0.0001010587	0.000000182415
9	134127888	135298841	434	14	0.0001020435	0.000000204367
9	135298842	137041121	655	14	0.0006096549	0.000000359944
9	137041122	137589363	206	14	0.0002217898	0.000000126899
9	137589364	138938977	627	14	-0.0000503048	0.000000316086
9	138938978	139500341	120	14	0.0001743883	0.000000072668
9	139500342	141144795	240	14	0.0001346348	0.000000126716
10	60523	751338	125	14	0.0002824071	0.000000081457
10	751339	1523543	339	14	0.0001650134	0.000000182698
10	1523544	2254499	440	14	-0.0001241768	0.000000215215
10	2254500	3352698	674	14	-0.0000099724	0.000000318767
10	3352699	4572273	619	14	0.0001853080	0.000000331744
10	4572274	5983761	710	14	0.0000365864	0.000000321861
10	5983762	7171483	746	14	0.0000026200	0.000000319603
10	7171484	8774664	871	14	-0.0000806913	0.000000314067
10	8774665	10249395	566	14	0.0000051813	0.000000256532
10	10249396	12586796	1038	14	0.0000639938	0.000000323682
10	12586797	13321599	446	14	0.0001358310	0.000000265182
10	13321600	15026067	950	14	0.0000355347	0.000000321791
10	15026068	16551766	563	14	0.0000663038	0.000000320853
10	16551767	18537266	776	14	0.0003380555	0.000000341895
10	18537267	19716877	533	14	0.0001212815	0.000000258569
10	19716878	22772282	992	14	0.0002514130	0.000000336137
10	22772283	23175131	126	14	0.0001899902	0.000000073111
10	23175132	25578595	770	14	0.0001795815	0.000000331363
10	25578596	26888683	536	14	0.0000973215	0.000000209433
10	26888684	29323235	906	14	0.0000466731	0.000000322531
10	29323236	29783691	268	14	0.0000919205	0.000000129480
10	29783692	30458837	364	14	0.0002288186	0.000000204711
10	30458838	31907518	480	14	-0.0000546764	0.000000208876
10	31907519	33707967	629	14	-0.0001106486	0.000000242516
10	33707968	35109354	501	14	0.0002800733	0.000000251595
10	35109355	36572507	422	14	0.0003531532	0.000000201650
10	36572508	37790028	321	14	0.0002202573	0.000000143508
10	37790029	42372578	199	13	0.0002517909	0.000000061756
10	42372579	43894770	299	14	0.0002178706	0.000000140233
10	43894771	44730074	292	14	0.0002137912	0.000000130676
10	44730075	48760449	673	14	0.0001135595	0.000000326976
10	48760450	50840914	666	14	0.0000022824	0.000000277767
10	50840915	53616628	753	14	0.0002284836	0.000000334613
10	53616629	55103571	682	14	0.0000693710	0.000000324039
10	55103572	57031139	763	14	0.0004626844	0.000000350177
10	57031140	57662145	178	14	0.0000152423	0.000000053114
10	57662146	58959527	381	14	-0.0000863080	0.000000099985
10	58959528	60289986	422	14	0.0001003839	0.000000149478
10	60289987	61891408	590	14	0.0000054426	0.000000293944
10	61891409	62659678	303	14	0.0002157030	0.000000140714
10	62659679	63341694	161	14	0.0003745307	0.000000092114
10	63341695	65794113	849	14	0.0001165495	0.000000327175
10	65794114	67549614	481	14	0.0005319088	0.000000221367
10	67549615	69900147	896	14	-0.0000087901	0.000000318845
10	69900148	70195990	118	11	0.0001992917	0.000000056639
10	70195991	72220849	895	14	0.0004181076	0.000000347215
10	72220850	73508511	744	14	0.0000065230	0.000000319863
10	73508512	75422549	440	14	0.0001482368	0.000000151356
10	75422550	78706813	842	14	0.0001582218	0.000000329944
10	78706814	80876748	1016	14	-0.0000173197	0.000000318278
10	80876749	82414678	496	14	0.0002111493	0.000000253299
10	82414679	84383744	715	14	0.0001109039	0.000000326799
10	84383745	85458702	439	14	0.0000163876	0.000000163809
10	85458703	87937576	980	14	0.0000907176	0.000000325458
10	87937577	89127063	272	14	0.0004347512	0.000000147642
10	89127064	91013380	729	14	0.0006109455	0.000000360030
10	91013381	92006580	376	14	0.0003026668	0.000000185894
10	92006581	93335046	447	14	-0.0000045213	0.000000185346
10	93335047	95396367	668	14	0.0002927251	0.000000312275
10	95396368	96221242	264	14	0.0001456345	0.000000131146
10	96221243	97822356	583	14	0.0002946535	0.000000221106
10	97822357	100241301	919	14	-0.0000713379	0.000000314688
10	100241302	100668399	149	14	0.0000438514	0.000000055551
10	100668400	102949238	767	14	-0.0000173792	0.000000318274
10	102949239	104380409	306	14	0.0002304566	0.000000118320
10	104380410	106695047	764	14	-0.0000129019	0.000000318572
10	106695048	108726685	674	14	0.0002547333	0.000000312682
10	108726686	110317704	640	14	0.0000130440	0.000000298841
10	110317705	112561492	662	14	0.0002348549	0.000000313563
10	112561493	115328431	1026	14	0.0006083882	0.000000359860
10	115328432	116421405	494	14	0.0001285439	0.000000242271
10	116421406	119523933	1003	14	0.0002495731	0.000000336015
10	119523934	120591352	411	14	0.0002948893	0.000000225172
10	120591353	122407322	681	14	-0.0001000828	0.000000312778
10	122407323	123231464	391	14	0.0001023978	0.000000191731
10	123231465	123900544	279	14	0.0002259728	0.000000152041
10	123900545	125869345	860	14	-0.0000476530	0.000000316262
10	125869346	128001097	957	14	-0.0000057459	0.000000319047
10	128001098	129154361	528	14	0.0000766700	0.000000269078
10	129154362	130844283	941	14	0.0000603174	0.000000323438
10	130844284	131741326	416	14	0.0003992891	0.000000225990
10	131741327	132580244	414	14	0.0001364371	0.000000200618
10	132580245	134336328	848	14	-0.0000278970	0.000000317575
10	134336329	134494672	39	6	0.0000455698	0.000000019013
10	134494673	135523864	282	14	0.0000295287	0.000000136620
11	70855	1213589	255	14	0.0001146134	0.000000126637
11	1213590	3665480	799	14	0.0000852418	0.000000325094
11	3665481	4746708	425	14	0.0002328016	0.000000229901
11	4746709	6322868	987	14	0.0001931922	0.000000332268
11	6322869	7436700	544	14	0.0002035867	0.000000255592
11	7436701	8333273	491	14	0.0000035576	0.000000273534
11	8333274	9087316	274	14	0.0004644008	0.000000160164
11	9087317	10952026	639	14	-0.0000319836	0.000000317304
11	10952027	12564228	1101	14	0.0001702310	0.000000330742
11	12564229	13373123	400	14	0.0001660091	0.000000193938
11	13373124	15742551	770	14	0.0001953324	0.000000326450
11	15742552	17578401	600	14	0.0003653975	0.000000282508
11	17578402	19569534	783	14	0.0001805811	0.000000331430
11	19569535	21017137	785	14	0.0001779508	0.000000331255
11	21017138	22374141	547	14	0.0003185507	0.000000293692
11	22374142	24088516	589	14	0.0005364016	0.000000295253
11	24088517	26045752	656	14	0.0001151325	0.000000327080
11	26045753	27020460	357	14	-0.0001158320	0.000000134002
11	27020461	28481592	405	14	0.0002502104	0.000000168248
11	28481593	30141356	411	14	0.0002583870	0.000000197384
11	30141357	32276900	627	14	-0.0000408580	0.000000225538
11	32276901	33958738	556	14	0.0000806893	0.000000250963
11	33958739	35502604	814	14	0.0003628287	0.000000343541
11	35502605	37116814	739	14	0.0000940093	0.000000325677
11	37116815	39382002	418	14	0.0000103438	0.000000166003
11	39382003	42310002	915	14	0.0000261134	0.000000321165
11	42310003	44693798	961	14	0.0001606910	0.000000330108
11	44693799	47006136	706	14	0.0010403290	0.000000388565
11	47006137	49866049	477	14	0.0010430581	0.000000207622
11	49866050	54695472	131	7	0.0000984511	0.000000033921
11	54695473	55082656	6	3	0.0001168742	0.000000010781
11	55082657	58457494	1056	14	0.0004431315	0.000000334016
11	58457495	58780548	67	6	0.0000183217	0.000000024858
11	58780549	62223770	986	14	0.0004640331	0.000000350267
11	62223771	63804568	304	14	-0.0000900646	0.000000118776
11	63804569	65898630	492	14	0.0001242297	0.000000235069
11	65898631	68005824	316	14	-0.0000908402	0.000000121212
11	68005825	69516129	460	14	0.0001219895	0.000000218502
11	69516130	70926291	466	14	0.0000664843	0.000000252129
11	70926292	72286016	305	14	0.0000731648	0.000000117765
11	72286017	74412350	597	14	0.0001552769	0.000000261524
11	74412351	76797208	761	14	0.0001814187	0.000000331486
11	76797209	78355057	417	14	0.0000666682	0.000000160667
11	78355058	80722372	1059	14	0.0001290966	0.000000328008
11	80722373	81266711	259	14	0.0001261244	0.000000127392
11	81266712	84381271	1164	14	0.0000493706	0.000000322710
11	84381272	86619300	771	14	0.0000464742	0.000000321772
11	86619301	87430234	309	14	0.0002400800	0.000000136725
11	87430235	89208935	564	14	0.0002396061	0.000000296390
11	89208936	90966489	378	14	-0.0000215496	0.000000136410
11	90966490	92077143	345	14	0.0000014517	0.000000148058
11	92077144	93276156	397	14	0.0043122401	0.000000446525
11	93276157	94242259	270	14	0.0000619751	0.000000104252
11	94242260	95726040	589	14	0.0001728449	0.000000298490
11	95726041	97057057	499	14	0.0001863844	0.000000268529
11	97057058	98705064	555	14	0.0001220461	0.000000299490
11	98705065	100417168	757	14	0.0000452629	0.000000322437
11	100417169	101331120	404	14	0.0001320981	0.000000181184
11	101331121	103959635	1080	14	0.0002237552	0.000000334299
11	103959636	104873283	283	14	0.0002811938	0.000000098899
11	104873284	106520893	467	14	0.0000894547	0.000000188232
11	106520894	107844199	466	14	0.0000141545	0.000000218874
11	107844200	108437036	135	11	0.0001458373	0.000000053151
11	108437037	109866115	342	14	0.0003024151	0.000000172321
11	109866116	111114396	488	14	0.0002017133	0.000000216322
11	111114397	112459487	381	14	0.0001123129	0.000000160460
11	112459488	114257727	786	14	0.0002411701	0.000000335456
11	114257728	114830665	228	14	0.0001526335	0.000000102374
11	114830666	116383347	653	14	0.0002043343	0.000000333008
11	116383348	117747109	600	14	0.0002778103	0.000000337891
11	117747110	119215475	515	14	0.0002631266	0.000000264438
11	119215476	120766805	627	14	-0.0000216940	0.000000317988
11	120766806	121175942	198	14	0.0002932073	0.000000102050
11	121175943	122591909	464	14	0.0000349492	0.000000242343
11	122591910	123500116	417	14	-0.0000282291	0.000000218811
11	123500117	124495527	479	14	0.0000296599	0.000000171175
11	124495528	126311319	797	14	0.0000562067	0.000000323164
11	126311320	127316678	560	14	0.0003268530	0.000000274998
11	127316679	128188536	307	14	0.0001417225	0.000000145247
11	128188537	130342574	854	14	0.0001014013	0.000000326168
11	130342575	131074611	366	14	0.0000608581	0.000000186348
11	131074612	133000045	1091	14	0.0000483145	0.000000322640
11	133000046	134205992	547	14	0.0002537295	0.000000328843
11	134205993	134946451	401	14	0.0001624687	0.000000217785
12	61107	1080330	311	14	-0.0000944810	0.000000155866
12	1080331	2544785	485	14	-0.0000273994	0.000000243111
12	2544786	3677036	507	14	0.0004417607	0.000000306901
12	3677037	4417678	390	14	-0.0001739165	0.000000190863
12	4417679	5321471	501	14	0.0000930467	0.000000268026
12	5321472	6419752	553	14	0.0000697425	0.000000292378
12	6419753	8377535	525	14	0.0000538147	0.000000282626
12	8377536	9031394	132	14	0.0002535849	0.000000081887
12	9031395	10481533	533	14	-0.0000725919	0.000000241523
12	10481534	11754845	338	14	0.0002270412	0.000000151481
12	11754846	12733527	437	14	0.0002259860	0.000000259875
12	12733528	15241483	1022	14	0.0001306718	0.000000328113
12	15241484	16310459	253	14	0.0000019675	0.000000113708
12	16310460	18087872	557	14	0.0001484038	0.000000288897
12	18087873	20863942	930	14	0.0001389562	0.000000328664
12	20863943	23820633	1100	14	-0.0001741991	0.000000307853
12	23820634	25371082	713	14	0.0001006683	0.000000326119
12	25371083	27799772	1023	14	0.0000503649	0.000000322776
12	27799773	29651254	693	14	-0.0000024680	0.000000292689
12	29651255	30512405	461	14	0.0001749604	0.000000208507
12	30512406	32165591	630	14	0.0000742968	0.000000308789
12	32165592	33076988	378	14	0.0003157044	0.000000189356
12	33076989	37856716	355	14	0.0001942742	0.000000129396
12	37856717	39227168	135	7	0.0000151855	0.000000048573
12	39227169	40816184	497	14	0.0000940107	0.000000201828
12	40816185	41658585	352	14	0.0001602066	0.000000133962
12	41658586	43984473	898	14	0.0000477101	0.000000322600
12	43984474	46024228	475	14	0.0000530277	0.000000183194
12	46024229	47714792	466	14	0.0001596883	0.000000212201
12	47714793	49001865	540	14	0.0002661631	0.000000252064
12	49001866	51776493	632	14	0.0000442781	0.000000262664
12	51776494	53039003	633	14	0.0004134179	0.000000295673
12	53039004	54778822	588	14	0.0003509695	0.000000292968
12	54778823	55665836	273	14	0.0002560995	0.000000134068
12	55665837	57548859	422	14	0.0005897869	0.000000212636
12	57548860	59308665	463	14	0.0005256520	0.000000218301
12	59308666	61123728	451	14	0.0001600245	0.000000188927
12	61123729	64032460	947	14	0.0003695054	0.000000343985
12	64032461	65559694	376	14	0.0002481204	0.000000190134
12	65559695	67181143	514	14	0.0001101565	0.000000237592
12	67181144	67909728	323	14	0.0001298141	0.000000131967
12	67909729	69826541	813	14	-0.0000681719	0.000000314899
12	69826542	70957986	496	14	-0.0001100228	0.000000189709
12	70957987	72645074	567	14	0.0002498665	0.000000257954
12	72645075	73818453	302	14	0.0003065819	0.000000140469
12	73818454	76511313	763	14	0.0001463842	0.000000329157
12	76511314	78570569	756	14	-0.0000228253	0.000000317912
12	78570570	80448149	405	14	0.0000606745	0.000000175827
12	80448150	81467766	307	14	0.0001054692	0.000000129129
12	81467767	83502665	560	14	0.0003009792	0.000000245371
12	83502666	84303843	230	14	0.0001807247	0.000000085858
12	84303844	85990425	392	14	0.0001674425	0.000000137546
12	85990426	89682121	751	14	-0.0000720311	0.000000272841
12	89682122	92066154	643	14	-0.0000099815	0.000000230342
12	92066155	94514566	906	14	-0.0000077864	0.000000318912
12	94514567	96020784	694	14	0.0000511963	0.000000322832
12	96020785	97108838	454	14	0.0002132715	0.000000232025
12	97108839	99305986	927	14	0.0001084519	0.000000326636
12	99305987	101447640	653	14	0.0002497222	0.000000324870
12	101447641	101862689	148	14	0.0000928595	0.000000067917
12	101862690	102964985	334	14	0.0003376379	0.000000177206
12	102964986	104848695	764	14	0.0001613916	0.000000330155
12	104848696	106436212	845	14	0.0000478744	0.000000322611
12	106436213	106958747	233	14	0.0000233706	0.000000107175
12	106958748	109025900	741	14	0.0001416513	0.000000327350
12	109025901	110336718	399	14	0.0003759678	0.000000199866
12	110336719	113263517	463	14	0.0001082398	0.000000183544
12	113263518	113986708	217	14	0.0002455482	0.000000110858
12	113986709	115036601	540	14	0.0002371493	0.000000268354
12	115036602	115503215	194	14	0.0001516593	0.000000104708
12	115503216	117087470	748	14	0.0000086305	0.000000320003
12	117087471	118135374	460	14	0.0001452453	0.000000249638
12	118135375	119754109	684	14	0.0000992945	0.000000326028
12	119754110	122007650	675	14	0.0002807529	0.000000329896
12	122007651	124977979	694	14	0.0002946356	0.000000334535
12	124977980	126445504	624	14	-0.0000321986	0.000000317289
12	126445505	127875097	640	14	-0.0000636735	0.000000301103
12	127875098	129237296	702	14	0.0001251882	0.000000327749
12	129237297	130377920	682	14	0.0001467756	0.000000329183
12	130377921	131786750	736	14	-0.0000886179	0.000000313540
12	131786751	132807033	289	14	0.0000332816	0.000000133731
12	132807034	133841510	169	14	0.0002550498	0.000000091892
13	19020013	20686719	296	14	-0.0000353760	0.000000124853
13	20686720	22242173	583	14	-0.0001001575	0.000000274585
13	22242174	23594701	672	14	0.0001253719	0.000000327761
13	23594702	24531936	508	14	-0.0000067004	0.000000252213
13	24531937	25784361	644	14	0.0000139913	0.000000320359
13	25784362	27284361	543	14	0.0002108356	0.000000263088
13	27284362	29257550	853	14	-0.0000113298	0.000000318676
13	29257551	30483266	502	14	0.0001940492	0.000000242445
13	30483267	32301814	772	14	0.0000528043	0.000000322938
13	32301815	33776902	582	14	0.0000691475	0.000000260767
13	33776903	35026463	456	14	0.0000696676	0.000000215727
13	35026464	36046366	221	14	0.0001359858	0.000000111522
13	36046367	37498184	647	14	0.0001622835	0.000000330214
13	37498185	38878162	544	14	0.0001463639	0.000000223511
13	38878163	41069262	874	14	-0.0000773880	0.000000314286
13	41069263	43101026	628	14	-0.0001034440	0.000000263575
13	43101027	44901408	802	14	0.0002231399	0.000000334258
13	44901409	46495213	530	14	0.0000651199	0.000000258379
13	46495214	47431078	363	14	0.0001300688	0.000000166769
13	47431079	49383961	616	14	-0.0000361704	0.000000275218
13	49383962	51591090	743	14	0.0002599897	0.000000336707
13	51591091	53339621	449	14	0.0002877409	0.000000230804
13	53339622	54682863	524	14	0.0000311923	0.000000246988
13	54682864	55817130	319	14	0.0000799823	0.000000125600
13	55817131	57554216	297	14	0.0001447907	0.000000097680
13	57554217	58410625	205	14	0.0000737791	0.000000070714
13	58410626	59302270	216	14	0.0001328034	0.000000082724
13	59302271	60854777	554	14	0.0002405559	0.000000256640
13	60854778	61591948	284	14	0.0005178906	0.000000154336
13	61591949	63971558	637	14	0.0001027425	0.000000295295
13	63971559	65200601	301	14	0.0000770825	0.000000103432
13	65200602	67844452	783	14	0.0001981451	0.000000332597
13	67844453	70724515	887	14	0.0001122633	0.000000326890
13	70724516	71526790	317	14	-0.0000388766	0.000000145407
13	71526791	73934088	846	14	0.0004495366	0.000000349304
13	73934089	75670142	736	14	0.0000101824	0.000000320106
13	75670143	77410554	784	14	0.0003341218	0.000000341634
13	77410555	78808812	435	14	0.0002132148	0.000000185872
13	78808813	80585675	574	14	0.0000363410	0.000000251540
13	80585676	82581813	607	14	-0.0000425073	0.000000280578
13	82581814	84133143	392	14	0.0000009963	0.000000121035
13	84133144	85610915	411	14	0.0000514827	0.000000170009
13	85610916	88559881	756	14	0.0000026993	0.000000306248
13	88559882	90521310	467	14	0.0002483128	0.000000190147
13	90521311	93129690	861	14	0.0001629474	0.000000330258
13	93129691	93586454	121	14	0.0001404681	0.000000065857
13	93586455	96087557	1196	14	0.0000997824	0.000000326060
13	96087558	97519209	357	14	0.0000173228	0.000000163223
13	97519210	98938918	435	14	-0.0000902017	0.000000222277
13	98938919	100574094	789	14	0.0000534412	0.000000322981
13	100574095	102300522	768	14	0.0000492075	0.000000322699
13	102300523	104066709	927	14	0.0000500211	0.000000322753
13	104066710	104844113	309	14	0.0001995749	0.000000154729
13	104844114	106247553	624	14	0.0001344137	0.000000328362
13	106247554	106749999	271	14	0.0002194432	0.000000137229
13	106750000	108189876	611	14	0.0002130682	0.000000333589
13	108189877	109121209	439	14	0.0000578318	0.000000229304
13	109121210	109815111	327	14	0.0000572427	0.000000161333
13	109815112	111232072	757	14	0.0000958567	0.000000325799
13	111232073	112247591	462	14	0.0004052979	0.000000260568
13	112247592	113572487	461	14	0.0003406882	0.000000263962
13	113572488	115109852	408	14	0.0002389131	0.000000213396
14	19002084	21589401	591	14	0.0000077679	0.000000319945
14	21589402	23018664	705	14	0.0001186101	0.000000327312
14	23018665	24905122	703	14	0.0000752172	0.000000324428
14	24905123	26135685	559	14	0.0001747413	0.000000240478
14	26135686	28466532	695	14	0.0002182261	0.000000333932
14	28466533	29972144	380	14	-0.0000107153	0.000000170473
14	29972145	32383264	591	14	0.0001545390	0.000000308232
14	32383265	34846250	1265	14	-0.0000756217	0.000000314404
14	34846251	35859592	246	14	0.0002630046	0.000000123492
14	35859593	38667724	877	14	0.0000742106	0.000000324361
14	38667725	40341989	545	14	0.0000887771	0.000000242420
14	40341990	41615501	347	14	-0.0000504601	0.000000113341
14	41615502	43137388	415	14	0.0002470000	0.000000178986
14	43137389	44543226	357	14	0.0002701994	0.000000188318
14	44543227	46081895	379	14	0.0002439326	0.000000172972
14	46081896	46749129	188	14	0.0001928375	0.000000068133
14	46749130	48573585	586	14	-0.0001639528	0.000000267468
14	48573586	49005470	112	13	0.0001259738	0.000000050169
14	49005471	50507759	463	14	0.0002052327	0.000000236293
14	50507760	51493571	368	14	0.0002370889	0.000000193346
14	51493572	53474382	851	14	-0.0000506770	0.000000316061
14	53474383	53997830	176	14	0.0001909109	0.000000083019
14	53997831	55233680	448	14	0.0001558720	0.000000239231
14	55233681	56216879	292	14	0.0000314159	0.000000118712
14	56216880	57481261	666	14	0.0000097335	0.000000320076
14	57481262	59448335	707	14	0.0000851555	0.000000325088
14	59448336	61680423	609	14	0.0000693841	0.000000248114
14	61680424	63790014	811	14	0.0001258694	0.000000327794
14	63790015	65220297	351	14	0.0007052492	0.000000203320
14	65220298	66399554	407	14	0.0000457468	0.000000186674
14	66399555	67992316	419	14	0.0003301579	0.000000145117
14	67992317	71131956	1239	14	-0.0000195789	0.000000318128
14	71131957	72889614	682	14	0.0000279314	0.000000320539
14	72889615	76444766	1153	14	0.0002998048	0.000000339353
14	76444767	77229471	354	14	0.0003228039	0.000000193743
14	77229472	78561944	639	14	0.0001880748	0.000000325225
14	78561945	80186578	612	14	-0.0000162704	0.000000296895
14	80186579	81579713	510	14	0.0000753721	0.000000241534
14	81579714	83138096	474	14	-0.0000467741	0.000000210758
14	83138097	84241632	378	14	0.0002689847	0.000000186280
14	84241633	85746318	469	14	0.0001341881	0.000000236417
14	85746319	86647001	305	14	0.0001098710	0.000000145675
14	86647002	87635340	306	14	0.0003053839	0.000000161050
14	87635341	89497642	609	14	0.0003636516	0.000000273201
14	89497643	91296859	699	14	0.0001937040	0.000000332302
14	91296860	93132298	675	14	0.0002491520	0.000000335987
14	93132299	94325284	413	14	0.0000892551	0.000000192853
14	94325285	95750866	874	14	0.0000584865	0.000000323316
14	95750867	96262414	380	14	0.0000445520	0.000000181320
14	96262415	98341161	847	14	0.0001326705	0.000000328246
14	98341162	99138531	369	14	-0.0000112979	0.000000154896
14	99138532	101534306	901	14	0.0004539734	0.000000349598
14	101534307	103012101	434	14	0.0002676538	0.000000236986
14	103012102	105001722	475	14	-0.0000209856	0.000000216553
14	105001723	106340357	159	14	-0.0001259505	0.000000069316
14	106340358	107289453	39	5	0.0000129431	0.000000019057
15	20001200	21131603	6	2	0.0000156694	0.000000004198
15	21131604	24195126	307	14	-0.0000402830	0.000000160726
15	24195127	25108589	194	14	0.0001504050	0.000000098048
15	25108590	27298111	864	14	0.0001260184	0.000000327804
15	27298112	29338501	475	14	-0.0000956762	0.000000232310
15	29338502	30165567	295	14	0.0001189995	0.000000148169
15	30165568	31591820	299	14	0.0000119238	0.000000150022
15	31591821	32441810	262	14	0.0000643453	0.000000121488
15	32441811	34015424	729	14	0.0000720304	0.000000324216
15	34015425	35083250	402	14	0.0001564349	0.000000204607
15	35083251	37456501	934	14	0.0002532774	0.000000336261
15	37456502	38530776	348	14	0.0000820579	0.000000177889
15	38530777	40384131	782	14	0.0003860694	0.000000345086
15	40384132	41177513	234	14	-0.0000015507	0.000000106149
15	41177514	42776398	430	14	0.0000128232	0.000000199152
15	42776399	44198048	273	14	0.0004068864	0.000000115436
15	44198049	46618786	497	14	0.0001226343	0.000000213803
15	46618787	48136047	586	14	0.0000659276	0.000000265519
15	48136048	50008042	445	14	0.0000108687	0.000000177130
15	50008043	51677559	611	14	0.0000367029	0.000000252971
15	51677560	53069095	404	14	0.0002439082	0.000000172326
15	53069096	54508527	630	14	0.0002436874	0.000000317089
15	54508528	55136268	253	14	0.0000482570	0.000000136595
15	55136269	56901772	534	14	0.0001163537	0.000000286773
15	56901773	58441365	627	14	0.0001769119	0.000000331186
15	58441366	59694115	514	14	0.0003420599	0.000000317745
15	59694116	61265835	666	14	0.0001378764	0.000000328592
15	61265836	63215221	914	14	0.0002489150	0.000000335971
15	63215222	65104667	490	14	0.0004927948	0.000000255291
15	65104668	67094766	617	14	0.0002201522	0.000000331821
15	67094767	69017998	748	14	0.0001745577	0.000000331030
15	69017999	70133340	298	14	0.0001605689	0.000000152799
15	70133341	71922648	707	14	0.0001850620	0.000000331728
15	71922649	73628713	369	14	0.0002947317	0.000000156559
15	73628714	76398623	597	14	0.0003007473	0.000000323824
15	76398624	78516052	530	14	-0.0000546121	0.000000205488
15	78516053	80860977	983	14	0.0000206636	0.000000320802
15	80860978	84260467	909	14	0.0001099645	0.000000326737
15	84260468	86652904	773	14	0.0000549899	0.000000323084
15	86652905	88369942	765	14	0.0001027876	0.000000326260
15	88369943	90475550	722	14	-0.0000470359	0.000000316303
15	90475551	92164391	622	14	0.0005135541	0.000000353558
15	92164392	93780901	816	14	-0.0000044542	0.000000319133
15	93780902	94924329	584	14	0.0000459512	0.000000322483
15	94924330	96141595	587	14	0.0002542302	0.000000336324
15	96141596	98030909	748	14	-0.0000277745	0.000000317583
15	98030910	99244058	569	14	0.0001175174	0.000000327239
15	99244059	100636846	547	14	0.0002421747	0.000000324369
15	100636847	101552693	405	14	0.0000285137	0.000000219139
15	101552694	102520965	438	14	-0.0000663389	0.000000242638
16	60054	1207205	294	14	0.0001573379	0.000000171144
16	1207206	2764828	363	14	0.0001382302	0.000000191447
16	2764829	4001195	298	14	0.0000825653	0.000000169459
16	4001196	5118344	376	14	0.0000190001	0.000000216464
16	5118345	5891579	348	14	0.0002681892	0.000000213316
16	5891580	6893550	703	14	0.0002245977	0.000000334355
16	6893551	7529120	482	14	0.0002585901	0.000000296202
16	7529121	8338518	536	14	-0.0000024168	0.000000307385
16	8338519	9799418	711	14	0.0004132615	0.000000346893
16	9799419	10426031	370	14	0.0004639016	0.000000205001
16	10426032	11520160	441	14	0.0000832850	0.000000251837
16	11520161	12613097	397	14	0.0000120502	0.000000226967
16	12613098	13154436	310	14	0.0003742977	0.000000173210
16	13154437	14464001	559	14	-0.0000656337	0.000000285581
16	14464002	16154059	314	14	0.0002257085	0.000000165996
16	16154060	17644748	396	14	0.0000177143	0.000000207555
16	17644749	18643606	175	14	0.0000808905	0.000000092901
16	18643607	20150570	424	14	0.0000618336	0.000000198369
16	20150571	22448903	438	14	0.0001707091	0.000000194909
16	22448904	24136874	514	14	0.0001767404	0.000000260831
16	24136875	25986861	751	14	-0.0000072259	0.000000318949
16	25986862	27445754	648	14	0.0002531020	0.000000336249
16	27445755	29036612	337	14	0.0001577782	0.000000146931
16	29036613	31382942	268	14	-0.0000615769	0.000000119405
16	31382943	46399472	122	14	-0.0000636741	0.000000047961
16	46399473	49007925	299	14	0.0003018637	0.000000132151
16	49007926	52035822	1083	14	0.0000363357	0.000000321844
16	52035823	53382571	452	14	0.0000006209	0.000000183039
16	53382572	55903773	1187	14	0.0001390634	0.000000328671
16	55903774	57664329	634	14	0.0001552830	0.000000329749
16	57664330	59045404	509	14	0.0001036520	0.000000278014
16	59045405	60745693	500	14	-0.0000274330	0.000000245212
16	60745694	62229848	360	14	0.0000831716	0.000000147080
16	62229849	63691588	441	14	0.0001194257	0.000000221052
16	63691589	65938565	808	14	0.0000109435	0.000000320156
16	65938566	68841362	676	14	0.0004449070	0.000000334134
16	68841363	71054027	387	14	0.0002715486	0.000000196274
16	71054028	72935149	454	14	0.0000787030	0.000000208205
16	72935150	74971502	792	14	0.0002069580	0.000000333183
16	74971503	75977953	227	14	0.0003228503	0.000000129855
16	75977954	77523677	681	14	0.0001266373	0.000000327845
16	77523678	78456291	646	14	-0.0000287539	0.000000317518
16	78456292	79134814	568	14	0.0001350655	0.000000328405
16	79134815	80297373	783	14	0.0001117684	0.000000326857
16	80297374	81772535	790	14	-0.0000154671	0.000000318401
16	81772536	82747727	585	14	0.0003135598	0.000000340267
16	82747728	83477207	605	14	-0.0000671665	0.000000314966
16	83477208	84445882	720	14	0.0001399032	0.000000328727
16	84445883	85148684	462	14	0.0000502590	0.000000280227
16	85148685	86156598	481	14	0.0003366199	0.000000313726
16	86156599	86815410	531	14	0.0000596301	0.000000323392
16	86815411	87647348	365	14	0.0000844893	0.000000216026
16	87647349	89041164	358	14	0.0004136202	0.000000230980
16	89041165	90292811	313	14	0.0003515104	0.000000189760
17	56	1172398	314	14	0.0001322085	0.000000183155
17	1172399	1928730	253	14	0.0002572696	0.000000142820
17	1928731	3702311	645	14	0.0003210237	0.000000340763
17	3702312	4696260	362	14	-0.0000580812	0.000000174558
17	4696261	5741333	390	14	-0.0000324191	0.000000182183
17	5741334	7317397	632	14	0.0001563060	0.000000329817
17	7317398	8306424	316	14	0.0000773925	0.000000171065
17	8306425	9965920	659	14	0.0000032181	0.000000319643
17	9965921	11102814	472	14	0.0000084053	0.000000235022
17	11102815	12534768	562	14	0.0001636742	0.000000319896
17	12534769	13180371	299	14	0.0001020436	0.000000162994
17	13180372	13894636	372	14	0.0003542607	0.000000225713
17	13894637	15019096	606	14	0.0000457713	0.000000322471
17	15019097	16412341	320	14	-0.0000430912	0.000000150880
17	16412342	18856319	565	14	0.0000834073	0.000000255358
17	18856320	21290356	384	14	0.0001280540	0.000000182882
17	21290357	27334243	510	14	-0.0000415651	0.000000252023
17	27334244	29786490	501	14	0.0001612333	0.000000175935
17	29786491	31538424	546	14	0.0000082211	0.000000275281
17	31538425	32912797	831	14	0.0001114930	0.000000326839
17	32912798	34469035	519	14	0.0000875740	0.000000251419
17	34469036	36809343	515	14	0.0000506578	0.000000260251
17	36809344	38877403	448	14	0.0002985087	0.000000222035
17	38877404	39899809	324	14	0.0000165472	0.000000115278
17	39899810	41772086	378	14	0.0006537640	0.000000177623
17	41772087	43056904	341	14	0.0002415028	0.000000152431
17	43056905	45876021	601	14	0.0000611797	0.000000237124
17	45876022	47517399	536	14	-0.0000277121	0.000000222276
17	47517400	49898956	776	14	0.0003263256	0.000000341115
17	49898957	50719054	285	14	-0.0000741779	0.000000109941
17	50719055	51826117	308	14	0.0001333157	0.000000124781
17	51826118	53599431	615	14	0.0000452318	0.000000300977
17	53599432	55357540	615	14	0.0001898675	0.000000304720
17	55357541	57487511	687	14	0.0000161046	0.000000320499
17	57487512	59312754	246	14	0.0002272478	0.000000093600
17	59312755	61545588	445	14	-0.0000129257	0.000000208239
17	61545589	63148127	307	14	0.0000677421	0.000000121711
17	63148128	64800429	637	14	-0.0000670826	0.000000289862
17	64800430	67858769	948	14	0.0001329803	0.000000328267
17	67858770	69387816	647	14	-0.0000256994	0.000000299941
17	69387817	72672202	1436	14	0.0001472895	0.000000329217
17	72672203	74375559	411	14	-0.0000368548	0.000000204629
17	74375560	76263412	738	14	-0.0000327297	0.000000317254
17	76263413	77298635	473	14	0.0000362190	0.000000285799
17	77298636	78837587	554	14	0.0000354911	0.000000301064
17	78837588	80034407	239	14	-0.0000578763	0.000000119648
17	80034408	81194907	308	14	0.0002972004	0.000000153574
18	10644	912485	403	14	0.0000062344	0.000000208150
18	912486	1942910	366	14	0.0000362556	0.000000159309
18	1942911	3891657	776	14	0.0001015409	0.000000326177
18	3891658	5834179	790	14	0.0002292217	0.000000334662
18	5834180	7090484	577	14	-0.0000848589	0.000000297485
18	7090485	8498930	583	14	0.0002118479	0.000000318659
18	8498931	11075912	1272	14	0.0000710292	0.000000324150
18	11075913	11905439	260	14	0.0000839019	0.000000133307
18	11905440	14440798	748	14	0.0000011594	0.000000319506
18	14440799	19485843	159	14	0.0004035209	0.000000085336
18	19485844	20649471	300	14	-0.0000787556	0.000000125123
18	20649472	22996650	827	14	-0.0000182372	0.000000318217
18	22996651	24026190	314	14	-0.0000766571	0.000000145474
18	24026191	25927681	785	14	0.0000203727	0.000000320783
18	25927682	26875586	246	14	0.0001286986	0.000000106211
18	26875587	27866477	269	14	0.0000506179	0.000000105927
18	27866478	30264065	885	14	0.0004183760	0.000000347233
18	30264066	31780066	345	14	0.0003906895	0.000000164125
18	31780067	33861963	613	14	0.0000592965	0.000000265080
18	33861964	35075249	483	14	0.0001198635	0.000000236160
18	35075250	36365489	493	14	0.0001814975	0.000000202923
18	36365490	37684366	352	14	0.0000609092	0.000000133670
18	37684367	39892647	774	14	0.0005905521	0.000000351217
18	39892648	42922105	931	14	0.0001411019	0.000000328806
18	42922106	44299245	693	14	0.0000732578	0.000000324298
18	44299246	45939731	598	14	-0.0000026987	0.000000294866
18	45939732	47730583	786	14	0.0001038943	0.000000326334
18	47730584	51062184	1187	14	0.0001575228	0.000000329898
18	51062185	51554174	174	14	0.0003489986	0.000000085808
18	51554175	55213837	1119	14	0.0002035958	0.000000332959
18	55213838	56530219	614	14	0.0000706073	0.000000320395
18	56530220	57630482	584	14	0.0001198715	0.000000322180
18	57630483	59020750	436	14	0.0002061763	0.000000219993
18	59020751	60277714	544	14	0.0002602950	0.000000272006
18	60277715	61820251	578	14	-0.0000486203	0.000000252263
18	61820252	63463401	520	14	0.0000934931	0.000000224798
18	63463402	64252800	242	14	0.0000940661	0.000000096148
18	64252801	66125816	731	14	0.0000624937	0.000000323582
18	66125817	67175819	328	14	0.0000588846	0.000000165312
18	67175820	68621178	466	14	0.0000831814	0.000000249727
18	68621179	69621617	385	14	0.0001009554	0.000000188990
18	69621618	71038473	564	14	0.0001933934	0.000000296222
18	71038474	71971461	493	14	0.0000307247	0.000000275335
18	71971462	73526986	666	14	0.0001707804	0.000000330779
18	73526987	74813814	596	14	0.0001534863	0.000000329629
18	74813815	75976316	592	14	-0.0000423643	0.000000311402
18	75976317	77149990	411	14	0.0000221697	0.000000179845
18	77149991	78017157	267	14	-0.0000341009	0.000000122450
19	80840	610728	99	14	0.0000430869	0.000000053795
19	610729	2098395	296	14	0.0001577036	0.000000177652
19	2098396	3019659	239	14	0.0001267099	0.000000138616
19	3019660	4348966	318	14	-0.0000135138	0.000000176837
19	4348967	5811851	408	14	-0.0000478545	0.000000227838
19	5811852	6684884	208	14	0.0000300357	0.000000108828
19	6684885	8347512	529	14	0.0001779877	0.000000301743
19	8347513	9238392	263	14	0.0000684067	0.000000107093
19	9238393	11284027	500	14	0.0003541431	0.000000246131
19	11284028	13471126	418	14	0.0001547014	0.000000212546
19	13471127	14486346	207	14	0.0001602010	0.000000111293
19	14486347	15648609	372	14	0.0001561589	0.000000190648
19	15648610	16374415	363	14	0.0001018841	0.000000143259
19	16374416	18409861	556	14	0.0000365375	0.000000311452
19	18409862	19877470	329	14	0.0003048095	0.000000173762
19	19877471	20905756	132	14	0.0002281904	0.000000077336
19	20905757	22732895	311	14	0.0000145686	0.000000119455
19	22732896	23467745	127	13	0.0001971678	0.000000059321
19	23467746	28557892	277	14	0.0000266497	0.000000100128
19	28557893	29790946	467	14	0.0000709742	0.000000221260
19	29790947	30727953	333	14	0.0001204917	0.000000168074
19	30727954	32746519	647	14	0.0002791188	0.000000337978
19	32746520	34262951	514	14	0.0002878860	0.000000273833
19	34262952	36469294	665	14	-0.0000254244	0.000000317740
19	36469295	37527032	233	14	0.0001595388	0.000000087993
19	37527033	40170618	639	14	0.0003606138	0.000000321176
19	40170619	40984600	187	14	0.0003567113	0.000000103249
19	40984601	42131572	303	14	0.0001031017	0.000000152195
19	42131573	43862454	167	14	0.0001723758	0.000000081225
19	43862455	44744107	300	14	0.0000563161	0.000000129006
19	44744108	46102696	363	14	0.0002431249	0.000000203659
19	46102697	47150081	292	14	0.0001947597	0.000000160130
19	47150082	49282226	598	14	-0.0000538374	0.000000297338
19	49282227	51532566	641	14	0.0002926423	0.000000338877
19	51532567	52985289	645	14	0.0002418523	0.000000335502
19	52985290	54602361	505	14	-0.0000046742	0.000000284537
19	54602362	55728079	369	14	0.0000719938	0.000000200376
19	55728080	57521334	683	14	0.0000713452	0.000000324171
19	57521335	59118838	544	14	0.0001825931	0.000000283963
20	60479	697599	271	14	-0.0000209643	0.000000138972
20	697600	2469500	1013	14	0.0001273768	0.000000327894
20	2469501	3828412	500	14	0.0000742112	0.000000259687
20	3828413	5477849	805	14	0.0001578943	0.000000329922
20	5477850	7084072	740	14	-0.0000708591	0.000000314720
20	7084073	8117010	409	14	0.0002411933	0.000000185103
20	8117011	9730920	777	14	0.0001499473	0.000000329394
20	9730921	11249535	737	14	0.0000352320	0.000000321771
20	11249536	12447498	503	14	0.0004142689	0.000000240520
20	12447499	13689863	552	14	0.0001797863	0.000000276621
20	13689864	15958358	988	14	0.0000413623	0.000000322178
20	15958359	17487231	945	14	0.0001009325	0.000000326137
20	17487232	18972202	616	14	0.0000055151	0.000000301278
20	18972203	20959709	892	14	0.0000281285	0.000000321299
20	20959710	22491455	407	14	0.0000506563	0.000000152569
20	22491456	23293789	360	14	0.0006396631	0.000000198360
20	23293790	24717723	530	14	0.0001617980	0.000000247944
20	24717724	25344230	222	14	0.0004226130	0.000000105792
20	25344231	31614822	597	14	0.0004079454	0.000000257275
20	31614823	32813440	293	14	0.0002290187	0.000000134143
20	32813441	34960445	462	14	-0.0000188184	0.000000139113
20	34960446	36909529	492	14	0.0004426004	0.000000230868
20	36909530	38436760	514	14	0.0001287521	0.000000224394
20	38436761	39610855	469	14	0.0001738682	0.000000244574
20	39610856	40585688	290	14	0.0004992013	0.000000158702
20	40585689	41615459	582	14	0.0002575116	0.000000332813
20	41615460	42680175	396	14	0.0000696331	0.000000200220
20	42680176	44839055	785	14	-0.0000516350	0.000000315998
20	44839056	47199979	1034	14	0.0000763921	0.000000324506
20	47199980	49239657	763	14	0.0003292336	0.000000341309
20	49239658	52472548	1349	14	0.0000261995	0.000000321170
20	52472549	54055265	622	14	0.0000537460	0.000000323001
20	54055266	56447958	1147	14	0.0002543157	0.000000336330
20	56447959	58406571	890	14	0.0002053439	0.000000333076
20	58406572	59561723	544	14	0.0001903144	0.000000278746
20	59561724	61301854	759	14	0.0000631803	0.000000323628
20	61301855	62190179	296	14	0.0002241526	0.000000169741
20	62190180	62965162	235	14	0.0000690229	0.000000118106
21	9411243	15950981	286	14	0.0000299787	0.000000140425
21	15950982	18053164	664	14	0.0002443596	0.000000335668
21	18053165	19480374	441	14	0.0002628246	0.000000250455
21	19480375	20962338	610	14	0.0001299620	0.000000328066
21	20962339	22072763	358	14	-0.0000425913	0.000000171642
21	22072764	23362874	527	14	0.0003189194	0.000000267427
21	23362875	24696230	354	14	0.0002806069	0.000000179902
21	24696231	26469121	651	14	-0.0000608590	0.000000309430
21	26469122	27271018	222	14	-0.0000789806	0.000000095016
21	27271019	29125225	877	14	0.0000471171	0.000000322560
21	29125226	31197024	692	14	0.0003291997	0.000000308861
21	31197025	32668641	455	14	0.0000031356	0.000000168127
21	32668642	34376998	664	14	0.0001670549	0.000000330531
21	34376999	35225464	289	14	-0.0000464376	0.000000140462
21	35225465	36524372	571	14	0.0000742934	0.000000324366
21	36524373	37870778	539	14	0.0002920691	0.000000269872
21	37870779	38711703	314	14	0.0000679182	0.000000128525
21	38711704	40482901	842	14	-0.0000009370	0.000000319367
21	40482902	41389526	500	14	0.0001022919	0.000000221964
21	41389527	43321527	1013	14	0.0002838676	0.000000338294
21	43321528	44506267	693	14	-0.0000594403	0.000000315479
21	44506268	46177104	576	14	0.0001267887	0.000000327855
21	46177105	47492225	505	14	-0.0000783763	0.000000253124
21	47492226	48119751	242	14	0.0000866318	0.000000111322
22	16050408	17674294	214	14	0.0001315403	0.000000119144
22	17674295	18296087	262	14	0.0000847090	0.000000135858
22	18296088	19912357	539	14	0.0000169379	0.000000269404
22	19912358	22357324	602	14	0.0000518319	0.000000275298
22	22357325	23712646	335	14	0.0002967374	0.000000177090
22	23712647	24984203	363	14	0.0001922530	0.000000158692
22	24984204	26791627	751	14	0.0001560806	0.000000329802
22	26791628	27834751	741	14	0.0001640178	0.000000330329
22	27834752	29651798	578	14	0.0000675027	0.000000321678
22	29651799	31439917	553	14	0.0001904533	0.000000251233
22	31439918	32664985	357	14	0.0004026661	0.000000181483
22	32664986	34494913	934	14	0.0002288277	0.000000334636
22	34494914	35530984	497	14	-0.0000662947	0.000000193263
22	35530985	37570268	844	14	0.0002504182	0.000000336071
22	37570269	39307893	536	14	-0.0000161570	0.000000285227
22	39307894	40545796	336	14	0.0001503053	0.000000179771
22	40545797	42690817	464	14	0.0003764161	0.000000194658
22	42690818	43714199	408	14	0.0001384750	0.000000212823
22	43714200	44995307	708	14	0.0001365167	0.000000328502
22	44995308	46470494	626	14	0.0003637601	0.000000343603
22	46470495	47596317	454	14	0.0003131121	0.000000262138
22	47596318	48903702	741	14	-0.0001155970	0.000000311747
22	48903703	49824533	613	14	-0.0000501071	0.000000316099
22	49824534	51243297	392	14	0.0000889075	0.000000204842
