chr	start	end	num_snp	k	local_h2g	var
1	10583	1892606	79	16	0.0000558595	0.000000038588
1	1892607	3582735	371	16	0.0002265318	0.000000191920
1	3582736	4380810	241	16	0.0000050823	0.000000110771
1	4380811	5913892	833	16	0.0001211459	0.000000265644
1	5913893	7247334	354	16	0.0000168336	0.000000143380
1	7247335	9365198	636	16	0.0003195314	0.000000277841
1	9365199	10806983	296	16	0.0001491135	0.000000120048
1	10806984	11777840	219	16	0.0000696118	0.000000097301
1	11777841	12779465	189	16	0.0000737121	0.000000090419
1	12779466	14891510	567	16	-0.0000628297	0.000000248502
1	14891511	16897729	588	16	0.0000699744	0.000000244863
1	16897730	18662898	570	16	0.0000013949	0.000000246925
1	18662899	20469148	624	16	-0.0000473770	0.000000263114
1	20469149	21736587	391	16	0.0001664813	0.000000165473
1	21736588	23086882	444	16	-0.0000105232	0.000000194356
1	23086883	23920589	179	16	0.0002365371	0.000000085508
1	23920590	25516844	443	16	0.0002382012	0.000000210096
1	25516845	27401866	305	16	0.0001943596	0.000000124157
1	27401867	30161880	481	16	0.0000993358	0.000000182563
1	30161881	32438684	860	16	-0.0000483349	0.000000253624
1	32438685	34799757	603	16	0.0002920494	0.000000262949
1	34799758	37549182	513	16	0.0000320420	0.000000204884
1	37549183	38731846	312	16	0.0001808548	0.000000133620
1	38731847	40200566	389	16	0.0000011213	0.000000159084
1	40200567	41975326	494	16	0.0000851272	0.000000182074
1	41975327	43758456	474	16	0.0000169143	0.000000164516
1	43758457	44969182	299	16	0.0001569088	0.000000114861
1	44969183	46899500	367	16	0.0005327653	0.000000134480
1	46899501	48002575	251	16	0.0002741427	0.000000103260
1	48002576	48978187	328	16	0.0000349335	0.000000130295
1	48978188	49894176	229	16	0.0000425862	0.000000089458
1	49894177	51713725	240	16	0.0000660717	0.000000067219
1	51713726	54226261	489	16	-0.0000258399	0.000000191592
1	54226262	56413116	735	16	0.0001440968	0.000000269386
1	56413117	57021727	246	16	0.0003856807	0.000000105211
1	57021728	58865398	819	16	-0.0000357039	0.000000255666
1	58865399	59890408	354	16	0.0000240152	0.000000127632
1	59890409	61922364	627	16	-0.0000304349	0.000000256345
1	61922365	63455088	429	16	-0.0000165661	0.000000177166
1	63455089	65041703	617	16	0.0000485394	0.000000209507
1	65041704	66939403	591	16	0.0003115910	0.000000227295
1	66939404	68477894	622	16	0.0001264210	0.000000208564
1	68477895	69687615	355	16	0.0002321603	0.000000149428
1	69687616	71372469	484	16	0.0000878338	0.000000177427
1	71372470	71684404	77	10	0.0000329829	0.000000023116
1	71684405	74326906	503	16	0.0000582719	0.000000156235
1	74326907	76728134	636	16	0.0002512001	0.000000211162
1	76728135	79661197	873	16	0.0001375261	0.000000269538
1	79661198	81354190	460	16	0.0000318883	0.000000168908
1	81354191	83991747	927	16	0.0002148036	0.000000274902
1	83991748	84844494	304	16	0.0001119308	0.000000101289
1	84844495	86454750	587	16	0.0003213198	0.000000246570
1	86454751	88128630	510	16	0.0000337099	0.000000197613
1	88128631	90066302	478	16	-0.0000017330	0.000000175251
1	90066303	91886316	537	16	0.0003460079	0.000000217939
1	91886317	93536458	452	16	-0.0001039144	0.000000141003
1	93536459	94506190	223	16	0.0000534719	0.000000071710
1	94506191	96150892	599	16	0.0001273168	0.000000231623
1	96150893	97885248	572	16	0.0001113709	0.000000178698
1	97885249	99800603	618	16	0.0000422595	0.000000208755
1	99800604	100826404	277	16	0.0002852345	0.000000112927
1	100826405	102041015	417	16	-0.0000230893	0.000000142951
1	102041016	102898744	264	16	0.0000727361	0.000000096925
1	102898745	103914210	179	16	0.0002144309	0.000000066455
1	103914211	106087841	440	16	0.0001218487	0.000000164491
1	106087842	108409664	697	16	0.0001877575	0.000000275797
1	108409665	110303930	397	16	0.0001865926	0.000000158654
1	110303931	111741736	507	16	0.0002502184	0.000000232265
1	111741737	113273305	627	16	0.0000140083	0.000000250018
1	113273306	114873844	469	16	0.0001784217	0.000000190753
1	114873845	115880592	304	16	0.0003690297	0.000000123031
1	115880593	118839066	725	16	0.0002010069	0.000000275458
1	118839067	144977493	463	16	0.0000891739	0.000000176163
1	144977494	148361252	373	16	0.0002078866	0.000000148789
1	148361253	151538880	252	16	0.0001235919	0.000000092153
1	151538881	153180828	401	16	0.0006769260	0.000000168744
1	153180829	154770402	372	16	0.0000153167	0.000000140576
1	154770403	156336132	218	16	0.0006135223	0.000000124570
1	156336133	158027411	489	16	-0.0000257205	0.000000187644
1	158027412	159913047	559	16	-0.0000558963	0.000000224809
1	159913048	162346720	639	16	0.0000453945	0.000000263940
1	162346721	165191701	1125	16	0.0000173014	0.000000263229
1	165191702	166460516	498	16	0.0000142632	0.000000204215
1	166460517	169086323	996	16	0.0001240070	0.000000270486
1	169086324	170557775	429	16	0.0001950838	0.000000154171
1	170557776	173097906	753	16	0.0000980327	0.000000263507
1	173097907	175089767	377	16	0.0002362146	0.000000102246
1	175089768	177433380	721	16	0.0001277170	0.000000261498
1	177433381	178944308	408	16	0.0003185804	0.000000157184
1	178944309	178954469	2	1	0.0000063596	0.000000001307
1	178954470	181144120	645	16	0.0002854473	0.000000249595
1	181144121	182755355	558	16	0.0003793568	0.000000250990
1	182755356	184595512	557	16	0.0001273973	0.000000201922
1	184595513	186810022	459	16	0.0003954434	0.000000178735
1	186810023	188759944	599	16	-0.0000605764	0.000000195646
1	188759945	189904129	216	16	0.0004316450	0.000000081201
1	189904130	191868929	520	16	-0.0000708612	0.000000140171
1	191868930	194107441	548	16	0.0000313890	0.000000189667
1	194107442	196176200	558	16	0.0002168732	0.000000182291
1	196176201	197311513	162	13	0.0001436621	0.000000052676
1	197311514	199239883	483	16	0.0000672136	0.000000173096
1	199239884	200137648	285	16	0.0001022792	0.000000107647
1	200137649	201589974	589	16	0.0003475825	0.000000266223
1	201589975	203334733	524	16	0.0002053287	0.000000235212
1	203334734	204681067	407	16	0.0002058428	0.000000178419
1	204681068	206073264	472	16	0.0002273006	0.000000208824
1	206073265	208410363	521	16	0.0002937547	0.000000236109
1	208410364	210787749	862	16	0.0001496512	0.000000271023
1	210787750	212842329	635	16	-0.0000372697	0.000000262062
1	212842330	214578265	541	16	-0.0000312646	0.000000223816
1	214578266	216243633	547	16	-0.0000643683	0.000000200278
1	216243634	218705512	1031	16	0.0000608887	0.000000259301
1	218705513	219590570	268	16	-0.0000528868	0.000000087113
1	219590571	221858230	605	16	0.0003742645	0.000000246673
1	221858231	222230219	165	16	0.0000701562	0.000000067596
1	222230220	224938519	410	16	0.0001873633	0.000000167094
1	224938520	226810859	444	16	0.0001958758	0.000000177613
1	226810860	229156247	585	16	-0.0000338499	0.000000212506
1	229156248	230685254	442	16	-0.0000740540	0.000000189406
1	230685255	232090251	515	16	0.0001228814	0.000000217380
1	232090252	233429283	561	16	-0.0000176367	0.000000246074
1	233429284	234599433	496	16	-0.0000456417	0.000000205861
1	234599434	235819435	345	16	0.0000019479	0.000000149046
1	235819436	237555627	636	16	-0.0000196056	0.000000265739
1	237555628	238567806	383	16	-0.0001003104	0.000000146814
1	238567807	239925313	474	16	0.0000912923	0.000000199239
1	239925314	240564090	322	16	-0.0000685550	0.000000123973
1	240564091	241582219	495	16	0.0000306285	0.000000237973
1	241582220	242071601	190	16	0.0001339366	0.000000092415
1	242071602	244109498	606	16	0.0001741290	0.000000257690
1	244109499	245506745	482	16	0.0001408670	0.000000229762
1	245506746	247344517	660	16	0.0000415320	0.000000268654
1	247344518	249239465	332	16	0.0001312892	0.000000145557
2	10133	1781021	554	16	0.0002144848	0.000000239665
2	1781022	3973778	893	16	-0.0001364621	0.000000250960
2	3973779	5708336	611	16	0.0002204283	0.000000272679
2	5708337	6836253	541	16	0.0000180745	0.000000208968
2	6836254	8422146	631	16	0.0000164965	0.000000254019
2	8422147	10298468	599	16	-0.0000612957	0.000000258515
2	10298469	12419149	883	16	0.0002477258	0.000000276310
2	12419150	14335307	571	16	0.0002359795	0.000000232387
2	14335308	16329734	699	16	0.0000432059	0.000000259010
2	16329735	18647422	804	16	0.0000284880	0.000000260002
2	18647423	19692403	375	16	0.0002650588	0.000000161770
2	19692404	21050489	580	16	0.0000087430	0.000000230479
2	21050490	23341382	540	16	0.0001270248	0.000000238242
2	23341383	24686917	384	16	0.0001615043	0.000000156736
2	24686918	26894984	451	16	0.0000827717	0.000000177750
2	26894985	28598776	241	16	0.0005075426	0.000000116030
2	28598777	29217558	200	16	0.0000525449	0.000000078961
2	29217559	30463710	589	16	0.0000055144	0.000000252432
2	30463711	31550449	475	16	0.0000073037	0.000000212121
2	31550450	33363776	442	16	0.0003134486	0.000000220056
2	33363777	35345027	756	16	0.0000425478	0.000000261137
2	35345028	36122005	281	16	0.0001381351	0.000000110912
2	36122006	38132711	857	16	0.0000184690	0.000000259199
2	38132712	39031336	297	16	0.0002248454	0.000000146737
2	39031337	40281482	275	16	0.0000486281	0.000000118597
2	40281483	43309589	1191	16	0.0001322500	0.000000263032
2	43309590	44313802	258	16	0.0000723662	0.000000121132
2	44313803	46482633	989	16	0.0000327952	0.000000260816
2	46482634	47318771	370	16	-0.0000856944	0.000000174831
2	47318772	48213000	272	16	0.0000274026	0.000000135012
2	48213001	50022256	659	16	0.0000832159	0.000000259754
2	50022257	50818927	321	16	0.0000503394	0.000000131613
2	50818928	52491132	619	16	-0.0000454985	0.000000250013
2	52491133	53508451	450	16	0.0002984367	0.000000198838
2	53508452	54685225	392	16	0.0001309683	0.000000175946
2	54685226	56203344	534	16	0.0001358421	0.000000243866
2	56203345	57429099	412	16	0.0005394778	0.000000204471
2	57429100	58297314	266	16	0.0004619890	0.000000131291
2	58297315	60291999	708	16	0.0002043059	0.000000266143
2	60292000	62429043	522	16	-0.0000479100	0.000000229823
2	62429044	64625912	537	16	0.0001029362	0.000000228013
2	64625913	65933443	427	16	0.0001111960	0.000000188443
2	65933444	67226165	521	16	0.0000199780	0.000000202752
2	67226166	68010175	395	16	0.0000767068	0.000000158695
2	68010176	69139563	431	16	0.0002827445	0.000000182039
2	69139564	70755197	463	16	0.0003575606	0.000000191784
2	70755198	73174847	705	16	0.0000408302	0.000000261190
2	73174848	75630085	631	16	0.0001020266	0.000000266478
2	75630086	76913660	488	16	0.0003794350	0.000000220978
2	76913661	78079263	372	16	-0.0000222172	0.000000167250
2	78079264	80050402	791	16	0.0000327573	0.000000257093
2	80050403	81620840	559	16	0.0002535418	0.000000260106
2	81620841	85140679	845	16	0.0003181020	0.000000228494
2	85140680	88038506	522	16	0.0002005485	0.000000200270
2	88038507	89154525	217	16	0.0001327113	0.000000083354
2	89154526	95326451	0	0	-0.0001177755	-0.000000000000
2	95326452	98995200	360	16	-0.0000532750	0.000000124180
2	98995201	101822328	809	16	-0.0000367421	0.000000251274
2	101822329	102688764	232	16	0.0000837555	0.000000080256
2	102688765	103588214	351	16	0.0002301729	0.000000112899
2	103588215	105125033	295	16	0.0002117099	0.000000117090
2	105125034	106210057	391	16	-0.0000463925	0.000000154509
2	106210058	107408266	427	16	0.0001766922	0.000000165823
2	107408267	108429176	330	16	0.0000278092	0.000000102099
2	108429177	110572431	486	16	-0.0000351075	0.000000173421
2	110572432	113921855	689	16	0.0003327088	0.000000270560
2	113921856	116772469	717	16	0.0000321598	0.000000260046
2	116772470	118367465	387	16	0.0000804375	0.000000122189
2	118367466	121303782	914	16	0.0000777692	0.000000261418
2	121303783	123302905	551	16	0.0000611741	0.000000224726
2	123302906	124732249	418	16	0.0000713479	0.000000130534
2	124732250	125840920	370	16	-0.0000810003	0.000000125123
2	125840921	127373763	400	16	0.0001442937	0.000000121175
2	127373764	128034346	255	16	0.0000846867	0.000000101746
2	128034347	129474440	366	16	0.0000895448	0.000000137418
2	129474441	130067169	213	16	0.0001473035	0.000000075834
2	130067170	130658084	196	16	0.0000853450	0.000000073250
2	130658085	133042783	196	16	0.0003174854	0.000000103061
2	133042784	135158577	880	16	-0.0000229003	0.000000256785
2	135158578	137042793	384	16	0.0001060883	0.000000130618
2	137042794	138698116	564	16	0.0004584366	0.000000239281
2	138698117	140100270	417	16	0.0001248693	0.000000124520
2	140100271	141805350	532	16	0.0001898054	0.000000216501
2	141805351	142518601	289	16	0.0000491900	0.000000117780
2	142518602	144519483	614	16	0.0000128444	0.000000226342
2	144519484	146445569	417	16	-0.0000939085	0.000000148017
2	146445570	147277161	139	15	0.0000394828	0.000000051386
2	147277162	150210291	639	16	0.0002254876	0.000000223593
2	150210292	151731461	445	16	0.0004539193	0.000000194353
2	151731462	152486781	253	16	0.0000407222	0.000000087615
2	152486782	154005055	437	16	0.0000166040	0.000000163847
2	154005056	155391134	467	16	0.0000865558	0.000000183696
2	155391135	157560634	539	16	0.0003659872	0.000000218997
2	157560635	158533217	154	16	0.0001116848	0.000000075670
2	158533218	159577081	309	16	0.0000248465	0.000000116409
2	159577082	161769732	639	16	0.0001647527	0.000000239441
2	161769733	163503550	359	16	0.0000931302	0.000000109226
2	163503551	164466637	185	16	0.0000758062	0.000000070148
2	164466638	165178839	160	16	0.0000262754	0.000000060037
2	165178840	167160269	547	16	0.0003337990	0.000000218207
2	167160270	167355969	59	9	0.0001050985	0.000000027569
2	167355970	169968235	734	16	-0.0000457975	0.000000253392
2	169968236	171226244	421	16	-0.0000570542	0.000000160031
2	171226245	173138904	521	16	0.0001662892	0.000000222481
2	173138905	175588928	754	16	0.0002405788	0.000000275041
2	175588929	177363635	493	16	-0.0000390855	0.000000178816
2	177363636	178553182	429	16	-0.0000074464	0.000000143685
2	178553183	181312738	860	16	0.0001477169	0.000000266928
2	181312739	182266030	289	16	0.0002121830	0.000000106307
2	182266031	184357607	551	16	0.0000920832	0.000000220426
2	184357608	185280172	221	16	-0.0000518030	0.000000069212
2	185280173	189882064	867	16	0.0002914261	0.000000269950
2	189882065	191973356	436	16	0.0001335828	0.000000162531
2	191973357	195861163	677	16	0.0001509871	0.000000270924
2	195861164	196447455	146	16	0.0000051887	0.000000051499
2	196447456	198078109	394	16	0.0003767100	0.000000144066
2	198078110	199311124	283	16	0.0000701414	0.000000082144
2	199311125	201576283	581	16	0.0002543695	0.000000226271
2	201576284	202818636	257	16	0.0001017644	0.000000103170
2	202818637	205799240	621	16	0.0002330438	0.000000273615
2	205799241	206735703	378	16	-0.0000539934	0.000000167408
2	206735704	208645398	588	16	0.0002684292	0.000000264655
2	208645399	209941528	299	16	0.0001952952	0.000000125978
2	209941529	212379517	680	16	0.0000493990	0.000000258645
2	212379518	214014281	605	16	0.0000244463	0.000000254145
2	214014282	215573794	423	16	0.0000650854	0.000000166171
2	215573795	217715660	725	16	-0.0000090300	0.000000262362
2	217715661	218395479	266	16	0.0004359371	0.000000133038
2	218395480	220454550	461	16	0.0000592327	0.000000180712
2	220454551	222521175	822	16	0.0002003817	0.000000271014
2	222521176	224859418	728	16	0.0000922593	0.000000265921
2	224859419	225840003	309	16	0.0000195357	0.000000100228
2	225840004	228119841	661	16	-0.0000121684	0.000000228423
2	228119842	229370786	409	16	0.0002330384	0.000000160624
2	229370787	231843388	850	16	0.0000975309	0.000000264948
2	231843389	233550002	414	16	0.0001868034	0.000000163755
2	233550003	235150986	659	16	-0.0000989602	0.000000245626
2	235150987	236043549	403	16	0.0000473649	0.000000187693
2	236043550	237449031	429	16	0.0000224566	0.000000174661
2	237449032	238760980	476	16	0.0000006727	0.000000192537
2	238760981	239952642	369	16	0.0004363853	0.000000177497
2	239952643	241560083	598	16	0.0000066379	0.000000266421
2	241560084	242149920	169	16	-0.0000556857	0.000000063125
2	242149921	243188919	106	16	0.0002047071	0.000000056050
3	60157	1441778	578	16	-0.0000323135	0.000000257570
3	1441779	2992119	858	16	-0.0000688451	0.000000258380
3	2992120	4431646	702	16	-0.0000328513	0.000000259226
3	4431647	6083182	730	16	0.0001266832	0.000000274272
3	6083183	7083386	409	16	0.0000199979	0.000000187207
3	7083387	8648560	823	16	-0.0000101727	0.000000254360
3	8648561	9543182	434	16	0.0000824083	0.000000207112
3	9543183	11019664	508	16	-0.0000115962	0.000000240175
3	11019665	13070798	625	16	-0.0000414978	0.000000268587
3	13070799	14816899	710	16	0.0000780728	0.000000269120
3	14816900	16282441	418	16	0.0000225614	0.000000160154
3	16282442	17891117	460	16	0.0001510682	0.000000180602
3	17891118	19125143	331	16	0.0002261691	0.000000141771
3	19125144	20091347	174	16	0.0000310121	0.000000076181
3	20091348	21643706	600	16	0.0002243655	0.000000268047
3	21643707	22204243	373	16	0.0001013288	0.000000165434
3	22204244	23804864	515	16	0.0002301028	0.000000225744
3	23804865	25461557	711	16	0.0001673130	0.000000268266
3	25461558	26877768	439	16	-0.0000258006	0.000000166194
3	26877769	27840909	241	16	0.0002202303	0.000000108579
3	27840910	29142259	429	16	0.0002038430	0.000000188216
3	29142260	30717954	644	16	0.0001710772	0.000000271401
3	30717955	32351714	616	16	0.0000568572	0.000000263366
3	32351715	33255591	253	16	0.0000608101	0.000000117708
3	33255592	35283457	552	16	0.0003801230	0.000000226463
3	35283458	36486841	385	16	0.0001242708	0.000000151518
3	36486842	38356115	516	16	0.0000469374	0.000000199394
3	38356116	40221297	513	16	0.0001999655	0.000000194438
3	40221298	41064527	133	16	0.0000667351	0.000000054530
3	41064528	42540001	408	16	0.0001300886	0.000000163871
3	42540002	45165152	617	16	0.0000182148	0.000000222583
3	45165153	46657499	455	16	0.0000337946	0.000000171974
3	46657500	47727211	125	14	0.0000915201	0.000000046942
3	47727212	49316971	180	11	-0.0000151622	0.000000036187
3	49316972	51832014	365	16	-0.0000034991	0.000000066881
3	51832015	54081389	426	16	0.0004211180	0.000000191715
3	54081390	55348859	616	16	0.0000468598	0.000000263484
3	55348860	56433906	360	16	0.0000586567	0.000000149374
3	56433907	58157518	456	16	0.0000965889	0.000000172973
3	58157519	60272905	920	16	-0.0000210960	0.000000258202
3	60272906	62355665	948	16	0.0000304503	0.000000263919
3	62355666	63669285	630	16	0.0001006151	0.000000273366
3	63669286	65273537	705	16	0.0001835854	0.000000268424
3	65273538	66270446	336	16	0.0000731026	0.000000166014
3	66270447	68286913	586	16	0.0002148212	0.000000272958
3	68286914	69276761	343	16	0.0004214984	0.000000171680
3	69276762	70449027	373	16	0.0001851159	0.000000169989
3	70449028	72529328	751	16	0.0000683702	0.000000262287
3	72529329	74321816	682	16	-0.0000337450	0.000000257683
3	74321817	75704948	253	16	0.0001186723	0.000000100293
3	75704949	77508834	478	16	0.0000816463	0.000000193132
3	77508835	79024540	374	16	0.0001612960	0.000000154079
3	79024541	81427309	477	16	0.0000485496	0.000000137399
3	81427310	82643885	287	16	-0.0000560781	0.000000081420
3	82643886	84367478	302	16	0.0000006408	0.000000099543
3	84367479	85582230	243	16	0.0003565442	0.000000096294
3	85582231	87409731	414	16	0.0001315900	0.000000139588
3	87409732	88298372	165	16	0.0001736673	0.000000059259
3	88298373	94255315	426	16	0.0001130759	0.000000152256
3	94255316	95311970	212	16	0.0001171341	0.000000066111
3	95311971	98215949	528	16	0.0002614431	0.000000178460
3	98215950	99373761	299	16	-0.0000479363	0.000000094652
3	99373762	100592216	303	16	0.0001814340	0.000000094715
3	100592217	103084959	604	16	0.0000251151	0.000000205211
3	103084960	104581612	396	16	0.0000160952	0.000000130951
3	104581613	106982810	683	16	0.0002036092	0.000000266018
3	106982811	109522394	674	16	0.0000557783	0.000000248727
3	109522395	110513769	240	16	0.0002415591	0.000000078634
3	110513770	112815698	602	16	0.0000542637	0.000000225978
3	112815699	113947862	310	16	0.0001114813	0.000000119582
3	113947863	115447079	389	16	-0.0000822322	0.000000163304
3	115447080	116800152	507	16	0.0001649174	0.000000200517
3	116800153	118530250	551	16	0.0000078362	0.000000222948
3	118530251	120523054	584	16	-0.0000213910	0.000000195901
3	120523055	121974096	329	16	0.0001900159	0.000000100245
3	121974097	123517767	423	16	0.0000083029	0.000000152972
3	123517768	124936641	536	16	0.0002826167	0.000000229624
3	124936642	126214942	330	16	0.0000876317	0.000000122360
3	126214943	128194860	595	16	0.0000620571	0.000000229569
3	128194861	130244734	366	16	0.0001156641	0.000000140870
3	130244735	131836515	482	16	0.0005236945	0.000000199112
3	131836516	133252172	475	16	0.0001888706	0.000000171175
3	133252173	135456905	782	16	0.0003969591	0.000000281700
3	135456906	137371082	403	16	0.0001934531	0.000000141053
3	137371083	139954596	753	16	-0.0000367970	0.000000255361
3	139954597	141339096	427	16	-0.0000463993	0.000000167528
3	141339097	143164627	573	16	0.0002202170	0.000000240294
3	143164628	144410815	369	16	0.0001562875	0.000000143889
3	144410816	145664618	344	16	0.0001009719	0.000000112420
3	145664619	146726628	302	16	0.0001644934	0.000000117482
3	146726629	149043236	629	16	0.0002543126	0.000000276564
3	149043237	150252003	391	16	0.0003921900	0.000000187806
3	150252004	151348729	311	16	-0.0000413003	0.000000125889
3	151348730	153256570	532	16	0.0001270576	0.000000206896
3	153256571	154714217	388	16	0.0000949012	0.000000121595
3	154714218	156008699	308	16	0.0002035505	0.000000131743
3	156008700	157312027	408	16	0.0001521465	0.000000146102
3	157312028	159477889	607	16	0.0003259597	0.000000207273
3	159477890	161524503	523	16	0.0003480180	0.000000174930
3	161524504	163253204	455	16	0.0001901598	0.000000148397
3	163253205	165055468	412	16	-0.0000147173	0.000000103574
3	165055469	167117428	434	16	0.0001056404	0.000000145684
3	167117429	168580959	342	16	-0.0000134897	0.000000110268
3	168580960	170964908	598	16	0.0000397027	0.000000247394
3	170964909	172295730	467	16	0.0000961084	0.000000208247
3	172295731	173477284	361	16	0.0000750119	0.000000161522
3	173477285	175116538	576	16	0.0002807703	0.000000267646
3	175116539	176320286	331	16	0.0005140127	0.000000146372
3	176320287	178107164	519	16	0.0000119359	0.000000210977
3	178107165	179374585	354	16	0.0000965479	0.000000131374
3	179374586	181511165	424	16	0.0000038276	0.000000158136
3	181511166	183769682	583	16	0.0002710418	0.000000242539
3	183769683	185068254	329	16	0.0001812992	0.000000157734
3	185068255	186890343	532	16	0.0003379969	0.000000275248
3	186890344	188856213	745	16	0.0002795902	0.000000279550
3	188856214	190226606	587	16	0.0000039636	0.000000249763
3	190226607	192343813	692	16	-0.0000552505	0.000000255248
3	192343814	194059670	468	16	0.0000512276	0.000000214338
3	194059671	194786673	232	16	-0.0000678687	0.000000096912
3	194786674	195971407	188	16	0.0003318798	0.000000098540
3	195971408	197075986	245	16	0.0000069868	0.000000098576
3	197075987	197946621	162	16	0.0000726115	0.000000087975
4	10240	694714	85	12	0.0004608574	0.000000065224
4	694715	1478710	169	16	0.0003075606	0.000000083552
4	1478711	2842978	210	16	0.0002704324	0.000000112779
4	2842979	3846039	212	16	0.0001160221	0.000000106147
4	3846040	4684115	215	16	0.0005314460	0.000000125571
4	4684116	5502387	362	16	-0.0000197890	0.000000165286
4	5502388	6773042	567	16	-0.0000585782	0.000000272277
4	6773043	7539691	392	16	-0.0000250442	0.000000193265
4	7539692	8152234	302	16	0.0001313146	0.000000156231
4	8152235	9326478	212	16	0.0002018971	0.000000106534
4	9326479	10699151	448	16	0.0000203090	0.000000155144
4	10699152	12323033	620	16	0.0001847463	0.000000268417
4	12323034	14272000	685	16	0.0002136054	0.000000271467
4	14272001	15147445	357	16	0.0001169500	0.000000155350
4	15147446	15927008	229	16	0.0001920223	0.000000104684
4	15927009	17383321	620	16	-0.0000404762	0.000000255446
4	17383322	18841873	381	16	0.0000618984	0.000000148903
4	18841874	20544556	448	16	0.0000203798	0.000000147995
4	20544557	22319346	646	16	0.0001788346	0.000000267318
4	22319347	24135528	576	16	0.0000980492	0.000000229580
4	24135529	25609321	547	16	-0.0000123300	0.000000240768
4	25609322	27343721	516	16	0.0002477069	0.000000246810
4	27343722	27965867	197	16	0.0000475247	0.000000079909
4	27965868	29762207	515	16	0.0001310736	0.000000192670
4	29762208	30454534	146	16	0.0000716029	0.000000056363
4	30454535	31782980	390	16	0.0002106534	0.000000166751
4	31782981	33172765	308	16	0.0000614992	0.000000118645
4	33172766	35151414	357	16	0.0000064274	0.000000099930
4	35151415	36020435	259	16	0.0001236691	0.000000088254
4	36020436	37255046	409	16	0.0002022347	0.000000146696
4	37255047	38907021	722	16	0.0001106044	0.000000272144
4	38907022	40202608	330	16	-0.0000047354	0.000000122972
4	40202609	42213057	642	16	0.0000553748	0.000000270917
4	42213058	43965044	499	16	0.0002904597	0.000000191468
4	43965045	45189156	304	16	0.0001437630	0.000000102171
4	45189157	47411895	424	16	0.0000096126	0.000000138901
4	47411896	48123599	184	16	0.0000400726	0.000000058510
4	48123600	53877432	435	16	0.0004559039	0.000000165111
4	53877433	55429555	488	16	0.0001138731	0.000000188606
4	55429556	56547643	336	16	-0.0000225409	0.000000125846
4	56547644	58935007	784	16	0.0000826828	0.000000263244
4	58935008	60741086	435	16	0.0000429949	0.000000154747
4	60741087	62371762	412	16	0.0000933660	0.000000151684
4	62371763	64341000	409	16	0.0000463116	0.000000157928
4	64341001	66600491	491	16	0.0000391236	0.000000161166
4	66600492	68059496	373	16	-0.0000813440	0.000000119283
4	68059497	68854764	216	16	0.0001684837	0.000000081604
4	68854765	71049151	480	16	0.0001560700	0.000000143027
4	71049152	72140557	198	16	0.0002131175	0.000000081739
4	72140558	74592389	438	16	0.0000287747	0.000000149708
4	74592390	77130706	655	16	0.0001457687	0.000000236209
4	77130707	79093978	680	16	0.0001965259	0.000000260470
4	79093979	80990296	512	16	0.0000353743	0.000000163591
4	80990297	82125314	221	16	0.0000094305	0.000000077604
4	82125315	83372592	348	16	0.0000605893	0.000000131176
4	83372593	84799655	438	16	0.0000761277	0.000000173960
4	84799656	86930608	563	16	0.0001338923	0.000000200533
4	86930609	87534647	131	16	0.0002477316	0.000000059336
4	87534648	89238027	456	16	-0.0000021333	0.000000169723
4	89238028	90231563	276	16	0.0001104129	0.000000110644
4	90231564	91560676	323	16	0.0003698228	0.000000133960
4	91560677	94233298	540	16	0.0000931253	0.000000220635
4	94233299	96182187	565	16	0.0000247627	0.000000232392
4	96182188	97540702	471	16	-0.0000026378	0.000000182820
4	97540703	99424066	380	16	-0.0001145357	0.000000098067
4	99424067	100678359	349	16	0.0001557014	0.000000133099
4	100678360	103221355	734	16	0.0001131281	0.000000267596
4	103221356	105305293	436	16	0.0001284813	0.000000154619
4	105305294	107501304	538	16	0.0001864566	0.000000192911
4	107501305	108815347	341	16	-0.0001213920	0.000000103153
4	108815348	111256566	687	16	-0.0000968244	0.000000251358
4	111256567	113870101	650	16	0.0002532488	0.000000260997
4	113870102	115666245	566	16	-0.0000073883	0.000000234267
4	115666246	117276928	324	16	0.0000203607	0.000000097606
4	117276929	118479917	327	16	0.0001304589	0.000000118087
4	118479918	119933511	395	16	-0.0000209394	0.000000123436
4	119933512	120392683	120	14	0.0000561285	0.000000040280
4	120392684	122657986	658	16	0.0000597352	0.000000252715
4	122657987	124286480	342	16	0.0001210083	0.000000116719
4	124286481	125210861	249	16	0.0003725644	0.000000114252
4	125210862	126480885	358	16	0.0000908229	0.000000146300
4	126480886	127275476	214	16	-0.0000468494	0.000000076905
4	127275477	127830292	156	16	0.0001450916	0.000000066554
4	127830293	128996664	185	15	0.0001071862	0.000000068524
4	128996665	130591884	418	16	-0.0000487905	0.000000142005
4	130591885	131283820	174	16	0.0001306521	0.000000074141
4	131283821	132954032	340	16	0.0001577100	0.000000139768
4	132954033	134628433	357	16	0.0002241304	0.000000133436
4	134628434	136566406	413	16	0.0002685624	0.000000149469
4	136566407	138541970	497	16	0.0002837416	0.000000208209
4	138541971	139556510	339	16	0.0001753646	0.000000140631
4	139556511	141084630	471	16	0.0000594585	0.000000204886
4	141084631	143443264	668	16	0.0002202887	0.000000263139
4	143443265	146178186	459	16	0.0000537846	0.000000140679
4	146178187	148521872	546	16	0.0001712469	0.000000223235
4	148521873	150683579	509	16	0.0002875645	0.000000208182
4	150683580	152782183	467	16	0.0003007852	0.000000155149
4	152782184	154477640	473	16	0.0001921770	0.000000217185
4	154477641	155056125	184	16	0.0005446435	0.000000101683
4	155056126	157485096	726	16	-0.0000014210	0.000000256032
4	157485097	158743717	309	16	0.0003304952	0.000000134436
4	158743718	161058863	482	16	0.0005879481	0.000000197305
4	161058864	161826434	256	16	0.0002149988	0.000000116390
4	161826435	163243678	415	16	0.0000680867	0.000000156655
4	163243679	164478233	310	16	0.0001566374	0.000000126824
4	164478234	165823447	403	16	0.0001503587	0.000000177532
4	165823448	167018857	318	16	0.0000895664	0.000000144742
4	167018858	167852916	174	16	0.0000681652	0.000000064621
4	167852917	169676824	532	16	0.0000386108	0.000000219966
4	169676825	170776509	292	16	0.0000418239	0.000000116895
4	170776510	172558634	385	16	0.0000126609	0.000000140323
4	172558635	174264131	379	16	0.0000468285	0.000000138412
4	174264132	176570715	595	16	-0.0000755871	0.000000256083
4	176570716	178991909	768	16	0.0000396857	0.000000268039
4	178991910	180122042	313	16	0.0001606988	0.000000141843
4	180122043	182066806	766	16	0.0000741342	0.000000266000
4	182066807	183371274	696	16	-0.0000911096	0.000000256113
4	183371275	184929454	536	16	0.0002112062	0.000000287931
4	184929455	186909089	802	16	0.0000883034	0.000000274677
4	186909090	188472980	534	16	0.0000612315	0.000000248926
4	188472981	189693510	395	16	0.0001138364	0.000000191535
4	189693511	191043593	274	16	0.0001766089	0.000000124490
5	11940	982251	183	16	0.0001787524	0.000000081445
5	982252	2132441	419	16	-0.0000026412	0.000000200127
5	2132442	3361940	766	16	0.0000024232	0.000000258947
5	3361941	4632109	510	16	-0.0000014710	0.000000202960
5	4632110	5973232	650	16	-0.0000141014	0.000000257417
5	5973233	7143217	539	16	0.0001624284	0.000000226830
5	7143218	8446335	547	16	0.0000424392	0.000000204201
5	8446336	9718831	564	16	0.0001862078	0.000000234018
5	9718832	11173270	668	16	0.0001363707	0.000000271148
5	11173271	13464831	542	16	-0.0000537518	0.000000198641
5	13464832	14757803	482	16	0.0001742462	0.000000202884
5	14757804	16963612	706	16	0.0000655232	0.000000260947
5	16963613	18051591	253	16	0.0003008624	0.000000124366
5	18051592	19917715	524	16	0.0000624496	0.000000180181
5	19917716	22152072	424	16	0.0001243871	0.000000147285
5	22152073	23494323	393	16	0.0000473664	0.000000131954
5	23494324	26184850	610	16	0.0002438931	0.000000245910
5	26184851	26857603	145	16	0.0002398691	0.000000066291
5	26857604	27984512	209	16	0.0001294535	0.000000086420
5	27984513	29714819	389	16	-0.0000467162	0.000000120810
5	29714820	31390248	541	16	-0.0000114028	0.000000194278
5	31390249	33500179	718	16	0.0000767332	0.000000263968
5	33500180	35048969	468	16	0.0001970677	0.000000205658
5	35048970	36433953	417	16	0.0001781446	0.000000155869
5	36433954	38802409	712	16	0.0000345560	0.000000261440
5	38802410	40287728	469	16	0.0003096755	0.000000166613
5	40287729	41888709	474	16	0.0002637772	0.000000152174
5	41888710	43983498	371	16	0.0001269407	0.000000122789
5	43983499	50163397	394	16	0.0002289052	0.000000123889
5	50163398	52134621	530	16	0.0001175250	0.000000196695
5	52134622	53703043	535	16	0.0000487618	0.000000210172
5	53703044	55417348	531	16	0.0000945983	0.000000193865
5	55417349	56621101	456	16	0.0001563816	0.000000183912
5	56621102	57340072	256	16	0.0001346687	0.000000092863
5	57340073	58524621	492	16	0.0000391073	0.000000183313
5	58524622	60935906	648	16	0.0001040969	0.000000227101
5	60935907	61672994	254	16	0.0002905745	0.000000103222
5	61672995	63218986	452	16	-0.0000668580	0.000000134358
5	63218987	63968303	169	16	0.0002423610	0.000000071085
5	63968304	65911285	551	16	0.0002566160	0.000000206067
5	65911286	67850859	732	16	0.0001844264	0.000000270161
5	67850860	71240455	371	16	0.0001255500	0.000000142152
5	71240456	73759325	869	16	0.0002936186	0.000000275714
5	73759326	75798865	566	16	0.0001475677	0.000000233985
5	75798866	77623331	624	16	0.0001078207	0.000000264277
5	77623332	79393143	570	16	0.0001607417	0.000000249155
5	79393144	80481470	389	16	0.0000449897	0.000000162408
5	80481471	82025647	465	16	0.0001125045	0.000000199915
5	82025648	83972688	486	16	0.0003214949	0.000000234967
5	83972689	85767289	471	16	0.0000178706	0.000000167015
5	85767290	87389990	261	16	0.0000218315	0.000000099286
5	87389991	88891529	284	16	0.0001640756	0.000000102468
5	88891530	90422653	372	16	0.0000845746	0.000000139196
5	90422654	91840541	249	16	0.0002752985	0.000000107942
5	91840542	93809983	388	16	0.0000050347	0.000000124240
5	93809984	95963518	616	16	-0.0000969554	0.000000248790
5	95963519	97315600	329	16	0.0002106973	0.000000125035
5	97315601	99260991	462	16	0.0002017606	0.000000170880
5	99260992	101578768	470	16	0.0001989936	0.000000166906
5	101578769	103320004	443	16	0.0000321714	0.000000154756
5	103320005	104851482	390	16	-0.0000143700	0.000000144593
5	104851483	105893054	163	16	0.0001769547	0.000000078638
5	105893055	107264195	532	16	0.0001501718	0.000000247292
5	107264196	108633933	354	16	0.0002228542	0.000000150851
5	108633934	110821143	583	16	0.0001603445	0.000000233325
5	110821144	111981561	387	16	0.0000051828	0.000000162549
5	111981562	113396284	477	16	0.0002489425	0.000000205449
5	113396285	114830369	489	16	0.0001260906	0.000000192186
5	114830370	115831046	393	16	-0.0000106177	0.000000153362
5	115831047	117346212	510	16	0.0002177049	0.000000245617
5	117346213	118608819	341	16	0.0003530623	0.000000165136
5	118608820	119669041	310	16	0.0001032767	0.000000127143
5	119669042	120452165	222	16	0.0000319359	0.000000090599
5	120452166	122556904	627	16	0.0000304171	0.000000258400
5	122556905	123798099	414	16	0.0000327551	0.000000164673
5	123798100	125785648	795	16	0.0003125077	0.000000275397
5	125785649	127344603	382	16	0.0001234908	0.000000151575
5	127344604	129519024	600	16	0.0000652230	0.000000200747
5	129519025	132139648	507	16	0.0002799294	0.000000160461
5	132139649	134777400	819	16	0.0000392342	0.000000263777
5	134777401	136376049	530	16	0.0000093001	0.000000183676
5	136376050	139265071	609	16	0.0000345753	0.000000196963
5	139265072	140645970	275	16	0.0002482887	0.000000100487
5	140645971	142981247	787	16	0.0001310527	0.000000272755
5	142981248	144943353	603	16	0.0001035320	0.000000211466
5	144943354	147181997	647	16	0.0004178023	0.000000283227
5	147181998	148662623	467	16	0.0002787260	0.000000200304
5	148662624	150561297	691	16	0.0002714472	0.000000280697
5	150561298	152867773	744	16	0.0000994313	0.000000260094
5	152867774	153773087	396	16	0.0001683741	0.000000135861
5	153773088	155373504	503	16	0.0002257959	0.000000210430
5	155373505	156628699	333	16	0.0001081328	0.000000125251
5	156628700	158825697	723	16	0.0002280420	0.000000268162
5	158825698	159973943	379	16	0.0001462837	0.000000172274
5	159973944	161482132	474	16	0.0001534174	0.000000170440
5	161482133	162743907	338	16	0.0000852826	0.000000133390
5	162743908	163771581	356	16	0.0000738557	0.000000147939
5	163771582	165642394	517	16	-0.0000302550	0.000000227255
5	165642395	166847739	395	16	0.0001675075	0.000000192213
5	166847740	168525317	693	16	0.0001428855	0.000000269611
5	168525318	169505663	424	16	-0.0000503457	0.000000178483
5	169505664	171074291	592	16	0.0000368662	0.000000253946
5	171074292	172678326	611	16	0.0001024348	0.000000263165
5	172678327	173642870	449	16	0.0001128688	0.000000197528
5	173642871	175450594	772	16	-0.0000368927	0.000000261596
5	175450595	177251506	243	16	-0.0000451030	0.000000094865
5	177251507	178413463	378	16	-0.0000591646	0.000000163772
5	178413464	179401243	294	16	-0.0000115611	0.000000130440
5	179401244	180559932	280	16	0.0000959921	0.000000122950
5	180559933	180885155	33	8	0.0003175439	0.000000041081
6	73924	1452361	636	16	0.0000893824	0.000000267828
6	1452362	2458935	418	16	0.0000514791	0.000000176914
6	2458936	3573592	515	16	0.0002284010	0.000000238082
6	3573593	4617816	481	16	0.0000042884	0.000000196736
6	4617817	5791471	553	16	0.0000267004	0.000000242717
6	5791472	6785206	547	16	0.0000755153	0.000000257641
6	6785207	7808935	446	16	0.0000001149	0.000000196195
6	7808936	9020025	453	16	0.0002396103	0.000000180888
6	9020026	10540316	575	16	-0.0000098953	0.000000234503
6	10540317	11790815	488	16	0.0001840210	0.000000214264
6	11790816	13209387	492	16	0.0001611997	0.000000209245
6	13209388	14802923	616	16	0.0001160304	0.000000261649
6	14802924	17386404	912	16	0.0000817612	0.000000266414
6	17386405	19207486	567	16	0.0001011125	0.000000198287
6	19207487	21684064	854	16	0.0002093005	0.000000275370
6	21684065	22748306	488	16	0.0000299518	0.000000217206
6	22748307	23936618	477	16	0.0000401567	0.000000215283
6	23936619	24852274	326	16	0.0001549039	0.000000152526
6	24852275	25684586	353	16	0.0001311983	0.000000143688
6	25684587	26791232	288	16	0.0002820168	0.000000106430
6	26791233	28017818	200	16	0.0000549042	0.000000064002
6	28017819	28917607	232	16	0.0001212842	0.000000070447
6	28917608	29737970	462	16	0.0003157686	0.000000133509
6	29737971	30798167	782	16	0.0001869853	0.000000164524
6	30798168	31571217	633	16	0.0002309937	0.000000172703
6	31571218	32682663	473	16	0.0001793648	0.000000145239
6	32682664	33236496	498	16	-0.0001024702	0.000000127475
6	33236497	35455755	582	16	0.0000954683	0.000000229835
6	35455756	37572595	657	16	0.0000569062	0.000000265305
6	37572596	39295676	661	16	0.0002877836	0.000000276537
6	39295677	40345114	374	16	0.0000110413	0.000000142192
6	40345115	42038720	636	16	0.0001354349	0.000000263994
6	42038721	43756168	328	16	0.0001884542	0.000000149747
6	43756169	45406562	525	16	0.0000428292	0.000000221843
6	45406563	47311897	710	16	0.0000068631	0.000000258064
6	47311898	48391124	322	16	0.0001454311	0.000000111679
6	48391125	50386144	462	16	0.0000745315	0.000000130917
6	50386145	52210475	488	16	0.0000109409	0.000000177214
6	52210476	53279101	379	16	0.0002700187	0.000000161057
6	53279102	55468269	767	16	0.0000123160	0.000000250704
6	55468270	56105312	194	16	-0.0000437421	0.000000049956
6	56105313	57599464	311	16	0.0002146501	0.000000120543
6	57599465	61880511	116	9	0.0001243633	0.000000035643
6	61880512	63552887	321	16	0.0004188004	0.000000118556
6	63552888	65765741	421	16	0.0001812942	0.000000141277
6	65765742	67329214	450	16	0.0001805884	0.000000168684
6	67329215	68849482	438	16	0.0000325801	0.000000147113
6	68849483	69523447	212	16	0.0001539720	0.000000080331
6	69523448	71609509	668	16	-0.0000626911	0.000000220139
6	71609510	73450096	559	16	0.0001927248	0.000000215790
6	73450097	75462002	527	16	0.0000865181	0.000000184212
6	75462003	77414880	404	16	0.0001195467	0.000000136010
6	77414881	78957727	474	16	0.0001961237	0.000000136202
6	78957728	80691169	522	16	0.0000769866	0.000000189935
6	80691170	81929221	345	16	0.0001505015	0.000000098499
6	81929222	83127148	330	16	0.0002499172	0.000000127132
6	83127149	85209988	500	16	0.0002619564	0.000000187258
6	85209989	87069499	556	16	0.0002152418	0.000000175115
6	87069500	88822139	496	16	0.0002074876	0.000000174802
6	88822140	89973051	402	16	0.0000626932	0.000000158123
6	89973052	91843195	660	16	-0.0000388951	0.000000260880
6	91843196	93428643	452	16	0.0000397668	0.000000169825
6	93428644	94118141	268	16	0.0001108083	0.000000099391
6	94118142	94441174	71	8	0.0000025292	0.000000022082
6	94441175	97093510	579	16	0.0001722882	0.000000213958
6	97093511	97842283	217	16	0.0002564798	0.000000083870
6	97842284	100630145	749	16	-0.0000007940	0.000000257044
6	100630146	102636771	448	16	0.0000645274	0.000000167185
6	102636772	103983394	319	16	0.0001681680	0.000000111767
6	103983395	106056732	631	16	0.0002295677	0.000000239717
6	106056733	107450305	580	16	0.0000575406	0.000000249662
6	107450306	108464379	323	16	0.0002873100	0.000000149039
6	108464380	110304246	449	16	0.0002842163	0.000000169810
6	110304247	112345013	537	16	-0.0000611368	0.000000202941
6	112345014	114220832	591	16	0.0000251105	0.000000201728
6	114220833	116131395	452	16	0.0000131252	0.000000132418
6	116131396	117672971	396	16	0.0002345771	0.000000149322
6	117672972	118963114	277	16	0.0002157202	0.000000107546
6	118963115	119963277	275	16	-0.0000251303	0.000000090832
6	119963278	120512127	160	16	-0.0000155121	0.000000047577
6	120512128	121905675	357	16	-0.0000370352	0.000000101565
6	121905676	123856180	562	16	0.0000595757	0.000000183599
6	123856181	125424382	560	16	0.0002244372	0.000000270870
6	125424383	127540460	403	16	0.0003050664	0.000000162688
6	127540461	129861030	550	16	-0.0000205977	0.000000199999
6	129861031	130935453	451	16	-0.0000504864	0.000000181316
6	130935454	132765668	549	16	0.0001115072	0.000000222875
6	132765669	134244242	492	16	0.0001740884	0.000000203601
6	134244243	136224176	548	16	-0.0000659169	0.000000234475
6	136224177	137614217	317	16	0.0001767805	0.000000141668
6	137614218	138822628	432	16	0.0001282023	0.000000183635
6	138822629	139845435	347	16	-0.0000855922	0.000000140855
6	139845436	142288478	514	16	-0.0000983514	0.000000168538
6	142288479	145319809	932	16	0.0001062208	0.000000263380
6	145319810	146665423	290	16	0.0000169000	0.000000080072
6	146665424	148920351	841	16	0.0002041426	0.000000273215
6	148920352	150253403	479	16	0.0001398993	0.000000182442
6	150253404	151912702	791	16	0.0000202173	0.000000262261
6	151912703	153094495	461	16	0.0001596180	0.000000192454
6	153094496	154974119	744	16	0.0001886177	0.000000270791
6	154974120	156763325	674	16	0.0000703759	0.000000270848
6	156763326	158218718	352	16	0.0001166510	0.000000156637
6	158218719	160580496	863	16	0.0000532442	0.000000266819
6	160580497	162169563	621	16	0.0001397568	0.000000270015
6	162169564	162931202	360	16	0.0000205561	0.000000161098
6	162931203	164383520	647	16	0.0000325999	0.000000260238
6	164383521	165586863	529	16	0.0000703396	0.000000202693
6	165586864	167024732	748	16	0.0001693119	0.000000269570
6	167024733	168042834	393	16	0.0000005037	0.000000152805
6	168042835	169382049	531	16	-0.0000849726	0.000000207100
6	169382050	170330172	340	16	0.0001346027	0.000000129933
6	170330173	171051269	209	16	0.0000103840	0.000000096722
7	16161	972751	72	14	0.0000973654	0.000000039269
7	972752	1353066	88	16	0.0004038512	0.000000066950
7	1353067	2062397	125	16	0.0002494803	0.000000074204
7	2062398	2772226	175	16	0.0002095840	0.000000093750
7	2772227	4573427	785	16	-0.0000388625	0.000000256940
7	4573428	5416231	170	16	0.0002335091	0.000000096704
7	5416232	5854525	81	15	0.0001422458	0.000000044047
7	5854526	6573856	95	16	0.0000026347	0.000000042809
7	6573857	7808751	379	16	0.0001940531	0.000000183344
7	7808752	9123422	694	16	0.0000547475	0.000000274535
7	9123423	9987498	342	16	0.0001177675	0.000000158576
7	9987499	11299197	447	16	0.0002583094	0.000000213384
7	11299198	12635460	624	16	0.0002343177	0.000000270063
7	12635461	13884201	542	16	0.0001201920	0.000000262793
7	13884202	15143656	339	16	0.0000297956	0.000000163835
7	15143657	16902068	681	16	-0.0000065925	0.000000257585
7	16902069	19481546	962	16	-0.0000465379	0.000000256087
7	19481547	20124907	223	16	0.0000516041	0.000000096092
7	20124908	22507628	1076	16	0.0001590885	0.000000269576
7	22507629	23471441	281	16	0.0002385366	0.000000135350
7	23471442	25077258	636	16	0.0001552024	0.000000265944
7	25077259	25909554	413	16	-0.0001244926	0.000000155484
7	25909555	28360308	743	16	0.0001957087	0.000000269741
7	28360309	31137288	1119	16	0.0001457104	0.000000278133
7	31137289	33555767	911	16	0.0001293034	0.000000264692
7	33555768	36213537	945	16	-0.0000022396	0.000000258576
7	36213538	37555183	585	16	0.0000539915	0.000000269843
7	37555184	38966702	549	16	0.0000582034	0.000000206079
7	38966703	39862669	292	16	0.0004158942	0.000000127194
7	39862670	42001810	588	16	0.0001552506	0.000000228341
7	42001811	43159073	381	16	0.0000399021	0.000000149863
7	43159074	44763827	380	16	-0.0000168663	0.000000141727
7	44763828	45952921	303	16	0.0003987881	0.000000151622
7	45952922	46986719	387	16	0.0002729019	0.000000151421
7	46986720	49212277	792	16	-0.0000448161	0.000000251986
7	49212278	51675321	831	16	0.0000868034	0.000000260239
7	51675322	53176311	599	16	0.0001062409	0.000000220488
7	53176312	54222975	350	16	0.0000741161	0.000000114077
7	54222976	55691583	489	16	0.0001464245	0.000000195330
7	55691584	57382637	215	16	0.0001754454	0.000000079695
7	57382638	63307358	116	14	-0.0000453883	0.000000042188
7	63307359	63641124	49	5	0.0000790231	0.000000021162
7	63641125	65689808	280	16	0.0000175962	0.000000085486
7	65689809	68234073	651	16	0.0000086419	0.000000236599
7	68234074	69085363	253	16	0.0000174319	0.000000101025
7	69085364	71874884	793	16	0.0000769962	0.000000264268
7	71874885	73334601	98	16	0.0002636041	0.000000054866
7	73334602	76458563	281	16	0.0000252476	0.000000116105
7	76458564	78093858	547	16	0.0000499623	0.000000240051
7	78093859	79888068	622	16	0.0002046608	0.000000259055
7	79888069	82022685	670	16	0.0002119128	0.000000275273
7	82022686	83801202	599	16	0.0000374618	0.000000237964
7	83801203	85572181	396	16	0.0002002635	0.000000135126
7	85572182	87825003	501	16	0.0000642044	0.000000157267
7	87825004	90661783	899	16	0.0001198525	0.000000265221
7	90661784	92493751	381	16	0.0001096877	0.000000139365
7	92493752	93966600	328	16	0.0000715860	0.000000144819
7	93966601	96073507	613	16	-0.0000549652	0.000000233300
7	96073508	97099569	301	16	0.0000127731	0.000000107701
7	97099570	98715473	356	16	0.0002190882	0.000000150378
7	98715474	100196650	162	16	-0.0000658505	0.000000050469
7	100196651	101199252	168	16	0.0001027441	0.000000076806
7	101199253	103197509	340	16	0.0001999515	0.000000146115
7	103197510	104159524	454	16	-0.0000483425	0.000000168192
7	104159525	105682904	493	16	0.0001820670	0.000000211623
7	105682905	107780177	659	16	0.0000780098	0.000000267472
7	107780178	109647593	505	16	0.0004794343	0.000000217451
7	109647594	112618683	778	16	0.0000533170	0.000000262082
7	112618684	113712386	206	16	0.0001888709	0.000000086385
7	113712387	116780177	636	16	0.0001270989	0.000000229657
7	116780178	118351580	334	16	0.0000699190	0.000000103846
7	118351581	121045272	413	16	0.0000117143	0.000000131916
7	121045273	121933629	211	16	0.0000359915	0.000000074507
7	121933630	124156804	615	16	0.0003413746	0.000000221302
7	124156805	124167551	6	2	0.0000330591	0.000000004165
7	124167552	126519169	635	16	0.0000426347	0.000000187652
7	126519170	126869220	133	16	0.0001370482	0.000000051495
7	126869221	128778385	508	16	-0.0000604018	0.000000163277
7	128778386	130422413	390	16	0.0000227113	0.000000153065
7	130422414	132805847	850	16	0.0002970817	0.000000285428
7	132805848	134307595	411	16	0.0000984045	0.000000140169
7	134307596	135591082	445	16	0.0000679262	0.000000166345
7	135591083	136876561	387	16	0.0002162629	0.000000161325
7	136876562	138744678	541	16	0.0005054172	0.000000300153
7	138744679	139933176	292	16	0.0000771522	0.000000124056
7	139933177	140235209	106	16	-0.0000156695	0.000000048831
7	140235210	141226556	268	16	0.0000646157	0.000000093196
7	141226557	142656309	347	16	0.0001762945	0.000000128141
7	142656310	144968288	482	16	0.0001359996	0.000000185756
7	144968289	146427959	370	16	0.0001543675	0.000000141387
7	146427960	147815317	545	16	0.0000027481	0.000000212767
7	147815318	149840657	541	16	0.0001546869	0.000000265133
7	149840658	150711504	228	16	0.0000438612	0.000000079523
7	150711505	152249805	402	16	0.0002923657	0.000000212016
7	152249806	153674018	449	16	0.0000295069	0.000000204238
7	153674019	154964729	513	16	0.0001352549	0.000000249809
7	154964730	156065249	446	16	-0.0000618371	0.000000201861
7	156065250	157634596	471	16	0.0001002310	0.000000212849
7	157634597	159128574	389	16	0.0000306645	0.000000169743
8	10422	1044216	362	16	-0.0000851295	0.000000169884
8	1044217	1163244	68	12	0.0002669481	0.000000046228
8	1163245	2042941	401	16	0.0001361877	0.000000208509
8	2042942	2573278	221	16	-0.0001220526	0.000000091383
8	2573279	3392925	546	16	0.0000010533	0.000000256113
8	3392926	3783016	401	16	-0.0000391869	0.000000186355
8	3783017	4480475	642	16	0.0000654076	0.000000266639
8	4480476	5146926	478	16	0.0000977155	0.000000235278
8	5146927	6142796	725	16	0.0001493549	0.000000264636
8	6142797	7153078	501	16	-0.0001249821	0.000000227912
8	7153079	9154693	507	16	-0.0000189279	0.000000232896
8	9154694	9640786	167	16	0.0003220933	0.000000090772
8	9640787	10463196	431	16	0.0001607873	0.000000214873
8	10463197	11278997	308	16	0.0004298286	0.000000165984
8	11278998	13491774	705	16	-0.0000909275	0.000000251650
8	13491775	13944991	237	16	-0.0001512949	0.000000089021
8	13944992	15991659	1037	16	0.0001652566	0.000000263835
8	15991660	17387875	495	16	0.0002516391	0.000000263517
8	17387876	17836398	209	16	-0.0000091609	0.000000089989
8	17836399	19492839	877	16	0.0000261119	0.000000259666
8	19492840	20060855	250	16	0.0001794738	0.000000121286
8	20060856	21661736	726	16	0.0004685877	0.000000289865
8	21661737	22897056	386	16	0.0000198955	0.000000183408
8	22897057	24674717	559	16	0.0003446599	0.000000251304
8	24674718	25483453	251	16	0.0003816738	0.000000118488
8	25483454	26682524	566	16	0.0000639999	0.000000237178
8	26682525	28162391	634	16	0.0000883339	0.000000240214
8	28162392	29327895	321	16	0.0000218925	0.000000127998
8	29327896	31133728	484	16	0.0001017349	0.000000204265
8	31133729	31548359	118	16	-0.0000308228	0.000000041608
8	31548360	32977217	459	16	0.0000686173	0.000000159754
8	32977218	35317231	504	16	0.0002930764	0.000000157050
8	35317232	37379388	343	16	-0.0000476685	0.000000122073
8	37379389	38938805	253	16	0.0001889561	0.000000119215
8	38938806	40703336	527	16	0.0000994230	0.000000195621
8	40703337	41721453	338	16	-0.0000418875	0.000000142513
8	41721454	42773822	166	16	0.0001552802	0.000000070501
8	42773823	46841314	35	7	-0.0000469322	0.000000011374
8	46841315	50082469	360	16	0.0002287591	0.000000141306
8	50082470	53302929	744	16	0.0002934565	0.000000240584
8	53302930	54418043	333	16	0.0000770888	0.000000122644
8	54418044	55945580	439	16	0.0004056627	0.000000170808
8	55945581	56956382	323	16	0.0001232131	0.000000122038
8	56956383	59068650	621	16	0.0002083566	0.000000243529
8	59068651	59728099	260	16	0.0001061154	0.000000099818
8	59728100	62329098	758	16	0.0001162166	0.000000265264
8	62329099	63349305	300	16	-0.0000705976	0.000000090740
8	63349306	65232871	495	16	0.0000760347	0.000000164671
8	65232872	66489089	347	16	0.0001764179	0.000000129053
8	66489090	69863056	800	16	-0.0000291201	0.000000257595
8	69863057	70867978	380	16	0.0001024645	0.000000155793
8	70867979	72289453	405	16	0.0001102425	0.000000143187
8	72289454	73817198	645	16	0.0000452936	0.000000245415
8	73817199	75445063	569	16	0.0002727286	0.000000227787
8	75445064	76456541	281	16	0.0000096895	0.000000093750
8	76456542	79132860	646	16	0.0002220844	0.000000214977
8	79132861	81956394	768	16	0.0003279779	0.000000277061
8	81956395	82693738	204	16	0.0003656521	0.000000092204
8	82693739	84225588	401	16	0.0001379812	0.000000126732
8	84225589	85955618	340	16	0.0001770428	0.000000117441
8	85955619	87411708	241	16	0.0001372914	0.000000081664
8	87411709	89085480	438	16	0.0001676912	0.000000160442
8	89085481	90638161	368	16	0.0000307706	0.000000125649
8	90638162	93554385	634	16	0.0001234319	0.000000231003
8	93554386	95005526	369	16	0.0002397847	0.000000151966
8	95005527	96534805	557	16	0.0000801869	0.000000225031
8	96534806	99401580	999	16	0.0000151475	0.000000257132
8	99401581	101620957	453	16	0.0000555570	0.000000130118
8	101620958	104123305	909	16	0.0001416910	0.000000270831
8	104123306	104988751	232	16	0.0002487160	0.000000083275
8	104988752	107410753	774	16	0.0001966398	0.000000266622
8	107410754	108648176	453	16	0.0001057906	0.000000153914
8	108648177	109248172	197	16	0.0001407410	0.000000064138
8	109248173	110484313	321	16	0.0003996784	0.000000109965
8	110484314	111850846	277	16	0.0003133120	0.000000102784
8	111850847	113064319	229	16	0.0001279677	0.000000069686
8	113064320	116096494	745	16	0.0002724574	0.000000224974
8	116096495	119685456	1092	16	-0.0001067125	0.000000248265
8	119685457	121201699	476	16	0.0003186066	0.000000179255
8	121201700	124861458	1228	16	0.0000005512	0.000000256646
8	124861459	125683718	294	16	0.0000748089	0.000000110614
8	125683719	126410916	241	16	-0.0001077863	0.000000094007
8	126410917	128659110	853	16	-0.0000988160	0.000000251430
8	128659111	130381138	650	16	0.0003551435	0.000000276885
8	130381139	131639624	437	16	0.0000308792	0.000000169914
8	131639625	133351143	710	16	0.0001220575	0.000000264137
8	133351144	134570000	622	16	-0.0000235237	0.000000254787
8	134570001	136035604	710	16	0.0002264776	0.000000268918
8	136035605	137524150	528	16	-0.0000107766	0.000000188075
8	137524151	139254829	708	16	0.0001375540	0.000000256801
8	139254830	140725642	709	16	0.0000505102	0.000000262136
8	140725643	143044913	753	16	0.0001398687	0.000000267504
8	143044914	144236880	323	16	0.0001434353	0.000000133045
8	144236881	146303866	251	16	0.0006139036	0.000000167115
9	10023	1079706	502	16	0.0001210590	0.000000242491
9	1079707	1916876	587	16	-0.0000334956	0.000000257751
9	1916877	3190063	718	16	-0.0000324458	0.000000261287
9	3190064	4495327	673	16	-0.0000686095	0.000000263477
9	4495328	4884925	188	16	0.0000515593	0.000000090920
9	4884926	6557588	513	16	0.0003329786	0.000000257396
9	6557589	7154922	276	16	0.0001918036	0.000000134561
9	7154923	8456298	893	16	0.0001711891	0.000000269670
9	8456299	9166402	382	16	0.0001887051	0.000000190344
9	9166403	10879252	807	16	0.0001378783	0.000000270763
9	10879253	12276488	451	16	0.0002459886	0.000000197365
9	12276489	14836362	1180	16	0.0001893051	0.000000282918
9	14836363	16659654	724	16	0.0000770060	0.000000272427
9	16659655	18661050	877	16	0.0001503366	0.000000267209
9	18661051	20463533	761	16	0.0001324279	0.000000272289
9	20463534	22206558	589	16	-0.0001095317	0.000000250614
9	22206559	24158517	583	16	-0.0000234556	0.000000262977
9	24158518	25330809	284	16	0.0003572552	0.000000160640
9	25330810	26111756	266	16	-0.0001056673	0.000000119466
9	26111757	28224282	877	16	0.0000355613	0.000000262933
9	28224283	28811583	229	16	0.0001205763	0.000000104593
9	28811584	30387391	538	16	0.0001414506	0.000000182630
9	30387392	31310382	238	16	0.0001120814	0.000000085593
9	31310383	32019367	196	16	0.0001006631	0.000000067667
9	32019368	33578333	521	16	0.0001436732	0.000000213615
9	33578334	34642242	241	16	0.0001380469	0.000000080194
9	34642243	36743282	483	16	0.0001090506	0.000000207315
9	36743283	38641598	652	16	0.0000486532	0.000000260258
9	38641599	65472189	98	16	0.0001204220	0.000000050372
9	65472190	72512710	498	16	0.0003169024	0.000000212087
9	72512711	72753754	94	10	0.0001626047	0.000000040394
9	72753755	74253039	558	16	-0.0000007346	0.000000193363
9	74253040	76203945	518	16	0.0004075048	0.000000203438
9	76203946	76973080	169	16	-0.0000313637	0.000000056843
9	76973081	78900182	716	16	0.0000569237	0.000000261589
9	78900183	79471207	238	16	0.0001187689	0.000000114624
9	79471208	81079054	478	16	-0.0001170931	0.000000201765
9	81079055	82590927	611	16	0.0002177357	0.000000268468
9	82590928	84211232	641	16	0.0000543811	0.000000258884
9	84211233	85440800	311	16	0.0001067724	0.000000145403
9	85440801	86938195	586	16	0.0001480883	0.000000243619
9	86938196	88109332	468	16	-0.0001056690	0.000000165634
9	88109333	88590416	111	14	-0.0000600565	0.000000029964
9	88590417	90136245	566	16	0.0000280205	0.000000229463
9	90136246	92528697	782	16	0.0001209712	0.000000266519
9	92528698	94167202	584	16	-0.0000009335	0.000000242650
9	94167203	96671697	704	16	0.0000928808	0.000000256715
9	96671698	98922039	610	16	0.0002641586	0.000000231193
9	98922040	101592858	746	16	-0.0000228053	0.000000254769
9	101592859	104624436	872	16	0.0000658550	0.000000260250
9	104624437	105967975	549	16	-0.0000540583	0.000000191414
9	105967976	107581748	558	16	0.0000653740	0.000000179509
9	107581749	109298753	544	16	-0.0000770435	0.000000210489
9	109298754	110695061	545	16	-0.0000312417	0.000000232614
9	110695062	112778023	989	16	0.0001617273	0.000000267400
9	112778024	114831081	804	16	0.0002151442	0.000000271912
9	114831082	115693144	288	16	0.0000909697	0.000000103747
9	115693145	117019800	532	16	0.0001078800	0.000000252297
9	117019801	117921959	407	16	0.0000481984	0.000000172995
9	117921960	121321536	1408	16	0.0001033309	0.000000261325
9	121321537	122260296	345	16	0.0000984102	0.000000136648
9	122260297	124871321	701	16	0.0001939123	0.000000273071
9	124871322	126971886	578	16	0.0001267473	0.000000258567
9	126971887	129059664	498	16	0.0001042799	0.000000201057
9	129059665	130055509	290	16	-0.0000257239	0.000000110395
9	130055510	132165469	365	16	0.0002217138	0.000000175058
9	132165470	133223216	268	16	0.0002866561	0.000000133771
9	133223217	134127887	281	16	0.0002804634	0.000000146434
9	134127888	135298841	354	16	0.0000853204	0.000000150235
9	135298842	137041121	507	16	0.0000598138	0.000000256309
9	137041122	137589363	204	16	0.0002203185	0.000000123254
9	137589364	138938977	537	16	-0.0000819912	0.000000284489
9	138938978	139500341	81	16	-0.0000249606	0.000000039902
9	139500342	141144795	195	16	0.0001415568	0.000000105777
10	60523	751338	113	13	-0.0000235799	0.000000047653
10	751339	1523543	312	16	0.0000379767	0.000000135011
10	1523544	2254499	429	16	0.0000893283	0.000000185421
10	2254500	3352698	602	16	-0.0000527121	0.000000249762
10	3352699	4572273	599	16	0.0000379266	0.000000258481
10	4572274	5983761	618	16	0.0000727616	0.000000264296
10	5983762	7171483	695	16	0.0001655904	0.000000276798
10	7171484	8774664	811	16	0.0001267097	0.000000273004
10	8774665	10249395	550	16	0.0003270365	0.000000221433
10	10249396	12586796	964	16	0.0005043307	0.000000294404
10	12586797	13321599	407	16	0.0001129061	0.000000205873
10	13321600	15026067	886	16	-0.0000282169	0.000000260151
10	15026068	16551766	515	16	0.0001180750	0.000000241249
10	16551767	18537266	673	16	0.0001484051	0.000000273193
10	18537267	19716877	476	16	0.0001267766	0.000000191602
10	19716878	22772282	927	16	0.0001899241	0.000000276042
10	22772283	23175131	118	14	0.0001255725	0.000000055133
10	23175132	25578595	717	16	0.0003141107	0.000000285351
10	25578596	26888683	486	16	0.0000757752	0.000000164999
10	26888684	29323235	824	16	0.0000822170	0.000000266246
10	29323236	29783691	255	16	0.0000920158	0.000000105938
10	29783692	30458837	331	16	-0.0000080442	0.000000145751
10	30458838	31907518	424	16	0.0001105240	0.000000169671
10	31907519	33707967	573	16	0.0000106457	0.000000192960
10	33707968	35109354	474	16	0.0002337706	0.000000198665
10	35109355	36572507	395	16	0.0000387658	0.000000140833
10	36572508	37790028	305	16	0.0000062681	0.000000103834
10	37790029	42372578	182	12	0.0000346324	0.000000039021
10	42372579	43894770	264	16	-0.0000025514	0.000000094379
10	43894771	44730074	226	16	-0.0000741221	0.000000075651
10	44730075	48760449	565	16	-0.0000367653	0.000000220595
10	48760450	50840914	565	16	0.0002350927	0.000000213672
10	50840915	53616628	691	16	0.0000965532	0.000000268834
10	53616629	55103571	660	16	0.0002726320	0.000000268041
10	55103572	57031139	732	16	0.0000067366	0.000000258255
10	57031140	57662145	177	16	0.0002474031	0.000000057698
10	57662146	58959527	371	16	0.0001296111	0.000000092585
10	58959528	60289986	404	16	0.0000988499	0.000000118379
10	60289987	61891408	543	16	0.0002349701	0.000000233608
10	61891409	62659678	273	16	0.0000766112	0.000000101141
10	62659679	63341694	155	16	0.0001129457	0.000000062477
10	63341695	65794113	752	16	-0.0000690371	0.000000253980
10	65794114	67549614	467	16	0.0002182298	0.000000160856
10	67549615	69900147	848	16	0.0001399829	0.000000264772
10	69900148	70195990	87	10	0.0002405359	0.000000041116
10	70195991	72220849	754	16	0.0000292523	0.000000268165
10	72220850	73508511	632	16	0.0003116487	0.000000283634
10	73508512	75422549	361	16	0.0003235954	0.000000118805
10	75422550	78706813	771	16	0.0000608257	0.000000261861
10	78706814	80876748	958	16	-0.0000480626	0.000000257010
10	80876749	82414678	438	16	0.0002090362	0.000000193239
10	82414679	84383744	687	16	0.0000427931	0.000000255479
10	84383745	85458702	424	16	0.0000948558	0.000000136866
10	85458703	87937576	911	16	0.0004143875	0.000000282664
10	87937577	89127063	244	16	0.0000991517	0.000000095047
10	89127064	91013380	651	16	0.0001434862	0.000000268007
10	91013381	92006580	346	16	0.0000976879	0.000000135195
10	92006581	93335046	422	16	0.0000072483	0.000000149091
10	93335047	95396367	565	16	0.0001242473	0.000000219447
10	95396368	96221242	229	16	0.0000335036	0.000000094398
10	96221243	97822356	495	16	0.0000324853	0.000000156080
10	97822357	100241301	775	16	-0.0000447780	0.000000261381
10	100241302	100668399	142	14	0.0000012281	0.000000042614
10	100668400	102949238	655	16	0.0001629237	0.000000237216
10	102949239	104380409	234	16	0.0004260536	0.000000096641
10	104380410	106695047	578	16	0.0002544776	0.000000229015
10	106695048	108726685	646	16	0.0001642048	0.000000244022
10	108726686	110317704	612	16	0.0002304339	0.000000250837
10	110317705	112561492	632	16	0.0001372546	0.000000235007
10	112561493	115328431	933	16	-0.0000264612	0.000000260714
10	115328432	116421405	392	16	0.0001208585	0.000000174240
10	116421406	119523933	920	16	0.0001964709	0.000000273212
10	119523934	120591352	384	16	0.0002372485	0.000000179576
10	120591353	122407322	607	16	0.0002828758	0.000000277151
10	122407323	123231464	379	16	0.0003328488	0.000000171840
10	123231465	123900544	249	16	0.0000198190	0.000000107876
10	123900545	125869345	767	16	0.0000956983	0.000000267560
10	125869346	128001097	873	16	0.0000634744	0.000000265714
10	128001098	129154361	481	16	0.0002718790	0.000000217267
10	129154362	130844283	867	16	-0.0000460914	0.000000266678
10	130844284	131741326	401	16	0.0001039082	0.000000168274
10	131741327	132580244	382	16	0.0001985506	0.000000165743
10	132580245	134336328	803	16	0.0003294289	0.000000281626
10	134336329	134494672	37	6	0.0001705861	0.000000023999
10	134494673	135523864	202	16	0.0001383864	0.000000114706
11	70855	1213589	167	16	-0.0000486428	0.000000066398
11	1213590	3665480	612	16	0.0002848528	0.000000284714
11	3665481	4746708	352	16	0.0000460528	0.000000152897
11	4746709	6322868	756	16	0.0003329993	0.000000277634
11	6322869	7436700	431	16	0.0001132567	0.000000176138
11	7436701	8333273	414	16	0.0002707829	0.000000206494
11	8333274	9087316	208	16	0.0000547669	0.000000088725
11	9087317	10952026	495	16	0.0004684387	0.000000233904
11	10952027	12564228	1019	16	-0.0000325618	0.000000258920
11	12564229	13373123	380	16	0.0000224406	0.000000144373
11	13373124	15742551	726	16	0.0003034298	0.000000256638
11	15742552	17578401	467	16	0.0000461041	0.000000167435
11	17578402	19569534	675	16	-0.0000117815	0.000000258758
11	19569535	21017137	705	16	0.0000224624	0.000000262252
11	21017138	22374141	531	16	0.0002363190	0.000000234228
11	22374142	24088516	565	16	0.0004729352	0.000000231299
11	24088517	26045752	635	16	0.0001026143	0.000000265506
11	26045753	27020460	327	16	0.0001506329	0.000000120401
11	27020461	28481592	351	16	0.0000561642	0.000000114705
11	28481593	30141356	394	16	-0.0001323439	0.000000135305
11	30141357	32276900	594	16	0.0000814033	0.000000181566
11	32276901	33958738	487	16	0.0003013438	0.000000198216
11	33958739	35502604	740	16	-0.0000096995	0.000000257638
11	35502605	37116814	695	16	0.0002156426	0.000000271394
11	37116815	39382002	397	16	0.0001573262	0.000000143169
11	39382003	42310002	898	16	0.0002070015	0.000000267255
11	42310003	44693798	884	16	0.0000131425	0.000000257084
11	44693799	47006136	550	16	0.0000136333	0.000000224095
11	47006137	49866049	297	16	0.0003566836	0.000000104100
11	49866050	54695472	124	6	0.0000632135	0.000000027229
11	54695473	55082656	6	3	0.0000422315	0.000000006004
11	55082657	58457494	888	16	0.0001423007	0.000000241085
11	58457495	58780548	57	6	0.0000639309	0.000000021670
11	58780549	62223770	774	16	0.0000606368	0.000000264279
11	62223771	63804568	237	16	0.0000140837	0.000000088502
11	63804569	65898630	331	16	0.0004544809	0.000000162537
11	65898631	68005824	233	16	0.0001796977	0.000000095151
11	68005825	69516129	401	16	0.0000302667	0.000000159789
11	69516130	70926291	409	16	0.0000436978	0.000000188379
11	70926292	72286016	275	16	0.0001343735	0.000000094192
11	72286017	74412350	506	16	0.0000698008	0.000000182349
11	74412351	76797208	673	16	0.0001380419	0.000000267509
11	76797209	78355057	320	16	0.0004023782	0.000000130953
11	78355058	80722372	1002	16	0.0000423339	0.000000261205
11	80722373	81266711	252	16	0.0000302155	0.000000098630
11	81266712	84381271	1104	16	0.0000735180	0.000000261776
11	84381272	86619300	711	16	0.0000614875	0.000000258185
11	86619301	87430234	289	16	0.0002887376	0.000000112758
11	87430235	89208935	527	16	0.0001330574	0.000000224744
11	89208936	90966489	351	16	0.0002014314	0.000000122782
11	90966490	92077143	339	16	0.0000734246	0.000000125386
11	92077144	93276156	362	16	0.0001502968	0.000000132762
11	93276157	94242259	244	16	-0.0000258321	0.000000075348
11	94242260	95726040	524	16	0.0002578818	0.000000237522
11	95726041	97057057	483	16	-0.0000677916	0.000000197766
11	97057058	98705064	534	16	0.0000831709	0.000000230208
11	98705065	100417168	732	16	0.0000828306	0.000000260547
11	100417169	101331120	339	16	0.0000309735	0.000000124202
11	101331121	103959635	921	16	0.0002040912	0.000000269203
11	103959636	104873283	273	16	-0.0000918137	0.000000058075
11	104873284	106520893	433	16	0.0002243376	0.000000155844
11	106520894	107844199	432	16	0.0003559913	0.000000191167
11	107844200	108437036	114	10	0.0002559719	0.000000047095
11	108437037	109866115	323	16	-0.0000092335	0.000000121912
11	109866116	111114396	465	16	0.0001637757	0.000000171104
11	111114397	112459487	343	16	0.0001016412	0.000000122411
11	112459488	114257727	702	16	0.0001548855	0.000000268752
11	114257728	114830665	200	16	0.0003036799	0.000000088645
11	114830666	116383347	631	16	-0.0001159166	0.000000253482
11	116383348	117747109	467	16	0.0001261188	0.000000231695
11	117747110	119215475	383	16	0.0003034344	0.000000172648
11	119215476	120766805	569	16	-0.0000794993	0.000000244950
11	120766806	121175942	179	16	0.0000635886	0.000000069355
11	121175943	122591909	441	16	0.0000810194	0.000000191079
11	122591910	123500116	376	16	-0.0000112992	0.000000165982
11	123500117	124495527	411	16	0.0001440976	0.000000133221
11	124495528	126311319	633	16	-0.0000838485	0.000000255061
11	126311320	127316678	535	16	0.0003136940	0.000000215041
11	127316679	128188536	296	16	0.0001161863	0.000000113933
11	128188537	130342574	785	16	0.0000378448	0.000000262681
11	130342575	131074611	349	16	-0.0000337761	0.000000144732
11	131074612	133000045	1053	16	0.0001173151	0.000000267760
11	133000046	134205992	492	16	0.0002937191	0.000000249485
11	134205993	134946451	376	16	0.0002822662	0.000000180615
12	61107	1080330	251	16	0.0000236646	0.000000114786
12	1080331	2544785	456	16	-0.0000665874	0.000000194703
12	2544786	3677036	452	16	0.0000589228	0.000000206831
12	3677037	4417678	361	16	0.0000411108	0.000000164349
12	4417679	5321471	443	16	-0.0000401615	0.000000188234
12	5321472	6419752	498	16	-0.0001717050	0.000000201092
12	6419753	8377535	112	16	0.0002522620	0.000000062483
12	8377536	9031394	0	0	-0.0001177755	-0.000000000000
12	9031395	10481533	177	16	0.0000748188	0.000000074025
12	10481534	11754845	291	16	-0.0000809485	0.000000097103
12	11754846	12733527	409	16	0.0002122216	0.000000202941
12	12733528	15241483	940	16	-0.0000225814	0.000000255637
12	15241484	16310459	235	16	0.0000936388	0.000000095356
12	16310460	18087872	530	16	-0.0000027382	0.000000213536
12	18087873	20863942	861	16	0.0002346568	0.000000270663
12	20863943	23820633	961	16	0.0001397713	0.000000264502
12	23820634	25371082	669	16	0.0001027158	0.000000263614
12	25371083	27799772	905	16	0.0000010117	0.000000257207
12	27799773	29651254	643	16	0.0001492370	0.000000227895
12	29651255	30512405	443	16	-0.0000005646	0.000000155440
12	30512406	32165591	556	16	0.0002180553	0.000000235550
12	32165592	33076988	343	16	0.0001042688	0.000000135666
12	33076989	37856716	338	16	0.0002425586	0.000000115602
12	37856717	39227168	128	7	0.0000253167	0.000000039038
12	39227169	40816184	450	16	0.0001957757	0.000000162337
12	40816185	41658585	293	16	0.0000042845	0.000000094281
12	41658586	43984473	850	16	0.0000051015	0.000000254487
12	43984474	46024228	436	16	0.0001699367	0.000000147403
12	46024229	47714792	444	16	0.0000683299	0.000000160862
12	47714793	49001865	438	16	0.0001666625	0.000000172342
12	49001866	51776493	472	16	0.0001714676	0.000000178123
12	51776494	53039003	470	16	0.0000942926	0.000000188239
12	53039004	54778822	451	16	0.0003890324	0.000000196084
12	54778823	55665836	228	16	-0.0000327555	0.000000086855
12	55665837	57548859	289	16	0.0002570387	0.000000125892
12	57548860	59308665	390	16	0.0000743718	0.000000134646
12	59308666	61123728	433	16	0.0001385187	0.000000150047
12	61123729	64032460	902	16	0.0000332289	0.000000260847
12	64032461	65559694	344	16	0.0002915885	0.000000152015
12	65559695	67181143	472	16	0.0001115564	0.000000184907
12	67181144	67909728	312	16	0.0000002345	0.000000101061
12	67909729	69826541	760	16	0.0000894971	0.000000273610
12	69826542	70957986	454	16	-0.0000254697	0.000000146116
12	70957987	72645074	483	16	-0.0000039335	0.000000177844
12	72645075	73818453	292	16	0.0000724813	0.000000105164
12	73818454	76511313	733	16	0.0000782088	0.000000262933
12	76511314	78570569	704	16	0.0000729676	0.000000265641
12	78570570	80448149	388	16	0.0000483256	0.000000144190
12	80448150	81467766	272	16	0.0001519544	0.000000102597
12	81467767	83502665	521	16	0.0000090838	0.000000178694
12	83502666	84303843	224	16	0.0000559957	0.000000061810
12	84303844	85990425	373	16	0.0001502983	0.000000109987
12	85990426	89682121	697	16	0.0001812896	0.000000227848
12	89682122	92066154	576	16	0.0002647119	0.000000188138
12	92066155	94514566	860	16	0.0001767335	0.000000273293
12	94514567	96020784	628	16	-0.0000154651	0.000000254356
12	96020785	97108838	401	16	0.0000817628	0.000000173653
12	97108839	99305986	866	16	0.0001897454	0.000000270458
12	99305987	101447640	606	16	0.0000882609	0.000000245412
12	101447641	101862689	125	15	0.0001243482	0.000000055331
12	101862690	102964985	239	16	0.0001099226	0.000000107891
12	102964986	104848695	658	16	-0.0000594749	0.000000235427
12	104848696	106436212	798	16	0.0000708512	0.000000263299
12	106436213	106958747	212	16	0.0001607731	0.000000093444
12	106958748	109025900	644	16	0.0002723512	0.000000251255
12	109025901	110336718	278	16	-0.0000150320	0.000000104876
12	110336719	113263517	270	16	-0.0000114061	0.000000097270
12	113263518	113986708	158	16	0.0002020554	0.000000074402
12	113986709	115036601	494	16	0.0001121009	0.000000198306
12	115036602	115503215	162	16	0.0002129236	0.000000085867
12	115503216	117087470	716	16	0.0000225598	0.000000259003
12	117087471	118135374	418	16	0.0002155124	0.000000200143
12	118135375	119754109	643	16	0.0000527430	0.000000264257
12	119754110	122007650	492	16	0.0005520822	0.000000232203
12	122007651	124977979	504	16	0.0002455887	0.000000217951
12	124977980	126445504	571	16	0.0001513313	0.000000277114
12	126445505	127875097	620	16	-0.0000662455	0.000000237694
12	127875098	129237296	672	16	0.0001493292	0.000000280361
12	129237297	130377920	646	16	-0.0000701447	0.000000256050
12	130377921	131786750	691	16	0.0000766537	0.000000272743
12	131786751	132807033	252	16	0.0001850273	0.000000108687
12	132807034	133841510	122	16	0.0001319698	0.000000057709
13	19020013	20686719	246	16	0.0003483375	0.000000118971
13	20686720	22242173	541	16	0.0000792142	0.000000228236
13	22242174	23594701	653	16	0.0000771352	0.000000272573
13	23594702	24531936	461	16	-0.0000673554	0.000000190681
13	24531937	25784361	575	16	0.0000114814	0.000000256291
13	25784362	27284361	499	16	0.0001694540	0.000000208341
13	27284362	29257550	792	16	0.0000152387	0.000000267755
13	29257551	30483266	461	16	0.0001827445	0.000000188574
13	30483267	32301814	717	16	0.0000211701	0.000000265997
13	32301815	33776902	499	16	0.0000418858	0.000000192614
13	33776903	35026463	436	16	-0.0000347622	0.000000167220
13	35026464	36046366	212	16	0.0000317059	0.000000085587
13	36046367	37498184	587	16	0.0000517904	0.000000250737
13	37498185	38878162	499	16	0.0000943234	0.000000169651
13	38878163	41069262	805	16	0.0002519351	0.000000276270
13	41069263	43101026	570	16	0.0001494439	0.000000216685
13	43101027	44901408	758	16	0.0002292159	0.000000274613
13	44901409	46495213	485	16	0.0000204700	0.000000197997
13	46495214	47431078	329	16	0.0001379460	0.000000132274
13	47431079	49383961	580	16	0.0001880476	0.000000225140
13	49383962	51591090	665	16	0.0002439663	0.000000266389
13	51591091	53339621	392	16	0.0000730478	0.000000168767
13	53339622	54682863	503	16	0.0001918135	0.000000203131
13	54682864	55817130	306	16	-0.0001025552	0.000000089489
13	55817131	57554216	287	16	0.0000627148	0.000000074688
13	57554217	58410625	193	16	0.0002430607	0.000000066580
13	58410626	59302270	204	16	0.0002235962	0.000000070722
13	59302271	60854777	535	16	0.0000184579	0.000000190264
13	60854778	61591948	271	16	-0.0000637053	0.000000093206
13	61591949	63971558	604	16	0.0001147710	0.000000233850
13	63971559	65200601	288	16	0.0001131118	0.000000085841
13	65200602	67844452	755	16	0.0000704399	0.000000258503
13	67844453	70724515	858	16	0.0000370977	0.000000257710
13	70724516	71526790	314	16	0.0003492267	0.000000143883
13	71526791	73934088	804	16	0.0002544591	0.000000275329
13	73934089	75670142	704	16	-0.0000373700	0.000000256577
13	75670143	77410554	732	16	0.0002746771	0.000000270604
13	77410555	78808812	395	16	0.0001278034	0.000000141940
13	78808813	80585675	551	16	0.0000198784	0.000000199635
13	80585676	82581813	592	16	-0.0001019975	0.000000216362
13	82581814	84133143	382	16	-0.0000169538	0.000000095569
13	84133144	85610915	401	16	0.0001198045	0.000000140127
13	85610916	88559881	726	16	0.0000731200	0.000000239768
13	88559882	90521310	444	16	0.0000972652	0.000000143592
13	90521311	93129690	826	16	-0.0000380759	0.000000253509
13	93129691	93586454	117	16	0.0001215334	0.000000052059
13	93586455	96087557	1109	16	-0.0000112027	0.000000261774
13	96087558	97519209	333	16	0.0001973971	0.000000136971
13	97519210	98938918	418	16	-0.0000274540	0.000000181153
13	98938919	100574094	711	16	0.0002048727	0.000000271431
13	100574095	102300522	720	16	0.0002506909	0.000000274061
13	102300523	104066709	838	16	0.0002638845	0.000000274630
13	104066710	104844113	295	16	0.0002146241	0.000000128234
13	104844114	106247553	599	16	0.0001310531	0.000000270454
13	106247554	106749999	264	16	0.0004000958	0.000000124552
13	106750000	108189876	593	16	0.0000323107	0.000000267206
13	108189877	109121209	424	16	0.0000186107	0.000000185621
13	109121210	109815111	303	16	0.0000077404	0.000000121452
13	109815112	111232072	602	16	0.0000570172	0.000000268901
13	111232073	112247591	417	16	-0.0000230808	0.000000173965
13	112247592	113572487	419	16	0.0001464785	0.000000189894
13	113572488	115109852	320	16	-0.0000875449	0.000000136949
14	19002084	21589401	474	16	0.0000705095	0.000000240832
14	21589402	23018664	571	16	0.0000281350	0.000000255839
14	23018665	24905122	493	16	0.0002586298	0.000000245638
14	24905123	26135685	509	16	-0.0000395774	0.000000172813
14	26135686	28466532	685	16	-0.0000569025	0.000000259586
14	28466533	29972144	370	16	0.0000654188	0.000000142740
14	29972145	32383264	543	16	0.0000562834	0.000000234410
14	32383265	34846250	1213	16	0.0000144495	0.000000270809
14	34846251	35859592	213	16	0.0001308684	0.000000088447
14	35859593	38667724	814	16	0.0001251636	0.000000268444
14	38667725	40341989	500	16	0.0000133246	0.000000180720
14	40341990	41615501	345	16	0.0001939596	0.000000106175
14	41615502	43137388	403	16	-0.0000139282	0.000000129050
14	43137389	44543226	353	16	0.0001011544	0.000000145880
14	44543227	46081895	336	16	0.0002919977	0.000000141623
14	46081896	46749129	186	16	-0.0000360019	0.000000043514
14	46749130	48573585	570	16	0.0000255572	0.000000217945
14	48573586	49005470	107	13	-0.0000046416	0.000000034135
14	49005471	50507759	441	16	0.0000374983	0.000000176273
14	50507760	51493571	286	16	0.0001628287	0.000000131361
14	51493572	53474382	777	16	-0.0000873561	0.000000251607
14	53474383	53997830	168	16	0.0001174667	0.000000063168
14	53997831	55233680	424	16	0.0001011608	0.000000182664
14	55233681	56216879	257	16	0.0001599763	0.000000097154
14	56216880	57481261	639	16	0.0000889242	0.000000261320
14	57481262	59448335	651	16	0.0002637268	0.000000270226
14	59448336	61680423	547	16	0.0000034362	0.000000185318
14	61680424	63790014	759	16	0.0001491386	0.000000265275
14	63790015	65220297	284	16	0.0000042801	0.000000108563
14	65220298	66399554	362	16	-0.0000265361	0.000000137590
14	66399555	67992316	350	16	0.0000588373	0.000000100292
14	67992317	71131956	1084	16	0.0000553047	0.000000262968
14	71131957	72889614	633	16	0.0000160791	0.000000249632
14	72889615	76444766	945	16	0.0000011187	0.000000260399
14	76444767	77229471	341	16	0.0001521926	0.000000153472
14	77229472	78561944	525	16	0.0000630482	0.000000216517
14	78561945	80186578	579	16	-0.0000846394	0.000000224975
14	80186579	81579713	476	16	0.0003765442	0.000000204371
14	81579714	83138096	448	16	0.0001434064	0.000000175348
14	83138097	84241632	373	16	0.0000307096	0.000000138322
14	84241633	85746318	451	16	0.0000376531	0.000000180117
14	85746319	86647001	297	16	0.0001534658	0.000000119045
14	86647002	87635340	303	16	-0.0000163690	0.000000115578
14	87635341	89497642	543	16	0.0003491296	0.000000208433
14	89497643	91296859	638	16	0.0000391341	0.000000264049
14	91296860	93132298	583	16	-0.0000047715	0.000000249241
14	93132299	94325284	370	16	0.0000592174	0.000000145821
14	94325285	95750866	769	16	0.0004263230	0.000000287591
14	95750867	96262414	354	16	0.0000450116	0.000000143223
14	96262415	98341161	809	16	0.0001355036	0.000000270972
14	98341162	99138531	354	16	-0.0000297632	0.000000120902
14	99138532	101534306	804	16	0.0002599924	0.000000277619
14	101534307	103012101	373	16	0.0000631233	0.000000169645
14	103012102	105001722	419	16	0.0001323484	0.000000167740
14	105001723	106340357	134	16	0.0000642679	0.000000062403
14	106340358	107289453	38	5	-0.0000233464	0.000000014578
15	20001200	21131603	6	2	-0.0000104007	0.000000002570
15	21131604	24195126	274	16	0.0000669679	0.000000126364
15	24195127	25108589	187	16	0.0001725322	0.000000079876
15	25108590	27298111	795	16	0.0000478678	0.000000266473
15	27298112	29338501	432	16	0.0002737248	0.000000196059
15	29338502	30165567	271	16	0.0000213129	0.000000110540
15	30165568	31591820	254	16	0.0002511466	0.000000122169
15	31591821	32441810	238	16	0.0002863690	0.000000106580
15	32441811	34015424	654	16	0.0000025058	0.000000261526
15	34015425	35083250	341	16	0.0000311890	0.000000137767
15	35083251	37456501	884	16	0.0000646713	0.000000265442
15	37456502	38530776	340	16	0.0000579773	0.000000141197
15	38530777	40384131	713	16	0.0000035242	0.000000258167
15	40384132	41177513	183	16	0.0000590225	0.000000081833
15	41177514	42776398	310	16	0.0002898196	0.000000142148
15	42776399	44198048	189	15	0.0002947844	0.000000075809
15	44198049	46618786	416	16	0.0001298516	0.000000156603
15	46618787	48136047	560	16	0.0001115633	0.000000209349
15	48136048	50008042	401	16	0.0000691466	0.000000143616
15	50008043	51677559	514	16	0.0002230668	0.000000195356
15	51677560	53069095	325	16	-0.0001024368	0.000000099371
15	53069096	54508527	610	16	0.0000888978	0.000000241688
15	54508528	55136268	228	16	0.0000237978	0.000000100759
15	55136269	56901772	466	16	0.0005814311	0.000000242705
15	56901773	58441365	566	16	0.0001088020	0.000000258608
15	58441366	59694115	432	16	0.0000946391	0.000000213776
15	59694116	61265835	621	16	0.0000706233	0.000000269049
15	61265836	63215221	789	16	-0.0000439944	0.000000258230
15	63215222	65104667	405	16	0.0000295805	0.000000160616
15	65104668	67094766	540	16	-0.0000435989	0.000000232910
15	67094767	69017998	615	16	0.0002275229	0.000000262242
15	69017999	70133340	261	16	0.0000297173	0.000000110405
15	70133341	71922648	681	16	0.0001902386	0.000000271058
15	71922649	73628713	317	16	0.0000839721	0.000000104467
15	73628714	76398623	459	16	0.0001687208	0.000000202035
15	76398624	78516052	460	16	0.0000453033	0.000000154927
15	78516053	80860977	852	16	-0.0000160855	0.000000254703
15	80860978	84260467	804	16	0.0000212303	0.000000259587
15	84260468	86652904	636	16	0.0001873427	0.000000265402
15	86652905	88369942	733	16	0.0000717784	0.000000261799
15	88369943	90475550	622	16	0.0002663451	0.000000278643
15	90475551	92164391	521	16	0.0001589624	0.000000257138
15	92164392	93780901	768	16	-0.0000184156	0.000000260148
15	93780902	94924329	557	16	-0.0000522846	0.000000261804
15	94924330	96141595	557	16	-0.0000176899	0.000000257367
15	96141596	98030909	721	16	0.0000386131	0.000000264165
15	98030910	99244058	552	16	0.0001032135	0.000000272567
15	99244059	100636846	495	16	0.0002918958	0.000000248086
15	100636847	101552693	367	16	0.0001194767	0.000000174871
15	101552694	102520965	397	16	0.0002668270	0.000000223479
16	60054	1207205	214	16	0.0003537536	0.000000129355
16	1207206	2764828	245	16	0.0000148011	0.000000104703
16	2764829	4001195	222	16	-0.0000707891	0.000000100379
16	4001196	5118344	272	16	0.0002316664	0.000000146091
16	5118345	5891579	330	16	0.0000621110	0.000000159405
16	5891580	6893550	681	16	-0.0000139643	0.000000261163
16	6893551	7529120	463	16	0.0000202077	0.000000215388
16	7529121	8338518	524	16	0.0001068193	0.000000255891
16	8338519	9799418	644	16	0.0001509595	0.000000269874
16	9799419	10426031	359	16	-0.0001023888	0.000000133278
16	10426032	11520160	394	16	0.0003072973	0.000000204350
16	11520161	12613097	352	16	0.0001258542	0.000000171283
16	12613098	13154436	293	16	0.0000690645	0.000000121276
16	13154437	14464001	516	16	0.0001596432	0.000000225499
16	14464002	16154059	257	16	0.0000790954	0.000000107453
16	16154060	17644748	349	16	-0.0000958264	0.000000147453
16	17644749	18643606	171	16	0.0002317607	0.000000085925
16	18643607	20150570	334	16	0.0003551157	0.000000172020
16	20150571	22448903	344	16	0.0000320260	0.000000137995
16	22448904	24136874	452	16	0.0000413430	0.000000191267
16	24136875	25986861	679	16	0.0000952299	0.000000264343
16	25986862	27445754	611	16	0.0000284297	0.000000261329
16	27445755	29036612	279	16	0.0000319430	0.000000098998
16	29036613	31382942	191	16	-0.0000141560	0.000000073898
16	31382943	46399472	104	15	0.0001978155	0.000000051585
16	46399473	49007925	263	16	0.0000088856	0.000000085556
16	49007926	52035822	1029	16	0.0000502764	0.000000260613
16	52035823	53382571	430	16	0.0001620910	0.000000154527
16	53382572	55903773	1011	16	0.0000331187	0.000000267142
16	55903774	57664329	508	16	0.0000139801	0.000000217346
16	57664330	59045404	394	16	-0.0000632318	0.000000172162
16	59045405	60745693	482	16	0.0003261484	0.000000215630
16	60745694	62229848	353	16	0.0000127672	0.000000118573
16	62229849	63691588	430	16	0.0001688601	0.000000179711
16	63691589	65938565	778	16	0.0001440852	0.000000266206
16	65938566	68841362	525	16	0.0001253580	0.000000216991
16	68841363	71054027	320	16	0.0001210225	0.000000137038
16	71054028	72935149	350	16	0.0001554413	0.000000144258
16	72935150	74971502	739	16	0.0000178752	0.000000271244
16	74971503	75977953	193	16	0.0002511341	0.000000095086
16	75977954	77523677	637	16	0.0001881978	0.000000270656
16	77523678	78456291	606	16	0.0000603274	0.000000263581
16	78456292	79134814	550	16	0.0000778494	0.000000278347
16	79134815	80297373	743	16	0.0000572546	0.000000264370
16	80297374	81772535	690	16	0.0001621496	0.000000276054
16	81772536	82747727	549	16	0.0000212036	0.000000272448
16	82747728	83477207	585	16	0.0004685859	0.000000289828
16	83477208	84445882	646	16	-0.0000019566	0.000000267589
16	84445883	85148684	386	16	0.0001582911	0.000000207488
16	85148685	86156598	452	16	0.0001442233	0.000000251563
16	86156599	86815410	505	16	0.0000483737	0.000000265630
16	86815411	87647348	331	16	-0.0000603767	0.000000153876
16	87647349	89041164	296	16	0.0002351214	0.000000159728
16	89041165	90292811	198	16	0.0004313700	0.000000117485
17	56	1172398	294	16	-0.0000636457	0.000000153319
17	1172399	1928730	188	16	0.0000671698	0.000000089801
17	1928731	3702311	525	16	-0.0000688072	0.000000232488
17	3702312	4696260	261	16	0.0002109896	0.000000139405
17	4696261	5741333	285	16	0.0002453862	0.000000131719
17	5741334	7317397	523	16	-0.0001087577	0.000000254937
17	7317398	8306424	200	16	0.0001778866	0.000000100928
17	8306425	9965920	583	16	-0.0000463757	0.000000266672
17	9965921	11102814	426	16	-0.0000062128	0.000000190993
17	11102815	12534768	520	16	0.0000650749	0.000000241875
17	12534769	13180371	266	16	0.0000901231	0.000000121731
17	13180372	13894636	359	16	0.0000817346	0.000000170912
17	13894637	15019096	586	16	0.0000065504	0.000000259371
17	15019097	16412341	273	16	0.0001084939	0.000000121100
17	16412342	18856319	443	16	0.0003050545	0.000000187312
17	18856320	21290356	327	16	-0.0000999294	0.000000118202
17	21290357	27334243	414	16	0.0000816150	0.000000187246
17	27334244	29786490	400	16	0.0001623879	0.000000123230
17	29786491	31538424	500	16	0.0003146442	0.000000224431
17	31538425	32912797	795	16	0.0000586353	0.000000261292
17	32912798	34469035	423	16	0.0000350656	0.000000169161
17	34469036	36809343	448	16	0.0001915326	0.000000203234
17	36809344	38877403	304	16	0.0002103837	0.000000138479
17	38877404	39899809	253	16	0.0002479740	0.000000095288
17	39899810	41772086	263	16	0.0002606601	0.000000102731
17	41772087	43056904	262	16	0.0000469731	0.000000097191
17	43056905	45876021	471	16	0.0002425603	0.000000171052
17	45876022	47517399	428	16	0.0001184436	0.000000153952
17	47517400	49898956	660	16	0.0001000111	0.000000268703
17	49898957	50719054	278	16	-0.0000904482	0.000000087184
17	50719055	51826117	301	16	0.0003402589	0.000000114390
17	51826118	53599431	580	16	0.0002486295	0.000000246445
17	53599432	55357540	565	16	-0.0000187416	0.000000232172
17	55357541	57487511	591	16	0.0002062152	0.000000269128
17	57487512	59312754	218	16	0.0000730120	0.000000063271
17	59312755	61545588	398	16	0.0005057227	0.000000190328
17	61545589	63148127	239	16	-0.0000972775	0.000000078892
17	63148128	64800429	552	16	0.0000514634	0.000000216700
17	64800430	67858769	810	16	0.0000564677	0.000000271815
17	67858770	69387816	568	16	-0.0001038124	0.000000216894
17	69387817	72672202	1315	16	0.0001365037	0.000000272788
17	72672203	74375559	259	16	0.0001673568	0.000000121366
17	74375560	76263412	654	16	0.0002573702	0.000000288565
17	76263413	77298635	398	16	0.0000481692	0.000000212096
17	77298636	78837587	489	16	0.0000875975	0.000000226189
17	78837588	80034407	184	16	0.0000798769	0.000000088382
17	80034408	81194907	215	16	0.0002624123	0.000000115705
18	10644	912485	362	16	-0.0000805177	0.000000163682
18	912486	1942910	358	16	0.0001068398	0.000000132841
18	1942911	3891657	710	16	0.0000566165	0.000000272601
18	3891658	5834179	760	16	-0.0000535552	0.000000266205
18	5834180	7090484	509	16	0.0000976724	0.000000244334
18	7090485	8498930	559	16	0.0000011038	0.000000246514
18	8498931	11075912	1179	16	0.0000587639	0.000000271269
18	11075913	11905439	240	16	0.0000608531	0.000000112105
18	11905440	14440798	673	16	0.0001438530	0.000000272103
18	14440799	19485843	139	15	0.0001373328	0.000000054840
18	19485844	20649471	283	16	0.0000040988	0.000000101184
18	20649472	22996650	734	16	0.0001014376	0.000000264672
18	22996651	24026190	294	16	-0.0000076916	0.000000116127
18	24026191	25927681	751	16	0.0002130139	0.000000271099
18	25927682	26875586	242	16	0.0001621931	0.000000088982
18	26875587	27866477	265	16	-0.0001443608	0.000000074523
18	27866478	30264065	790	16	0.0001841366	0.000000267782
18	30264066	31780066	328	16	-0.0000141404	0.000000110922
18	31780067	33861963	529	16	0.0000545516	0.000000195538
18	33861964	35075249	456	16	-0.0000001789	0.000000180694
18	35075250	36365489	480	16	0.0001538154	0.000000160786
18	36365490	37684366	338	16	0.0002510932	0.000000117782
18	37684367	39892647	740	16	-0.0000330226	0.000000244589
18	39892648	42922105	887	16	-0.0000230911	0.000000255917
18	42922106	44299245	604	16	-0.0000218706	0.000000249108
18	44299246	45939731	553	16	0.0002113561	0.000000242874
18	45939732	47730583	669	16	-0.0000572008	0.000000263673
18	47730584	51062184	1108	16	-0.0000658463	0.000000253229
18	51062185	51554174	170	15	-0.0000084514	0.000000050317
18	51554175	55213837	1053	16	0.0001261709	0.000000266136
18	55213838	56530219	536	16	0.0000634481	0.000000242182
18	56530220	57630482	560	16	0.0003733325	0.000000274120
18	57630483	59020750	371	16	0.0002061121	0.000000161785
18	59020751	60277714	501	16	0.0000848470	0.000000207517
18	60277715	61820251	494	16	0.0001151099	0.000000202947
18	61820252	63463401	501	16	0.0000209618	0.000000174885
18	63463402	64252800	230	16	0.0000260363	0.000000072858
18	64252801	66125816	700	16	0.0000917388	0.000000263802
18	66125817	67175819	310	16	-0.0000514198	0.000000124816
18	67175820	68621178	429	16	-0.0001824213	0.000000182360
18	68621179	69621617	375	16	0.0002645097	0.000000167515
18	69621618	71038473	548	16	0.0003528386	0.000000249359
18	71038474	71971461	477	16	0.0001281458	0.000000238996
18	71971462	73526986	616	16	0.0004017665	0.000000292472
18	73526987	74813814	566	16	0.0000016480	0.000000259535
18	74813815	75976316	572	16	0.0002326247	0.000000263493
18	75976317	77149990	399	16	0.0000659362	0.000000149583
18	77149991	78017157	237	16	0.0000507462	0.000000101118
19	80840	610728	87	16	0.0002730762	0.000000065614
19	610729	2098395	234	16	0.0000343791	0.000000142815
19	2098396	3019659	188	16	0.0000796933	0.000000099186
19	3019660	4348966	223	16	0.0000100085	0.000000119179
19	4348967	5811851	331	16	0.0003643900	0.000000185646
19	5811852	6684884	170	16	0.0003329405	0.000000099400
19	6684885	8347512	384	16	0.0002533187	0.000000203716
19	8347513	9238392	151	16	-0.0000304490	0.000000064134
19	9238393	11284027	325	16	0.0001803739	0.000000129555
19	11284028	13471126	302	16	0.0001873297	0.000000133903
19	13471127	14486346	173	16	0.0000400716	0.000000075237
19	14486347	15648609	287	16	0.0000563580	0.000000122750
19	15648610	16374415	276	16	0.0005191096	0.000000127187
19	16374416	18409861	375	16	0.0000490498	0.000000184193
19	18409862	19877470	218	16	0.0000853949	0.000000095446
19	19877471	20905756	114	16	0.0002818955	0.000000064293
19	20905757	22732895	284	16	0.0002763809	0.000000107899
19	22732896	23467745	121	13	-0.0000426443	0.000000034852
19	23467746	28557892	252	16	0.0001475276	0.000000086346
19	28557893	29790946	445	16	0.0001454976	0.000000175737
19	29790947	30727953	323	16	0.0001069641	0.000000134536
19	30727954	32746519	625	16	0.0001504330	0.000000265066
19	32746520	34262951	416	16	-0.0000246998	0.000000184976
19	34262952	36469294	526	16	0.0002417853	0.000000249920
19	36469295	37527032	180	16	0.0000055747	0.000000051849
19	37527033	40170618	492	16	0.0002509286	0.000000204549
19	40170619	40984600	155	16	0.0001087593	0.000000068755
19	40984601	42131572	222	16	0.0000711092	0.000000099940
19	42131573	43862454	124	16	0.0002181306	0.000000068431
19	43862455	44744107	230	16	0.0000820484	0.000000094087
19	44744108	46102696	270	16	0.0000982247	0.000000128482
19	46102697	47150081	212	16	0.0003026514	0.000000120832
19	47150082	49282226	461	16	0.0000941600	0.000000216199
19	49282227	51532566	443	16	0.0000943674	0.000000232815
19	51532567	52985289	517	16	-0.0000125329	0.000000233021
19	52985290	54602361	430	16	0.0003431235	0.000000250566
19	54602362	55728079	251	16	0.0001452058	0.000000131445
19	55728080	57521334	543	16	0.0001194241	0.000000273589
19	57521335	59118838	404	16	0.0000706297	0.000000176513
20	60479	697599	234	16	-0.0001144671	0.000000104694
20	697600	2469500	906	16	0.0000186656	0.000000269322
20	2469501	3828412	402	16	0.0000321109	0.000000175913
20	3828413	5477849	727	16	0.0000409017	0.000000265269
20	5477850	7084072	689	16	0.0003248816	0.000000280783
20	7084073	8117010	392	16	0.0001833304	0.000000145416
20	8117011	9730920	720	16	0.0002613925	0.000000270780
20	9730921	11249535	691	16	-0.0000959053	0.000000251042
20	11249536	12447498	489	16	0.0002133396	0.000000179792
20	12447499	13689863	526	16	-0.0000329041	0.000000206321
20	13689864	15958358	947	16	0.0000378970	0.000000262688
20	15958359	17487231	886	16	0.0001184156	0.000000263868
20	17487232	18972202	562	16	0.0000478828	0.000000231897
20	18972203	20959709	832	16	0.0003071455	0.000000279405
20	20959710	22491455	375	16	0.0002831860	0.000000134127
20	22491456	23293789	327	16	0.0000735618	0.000000123391
20	23293790	24717723	483	16	-0.0001565390	0.000000170185
20	24717724	25344230	185	16	0.0000357657	0.000000060497
20	25344231	31614822	471	16	-0.0000740772	0.000000151955
20	31614823	32813440	221	16	0.0003251330	0.000000099363
20	32813441	34960445	337	16	0.0003001437	0.000000112737
20	34960446	36909529	435	16	0.0005199490	0.000000184098
20	36909530	38436760	453	16	0.0000794417	0.000000163076
20	38436761	39610855	445	16	0.0001188621	0.000000192245
20	39610856	40585688	237	16	0.0004091657	0.000000115242
20	40585689	41615459	558	16	0.0004029356	0.000000278055
20	41615460	42680175	361	16	0.0004132709	0.000000181130
20	42680176	44839055	598	16	0.0000330179	0.000000242103
20	44839056	47199979	974	16	0.0001948303	0.000000273297
20	47199980	49239657	659	16	-0.0000628514	0.000000249923
20	49239658	52472548	1261	16	-0.0000280051	0.000000257656
20	52472549	54055265	587	16	0.0001081956	0.000000262877
20	54055266	56447958	1074	16	0.0001103170	0.000000271589
20	56447959	58406571	814	16	0.0001914547	0.000000276288
20	58406572	59561723	527	16	0.0000481962	0.000000213325
20	59561724	61301854	672	16	-0.0000981271	0.000000270872
20	61301855	62190179	257	16	0.0000758685	0.000000124983
20	62190180	62965162	166	16	-0.0000455014	0.000000091153
21	9411243	15950981	263	16	0.0002150113	0.000000124665
21	15950982	18053164	632	16	0.0000837542	0.000000270158
21	18053165	19480374	424	16	0.0000894997	0.000000194795
21	19480375	20962338	585	16	0.0000029023	0.000000258945
21	20962339	22072763	350	16	0.0000740559	0.000000148064
21	22072764	23362874	504	16	0.0000846354	0.000000201175
21	23362875	24696230	347	16	0.0001129408	0.000000138718
21	24696231	26469121	633	16	0.0004554123	0.000000273298
21	26469122	27271018	206	16	0.0000441400	0.000000080359
21	27271019	29125225	825	16	0.0003215703	0.000000276706
21	29125226	31197024	652	16	0.0001243523	0.000000230229
21	31197025	32668641	406	16	-0.0000144374	0.000000131145
21	32668642	34376998	592	16	0.0001690412	0.000000258829
21	34376999	35225464	241	16	0.0002676933	0.000000119120
21	35225465	36524372	512	16	0.0002162790	0.000000249424
21	36524373	37870778	486	16	-0.0000578104	0.000000185113
21	37870779	38711703	280	16	0.0000496511	0.000000097589
21	38711704	40482901	789	16	0.0000565757	0.000000263841
21	40482902	41389526	450	16	-0.0000038765	0.000000167378
21	41389527	43321527	918	16	0.0000202358	0.000000265866
21	43321528	44506267	573	16	0.0000793523	0.000000257418
21	44506268	46177104	467	16	0.0001511943	0.000000229478
21	46177105	47492225	434	16	0.0004621311	0.000000209317
21	47492226	48119751	140	16	0.0001316965	0.000000065158
22	16050408	17674294	181	16	0.0001312820	0.000000097388
22	17674295	18296087	241	16	0.0000450171	0.000000112843
22	18296088	19912357	458	16	0.0001914296	0.000000212195
22	19912358	22357324	498	16	0.0001873686	0.000000202118
22	22357325	23712646	283	16	0.0000653932	0.000000124764
22	23712647	24984203	312	16	0.0001916028	0.000000125885
22	24984204	26791627	673	16	0.0000519399	0.000000268548
22	26791628	27834751	704	16	0.0000273250	0.000000275459
22	27834752	29651798	528	16	0.0006628049	0.000000286907
22	29651799	31439917	434	16	0.0001802532	0.000000172753
22	31439918	32664985	290	16	0.0001495003	0.000000115445
22	32664986	34494913	871	16	0.0000327349	0.000000268699
22	34494914	35530984	482	16	0.0000537033	0.000000160944
22	35530985	37570268	721	16	0.0000099780	0.000000269366
22	37570269	39307893	446	16	0.0000667338	0.000000205950
22	39307894	40545796	297	16	0.0000294235	0.000000131914
22	40545797	42690817	381	16	0.0001519126	0.000000131841
22	42690818	43714199	336	16	0.0002078784	0.000000156036
22	43714200	44995307	635	16	0.0002901024	0.000000281876
22	44995308	46470494	549	16	0.0000861235	0.000000274368
22	46470495	47596317	404	16	0.0000181682	0.000000184698
22	47596318	48903702	729	16	0.0000684977	0.000000269671
22	48903703	49824533	591	16	-0.0000700485	0.000000260215
22	49824534	51243297	319	16	-0.0000582549	0.000000141081
