chr	start	end	num_snp	k	local_h2g	var
1	10583	1892606	80	17	0.0001316974	0.000000008511
1	1892607	3582735	370	40	0.0001006178	0.000000025536
1	3582736	4380810	241	40	0.0000988026	0.000000016578
1	4380811	5913892	858	40	-0.0000258961	0.000000030381
1	5913893	7247334	365	40	0.0000970969	0.000000020196
1	7247335	9365198	644	40	0.0003040442	0.000000037122
1	9365199	10806983	300	40	-0.0000097908	0.000000013538
1	10806984	11777840	220	40	0.0000530918	0.000000013482
1	11777841	12779465	196	40	0.0003011329	0.000000017308
1	12779466	14891510	571	40	0.0001410390	0.000000033375
1	14891511	16897729	597	40	0.0000829386	0.000000030777
1	16897730	18662898	571	40	0.0000479116	0.000000030461
1	18662899	20469148	632	40	0.0002356620	0.000000037219
1	20469149	21736587	395	40	0.0001101744	0.000000021495
1	21736588	23086882	447	40	0.0002713082	0.000000030039
1	23086883	23920589	182	26	0.0005234771	0.000000019995
1	23920590	25516844	447	40	0.0000388823	0.000000024594
1	25516845	27401866	312	40	0.0000005510	0.000000013944
1	27401867	30161880	488	40	0.0001121994	0.000000024703
1	30161881	32438684	871	40	0.0002030446	0.000000034852
1	32438685	34799757	610	40	0.0001182978	0.000000032168
1	34799758	37549182	512	40	0.0001833417	0.000000028651
1	37549183	38731846	324	40	0.0001517011	0.000000018717
1	38731847	40200566	392	40	0.0001003216	0.000000021398
1	40200567	41975326	499	40	0.0001338474	0.000000024426
1	41975327	43758456	487	40	0.0004454746	0.000000029750
1	43758457	44969182	304	34	0.0000324087	0.000000013736
1	44969183	46899500	372	37	0.0000109436	0.000000013245
1	46899501	48002575	258	32	0.0001321583	0.000000013958
1	48002576	48978187	332	40	0.0000055713	0.000000015953
1	48978188	49894176	231	28	0.0002407964	0.000000016225
1	49894177	51713725	246	25	0.0003166379	0.000000014731
1	51713726	54226261	493	40	0.0000591705	0.000000024551
1	54226262	56413116	742	40	0.0000765443	0.000000031477
1	56413117	57021727	247	29	0.0000706698	0.000000011124
1	57021728	58865398	828	40	0.0001307599	0.000000033805
1	58865399	59890408	356	40	0.0001116484	0.000000017950
1	59890409	61922364	634	40	0.0001342707	0.000000033235
1	61922365	63455088	435	40	0.0000189761	0.000000020880
1	63455089	65041703	619	40	0.0000856232	0.000000026561
1	65041704	66939403	606	40	0.0001789787	0.000000029362
1	66939404	68477894	635	40	0.0000754766	0.000000026269
1	68477895	69687615	371	40	0.0001412923	0.000000020459
1	69687616	71372469	493	40	0.0000521531	0.000000022995
1	71372470	71684404	79	10	-0.0000064105	0.000000002687
1	71684405	74326906	510	40	0.0003352055	0.000000024364
1	74326907	76728134	654	40	0.0003093913	0.000000030363
1	76728135	79661197	887	40	0.0004651226	0.000000040846
1	79661198	81354190	470	40	0.0001365694	0.000000023734
1	81354191	83991747	942	40	0.0001680801	0.000000034178
1	83991748	84844494	311	36	0.0000935109	0.000000014427
1	84844495	86454750	597	40	0.0001348938	0.000000030108
1	86454751	88128630	519	40	0.0001395290	0.000000027188
1	88128631	90066302	489	40	0.0000065403	0.000000021437
1	90066303	91886316	543	40	-0.0000123580	0.000000023848
1	91886317	93536458	461	40	0.0001233999	0.000000020872
1	93536459	94506190	226	25	0.0001523027	0.000000012206
1	94506191	96150892	611	40	0.0002249596	0.000000031945
1	96150893	97885248	580	40	0.0004609491	0.000000030864
1	97885249	99800603	623	40	0.0000656834	0.000000026466
1	99800604	100826404	302	36	0.0000632645	0.000000013554
1	100826405	102041015	426	40	0.0000871116	0.000000020207
1	102041016	102898744	274	36	0.0001075000	0.000000014342
1	102898745	103914210	182	21	0.0001503397	0.000000010406
1	103914211	106087841	454	40	0.0002140497	0.000000024514
1	106087842	108409664	703	40	0.0002036062	0.000000035107
1	108409665	110303930	403	40	0.0005278531	0.000000027029
1	110303931	111741736	516	40	0.0001905340	0.000000030360
1	111741737	113273305	630	40	0.0004055559	0.000000037923
1	113273306	114873844	474	40	0.0000822028	0.000000023552
1	114873845	115880592	309	36	0.0000070180	0.000000012488
1	115880593	118839066	751	40	0.0000995471	0.000000033215
1	118839067	144977493	472	40	0.0000690836	0.000000020393
1	144977494	148361252	376	40	0.0001875434	0.000000020901
1	148361253	151538880	252	28	0.0004212162	0.000000019477
1	151538881	153180828	415	40	0.0000127568	0.000000016615
1	153180829	154770402	373	40	0.0001401907	0.000000020172
1	154770403	156336132	218	33	0.0001315998	0.000000013797
1	156336133	158027411	489	40	0.0001638193	0.000000026360
1	158027412	159913047	568	40	0.0000021900	0.000000027801
1	159913048	162346720	654	40	0.0000213709	0.000000029202
1	162346721	165191701	1130	40	0.0001542448	0.000000033782
1	165191702	166460516	501	40	0.0000634383	0.000000025943
1	166460517	169086323	1028	40	0.0001100027	0.000000033967
1	169086324	170557775	442	40	0.0000301538	0.000000018150
1	170557776	173097906	767	40	0.0003048242	0.000000036639
1	173097907	175089767	382	31	0.0001945617	0.000000015371
1	175089768	177433380	727	40	0.0002716277	0.000000035968
1	177433381	178944308	415	40	0.0006315655	0.000000029383
1	178944309	178954469	2	1	-0.0000016377	0.000000000112
1	178954470	181144120	653	40	0.0001119737	0.000000030474
1	181144121	182755355	563	40	0.0001644494	0.000000030751
1	182755356	184595512	561	40	0.0002600895	0.000000029090
1	184595513	186810022	462	40	0.0000805407	0.000000020688
1	186810023	188759944	604	40	0.0002098081	0.000000028733
1	188759945	189904129	222	18	0.0000984558	0.000000009446
1	189904130	191868929	529	40	0.0000860555	0.000000019721
1	191868930	194107441	568	40	0.0000158403	0.000000023266
1	194107442	196176200	578	40	-0.0000361257	0.000000020321
1	196176201	197311513	166	14	0.0001385389	0.000000009008
1	197311514	199239883	496	40	0.0002083477	0.000000025405
1	199239884	200137648	297	36	0.0001202308	0.000000015757
1	200137649	201589974	599	40	0.0001005019	0.000000031774
1	201589975	203334733	526	40	0.0004082183	0.000000035898
1	203334734	204681067	411	40	0.0001565753	0.000000024076
1	204681068	206073264	476	40	0.0001044168	0.000000025283
1	206073265	208410363	527	40	0.0001118981	0.000000028411
1	208410364	210787749	878	40	0.0002676526	0.000000036696
1	210787750	212842329	655	40	0.0002513603	0.000000036036
1	212842330	214578265	552	40	0.0001150353	0.000000029628
1	214578266	216243633	558	40	0.0003270478	0.000000032507
1	216243634	218705512	1050	40	0.0000323348	0.000000030763
1	218705513	219590570	275	34	0.0001772967	0.000000015315
1	219590571	221858230	625	40	0.0005120244	0.000000036746
1	221858231	222230219	170	21	0.0000255779	0.000000008917
1	222230220	224938519	437	40	0.0000891622	0.000000023093
1	224938520	226810859	450	40	0.0001191723	0.000000022992
1	226810860	229156247	603	40	0.0001045389	0.000000029087
1	229156248	230685254	451	40	0.0001349213	0.000000024891
1	230685255	232090251	523	40	0.0002082421	0.000000029949
1	232090252	233429283	571	40	0.0001096677	0.000000031943
1	233429284	234599433	508	40	0.0000522258	0.000000026801
1	234599434	235819435	349	40	0.0001852481	0.000000023034
1	235819436	237555627	640	40	0.0001188078	0.000000034223
1	237555628	238567806	396	40	0.0000202306	0.000000020543
1	238567807	239925313	483	40	0.0000849571	0.000000026132
1	239925314	240564090	325	40	0.0001424094	0.000000019439
1	240564091	241582219	498	40	0.0000752125	0.000000030707
1	241582220	242071601	191	36	0.0000726219	0.000000012477
1	242071602	244109498	613	40	0.0002188107	0.000000034163
1	244109499	245506745	490	40	0.0001101762	0.000000030472
1	245506746	247344517	668	40	0.0000851816	0.000000033461
1	247344518	249239465	342	40	0.0002351183	0.000000023657
2	10133	1781021	575	40	0.0007719669	0.000000042019
2	1781022	3973778	908	40	0.0000830299	0.000000032579
2	3973779	5708336	613	40	0.0001704709	0.000000034031
2	5708337	6836253	556	40	0.0001519630	0.000000028666
2	6836254	8422146	639	40	0.0000565922	0.000000031704
2	8422147	10298468	604	40	0.0001341772	0.000000034319
2	10298469	12419149	890	40	0.0001530929	0.000000034497
2	12419150	14335307	573	40	-0.0000345097	0.000000025214
2	14335308	16329734	714	40	-0.0000419779	0.000000029150
2	16329735	18647422	818	40	0.0000903559	0.000000032375
2	18647423	19692403	376	40	0.0001241025	0.000000020470
2	19692404	21050489	587	40	0.0001855293	0.000000031366
2	21050490	23341382	555	40	0.0000666083	0.000000026977
2	23341383	24686917	396	40	0.0000842082	0.000000020219
2	24686918	26894984	460	40	0.0003357025	0.000000027941
2	26894985	28598776	250	27	0.0004990873	0.000000017417
2	28598777	29217558	202	28	0.0001164740	0.000000011541
2	29217559	30463710	594	40	0.0001538953	0.000000033344
2	30463711	31550449	478	40	0.0002044420	0.000000029991
2	31550450	33363776	445	40	0.0001786951	0.000000028037
2	33363777	35345027	766	40	-0.0000082920	0.000000030326
2	35345028	36122005	290	30	0.0000121691	0.000000013801
2	36122006	38132711	869	40	0.0001402327	0.000000033315
2	38132712	39031336	301	37	0.0000766156	0.000000018143
2	39031337	40281482	282	30	0.0000471093	0.000000015489
2	40281483	43309589	1208	40	0.0001338015	0.000000032077
2	43309590	44313802	261	39	0.0001561043	0.000000015003
2	44313803	46482633	1004	40	0.0001106650	0.000000032399
2	46482634	47318771	373	40	0.0001247408	0.000000024472
2	47318772	48213000	277	40	0.0000835604	0.000000018632
2	48213001	50022256	669	40	0.0001215684	0.000000032892
2	50022257	50818927	321	33	0.0001867327	0.000000019946
2	50818928	52491132	631	40	0.0000652560	0.000000031014
2	52491133	53508451	456	40	-0.0000444878	0.000000021238
2	53508452	54685225	396	40	0.0001420176	0.000000023421
2	54685226	56203344	545	40	0.0001442849	0.000000030066
2	56203345	57429099	415	40	0.0002320357	0.000000025722
2	57429100	58297314	270	28	0.0002358598	0.000000018211
2	58297315	60291999	719	40	0.0004324370	0.000000038553
2	60292000	62429043	531	40	0.0000544940	0.000000027919
2	62429044	64625912	542	40	0.0002366497	0.000000031229
2	64625913	65933443	431	40	0.0002181092	0.000000026183
2	65933444	67226165	533	40	0.0002173704	0.000000028840
2	67226166	68010175	405	40	0.0000018340	0.000000018997
2	68010176	69139563	437	40	0.0000103958	0.000000020526
2	69139564	70755197	472	40	0.0001082812	0.000000023010
2	70755198	73174847	719	40	0.0001005411	0.000000033310
2	73174848	75630085	641	40	0.0001105782	0.000000033849
2	75630086	76913660	495	40	0.0001082567	0.000000026335
2	76913661	78079263	382	40	0.0002599251	0.000000026675
2	78079264	80050402	812	40	0.0001504927	0.000000033608
2	80050403	81620840	563	40	0.0001224844	0.000000031741
2	81620841	85140679	867	40	0.0001388937	0.000000028699
2	85140680	88038506	532	40	0.0001144748	0.000000025637
2	88038507	89154525	221	29	0.0001383450	0.000000012481
2	89154526	95326451	0	0	-0.0001080105	0.000000000000
2	95326452	98995200	366	37	0.0000649267	0.000000016676
2	98995201	101822328	817	40	0.0002653708	0.000000035879
2	101822329	102688764	232	29	0.0000551548	0.000000010595
2	102688765	103588214	355	34	0.0000653532	0.000000013823
2	103588215	105125033	303	40	0.0001116568	0.000000016035
2	105125034	106210057	393	40	0.0000761538	0.000000020547
2	106210058	107408266	440	40	0.0000521101	0.000000020810
2	107408267	108429176	345	40	0.0000533165	0.000000014182
2	108429177	110572431	495	40	0.0000701696	0.000000023114
2	110572432	113921855	701	40	0.0001424349	0.000000033329
2	113921856	116772469	731	40	0.0000688168	0.000000031941
2	116772470	118367465	401	38	0.0001158338	0.000000017532
2	118367466	121303782	924	40	0.0000395355	0.000000031116
2	121303783	123302905	550	40	0.0000741932	0.000000027676
2	123302906	124732249	421	40	0.0001667521	0.000000019215
2	124732250	125840920	376	40	0.0001937760	0.000000020455
2	125840921	127373763	406	37	0.0002850887	0.000000020247
2	127373764	128034346	258	40	0.0000974863	0.000000014570
2	128034347	129474440	377	40	-0.0000395639	0.000000015820
2	129474441	130067169	220	26	0.0000063583	0.000000008949
2	130067170	130658084	199	26	0.0000341212	0.000000009783
2	130658085	133042783	202	34	0.0001197316	0.000000013828
2	133042784	135158577	889	40	0.0000630122	0.000000031777
2	135158578	137042793	396	38	0.0001724073	0.000000018707
2	137042794	138698116	575	40	0.0001145851	0.000000027960
2	138698117	140100270	426	40	0.0000248200	0.000000015385
2	140100271	141805350	547	40	0.0000179247	0.000000025998
2	141805351	142518601	295	33	0.0000726826	0.000000015819
2	142518602	144519483	628	40	0.0001201592	0.000000029921
2	144519484	146445569	425	40	0.0002650720	0.000000024983
2	146445570	147277161	146	15	0.0000761340	0.000000007947
2	147277162	150210291	645	40	0.0001899055	0.000000029244
2	150210292	151731461	465	40	0.0001851263	0.000000025059
2	151731462	152486781	253	28	0.0000415608	0.000000011359
2	152486782	154005055	445	40	0.0001165084	0.000000022889
2	154005056	155391134	479	40	0.0002104342	0.000000026823
2	155391135	157560634	544	40	0.0001815568	0.000000027315
2	157560635	158533217	156	25	0.0000442180	0.000000009602
2	158533218	159577081	317	38	0.0000895596	0.000000016627
2	159577082	161769732	647	40	0.0000908229	0.000000028981
2	161769733	163503550	374	35	0.0000439477	0.000000014390
2	163503551	164466637	193	23	0.0001363875	0.000000011805
2	164466638	165178839	163	20	0.0000750388	0.000000009161
2	165178840	167160269	557	40	0.0005134382	0.000000034148
2	167160270	167355969	61	9	0.0000055571	0.000000003084
2	167355970	169968235	760	40	-0.0000122970	0.000000029078
2	169968236	171226244	428	40	0.0000312480	0.000000021035
2	171226245	173138904	525	40	0.0003070862	0.000000031786
2	173138905	175588928	775	40	0.0001482604	0.000000033943
2	175588929	177363635	502	40	0.0000746304	0.000000023850
2	177363636	178553182	440	40	0.0001346215	0.000000020464
2	178553183	181312738	879	40	0.0000832139	0.000000031753
2	181312739	182266030	296	32	0.0002546054	0.000000017668
2	182266031	184357607	567	40	0.0001624428	0.000000029585
2	184357608	185280172	227	25	0.0000387725	0.000000010312
2	185280173	189882064	897	40	0.0000995105	0.000000031884
2	189882065	191973356	441	40	0.0001622086	0.000000022123
2	191973357	195861163	691	40	0.0000555824	0.000000031969
2	195861164	196447455	150	20	0.0000259148	0.000000007412
2	196447456	198078109	400	40	0.0000533025	0.000000016743
2	198078110	199311124	288	25	0.0001938065	0.000000014169
2	199311125	201576283	594	40	0.0001097359	0.000000027543
2	201576284	202818636	259	34	0.0001618886	0.000000015644
2	202818637	205799240	630	40	0.0002134404	0.000000033231
2	205799241	206735703	380	40	-0.0000426735	0.000000019822
2	206735704	208645398	595	40	0.0002673614	0.000000035411
2	208645399	209941528	305	39	0.0000981132	0.000000016962
2	209941529	212379517	688	40	0.0002991680	0.000000036272
2	212379518	214014281	610	40	0.0000849806	0.000000031778
2	214014282	215573794	430	40	0.0001240623	0.000000022725
2	215573795	217715660	734	40	0.0000702834	0.000000032823
2	217715661	218395479	268	36	0.0001721471	0.000000017510
2	218395480	220454550	464	40	0.0001677658	0.000000025295
2	220454551	222521175	832	40	0.0001127802	0.000000033025
2	222521176	224859418	736	40	0.0000757470	0.000000032560
2	224859419	225840003	316	35	0.0000283145	0.000000013273
2	225840004	228119841	666	40	0.0003950087	0.000000034886
2	228119842	229370786	420	40	0.0003485975	0.000000025956
2	229370787	231843388	855	40	0.0001232877	0.000000033572
2	231843389	233550002	420	40	0.0000309446	0.000000019386
2	233550003	235150986	674	40	0.0000915536	0.000000032671
2	235150987	236043549	408	40	0.0000500878	0.000000024745
2	236043550	237449031	437	40	0.0001666536	0.000000025194
2	237449032	238760980	482	40	0.0002201504	0.000000028085
2	238760981	239952642	391	40	0.0002497312	0.000000025635
2	239952643	241560083	601	40	0.0001344409	0.000000034657
2	241560084	242149920	168	28	0.0001753971	0.000000012071
2	242149921	243188919	108	15	0.0001099018	0.000000008612
3	60157	1441778	588	40	0.0000653549	0.000000032152
3	1441779	2992119	870	40	0.0000933638	0.000000033088
3	2992120	4431646	713	40	0.0000537466	0.000000032206
3	4431647	6083182	738	40	0.0001125968	0.000000034380
3	6083183	7083386	418	40	0.0001856426	0.000000027214
3	7083387	8648560	832	40	0.0001513544	0.000000033087
3	8648561	9543182	445	40	0.0001700863	0.000000029813
3	9543183	11019664	512	40	0.0000593744	0.000000030288
3	11019665	13070798	641	40	0.0002828149	0.000000035997
3	13070799	14816899	721	40	0.0001932797	0.000000035798
3	14816900	16282441	425	40	0.0000960823	0.000000020195
3	16282442	17891117	471	40	0.0001601548	0.000000024965
3	17891118	19125143	333	40	0.0001570794	0.000000019283
3	19125144	20091347	179	24	0.0000223488	0.000000010557
3	20091348	21643706	618	40	0.0000866634	0.000000032083
3	21643707	22204243	381	40	0.0001239782	0.000000022614
3	22204244	23804864	525	40	0.0001680434	0.000000029891
3	23804865	25461557	715	40	0.0001281250	0.000000032661
3	25461558	26877768	449	40	0.0001445778	0.000000023737
3	26877769	27840909	243	30	-0.0000124282	0.000000011920
3	27840910	29142259	442	40	0.0002004133	0.000000026728
3	29142260	30717954	651	40	0.0001715529	0.000000034135
3	30717955	32351714	621	40	0.0002108517	0.000000035209
3	32351715	33255591	259	40	0.0000086207	0.000000014697
3	33255592	35283457	565	40	0.0000906164	0.000000027121
3	35283458	36486841	394	40	0.0001332066	0.000000021144
3	36486842	38356115	527	40	0.0001498386	0.000000027213
3	38356116	40221297	526	40	0.0000813416	0.000000023222
3	40221298	41064527	139	16	0.0001074003	0.000000009161
3	41064528	42540001	419	40	0.0003469860	0.000000027229
3	42540002	45165152	630	40	0.0001254275	0.000000029608
3	45165153	46657499	462	40	0.0000551746	0.000000022178
3	46657500	47727211	126	15	0.0001050880	0.000000007351
3	47727212	49316971	182	12	0.0000775187	0.000000006357
3	49316972	51832014	375	22	0.0000472345	0.000000009695
3	51832015	54081389	437	40	0.0002123943	0.000000023677
3	54081390	55348859	626	40	0.0001161588	0.000000033275
3	55348860	56433906	362	40	0.0001913052	0.000000022090
3	56433907	58157518	464	40	0.0002586359	0.000000025859
3	58157519	60272905	927	40	0.0001498816	0.000000033698
3	60272906	62355665	963	40	0.0000772609	0.000000032576
3	62355666	63669285	634	40	0.0003052472	0.000000037612
3	63669286	65273537	713	40	0.0000791520	0.000000031689
3	65273538	66270446	338	40	0.0001013158	0.000000021651
3	66270447	68286913	606	40	0.0000238333	0.000000031064
3	68286914	69276761	348	40	0.0001447559	0.000000021589
3	69276762	70449027	377	40	0.0000064395	0.000000019527
3	70449028	72529328	761	40	0.0003255429	0.000000037395
3	72529329	74321816	689	40	0.0001135909	0.000000032936
3	74321817	75704948	264	31	0.0000934268	0.000000014347
3	75704949	77508834	482	40	0.0002403951	0.000000028500
3	77508835	79024540	380	40	0.0003392049	0.000000024920
3	79024541	81427309	490	40	0.0002800821	0.000000023090
3	81427310	82643885	288	27	0.0002646598	0.000000016080
3	82643886	84367478	311	32	0.0001044243	0.000000014900
3	84367479	85582230	253	22	0.0001984317	0.000000014064
3	85582231	87409731	422	39	0.0004114671	0.000000024693
3	87409732	88298372	176	19	0.0002405992	0.000000012183
3	88298373	94255315	435	40	0.0003660690	0.000000025305
3	94255316	95311970	215	18	0.0000453065	0.000000008607
3	95311971	98215949	545	40	0.0001327551	0.000000023832
3	98215950	99373761	308	38	0.0001716007	0.000000016512
3	99373762	100592216	307	28	0.0000252860	0.000000010911
3	100592217	103084959	617	40	0.0000012972	0.000000025260
3	103084960	104581612	416	40	0.0001389810	0.000000020422
3	104581613	106982810	697	40	0.0002342175	0.000000036268
3	106982811	109522394	692	40	0.0002755222	0.000000035968
3	109522395	110513769	247	25	0.0000794669	0.000000010350
3	110513770	112815698	629	40	0.0002400423	0.000000032733
3	112815699	113947862	318	40	0.0001007268	0.000000016797
3	113947863	115447079	397	40	0.0001783961	0.000000024518
3	115447080	116800152	513	40	0.0001075112	0.000000025566
3	116800153	118530250	563	40	0.0001611829	0.000000030678
3	118530251	120523054	596	40	0.0000133096	0.000000023954
3	120523055	121974096	336	34	0.0000690782	0.000000012985
3	121974097	123517767	430	40	0.0000739051	0.000000019684
3	123517768	124936641	552	40	0.0002126154	0.000000029991
3	124936642	126214942	342	40	0.0002718309	0.000000021510
3	126214943	128194860	619	40	0.0000657824	0.000000029068
3	128194861	130244734	368	40	0.0003976902	0.000000025356
3	130244735	131836515	500	40	0.0000360127	0.000000021644
3	131836516	133252172	483	40	0.0001197707	0.000000022423
3	133252173	135456905	800	40	0.0000908908	0.000000032385
3	135456906	137371082	408	38	0.0000677144	0.000000016942
3	137371083	139954596	763	40	0.0002904150	0.000000035649
3	139954597	141339096	441	40	0.0008845030	0.000000039955
3	141339097	143164627	583	40	0.0002181850	0.000000032716
3	143164628	144410815	378	40	0.0000576740	0.000000018269
3	144410816	145664618	353	40	0.0001001740	0.000000015826
3	145664619	146726628	311	40	0.0000612270	0.000000015229
3	146726629	149043236	656	40	0.0001391289	0.000000033943
3	149043237	150252003	404	40	0.0001184618	0.000000023136
3	150252004	151348729	314	40	0.0002221134	0.000000020469
3	151348730	153256570	541	40	0.0002340089	0.000000029459
3	153256571	154714217	392	40	0.0001779033	0.000000018410
3	154714218	156008699	313	40	-0.0000211801	0.000000014627
3	156008700	157312027	419	40	0.0002274566	0.000000021816
3	157312028	159477889	615	40	0.0000863170	0.000000024532
3	159477890	161524503	549	40	0.0001706282	0.000000022956
3	161524504	163253204	474	40	0.0000576387	0.000000018961
3	163253205	165055468	420	35	0.0000415447	0.000000013956
3	165055469	167117428	446	40	-0.0000724876	0.000000015953
3	167117429	168580959	347	40	0.0001679454	0.000000017903
3	168580960	170964908	615	40	0.0001405857	0.000000030649
3	170964909	172295730	471	40	0.0001749965	0.000000028678
3	172295731	173477284	372	40	0.0002350668	0.000000025407
3	173477285	175116538	589	40	0.0000726676	0.000000032188
3	175116539	176320286	337	40	0.0000594744	0.000000016352
3	176320287	178107164	529	40	0.0002277320	0.000000030748
3	178107165	179374585	360	40	0.0000310993	0.000000016499
3	179374586	181511165	438	40	0.0000620347	0.000000020849
3	181511166	183769682	586	40	0.0002059492	0.000000031872
3	183769683	185068254	338	40	0.0002213182	0.000000023384
3	185068255	186890343	537	40	0.0001047934	0.000000030850
3	186890344	188856213	756	40	0.0002179042	0.000000035992
3	188856214	190226606	594	40	0.0000589671	0.000000031277
3	190226607	192343813	711	40	0.0000383533	0.000000031972
3	192343814	194059670	477	40	0.0001018667	0.000000028896
3	194059671	194786673	241	40	0.0000884784	0.000000015545
3	194786674	195971407	192	33	0.0001112063	0.000000012871
3	195971408	197075986	251	40	-0.0000065188	0.000000012647
3	197075987	197946621	168	27	0.0000837095	0.000000011017
4	10240	694714	85	12	0.0000777088	0.000000006651
4	694715	1478710	172	22	0.0001301420	0.000000011067
4	1478711	2842978	220	40	0.0001344143	0.000000016536
4	2842979	3846039	209	34	0.0001769659	0.000000016382
4	3846040	4684115	216	36	0.0002829291	0.000000018251
4	4684116	5502387	374	40	0.0001761438	0.000000025262
4	5502388	6773042	580	40	0.0001338746	0.000000036594
4	6773043	7539691	394	40	0.0001414223	0.000000028289
4	7539692	8152234	305	40	0.0001376053	0.000000021844
4	8152235	9326478	215	38	0.0000522047	0.000000013308
4	9326479	10699151	481	36	0.0001082507	0.000000021721
4	10699152	12323033	627	40	0.0000157428	0.000000030738
4	12323034	14272000	694	40	0.0001619345	0.000000033992
4	14272001	15147445	372	40	0.0000541953	0.000000019633
4	15147446	15927008	235	32	0.0001408581	0.000000015064
4	15927009	17383321	626	40	0.0000328231	0.000000031008
4	17383322	18841873	389	40	0.0001172376	0.000000020686
4	18841874	20544556	455	40	0.0000763363	0.000000019695
4	20544557	22319346	648	40	0.0001463249	0.000000032801
4	22319347	24135528	587	40	0.0000652407	0.000000028437
4	24135529	25609321	561	40	0.0000700586	0.000000030831
4	25609322	27343721	522	40	0.0000519237	0.000000028996
4	27343722	27965867	198	28	0.0001188280	0.000000012467
4	27965868	29762207	527	40	0.0001067580	0.000000025493
4	29762208	30454534	157	24	-0.0000020858	0.000000007313
4	30454535	31782980	394	40	0.0000541834	0.000000019767
4	31782981	33172765	315	37	0.0002047243	0.000000019075
4	33172766	35151414	364	32	0.0000749122	0.000000014182
4	35151415	36020435	266	33	0.0000894034	0.000000012565
4	36020436	37255046	415	40	0.0002742310	0.000000022682
4	37255047	38907021	731	40	0.0001843423	0.000000034993
4	38907022	40202608	334	40	0.0001628656	0.000000018838
4	40202609	42213057	650	40	0.0001850969	0.000000035726
4	42213058	43965044	513	40	0.0001588474	0.000000025084
4	43965045	45189156	312	38	0.0003912852	0.000000019750
4	45189157	47411895	437	40	0.0002689722	0.000000023378
4	47411896	48123599	189	24	0.0000744257	0.000000009160
4	48123600	53877432	440	39	0.0001095157	0.000000019173
4	53877433	55429555	497	40	0.0000699848	0.000000023426
4	55429556	56547643	345	40	0.0002289258	0.000000021734
4	56547644	58935007	796	40	0.0000543620	0.000000032087
4	58935008	60741086	444	40	0.0001965207	0.000000022951
4	60741087	62371762	423	40	0.0000901025	0.000000020735
4	62371763	64341000	415	40	0.0002891032	0.000000025463
4	64341001	66600491	501	40	0.0002341992	0.000000025277
4	66600492	68059496	382	40	0.0001434642	0.000000018814
4	68059497	68854764	218	29	0.0000818485	0.000000010970
4	68854765	71049151	494	40	0.0000800538	0.000000018520
4	71049152	72140557	201	26	0.0000795910	0.000000010310
4	72140558	74592389	446	40	0.0001672938	0.000000022277
4	74592390	77130706	662	40	0.0001752725	0.000000031418
4	77130707	79093978	693	40	0.0000269470	0.000000030912
4	79093979	80990296	520	40	-0.0000084750	0.000000019953
4	80990297	82125314	225	28	0.0000758618	0.000000011470
4	82125315	83372592	351	40	0.0000372853	0.000000016675
4	83372593	84799655	451	40	0.0000025407	0.000000020748
4	84799656	86930608	573	40	0.0000741570	0.000000025118
4	86930609	87534647	132	17	-0.0000264645	0.000000005038
4	87534648	89238027	476	40	0.0001724371	0.000000024118
4	89238028	90231563	282	40	0.0001486952	0.000000016418
4	90231564	91560676	330	40	0.0001360613	0.000000016838
4	91560677	94233298	558	40	0.0001604138	0.000000030243
4	94233299	96182187	577	40	0.0001726132	0.000000031826
4	96182188	97540702	485	40	-0.0000774955	0.000000021357
4	97540703	99424066	392	35	0.0000205554	0.000000014105
4	99424067	100678359	354	40	0.0000391063	0.000000016023
4	100678360	103221355	752	40	0.0000038850	0.000000030104
4	103221356	105305293	450	40	0.0001065121	0.000000020703
4	105305294	107501304	550	40	0.0001028687	0.000000024414
4	107501305	108815347	348	40	0.0000521577	0.000000015061
4	108815348	111256566	701	40	0.0001258988	0.000000033379
4	111256567	113870101	659	40	0.0001769241	0.000000033312
4	113870102	115666245	574	40	0.0000623653	0.000000029933
4	115666246	117276928	331	35	0.0001543091	0.000000015839
4	117276929	118479917	334	38	0.0001115570	0.000000016519
4	118479918	119933511	403	40	0.0001263505	0.000000018541
4	119933512	120392683	123	14	0.0000223266	0.000000005445
4	120392684	122657986	674	40	0.0001609558	0.000000033863
4	122657987	124286480	351	37	0.0004503255	0.000000023596
4	124286481	125210861	254	35	0.0000489035	0.000000012663
4	125210862	126480885	369	40	0.0000765130	0.000000019161
4	126480886	127275476	214	31	0.0000113485	0.000000010284
4	127275477	127830292	159	21	0.0001680205	0.000000011136
4	127830293	128996664	187	15	-0.0000125913	0.000000007802
4	128996665	130591884	429	40	0.0000787668	0.000000020500
4	130591885	131283820	182	22	0.0001340387	0.000000011531
4	131283821	132954032	347	40	0.0000056456	0.000000016420
4	132954033	134628433	369	38	0.0000410659	0.000000016025
4	134628434	136566406	424	40	-0.0000162953	0.000000016718
4	136566407	138541970	509	40	-0.0000543656	0.000000022697
4	138541971	139556510	347	40	0.0000769048	0.000000018424
4	139556511	141084630	475	40	0.0003071291	0.000000031250
4	141084631	143443264	670	40	0.0000723053	0.000000031214
4	143443265	146178186	462	40	0.0005763761	0.000000028966
4	146178187	148521872	579	40	0.0001636621	0.000000029591
4	148521873	150683579	516	40	0.0000756511	0.000000024653
4	150683580	152782183	478	40	0.0000886956	0.000000018695
4	152782184	154477640	478	40	0.0000260635	0.000000024944
4	154477641	155056125	184	26	0.0000148609	0.000000009044
4	155056126	157485096	731	40	0.0000612244	0.000000031146
4	157485097	158743717	312	40	0.0000977932	0.000000016521
4	158743718	161058863	499	40	0.0001497633	0.000000023103
4	161058864	161826434	260	33	-0.0000006335	0.000000012941
4	161826435	163243678	424	40	0.0001771949	0.000000022911
4	163243679	164478233	310	40	-0.0000054302	0.000000014517
4	164478234	165823447	412	40	0.0000358496	0.000000022220
4	165823448	167018857	324	40	0.0000663162	0.000000018785
4	167018858	167852916	178	26	0.0000338474	0.000000008867
4	167852917	169676824	540	40	0.0000299005	0.000000026951
4	169676825	170776509	295	36	0.0000932732	0.000000016445
4	170776510	172558634	397	40	0.0002438998	0.000000022639
4	172558635	174264131	381	40	0.0000421920	0.000000017924
4	174264132	176570715	604	40	0.0001681647	0.000000034666
4	176570716	178991909	776	40	0.0000509379	0.000000032163
4	178991910	180122042	319	40	0.0000516073	0.000000017798
4	180122043	182066806	783	40	0.0001831135	0.000000034819
4	182066807	183371274	698	40	0.0000520751	0.000000031900
4	183371275	184929454	539	40	0.0000318534	0.000000034226
4	184929455	186909089	801	40	0.0000156045	0.000000032443
4	186909090	188472980	546	40	0.0001681686	0.000000033249
4	188472981	189693510	399	40	0.0000023109	0.000000022843
4	189693511	191043593	276	40	0.0000600275	0.000000015401
5	11940	982251	184	24	0.0001258022	0.000000012028
5	982252	2132441	427	40	0.0001258490	0.000000027784
5	2132442	3361940	772	40	0.0000665394	0.000000032554
5	3361941	4632109	523	40	0.0002665533	0.000000031218
5	4632110	5973232	659	40	0.0000879419	0.000000032471
5	5973233	7143217	546	40	0.0000281366	0.000000026757
5	7143218	8446335	556	40	0.0000105505	0.000000025216
5	8446336	9718831	583	40	0.0000163921	0.000000027913
5	9718832	11173270	682	40	0.0001241849	0.000000033981
5	11173271	13464831	559	40	0.0000094425	0.000000025057
5	13464832	14757803	501	40	0.0001124793	0.000000026893
5	14757804	16963612	708	40	0.0000659465	0.000000031406
5	16963613	18051591	254	40	-0.0000091782	0.000000012910
5	18051592	19917715	534	40	-0.0000711193	0.000000020173
5	19917716	22152072	441	40	0.0001298786	0.000000020859
5	22152073	23494323	401	40	-0.0000391647	0.000000015385
5	23494324	26184850	619	40	0.0001952066	0.000000031781
5	26184851	26857603	146	22	0.0000069195	0.000000006919
5	26857604	27984512	211	32	0.0000573342	0.000000011322
5	27984513	29714819	392	40	0.0000220922	0.000000015612
5	29714820	31390248	554	40	0.0000672597	0.000000025138
5	31390249	33500179	726	40	0.0003363423	0.000000036562
5	33500180	35048969	480	40	-0.0000334583	0.000000023779
5	35048970	36433953	432	40	0.0000030978	0.000000018398
5	36433954	38802409	719	40	0.0002437178	0.000000036022
5	38802410	40287728	500	40	0.0000426505	0.000000019565
5	40287729	41888709	482	40	0.0000331507	0.000000017749
5	41888710	43983498	378	30	0.0001723938	0.000000018057
5	43983499	50163397	406	30	0.0000952223	0.000000015546
5	50163398	52134621	540	40	0.0001636251	0.000000025983
5	52134622	53703043	541	40	0.0001066028	0.000000026790
5	53703044	55417348	537	40	0.0000293940	0.000000023550
5	55417349	56621101	460	40	0.0000991322	0.000000022819
5	56621102	57340072	258	36	0.0000644193	0.000000012050
5	57340073	58524621	497	40	0.0001363058	0.000000024921
5	58524622	60935906	653	40	0.0002117891	0.000000030930
5	60935907	61672994	256	27	0.0000307245	0.000000011276
5	61672995	63218986	467	40	0.0001889990	0.000000021495
5	63218987	63968303	175	19	0.0000472477	0.000000008529
5	63968304	65911285	560	40	0.0000468161	0.000000024160
5	65911286	67850859	734	40	0.0001590107	0.000000033818
5	67850860	71240455	379	40	0.0000194552	0.000000017642
5	71240456	73759325	877	40	0.0000140754	0.000000030615
5	73759326	75798865	570	40	0.0003942827	0.000000033080
5	75798866	77623331	635	40	0.0002717916	0.000000036186
5	77623332	79393143	575	40	0.0000656932	0.000000030079
5	79393144	80481470	391	40	0.0000804462	0.000000021429
5	80481471	82025647	469	40	0.0001668325	0.000000026999
5	82025648	83972688	497	40	0.0000560136	0.000000028052
5	83972689	85767289	488	40	0.0000117869	0.000000021159
5	85767290	87389990	267	30	0.0002444340	0.000000017706
5	87389991	88891529	289	32	0.0003056123	0.000000018176
5	88891530	90422653	378	40	0.0001136008	0.000000019525
5	90422654	91840541	259	32	0.0000608116	0.000000013607
5	91840542	93809983	392	40	0.0001042208	0.000000017634
5	93809984	95963518	636	40	0.0002112428	0.000000034855
5	95963519	97315600	338	40	0.0000474804	0.000000015453
5	97315601	99260991	462	40	0.0000452925	0.000000019785
5	99260992	101578768	498	40	-0.0000435702	0.000000019163
5	101578769	103320004	455	40	0.0001177871	0.000000021616
5	103320005	104851482	402	40	0.0001629728	0.000000022350
5	104851483	105893054	169	22	0.0001697249	0.000000012867
5	105893055	107264195	538	40	0.0001618748	0.000000032069
5	107264196	108633933	363	40	0.0000365638	0.000000018214
5	108633934	110821143	590	40	0.0000423071	0.000000028216
5	110821144	111981561	399	40	-0.0000231969	0.000000019965
5	111981562	113396284	491	40	0.0002173827	0.000000028486
5	113396285	114830369	498	40	0.0000720973	0.000000023664
5	114830370	115831046	396	40	0.0002605218	0.000000024587
5	115831047	117346212	520	40	0.0001366710	0.000000030487
5	117346213	118608819	352	40	0.0000026614	0.000000018257
5	118608820	119669041	311	37	0.0000998965	0.000000017200
5	119669042	120452165	224	24	0.0001015876	0.000000013489
5	120452166	122556904	639	40	0.0002021005	0.000000034558
5	122556905	123798099	420	40	0.0002617741	0.000000025103
5	123798100	125785648	812	40	0.0002197067	0.000000035529
5	125785649	127344603	389	40	0.0000292800	0.000000018607
5	127344604	129519024	612	40	0.0000884616	0.000000026232
5	129519025	132139648	513	38	0.0000806167	0.000000019170
5	132139649	134777400	829	40	0.0001211769	0.000000033194
5	134777401	136376049	536	40	0.0000380246	0.000000022989
5	136376050	139265071	617	40	0.0003905395	0.000000031943
5	139265072	140645970	278	28	0.0001695708	0.000000014501
5	140645971	142981247	799	40	0.0001989246	0.000000035338
5	142981248	144943353	613	40	0.0002095314	0.000000029423
5	144943354	147181997	665	40	0.0002103681	0.000000035897
5	147181998	148662623	478	40	0.0001804906	0.000000026818
5	148662624	150561297	691	40	0.0001221439	0.000000033268
5	150561298	152867773	754	40	0.0000416096	0.000000031084
5	152867774	153773087	398	40	0.0002508079	0.000000020868
5	153773088	155373504	517	40	0.0000500790	0.000000025364
5	155373505	156628699	340	39	0.0001747008	0.000000017576
5	156628700	158825697	726	40	0.0002825230	0.000000034334
5	158825698	159973943	388	40	0.0000215325	0.000000020839
5	159973944	161482132	477	40	-0.0000434164	0.000000018885
5	161482133	162743907	341	40	0.0000758600	0.000000017490
5	162743908	163771581	364	40	0.0001756311	0.000000021558
5	163771582	165642394	527	40	0.0001888047	0.000000032560
5	165642395	166847739	403	40	0.0003681665	0.000000030416
5	166847740	168525317	697	40	0.0002278007	0.000000035185
5	168525318	169505663	433	40	0.0000275140	0.000000022767
5	169505664	171074291	595	40	0.0001208483	0.000000032455
5	171074292	172678326	616	40	0.0002851262	0.000000036759
5	172678327	173642870	441	40	0.0002598094	0.000000027001
5	173642871	175450594	780	40	0.0000083608	0.000000032187
5	175450595	177251506	262	40	0.0000570009	0.000000014798
5	177251507	178413463	389	40	0.0001765732	0.000000024993
5	178413464	179401243	298	40	0.0002095096	0.000000021762
5	179401244	180559932	286	40	0.0001392209	0.000000018409
5	180559933	180885155	33	8	0.0000290187	0.000000002468
6	73924	1452361	641	40	0.0000325132	0.000000031735
6	1452362	2458935	419	40	0.0002885447	0.000000027174
6	2458936	3573592	526	40	0.0000523004	0.000000029210
6	3573593	4617816	487	40	-0.0000635220	0.000000022379
6	4617817	5791471	563	40	0.0002007981	0.000000033911
6	5791472	6785206	553	40	0.0002910780	0.000000036191
6	6785207	7808935	450	40	0.0001624562	0.000000026563
6	7808936	9020025	464	40	-0.0000080878	0.000000020198
6	9020026	10540316	582	40	0.0000673161	0.000000029737
6	10540317	11790815	490	40	0.0001213629	0.000000027018
6	11790816	13209387	504	40	0.0002597514	0.000000027334
6	13209388	14802923	623	40	0.0000741561	0.000000031064
6	14802924	17386404	934	40	0.0000745558	0.000000032086
6	17386405	19207486	577	40	0.0001448670	0.000000026240
6	19207487	21684064	874	40	0.0001122139	0.000000029327
6	21684065	22748306	500	40	0.0000181287	0.000000026350
6	22748307	23936618	487	40	0.0001135859	0.000000028413
6	23936619	24852274	331	40	0.0000404438	0.000000018780
6	24852275	25684586	365	40	0.0000538528	0.000000016129
6	25684587	26791232	301	29	0.0004667200	0.000000017473
6	26791233	28017818	203	16	0.0001398318	0.000000008507
6	28017819	28917607	243	18	0.0001883530	0.000000009660
6	28917608	29737970	484	30	0.0001955787	0.000000015079
6	29737971	30798167	811	40	0.0002437379	0.000000019909
6	30798168	31571217	668	40	0.0003040271	0.000000020444
6	31571218	32682663	509	39	0.0002572657	0.000000016902
6	32682664	33236496	527	40	0.0002173130	0.000000017139
6	33236497	35455755	598	40	0.0008472395	0.000000044039
6	35455756	37572595	674	40	0.0003094068	0.000000036795
6	37572596	39295676	679	40	0.0002624646	0.000000035303
6	39295677	40345114	385	40	0.0001530325	0.000000021469
6	40345115	42038720	646	40	0.0002513290	0.000000036327
6	42038721	43756168	336	40	0.0002428230	0.000000022701
6	43756169	45406562	528	40	0.0002706003	0.000000032434
6	45406563	47311897	715	40	0.0002529872	0.000000035904
6	47311898	48391124	327	38	0.0001475898	0.000000016065
6	48391125	50386144	481	40	0.0001324003	0.000000019317
6	50386145	52210475	501	40	0.0007010002	0.000000034147
6	52210476	53279101	385	40	0.0001251150	0.000000020208
6	53279102	55468269	791	40	0.0002392567	0.000000035116
6	55468270	56105312	196	19	0.0000663889	0.000000008219
6	56105313	57599464	317	38	-0.0000118045	0.000000013161
6	57599465	61880511	120	9	0.0000604855	0.000000005284
6	61880512	63552887	330	22	0.0000520245	0.000000011823
6	63552888	65765741	427	40	0.0000892306	0.000000018146
6	65765742	67329214	464	40	0.0000996546	0.000000022058
6	67329215	68849482	461	40	0.0001172702	0.000000020967
6	68849483	69523447	217	27	0.0000617640	0.000000010763
6	69523448	71609509	682	40	0.0000735910	0.000000029088
6	71609510	73450096	569	40	0.0001768456	0.000000026815
6	73450097	75462002	537	40	0.0000634308	0.000000023778
6	75462003	77414880	413	40	0.0000229675	0.000000016215
6	77414881	78957727	485	40	0.0001127991	0.000000018010
6	78957728	80691169	541	40	0.0002651822	0.000000028677
6	80691170	81929221	357	27	0.0000532525	0.000000012694
6	81929222	83127148	335	40	0.0001013717	0.000000016601
6	83127149	85209988	505	40	0.0001241319	0.000000023508
6	85209989	87069499	566	40	0.0001913919	0.000000023792
6	87069500	88822139	505	40	0.0000585577	0.000000021529
6	88822140	89973051	405	40	0.0000639721	0.000000020311
6	89973052	91843195	671	40	0.0002357575	0.000000036071
6	91843196	93428643	460	40	-0.0000222193	0.000000020341
6	93428644	94118141	272	40	0.0001010977	0.000000014026
6	94118142	94441174	81	8	-0.0000156250	0.000000002588
6	94441175	97093510	597	40	0.0001705226	0.000000029036
6	97093511	97842283	221	27	0.0001372854	0.000000011953
6	97842284	100630145	759	40	0.0002986954	0.000000036563
6	100630146	102636771	458	40	0.0001473710	0.000000023764
6	102636772	103983394	331	33	0.0001374545	0.000000015949
6	103983395	106056732	642	40	0.0002196396	0.000000032373
6	106056733	107450305	584	40	0.0001156628	0.000000031742
6	107450306	108464379	326	40	0.0002078453	0.000000021195
6	108464380	110304246	471	40	0.0002587722	0.000000024945
6	110304247	112345013	561	40	0.0000282519	0.000000026307
6	112345014	114220832	600	40	0.0000288637	0.000000024853
6	114220833	116131395	461	40	0.0000626136	0.000000017562
6	116131396	117672971	399	40	0.0000909414	0.000000018428
6	117672972	118963114	283	35	0.0001209179	0.000000012554
6	118963115	119963277	280	32	0.0001400064	0.000000014187
6	119963278	120512127	160	18	0.0000844331	0.000000007927
6	120512128	121905675	366	35	0.0000612316	0.000000014483
6	121905676	123856180	580	40	-0.0000322931	0.000000021660
6	123856181	125424382	582	40	0.0000340367	0.000000032004
6	125424383	127540460	412	40	0.0004871572	0.000000027356
6	127540461	129861030	562	40	0.0004067551	0.000000033940
6	129861031	130935453	460	40	0.0003102406	0.000000029128
6	130935454	132765668	555	40	0.0002119759	0.000000030606
6	132765669	134244242	505	40	0.0002712474	0.000000028863
6	134244243	136224176	557	40	0.0001921114	0.000000032955
6	136224177	137614217	317	40	0.0000274796	0.000000017295
6	137614218	138822628	443	40	0.0001782714	0.000000026119
6	138822629	139845435	359	40	-0.0000092118	0.000000018125
6	139845436	142288478	526	40	0.0000792366	0.000000023107
6	142288479	145319809	947	40	0.0003132797	0.000000037047
6	145319810	146665423	297	25	0.0000953202	0.000000012130
6	146665424	148920351	860	40	0.0000023512	0.000000030651
6	148920352	150253403	483	40	0.0000656434	0.000000022807
6	150253404	151912702	801	40	0.0000336981	0.000000031795
6	151912703	153094495	472	40	0.0000838760	0.000000024574
6	153094496	154974119	755	40	-0.0000109178	0.000000030199
6	154974120	156763325	688	40	0.0000608219	0.000000032534
6	156763326	158218718	356	40	0.0000410050	0.000000019277
6	158218719	160580496	871	40	0.0000694220	0.000000032196
6	160580497	162169563	639	40	0.0001709689	0.000000031875
6	162169564	162931202	363	40	0.0000342072	0.000000020206
6	162931203	164383520	651	40	0.0001687616	0.000000033879
6	164383521	165586863	536	40	0.0001106720	0.000000026927
6	165586864	167024732	756	40	0.0002442579	0.000000036151
6	167024733	168042834	395	40	0.0001128558	0.000000021851
6	168042835	169382049	541	40	0.0000920483	0.000000028028
6	169382050	170330172	359	40	0.0002292259	0.000000020568
6	170330173	171051269	211	29	0.0000182225	0.000000010944
7	16161	972751	75	14	0.0000449923	0.000000006021
7	972752	1353066	90	16	0.0000519521	0.000000006705
7	1353067	2062397	127	20	0.0000935389	0.000000009772
7	2062398	2772226	174	31	0.0002242086	0.000000015020
7	2772227	4573427	797	40	0.0004005518	0.000000039602
7	4573428	5416231	172	36	0.0001391804	0.000000014353
7	5416232	5854525	82	15	0.0001052205	0.000000007062
7	5854526	6573856	95	19	0.0000849149	0.000000007657
7	6573857	7808751	383	40	0.0001407586	0.000000024613
7	7808752	9123422	702	40	0.0001239693	0.000000034921
7	9123423	9987498	357	40	0.0000781535	0.000000021883
7	9987499	11299197	460	40	0.0000298760	0.000000025274
7	11299198	12635460	651	40	0.0001854406	0.000000034256
7	12635461	13884201	549	40	0.0000473784	0.000000031957
7	13884202	15143656	352	40	0.0000784206	0.000000015659
7	15143657	16902068	697	40	0.0001253376	0.000000033290
7	16902069	19481546	982	40	0.0000472422	0.000000031797
7	19481547	20124907	224	28	0.0000328757	0.000000012668
7	20124908	22507628	1088	40	0.0000102602	0.000000030891
7	22507629	23471441	288	38	0.0000018561	0.000000015590
7	23471442	25077258	647	40	0.0001705632	0.000000033980
7	25077259	25909554	422	40	0.0001341340	0.000000022984
7	25909555	28360308	756	40	0.0003668605	0.000000034596
7	28360309	31137288	1144	40	0.0000117834	0.000000031583
7	31137289	33555767	924	40	0.0001101634	0.000000033114
7	33555768	36213537	969	40	0.0000724368	0.000000032050
7	36213538	37555183	594	40	0.0000304686	0.000000032754
7	37555184	38966702	558	40	0.0001655055	0.000000027784
7	38966703	39862669	295	35	0.0000387721	0.000000013505
7	39862670	42001810	586	40	0.0000134109	0.000000026100
7	42001811	43159073	385	40	0.0000998509	0.000000020596
7	43159074	44763827	399	40	0.0001315224	0.000000020603
7	44763828	45952921	308	40	0.0000660055	0.000000017216
7	45952922	46986719	397	40	0.0001826085	0.000000020845
7	46986720	49212277	804	40	0.0000485026	0.000000031111
7	49212278	51675321	839	40	0.0001318448	0.000000032590
7	51675322	53176311	619	40	0.0000670784	0.000000027245
7	53176312	54222975	368	40	0.0000992923	0.000000015894
7	54222976	55691583	499	40	0.0001479621	0.000000026239
7	55691584	57382637	223	26	0.0000286438	0.000000009987
7	57382638	63307358	124	15	0.0000058263	0.000000006208
7	63307359	63641124	50	6	-0.0000211072	0.000000001784
7	63641125	65689808	288	25	0.0000081745	0.000000011376
7	65689809	68234073	675	40	0.0003151783	0.000000035448
7	68234074	69085363	257	38	0.0000096828	0.000000012556
7	69085364	71874884	806	40	0.0003051112	0.000000037335
7	71874885	73334601	108	20	0.0002197185	0.000000009709
7	73334602	76458563	289	40	0.0001477511	0.000000017823
7	76458564	78093858	552	40	0.0003417159	0.000000035512
7	78093859	79888068	628	40	0.0000785331	0.000000030940
7	79888069	82022685	679	40	0.0000382484	0.000000031809
7	82022686	83801202	600	40	0.0001729172	0.000000033586
7	83801203	85572181	400	40	0.0001753702	0.000000019425
7	85572182	87825003	510	40	0.0001728844	0.000000022782
7	87825004	90661783	919	40	0.0000451193	0.000000031376
7	90661784	92493751	385	40	0.0002825342	0.000000022327
7	92493752	93966600	338	40	0.0004889974	0.000000029029
7	93966601	96073507	624	40	0.0004393793	0.000000038222
7	96073508	97099569	304	40	0.0001693197	0.000000017102
7	97099570	98715473	365	40	0.0001288497	0.000000020300
7	98715474	100196650	170	23	0.0000535504	0.000000008164
7	100196651	101199252	169	30	0.0000800340	0.000000010394
7	101199253	103197509	348	40	0.0001070024	0.000000018982
7	103197510	104159524	458	40	0.0003219543	0.000000027780
7	104159525	105682904	504	40	0.0001748400	0.000000028114
7	105682905	107780177	668	40	0.0000428272	0.000000031500
7	107780178	109647593	513	40	0.0000860590	0.000000024129
7	109647594	112618683	802	40	0.0000500478	0.000000031709
7	112618684	113712386	212	26	0.0000504302	0.000000011117
7	113712387	116780177	642	40	0.0002063405	0.000000029534
7	116780178	118351580	339	36	0.0001914737	0.000000016447
7	118351581	121045272	423	40	0.0000457341	0.000000017862
7	121045273	121933629	212	27	0.0000471342	0.000000009839
7	121933630	124156804	627	40	0.0000660639	0.000000026478
7	124156805	124167551	6	2	-0.0000103884	0.000000000074
7	124167552	126519169	648	40	0.0002479583	0.000000028143
7	126519170	126869220	137	16	0.0001360264	0.000000008814
7	126869221	128778385	515	40	0.0004360505	0.000000030194
7	128778386	130422413	399	40	0.0000907457	0.000000020855
7	130422414	132805847	860	40	0.0000549398	0.000000032260
7	132805848	134307595	411	34	0.0001148106	0.000000018972
7	134307596	135591082	454	40	0.0002057188	0.000000024742
7	135591083	136876561	395	40	0.0000867691	0.000000020335
7	136876562	138744678	556	40	0.0000516152	0.000000033506
7	138744679	139933176	297	40	0.0001396548	0.000000018384
7	139933177	140235209	106	23	0.0000845652	0.000000008009
7	140235210	141226556	273	32	-0.0000170889	0.000000011200
7	141226557	142656309	351	40	0.0000812189	0.000000016235
7	142656310	144968288	498	40	0.0001180873	0.000000024297
7	144968289	146427959	380	40	0.0000225313	0.000000017500
7	146427960	147815317	556	40	0.0003386593	0.000000033184
7	147815318	149840657	551	40	0.0001658140	0.000000034718
7	149840658	150711504	238	33	0.0001710466	0.000000013300
7	150711505	152249805	407	40	0.0000831699	0.000000026882
7	152249806	153674018	455	40	-0.0000098522	0.000000026193
7	153674019	154964729	515	40	0.0000157724	0.000000030399
7	154964730	156065249	456	40	0.0000254827	0.000000027942
7	156065250	157634596	487	40	0.0000715407	0.000000027399
7	157634597	159128574	395	40	0.0001224242	0.000000023542
8	10422	1044216	370	40	0.0000607113	0.000000023690
8	1044217	1163244	68	12	-0.0000324299	0.000000003250
8	1163245	2042941	402	40	0.0001751704	0.000000028300
8	2042942	2573278	227	37	0.0000106336	0.000000012996
8	2573279	3392925	555	40	-0.0000779680	0.000000028938
8	3392926	3783016	405	40	0.0001451408	0.000000026848
8	3783017	4480475	651	40	0.0001911561	0.000000035920
8	4480476	5146926	480	40	0.0000666957	0.000000028832
8	5146927	6142796	750	40	0.0000339838	0.000000031278
8	6142797	7153078	504	40	0.0000998106	0.000000031071
8	7153079	9154693	514	40	0.0000229272	0.000000026937
8	9154694	9640786	169	19	0.0001375057	0.000000008928
8	9640787	10463196	437	40	0.0001629684	0.000000027600
8	10463197	11278997	313	36	0.0002060209	0.000000018960
8	11278998	13491774	717	40	0.0002409027	0.000000035381
8	13491775	13944991	246	31	0.0000171288	0.000000013230
8	13944992	15991659	1053	40	0.0002721580	0.000000035692
8	15991660	17387875	512	40	0.0000108495	0.000000030862
8	17387876	17836398	216	30	0.0002712496	0.000000017913
8	17836399	19492839	888	40	0.0000555130	0.000000031185
8	19492840	20060855	254	40	0.0000785478	0.000000013145
8	20060856	21661736	744	40	0.0001532058	0.000000034137
8	21661737	22897056	387	40	0.0001397699	0.000000025706
8	22897057	24674717	568	40	0.0001582044	0.000000030957
8	24674718	25483453	254	32	0.0000898511	0.000000013681
8	25483454	26682524	575	40	0.0000202194	0.000000027700
8	26682525	28162391	648	40	0.0001964868	0.000000032713
8	28162392	29327895	325	40	0.0001026386	0.000000017682
8	29327896	31133728	500	40	0.0002770832	0.000000030127
8	31133729	31548359	127	20	0.0000873218	0.000000007838
8	31548360	32977217	464	40	0.0000475895	0.000000020088
8	32977218	35317231	518	40	0.0001465964	0.000000020580
8	35317232	37379388	348	40	0.0001300703	0.000000018237
8	37379389	38938805	254	40	0.0001192161	0.000000016024
8	38938806	40703336	555	40	0.0000307624	0.000000024590
8	40703337	41721453	349	40	0.0000883588	0.000000020816
8	41721454	42773822	169	22	0.0001029856	0.000000010060
8	42773823	46841314	46	7	0.0000738096	0.000000004167
8	46841315	50082469	384	36	0.0002039747	0.000000021061
8	50082470	53302929	767	40	0.0001848865	0.000000031248
8	53302930	54418043	338	40	0.0000545337	0.000000015928
8	54418044	55945580	457	40	-0.0000148189	0.000000017681
8	55945581	56956382	331	40	0.0001358301	0.000000017374
8	56956383	59068650	641	40	0.0001596292	0.000000031101
8	59068651	59728099	265	34	0.0001258831	0.000000014183
8	59728100	62329098	770	40	0.0001791895	0.000000034552
8	62329099	63349305	312	35	0.0000146948	0.000000012346
8	63349306	65232871	500	40	0.0000617642	0.000000020870
8	65232872	66489089	357	40	0.0000391072	0.000000015766
8	66489090	69863056	812	40	0.0002144575	0.000000035434
8	69863057	70867978	384	40	-0.0000028035	0.000000018717
8	70867979	72289453	411	40	0.0000089261	0.000000017005
8	72289454	73817198	658	40	0.0000731185	0.000000030308
8	73817199	75445063	578	40	0.0001805583	0.000000029596
8	75445064	76456541	285	38	0.0001352186	0.000000014747
8	76456542	79132860	659	40	0.0004772806	0.000000035033
8	79132861	81956394	779	40	0.0001470838	0.000000033725
8	81956395	82693738	203	31	0.0000631419	0.000000010327
8	82693739	84225588	412	40	0.0000596420	0.000000016120
8	84225589	85955618	343	38	0.0001889931	0.000000017550
8	85955619	87411708	243	24	-0.0000083171	0.000000009181
8	87411709	89085480	443	40	0.0000371923	0.000000019301
8	89085481	90638161	386	39	0.0000290944	0.000000015967
8	90638162	93554385	646	40	0.0000558438	0.000000027967
8	93554386	95005526	370	40	0.0000427848	0.000000017934
8	95005527	96534805	561	40	0.0002306065	0.000000030892
8	96534806	99401580	1045	40	0.0000635176	0.000000031901
8	99401581	101620957	460	40	0.0000731633	0.000000017164
8	101620958	104123305	924	40	0.0002315863	0.000000035793
8	104123306	104988751	238	24	0.0000097437	0.000000009192
8	104988752	107410753	783	40	0.0001527641	0.000000032962
8	107410754	108648176	461	40	0.0000022197	0.000000018470
8	108648177	109248172	201	23	0.0000304174	0.000000007945
8	109248173	110484313	329	31	0.0001261513	0.000000013927
8	110484314	111850846	280	33	-0.0000123200	0.000000010415
8	111850847	113064319	231	19	0.0000496689	0.000000008968
8	113064320	116096494	764	40	0.0001144759	0.000000027787
8	116096495	119685456	1113	40	0.0002601977	0.000000035221
8	119685457	121201699	480	40	0.0002665771	0.000000025345
8	121201700	124861458	1246	40	0.0000977346	0.000000032488
8	124861459	125683718	295	37	0.0001035470	0.000000015614
8	125683719	126410916	240	39	0.0001012707	0.000000014564
8	126410917	128659110	861	40	0.0000700832	0.000000030970
8	128659111	130381138	661	40	0.0000824857	0.000000031513
8	130381139	131639624	440	40	0.0001488325	0.000000023222
8	131639625	133351143	723	40	0.0001632620	0.000000034150
8	133351144	134570000	631	40	0.0000849396	0.000000031861
8	134570001	136035604	720	40	0.0002054432	0.000000034388
8	136035605	137524150	543	40	0.0001408554	0.000000025986
8	137524151	139254829	717	40	-0.0000195875	0.000000029220
8	139254830	140725642	721	40	0.0001358284	0.000000034116
8	140725643	143044913	759	40	0.0000546854	0.000000031799
8	143044914	144236880	331	40	0.0002333303	0.000000021314
8	144236881	146303866	252	40	0.0002069333	0.000000018805
9	10023	1079706	513	40	0.0001801693	0.000000032307
9	1079707	1916876	587	40	0.0001553738	0.000000033811
9	1916877	3190063	729	40	0.0000301583	0.000000032037
9	3190064	4495327	685	40	0.0000951339	0.000000031862
9	4495328	4884925	190	36	0.0000762890	0.000000012541
9	4884926	6557588	524	40	0.0000439059	0.000000029658
9	6557589	7154922	279	37	0.0000407044	0.000000016232
9	7154923	8456298	900	40	0.0001977084	0.000000034919
9	8456299	9166402	385	40	0.0000747548	0.000000023550
9	9166403	10879252	820	40	0.0000375438	0.000000031822
9	10879253	12276488	461	40	0.0000871445	0.000000024504
9	12276489	14836362	1196	40	0.0000262507	0.000000031802
9	14836363	16659654	749	40	0.0002488547	0.000000035783
9	16659655	18661050	897	40	0.0001231409	0.000000032926
9	18661051	20463533	770	40	-0.0000017702	0.000000030679
9	20463534	22206558	598	40	0.0001560434	0.000000032773
9	22206559	24158517	590	40	0.0000136648	0.000000031526
9	24158518	25330809	289	40	0.0000893242	0.000000019503
9	25330810	26111756	267	40	0.0002044122	0.000000020166
9	26111757	28224282	896	40	0.0001021463	0.000000032830
9	28224283	28811583	231	34	0.0002486671	0.000000016781
9	28811584	30387391	549	40	0.0002738806	0.000000027328
9	30387392	31310382	240	22	0.0001314057	0.000000012580
9	31310383	32019367	200	23	0.0001074226	0.000000010425
9	32019368	33578333	522	40	0.0000347486	0.000000025504
9	33578334	34642242	241	26	0.0000210391	0.000000009480
9	34642243	36743282	486	40	0.0000176527	0.000000024528
9	36743283	38641598	660	40	0.0000974823	0.000000032725
9	38641599	65472189	98	19	0.0000027657	0.000000005696
9	65472190	72512710	510	40	0.0002097779	0.000000027605
9	72512711	72753754	94	10	0.0000016096	0.000000003839
9	72753755	74253039	566	40	0.0000613347	0.000000024227
9	74253040	76203945	533	40	0.0001147182	0.000000024520
9	76203946	76973080	176	22	0.0000773961	0.000000009450
9	76973081	78900182	725	40	0.0000045064	0.000000029336
9	78900183	79471207	243	40	0.0002469096	0.000000019376
9	79471208	81079054	485	40	0.0000588011	0.000000026629
9	81079055	82590927	612	40	0.0001907709	0.000000033820
9	82590928	84211232	652	40	0.0000629882	0.000000031748
9	84211233	85440800	320	40	-0.0000196110	0.000000017434
9	85440801	86938195	591	40	0.0001478508	0.000000031061
9	86938196	88109332	480	40	0.0002403687	0.000000026678
9	88109333	88590416	112	14	-0.0000213432	0.000000004003
9	88590417	90136245	573	40	0.0000779278	0.000000028891
9	90136246	92528697	797	40	0.0002283942	0.000000036084
9	92528698	94167202	601	40	0.0001477184	0.000000032893
9	94167203	96671697	725	40	0.0001451970	0.000000033832
9	96671698	98922039	621	40	0.0000905933	0.000000027660
9	98922040	101592858	757	40	0.0001712963	0.000000033894
9	101592859	104624436	886	40	0.0001255791	0.000000033224
9	104624437	105967975	561	40	0.0000101669	0.000000024145
9	105967976	107581748	562	40	-0.0000517515	0.000000020081
9	107581749	109298753	549	40	0.0001121477	0.000000027628
9	109298754	110695061	548	40	0.0001770381	0.000000031286
9	110695062	112778023	997	40	0.0001487080	0.000000033130
9	112778024	114831081	809	40	0.0000881200	0.000000031909
9	114831082	115693144	288	29	0.0001092854	0.000000014670
9	115693145	117019800	536	40	0.0001675575	0.000000033407
9	117019801	117921959	409	40	0.0001773828	0.000000024477
9	117921960	121321536	1433	40	0.0001366568	0.000000032961
9	121321537	122260296	348	40	0.0001343044	0.000000019479
9	122260297	124871321	715	40	0.0000686766	0.000000032440
9	124871322	126971886	605	40	0.0001810171	0.000000033599
9	126971887	129059664	521	40	0.0000825826	0.000000025322
9	129059665	130055509	294	40	0.0003879603	0.000000022113
9	130055510	132165469	372	40	0.0001387480	0.000000022959
9	132165470	133223216	268	40	0.0000397095	0.000000015613
9	133223217	134127887	280	40	0.0001169275	0.000000019306
9	134127888	135298841	364	40	0.0001325666	0.000000021613
9	135298842	137041121	531	40	0.0001044179	0.000000032351
9	137041122	137589363	199	40	0.0000378714	0.000000013853
9	137589364	138938977	553	40	0.0000252048	0.000000034028
9	138938978	139500341	79	18	0.0000861886	0.000000006970
9	139500342	141144795	196	33	0.0001594870	0.000000016581
10	60523	751338	116	14	0.0000377228	0.000000007261
10	751339	1523543	313	40	0.0002029281	0.000000020187
10	1523544	2254499	434	40	0.0000881946	0.000000023975
10	2254500	3352698	611	40	0.0000790854	0.000000032207
10	3352699	4572273	604	40	0.0002214683	0.000000035618
10	4572274	5983761	628	40	0.0000513179	0.000000031671
10	5983762	7171483	707	40	0.0000430868	0.000000032062
10	7171484	8774664	815	40	0.0002625403	0.000000037024
10	8774665	10249395	559	40	-0.0000319370	0.000000023715
10	10249396	12586796	985	40	0.0001203721	0.000000033104
10	12586797	13321599	410	40	-0.0000212857	0.000000023484
10	13321600	15026067	894	40	0.0001367004	0.000000033764
10	15026068	16551766	528	40	0.0000945169	0.000000030736
10	16551767	18537266	698	40	0.0000505403	0.000000032135
10	18537267	19716877	484	40	0.0000447859	0.000000023281
10	19716878	22772282	939	40	0.0002758727	0.000000037160
10	22772283	23175131	118	14	0.0001255692	0.000000008985
10	23175132	25578595	735	40	0.0000897401	0.000000033453
10	25578596	26888683	496	40	0.0001272746	0.000000022985
10	26888684	29323235	838	40	0.0001248771	0.000000034324
10	29323236	29783691	262	40	0.0000084147	0.000000013739
10	29783692	30458837	336	40	-0.0000140441	0.000000018491
10	30458838	31907518	457	40	0.0000970452	0.000000023639
10	31907519	33707967	589	40	-0.0000013805	0.000000024487
10	33707968	35109354	473	40	0.0003846563	0.000000031365
10	35109355	36572507	406	40	0.0001148552	0.000000020579
10	36572508	37790028	314	40	0.0001007291	0.000000015888
10	37790029	42372578	189	13	0.0000401102	0.000000005998
10	42372579	43894770	276	33	0.0001378342	0.000000016151
10	43894771	44730074	229	30	0.0000801645	0.000000010316
10	44730075	48760449	579	40	0.0000356543	0.000000027977
10	48760450	50840914	577	40	0.0002268352	0.000000030392
10	50840915	53616628	694	40	0.0001583970	0.000000035278
10	53616629	55103571	669	40	0.0001568516	0.000000034286
10	55103572	57031139	740	40	0.0001409515	0.000000034846
10	57031140	57662145	177	18	0.0000291712	0.000000006352
10	57662146	58959527	377	25	0.0000376938	0.000000012186
10	58959528	60289986	416	40	0.0000503911	0.000000016001
10	60289987	61891408	551	40	-0.0000146982	0.000000026982
10	61891409	62659678	279	31	0.0001185746	0.000000014641
10	62659679	63341694	158	19	0.0003530300	0.000000015234
10	63341695	65794113	775	40	0.0000467578	0.000000030892
10	65794114	67549614	475	40	0.0001434379	0.000000022139
10	67549615	69900147	866	40	0.0001528674	0.000000034440
10	69900148	70195990	86	9	0.0000265278	0.000000004023
10	70195991	72220849	764	40	0.0000635418	0.000000033010
10	72220850	73508511	651	40	0.0000962842	0.000000035204
10	73508512	75422549	363	33	0.0001053190	0.000000015347
10	75422550	78706813	780	40	0.0002573724	0.000000037114
10	78706814	80876748	969	40	0.0001101146	0.000000033746
10	80876749	82414678	443	40	0.0000142457	0.000000022647
10	82414679	84383744	706	40	-0.0000194717	0.000000031429
10	84383745	85458702	428	40	0.0001200278	0.000000019325
10	85458703	87937576	941	40	0.0002939570	0.000000038156
10	87937577	89127063	247	34	0.0001183317	0.000000014328
10	89127064	91013380	662	40	0.0000248983	0.000000031679
10	91013381	92006580	346	40	0.0000791215	0.000000018025
10	92006581	93335046	432	40	0.0001541077	0.000000022080
10	93335047	95396367	575	40	0.0002139535	0.000000030555
10	95396368	96221242	231	29	0.0000805033	0.000000013403
10	96221243	97822356	501	40	0.0001273493	0.000000022154
10	97822357	100241301	782	40	0.0001485405	0.000000035141
10	100241302	100668399	143	15	0.0000565662	0.000000006817
10	100668400	102949238	659	40	0.0003399130	0.000000034628
10	102949239	104380409	238	25	0.0002234132	0.000000013724
10	104380410	106695047	586	40	0.0002279196	0.000000028683
10	106695048	108726685	652	40	0.0002441940	0.000000034411
10	108726686	110317704	636	40	0.0000598302	0.000000030796
10	110317705	112561492	638	40	0.0002492106	0.000000034031
10	112561493	115328431	945	40	0.0002891587	0.000000037288
10	115328432	116421405	393	40	0.0000732283	0.000000022190
10	116421406	119523933	931	40	0.0002866255	0.000000038721
10	119523934	120591352	389	40	0.0000149644	0.000000020977
10	120591353	122407322	619	40	-0.0000095703	0.000000031493
10	122407323	123231464	382	40	0.0001023398	0.000000021682
10	123231465	123900544	250	40	0.0002574930	0.000000019518
10	123900545	125869345	773	40	0.0000435516	0.000000032293
10	125869346	128001097	887	40	0.0001722070	0.000000035644
10	128001098	129154361	482	40	0.0000336802	0.000000025912
10	129154362	130844283	873	40	0.0000033817	0.000000032675
10	130844284	131741326	408	40	0.0001933759	0.000000025504
10	131741327	132580244	390	40	0.0000115161	0.000000019804
10	132580245	134336328	814	40	0.0001774884	0.000000035878
10	134336329	134494672	37	6	0.0000346690	0.000000002569
10	134494673	135523864	201	34	0.0001570753	0.000000015693
11	70855	1213589	169	35	0.0001979448	0.000000013736
11	1213590	3665480	620	40	0.0002679833	0.000000034840
11	3665481	4746708	359	40	0.0000506016	0.000000019472
11	4746709	6322868	773	40	-0.0000408329	0.000000029956
11	6322869	7436700	432	40	-0.0000849651	0.000000018531
11	7436701	8333273	418	40	0.0001052264	0.000000025385
11	8333274	9087316	214	26	0.0002996524	0.000000015583
11	9087317	10952026	503	40	0.0000854243	0.000000024410
11	10952027	12564228	1025	40	-0.0000184693	0.000000030436
11	12564229	13373123	386	40	0.0004086863	0.000000026260
11	13373124	15742551	732	40	0.0002999798	0.000000034877
11	15742552	17578401	482	40	0.0001428869	0.000000021928
11	17578402	19569534	683	40	0.0001072085	0.000000033112
11	19569535	21017137	720	40	0.0001315366	0.000000033979
11	21017138	22374141	532	40	0.0000467328	0.000000027494
11	22374142	24088516	571	40	0.0001734285	0.000000028370
11	24088517	26045752	640	40	0.0001589438	0.000000034699
11	26045753	27020460	331	40	0.0000449133	0.000000015123
11	27020461	28481592	357	39	0.0006947990	0.000000026963
11	28481593	30141356	402	40	0.0002836045	0.000000024470
11	30141357	32276900	598	40	0.0003101679	0.000000028374
11	32276901	33958738	494	40	0.0000183657	0.000000022605
11	33958739	35502604	747	40	0.0001095870	0.000000032934
11	35502605	37116814	707	40	0.0000956370	0.000000032637
11	37116815	39382002	413	40	0.0000636739	0.000000018388
11	39382003	42310002	908	40	0.0000680065	0.000000031765
11	42310003	44693798	902	40	0.0001078209	0.000000031997
11	44693799	47006136	560	40	0.0002113982	0.000000028635
11	47006137	49866049	321	20	0.0002985057	0.000000014876
11	49866050	54695472	128	6	0.0000528180	0.000000004017
11	54695473	55082656	9	3	0.0000525076	0.000000002066
11	55082657	58457494	902	40	0.0001246493	0.000000029098
11	58457495	58780548	64	6	0.0000145452	0.000000003138
11	58780549	62223770	797	40	0.0002120230	0.000000035000
11	62223771	63804568	241	33	0.0001541489	0.000000015187
11	63804569	65898630	336	40	0.0004865761	0.000000027399
11	65898631	68005824	241	31	0.0000952620	0.000000013144
11	68005825	69516129	408	40	0.0003742533	0.000000027591
11	69516130	70926291	412	40	0.0000735984	0.000000024654
11	70926292	72286016	282	35	0.0002073990	0.000000015563
11	72286017	74412350	521	40	0.0002202616	0.000000025271
11	74412351	76797208	684	40	0.0001360141	0.000000033500
11	76797209	78355057	333	31	0.0000095098	0.000000013959
11	78355058	80722372	1031	40	0.0001038799	0.000000033015
11	80722373	81266711	254	37	0.0000951451	0.000000014233
11	81266712	84381271	1145	40	0.0002084585	0.000000034785
11	84381272	86619300	725	40	0.0002270901	0.000000034762
11	86619301	87430234	301	35	0.0001099928	0.000000014740
11	87430235	89208935	541	40	0.0001856841	0.000000030229
11	89208936	90966489	359	33	0.0001047650	0.000000016207
11	90966490	92077143	341	38	0.0002689855	0.000000020567
11	92077144	93276156	372	40	0.0003113633	0.000000021753
11	93276157	94242259	248	25	0.0001247984	0.000000012550
11	94242260	95726040	543	40	0.0000744320	0.000000028971
11	95726041	97057057	493	40	0.0000118198	0.000000025713
11	97057058	98705064	553	40	0.0001665062	0.000000031547
11	98705065	100417168	750	40	-0.0000289986	0.000000030167
11	100417169	101331120	341	40	0.0000755812	0.000000014960
11	101331121	103959635	949	40	0.0000488529	0.000000031228
11	103959636	104873283	280	22	0.0000437754	0.000000009480
11	104873284	106520893	439	40	0.0000801642	0.000000019957
11	106520894	107844199	443	40	0.0000293536	0.000000021489
11	107844200	108437036	117	10	0.0000221065	0.000000004743
11	108437037	109866115	331	39	0.0001191329	0.000000018172
11	109866116	111114396	475	40	0.0000727455	0.000000021532
11	111114397	112459487	345	36	0.0000348432	0.000000015155
11	112459488	114257727	714	40	0.0003797587	0.000000038677
11	114257728	114830665	205	25	0.0000151766	0.000000009635
11	114830666	116383347	639	40	0.0001772869	0.000000034224
11	116383348	117747109	480	40	0.0002075994	0.000000029623
11	117747110	119215475	394	40	0.0001239303	0.000000021871
11	119215476	120766805	574	40	0.0000450009	0.000000031126
11	120766806	121175942	182	23	0.0000159949	0.000000008850
11	121175943	122591909	442	40	0.0000396422	0.000000023262
11	122591910	123500116	375	40	0.0002868339	0.000000026586
11	123500117	124495527	418	40	0.0000949023	0.000000017962
11	124495528	126311319	648	40	0.0002095513	0.000000034875
11	126311320	127316678	540	40	0.0001316297	0.000000026756
11	127316679	128188536	300	40	0.0001096685	0.000000015575
11	128188537	130342574	793	40	0.0000695895	0.000000032289
11	130342575	131074611	351	40	0.0002388980	0.000000023514
11	131074612	133000045	1070	40	0.0000548288	0.000000032646
11	133000046	134205992	502	40	0.0001431127	0.000000031640
11	134205993	134946451	381	40	0.0002238534	0.000000024950
12	61107	1080330	255	40	0.0000887795	0.000000016076
12	1080331	2544785	457	40	0.0001846635	0.000000028340
12	2544786	3677036	456	40	0.0000150151	0.000000025559
12	3677037	4417678	361	40	0.0001587628	0.000000023287
12	4417679	5321471	448	40	0.0000694708	0.000000024852
12	5321472	6419752	501	40	-0.0000257027	0.000000024581
12	6419753	8377535	395	40	0.0000093254	0.000000021868
12	8377536	9031394	106	19	0.0000485945	0.000000007459
12	9031395	10481533	447	40	0.0000663959	0.000000023294
12	10481534	11754845	297	40	0.0000658386	0.000000014940
12	11754846	12733527	414	40	0.0002420666	0.000000028766
12	12733528	15241483	962	40	0.0000506816	0.000000031404
12	15241484	16310459	242	35	0.0000342966	0.000000012248
12	16310460	18087872	534	40	-0.0000135033	0.000000025003
12	18087873	20863942	885	40	0.0001902544	0.000000034459
12	20863943	23820633	977	40	0.0000491549	0.000000030732
12	23820634	25371082	683	40	0.0001342661	0.000000033480
12	25371083	27799772	921	40	0.0001124574	0.000000032034
12	27799773	29651254	656	40	0.0001725204	0.000000030095
12	29651255	30512405	451	40	0.0001450054	0.000000022478
12	30512406	32165591	564	40	0.0000667679	0.000000027900
12	32165592	33076988	353	40	0.0000634784	0.000000017728
12	33076989	37856716	351	23	0.0001658665	0.000000015517
12	37856717	39227168	136	8	0.0000278378	0.000000005892
12	39227169	40816184	459	40	0.0000681970	0.000000019946
12	40816185	41658585	304	33	0.0001704155	0.000000015888
12	41658586	43984473	861	40	0.0001895268	0.000000034211
12	43984474	46024228	449	40	0.0003596831	0.000000024727
12	46024229	47714792	453	40	0.0002549676	0.000000025214
12	47714793	49001865	449	40	0.0000727755	0.000000021944
12	49001866	51776493	475	40	0.0004226527	0.000000028890
12	51776494	53039003	494	40	0.0001871119	0.000000026646
12	53039004	54778822	451	40	0.0002207852	0.000000025823
12	54778823	55665836	229	33	0.0000804801	0.000000012985
12	55665837	57548859	296	40	0.0003870241	0.000000022439
12	57548860	59308665	398	40	0.0001550413	0.000000019162
12	59308666	61123728	436	39	0.0001713589	0.000000020894
12	61123729	64032460	916	40	0.0002732124	0.000000036584
12	64032461	65559694	348	40	0.0001406987	0.000000019978
12	65559695	67181143	482	40	0.0004557176	0.000000031278
12	67181144	67909728	315	39	0.0002618558	0.000000018371
12	67909729	69826541	774	40	-0.0000120954	0.000000031061
12	69826542	70957986	465	40	0.0001598880	0.000000022078
12	70957987	72645074	493	40	0.0000554630	0.000000022784
12	72645075	73818453	297	30	-0.0000338582	0.000000011928
12	73818454	76511313	739	40	0.0000615041	0.000000031935
12	76511314	78570569	716	40	0.0001671161	0.000000034345
12	78570570	80448149	397	40	-0.0000013212	0.000000018037
12	80448150	81467766	273	33	0.0002247426	0.000000016650
12	81467767	83502665	531	40	0.0001626839	0.000000025747
12	83502666	84303843	229	27	-0.0000185224	0.000000007347
12	84303844	85990425	383	34	0.0001598461	0.000000016233
12	85990426	89682121	738	40	0.0000156119	0.000000027258
12	89682122	92066154	587	40	0.0002564948	0.000000025691
12	92066155	94514566	871	40	0.0002359102	0.000000036138
12	94514567	96020784	633	40	0.0000504523	0.000000031210
12	96020785	97108838	407	40	0.0001320205	0.000000023879
12	97108839	99305986	890	40	0.0001489011	0.000000033751
12	99305987	101447640	614	40	0.0001730822	0.000000032660
12	101447641	101862689	126	16	0.0000429952	0.000000007037
12	101862690	102964985	246	37	0.0001512412	0.000000014198
12	102964986	104848695	670	40	0.0002912871	0.000000035175
12	104848696	106436212	813	40	-0.0000112765	0.000000030590
12	106436213	106958747	215	32	0.0000845022	0.000000012627
12	106958748	109025900	671	40	0.0003224158	0.000000036003
12	109025901	110336718	284	40	0.0001329562	0.000000015177
12	110336719	113263517	287	33	0.0002740297	0.000000013487
12	113263518	113986708	163	25	0.0002970827	0.000000015324
12	113986709	115036601	498	40	0.0001525961	0.000000026224
12	115036602	115503215	162	33	0.0001186665	0.000000010538
12	115503216	117087470	722	40	0.0001528900	0.000000033117
12	117087471	118135374	420	40	0.0001246218	0.000000025373
12	118135375	119754109	656	40	0.0001108535	0.000000033745
12	119754110	122007650	502	40	0.0002661647	0.000000029142
12	122007651	124977979	516	40	0.0006730698	0.000000039548
12	124977980	126445504	579	40	0.0000718403	0.000000033578
12	126445505	127875097	628	40	0.0000652319	0.000000030909
12	127875098	129237296	676	40	0.0000709052	0.000000034751
12	129237297	130377920	650	40	-0.0000012829	0.000000031801
12	130377921	131786750	694	40	-0.0000178783	0.000000031861
12	131786751	132807033	255	39	0.0000939315	0.000000014755
12	132807034	133841510	124	21	0.0001646524	0.000000010493
13	19020013	20686719	252	34	0.0000898061	0.000000014821
13	20686720	22242173	542	40	-0.0000331226	0.000000026605
13	22242174	23594701	668	40	-0.0000445362	0.000000031704
13	23594702	24531936	470	40	0.0001936227	0.000000028178
13	24531937	25784361	582	40	-0.0000771548	0.000000028967
13	25784362	27284361	502	40	-0.0000423629	0.000000022503
13	27284362	29257550	796	40	0.0004191929	0.000000040775
13	29257551	30483266	472	40	0.0000672196	0.000000023335
13	30483267	32301814	735	40	0.0000679090	0.000000033991
13	32301815	33776902	509	40	0.0000524727	0.000000024490
13	33776903	35026463	447	40	0.0001145795	0.000000023738
13	35026464	36046366	210	30	0.0000837015	0.000000012275
13	36046367	37498184	599	40	0.0000347383	0.000000030481
13	37498185	38878162	514	40	0.0000992365	0.000000023188
13	38878163	41069262	822	40	0.0000529831	0.000000032752
13	41069263	43101026	575	40	0.0000704584	0.000000026167
13	43101027	44901408	769	40	0.0000339398	0.000000031593
13	44901409	46495213	497	40	0.0000129444	0.000000024788
13	46495214	47431078	328	40	0.0001813746	0.000000019316
13	47431079	49383961	602	40	0.0002250406	0.000000031071
13	49383962	51591090	676	40	0.0004887573	0.000000039251
13	51591091	53339621	398	40	0.0001596462	0.000000023742
13	53339622	54682863	509	40	0.0001376909	0.000000026360
13	54682864	55817130	312	36	0.0000905729	0.000000013875
13	55817131	57554216	301	22	0.0001527354	0.000000013178
13	57554217	58410625	197	20	0.0000774083	0.000000008166
13	58410626	59302270	207	21	0.0001498191	0.000000010694
13	59302271	60854777	556	40	0.0000599308	0.000000025236
13	60854778	61591948	284	35	0.0002274681	0.000000017647
13	61591949	63971558	633	40	0.0001130915	0.000000030695
13	63971559	65200601	302	31	0.0000283898	0.000000011197
13	65200602	67844452	775	40	0.0002113651	0.000000035034
13	67844453	70724515	882	40	0.0001519602	0.000000033840
13	70724516	71526790	315	40	0.0000809679	0.000000016948
13	71526791	73934088	817	40	0.0000014374	0.000000030814
13	73934089	75670142	717	40	0.0000338950	0.000000031019
13	75670143	77410554	740	40	0.0000831666	0.000000031394
13	77410555	78808812	401	40	0.0001773155	0.000000020523
13	78808813	80585675	557	40	0.0001376722	0.000000026991
13	80585676	82581813	604	40	0.0000899334	0.000000029363
13	82581814	84133143	391	35	0.0002029668	0.000000016708
13	84133144	85610915	408	40	0.0002428911	0.000000021745
13	85610916	88559881	739	40	0.0001136533	0.000000031250
13	88559882	90521310	465	40	0.0001280679	0.000000020275
13	90521311	93129690	838	40	0.0001750438	0.000000033925
13	93129691	93586454	118	16	0.0000536251	0.000000006928
13	93586455	96087557	1140	40	0.0000738076	0.000000032733
13	96087558	97519209	337	37	0.0002452416	0.000000020978
13	97519210	98938918	424	40	0.0001167015	0.000000025028
13	98938919	100574094	727	40	0.0000427479	0.000000031830
13	100574095	102300522	728	40	0.0001494478	0.000000033687
13	102300523	104066709	872	40	0.0000766657	0.000000032611
13	104066710	104844113	307	40	0.0001047751	0.000000017192
13	104844114	106247553	620	40	0.0000067083	0.000000031271
13	106247554	106749999	266	40	0.0000618707	0.000000014324
13	106750000	108189876	598	40	0.0000969614	0.000000033296
13	108189877	109121209	427	40	0.0000510400	0.000000023746
13	109121210	109815111	311	40	0.0001701462	0.000000019105
13	109815112	111232072	617	40	0.0002730464	0.000000033410
13	111232073	112247591	420	40	0.0001494668	0.000000024588
13	112247592	113572487	427	40	-0.0000319150	0.000000022036
13	113572488	115109852	331	40	0.0000505144	0.000000019518
14	19002084	21589401	471	40	0.0000212972	0.000000028171
14	21589402	23018664	575	40	-0.0000627791	0.000000028937
14	23018665	24905122	511	40	0.0000118932	0.000000028735
14	24905123	26135685	510	40	0.0003655174	0.000000029035
14	26135686	28466532	687	40	0.0000203560	0.000000031470
14	28466533	29972144	377	40	0.0002763187	0.000000023317
14	29972145	32383264	552	40	0.0000835459	0.000000029210
14	32383265	34846250	1210	40	0.0000064032	0.000000031917
14	34846251	35859592	219	27	0.0001971800	0.000000014508
14	35859593	38667724	838	40	0.0001288694	0.000000033642
14	38667725	40341989	512	40	0.0000777644	0.000000024058
14	40341990	41615501	354	32	0.0002223710	0.000000017111
14	41615502	43137388	419	36	0.0001259211	0.000000019551
14	43137389	44543226	357	40	0.0001642395	0.000000020838
14	44543227	46081895	354	40	0.0000552506	0.000000017124
14	46081896	46749129	194	17	-0.0000044557	0.000000006467
14	46749130	48573585	572	40	0.0001014152	0.000000028255
14	48573586	49005470	109	13	0.0000680492	0.000000005869
14	49005471	50507759	445	40	0.0000401283	0.000000022141
14	50507760	51493571	288	40	0.0002548058	0.000000021150
14	51493572	53474382	789	40	0.0001478403	0.000000033209
14	53474383	53997830	170	19	0.0000591598	0.000000008528
14	53997831	55233680	432	40	0.0000581795	0.000000022761
14	55233681	56216879	257	25	0.0000734530	0.000000012558
14	56216880	57481261	645	40	0.0001752504	0.000000034045
14	57481262	59448335	669	40	0.0001379249	0.000000033238
14	59448336	61680423	554	40	0.0002857044	0.000000028522
14	61680424	63790014	772	40	0.0000831428	0.000000031759
14	63790015	65220297	288	32	-0.0000185451	0.000000013236
14	65220298	66399554	363	40	0.0000885629	0.000000019191
14	66399555	67992316	401	32	0.0001773287	0.000000016426
14	67992317	71131956	1105	40	0.0000453313	0.000000031396
14	71131957	72889614	650	40	0.0001697793	0.000000033378
14	72889615	76444766	959	40	0.0002610622	0.000000036254
14	76444767	77229471	339	40	-0.0000457992	0.000000016637
14	77229472	78561944	530	40	0.0000892061	0.000000027558
14	78561945	80186578	586	40	0.0003867137	0.000000035822
14	80186579	81579713	482	40	0.0001742084	0.000000025820
14	81579714	83138096	456	40	0.0000301688	0.000000021457
14	83138097	84241632	378	40	0.0000525162	0.000000018031
14	84241633	85746318	462	40	0.0000655148	0.000000023377
14	85746319	86647001	298	35	0.0002775725	0.000000019637
14	86647002	87635340	304	40	0.0000672508	0.000000015787
14	87635341	89497642	557	40	0.0002279001	0.000000028162
14	89497643	91296859	642	40	0.0001431908	0.000000033745
14	91296860	93132298	587	40	0.0001895397	0.000000033125
14	93132299	94325284	372	40	0.0001954106	0.000000022131
14	94325285	95750866	777	40	0.0001598744	0.000000034861
14	95750867	96262414	354	40	0.0000636324	0.000000018923
14	96262415	98341161	811	40	0.0001134096	0.000000034197
14	98341162	99138531	360	40	0.0002326392	0.000000020257
14	99138532	101534306	814	40	0.0001660659	0.000000034648
14	101534307	103012101	378	40	0.0000588407	0.000000022024
14	103012102	105001722	427	40	0.0002030383	0.000000024665
14	105001723	106340357	136	27	0.0000365394	0.000000008899
14	106340358	107289453	38	5	-0.0000167584	0.000000001792
15	20001200	21131603	6	2	-0.0000038521	0.000000000435
15	21131604	24195126	271	40	0.0000006197	0.000000015547
15	24195127	25108589	190	28	0.0001492615	0.000000012092
15	25108590	27298111	822	40	0.0000196287	0.000000032496
15	27298112	29338501	453	40	0.0000730683	0.000000024709
15	29338502	30165567	276	40	0.0002469175	0.000000019494
15	30165568	31591820	256	40	0.0001983907	0.000000017638
15	31591821	32441810	252	35	0.0002727651	0.000000017396
15	32441811	34015424	666	40	0.0000495795	0.000000032030
15	34015425	35083250	345	40	0.0000300996	0.000000017524
15	35083251	37456501	902	40	0.0000153428	0.000000031179
15	37456502	38530776	342	40	0.0001702302	0.000000020973
15	38530777	40384131	720	40	0.0001933037	0.000000034873
15	40384132	41177513	185	25	0.0002068553	0.000000014498
15	41177514	42776398	312	39	0.0001491085	0.000000018179
15	42776399	44198048	191	15	0.0000603123	0.000000008558
15	44198049	46618786	429	40	0.0001038748	0.000000020756
15	46618787	48136047	565	40	0.0002970532	0.000000030566
15	48136048	50008042	405	40	0.0001164116	0.000000019804
15	50008043	51677559	529	40	0.0000232941	0.000000021985
15	51677560	53069095	330	34	0.0001147447	0.000000015757
15	53069096	54508527	621	40	0.0001867034	0.000000032038
15	54508528	55136268	233	30	0.0001220780	0.000000015377
15	55136269	56901772	476	40	0.0001861390	0.000000029521
15	56901773	58441365	574	40	0.0001092231	0.000000031939
15	58441366	59694115	448	40	0.0001694995	0.000000027721
15	59694116	61265835	626	40	0.0003402013	0.000000037941
15	61265836	63215221	813	40	-0.0000229472	0.000000029240
15	63215222	65104667	409	40	0.0001594334	0.000000021549
15	65104668	67094766	544	40	0.0001098095	0.000000030197
15	67094767	69017998	619	40	0.0003017217	0.000000031938
15	69017999	70133340	284	40	0.0001385144	0.000000017748
15	70133341	71922648	685	40	0.0000235726	0.000000031329
15	71922649	73628713	330	30	0.0001286536	0.000000015347
15	73628714	76398623	467	40	0.0001155450	0.000000023390
15	76398624	78516052	472	40	0.0001835686	0.000000023012
15	78516053	80860977	860	40	0.0000985919	0.000000031121
15	80860978	84260467	808	40	0.0002680510	0.000000035670
15	84260468	86652904	641	40	0.0002093577	0.000000033161
15	86652905	88369942	743	40	0.0001441701	0.000000033439
15	88369943	90475550	622	40	0.0000619828	0.000000032808
15	90475551	92164391	528	40	0.0002184693	0.000000033925
15	92164392	93780901	776	40	-0.0000212950	0.000000030855
15	93780902	94924329	557	40	0.0000568600	0.000000033290
15	94924330	96141595	563	40	0.0001322486	0.000000033876
15	96141596	98030909	727	40	0.0000815296	0.000000032931
15	98030910	99244058	548	40	0.0001413423	0.000000034746
15	99244059	100636846	503	40	0.0003036223	0.000000035661
15	100636847	101552693	372	40	0.0001820369	0.000000024930
15	101552694	102520965	397	40	0.0001199768	0.000000026381
16	60054	1207205	218	40	0.0003879857	0.000000024069
16	1207206	2764828	243	40	0.0002560618	0.000000019000
16	2764829	4001195	224	40	0.0002478613	0.000000018794
16	4001196	5118344	273	40	0.0008811843	0.000000035740
16	5118345	5891579	338	40	0.0001132973	0.000000022554
16	5891580	6893550	681	40	0.0002244996	0.000000036285
16	6893551	7529120	473	40	0.0000891279	0.000000027889
16	7529121	8338518	526	40	0.0000306899	0.000000030138
16	8338519	9799418	657	40	0.0001685813	0.000000034236
16	9799419	10426031	361	38	0.0000876316	0.000000018797
16	10426032	11520160	394	40	0.0000012626	0.000000022426
16	11520161	12613097	360	40	0.0002520058	0.000000026241
16	12613098	13154436	295	40	0.0000401847	0.000000015147
16	13154437	14464001	526	40	0.0002827598	0.000000032573
16	14464002	16154059	260	37	0.0001202725	0.000000015933
16	16154060	17644748	356	40	0.0001789955	0.000000023584
16	17644749	18643606	173	27	0.0000040129	0.000000009668
16	18643607	20150570	336	40	0.0002330143	0.000000021687
16	20150571	22448903	346	40	0.0003009153	0.000000023209
16	22448904	24136874	455	40	0.0000933641	0.000000025713
16	24136875	25986861	689	40	0.0000989592	0.000000033088
16	25986862	27445754	616	40	0.0000536689	0.000000032328
16	27445755	29036612	286	39	0.0006898305	0.000000026817
16	29036613	31382942	193	28	0.0004130981	0.000000018475
16	31382943	46399472	104	15	0.0000379122	0.000000005814
16	46399473	49007925	262	31	0.0000540895	0.000000011751
16	49007926	52035822	1039	40	0.0001987278	0.000000034686
16	52035823	53382571	438	40	0.0002084779	0.000000022772
16	53382572	55903773	1026	40	0.0015365323	0.000000061710
16	55903774	57664329	524	40	0.0001563003	0.000000029429
16	57664330	59045404	404	40	0.0000912677	0.000000022939
16	59045405	60745693	489	40	0.0000542129	0.000000025209
16	60745694	62229848	354	40	0.0001925695	0.000000019170
16	62229849	63691588	438	40	0.0002573450	0.000000026896
16	63691589	65938565	786	40	0.0000804236	0.000000031884
16	65938566	68841362	558	40	0.0001581586	0.000000028298
16	68841363	71054027	327	37	0.0000964632	0.000000018307
16	71054028	72935149	354	35	0.0002554143	0.000000020956
16	72935150	74971502	742	40	0.0001286116	0.000000034319
16	74971503	75977953	205	28	0.0001012278	0.000000012567
16	75977954	77523677	642	40	0.0002299649	0.000000035274
16	77523678	78456291	613	40	0.0000637923	0.000000032231
16	78456292	79134814	550	40	0.0001363898	0.000000034836
16	79134815	80297373	754	40	0.0000236934	0.000000030980
16	80297374	81772535	695	40	0.0001801181	0.000000035097
16	81772536	82747727	552	40	0.0002221137	0.000000037041
16	82747728	83477207	587	40	0.0002220953	0.000000035375
16	83477208	84445882	649	40	0.0001761881	0.000000036078
16	84445883	85148684	395	40	0.0000551274	0.000000026805
16	85148685	86156598	451	40	-0.0000068302	0.000000029863
16	86156599	86815410	511	40	0.0002471445	0.000000037590
16	86815411	87647348	337	40	0.0001808181	0.000000024756
16	87647349	89041164	296	40	0.0002047815	0.000000023689
16	89041165	90292811	204	27	0.0002191424	0.000000016250
17	56	1172398	290	40	0.0003466263	0.000000029787
17	1172399	1928730	188	38	0.0002055456	0.000000016260
17	1928731	3702311	530	40	0.0001244726	0.000000031706
17	3702312	4696260	262	40	0.0001690653	0.000000020496
17	4696261	5741333	288	40	0.0002629687	0.000000020638
17	5741334	7317397	523	40	0.0000750117	0.000000033087
17	7317398	8306424	200	36	0.0002013458	0.000000015730
17	8306425	9965920	595	40	-0.0000507831	0.000000031249
17	9965921	11102814	421	40	0.0000456467	0.000000024149
17	11102815	12534768	526	40	0.0000929578	0.000000031662
17	12534769	13180371	274	40	0.0000005834	0.000000014959
17	13180372	13894636	356	40	0.0000602462	0.000000021806
17	13894637	15019096	591	40	0.0000336271	0.000000031589
17	15019097	16412341	274	40	0.0001726112	0.000000018406
17	16412342	18856319	452	40	0.0003647181	0.000000028950
17	18856320	21290356	334	40	0.0001160092	0.000000018426
17	21290357	27334243	426	40	-0.0000063505	0.000000021184
17	27334244	29786490	409	36	0.0003793494	0.000000021474
17	29786491	31538424	508	40	0.0000914276	0.000000027358
17	31538425	32912797	803	40	0.0000727234	0.000000032236
17	32912798	34469035	422	40	0.0000874835	0.000000021153
17	34469036	36809343	453	40	0.0003035738	0.000000030401
17	36809344	38877403	319	40	0.0002757815	0.000000020785
17	38877404	39899809	255	31	0.0000386768	0.000000011303
17	39899810	41772086	269	35	0.0002206821	0.000000015730
17	41772087	43056904	263	33	0.0001201542	0.000000014026
17	43056905	45876021	476	40	0.0004581113	0.000000026766
17	45876022	47517399	428	40	0.0003048226	0.000000023387
17	47517400	49898956	672	40	0.0002529683	0.000000036813
17	49898957	50719054	288	27	0.0000341260	0.000000012620
17	50719055	51826117	306	34	0.0001183310	0.000000014436
17	51826118	53599431	591	40	-0.0000163417	0.000000027565
17	53599432	55357540	582	40	0.0003038174	0.000000035124
17	55357541	57487511	595	40	0.0000664740	0.000000031289
17	57487512	59312754	219	22	-0.0000040713	0.000000007354
17	59312755	61545588	405	40	0.0001165755	0.000000022328
17	61545589	63148127	243	30	0.0001007939	0.000000013171
17	63148128	64800429	575	40	-0.0000280866	0.000000025289
17	64800430	67858769	816	40	0.0001768107	0.000000034132
17	67858770	69387816	573	40	0.0002071682	0.000000029367
17	69387817	72672202	1331	40	0.0000213454	0.000000032621
17	72672203	74375559	263	40	0.0001978794	0.000000018802
17	74375560	76263412	662	40	0.0001377679	0.000000036808
17	76263413	77298635	402	40	0.0000037589	0.000000026436
17	77298636	78837587	488	40	0.0003011828	0.000000035196
17	78837588	80034407	185	38	0.0001550584	0.000000014611
17	80034408	81194907	223	31	0.0001252335	0.000000012355
18	10644	912485	362	40	0.0000670369	0.000000022650
18	912486	1942910	362	40	0.0003237299	0.000000022884
18	1942911	3891657	717	40	-0.0000671337	0.000000030803
18	3891658	5834179	777	40	0.0000479781	0.000000033594
18	5834180	7090484	517	40	0.0000748001	0.000000031000
18	7090485	8498930	562	40	0.0000448108	0.000000030632
18	8498931	11075912	1190	40	0.0000584293	0.000000032946
18	11075913	11905439	248	40	-0.0000257854	0.000000013035
18	11905440	14440798	687	40	0.0001901024	0.000000035505
18	14440799	19485843	145	15	0.0000769054	0.000000008126
18	19485844	20649471	288	34	0.0000466289	0.000000013598
18	20649472	22996650	745	40	0.0003730352	0.000000037954
18	22996651	24026190	304	34	0.0000670785	0.000000016386
18	24026191	25927681	764	40	0.0001387194	0.000000033462
18	25927682	26875586	248	26	0.0000545985	0.000000011441
18	26875587	27866477	272	28	0.0001451776	0.000000014103
18	27866478	30264065	799	40	0.0000101381	0.000000030555
18	30264066	31780066	332	36	0.0001379185	0.000000017011
18	31780067	33861963	547	40	0.0001020633	0.000000026389
18	33861964	35075249	455	40	0.0002470061	0.000000027340
18	35075250	36365489	482	40	0.0002265814	0.000000023489
18	36365490	37684366	342	33	0.0000917481	0.000000014929
18	37684367	39892647	761	40	0.0001177854	0.000000032031
18	39892648	42922105	907	40	0.0003147438	0.000000036976
18	42922106	44299245	612	40	-0.0000586405	0.000000028548
18	44299246	45939731	567	40	0.0001343399	0.000000030462
18	45939732	47730583	690	40	0.0002391776	0.000000035155
18	47730584	51062184	1129	40	0.0001797195	0.000000034375
18	51062185	51554174	172	15	0.0001307665	0.000000009288
18	51554175	55213837	1054	40	0.0003780100	0.000000038025
18	55213838	56530219	545	40	0.0000558265	0.000000030145
18	56530220	57630482	564	40	0.0001930118	0.000000034117
18	57630483	59020750	378	40	0.0012646707	0.000000042462
18	59020751	60277714	503	40	-0.0000399712	0.000000023245
18	60277715	61820251	503	40	0.0001949216	0.000000027828
18	61820252	63463401	513	40	-0.0000156007	0.000000021430
18	63463402	64252800	239	22	0.0000507238	0.000000010306
18	64252801	66125816	728	40	0.0000733914	0.000000032234
18	66125817	67175819	317	40	-0.0000498618	0.000000015402
18	67175820	68621178	440	40	0.0000646913	0.000000025263
18	68621179	69621617	379	40	0.0000398216	0.000000019454
18	69621618	71038473	555	40	0.0000428442	0.000000028926
18	71038474	71971461	479	40	0.0000031400	0.000000028243
18	71971462	73526986	620	40	0.0000062067	0.000000031507
18	73526987	74813814	571	40	0.0001611288	0.000000034931
18	74813815	75976316	578	40	0.0001337628	0.000000032716
18	75976317	77149990	408	40	0.0000863075	0.000000020780
18	77149991	78017157	246	37	0.0000265012	0.000000013826
19	80840	610728	87	23	0.0000213212	0.000000007942
19	610729	2098395	229	40	0.0001946391	0.000000025651
19	2098396	3019659	191	40	0.0002817152	0.000000019658
19	3019660	4348966	223	40	0.0001543661	0.000000021012
19	4348967	5811851	336	40	0.0000597830	0.000000022958
19	5811852	6684884	171	36	0.0000805034	0.000000013322
19	6684885	8347512	387	40	0.0001805764	0.000000027630
19	8347513	9238392	150	34	0.0000944803	0.000000010544
19	9238393	11284027	335	40	0.0001562525	0.000000018495
19	11284028	13471126	319	40	0.0002453829	0.000000021836
19	13471127	14486346	176	36	0.0001103000	0.000000012929
19	14486347	15648609	290	40	0.0000768210	0.000000017138
19	15648610	16374415	288	39	0.0000623310	0.000000014080
19	16374416	18409861	382	40	0.0001946558	0.000000028115
19	18409862	19877470	235	40	0.0003644348	0.000000018588
19	19877471	20905756	127	20	0.0000459951	0.000000007677
19	20905757	22732895	315	37	0.0000614446	0.000000015027
19	22732896	23467745	129	13	0.0000263133	0.000000005853
19	23467746	28557892	279	27	0.0000656506	0.000000012765
19	28557893	29790946	458	40	0.0001277841	0.000000023461
19	29790947	30727953	326	40	0.0002088578	0.000000020474
19	30727954	32746519	626	40	0.0001722448	0.000000034009
19	32746520	34262951	421	40	0.0002015029	0.000000026668
19	34262952	36469294	528	40	0.0000537947	0.000000029435
19	36469295	37527032	186	18	0.0000655956	0.000000008604
19	37527033	40170618	506	40	0.0001627591	0.000000027529
19	40170619	40984600	157	24	0.0000000725	0.000000008007
19	40984601	42131572	225	40	0.0000713334	0.000000013536
19	42131573	43862454	125	19	0.0000724483	0.000000008345
19	43862455	44744107	239	39	0.0000652745	0.000000013069
19	44744108	46102696	276	40	0.0002303875	0.000000019207
19	46102697	47150081	222	40	0.0003565382	0.000000020818
19	47150082	49282226	463	40	0.0003788489	0.000000034781
19	49282227	51532566	445	40	0.0000804649	0.000000031124
19	51532567	52985289	531	40	0.0001572873	0.000000032952
19	52985290	54602361	438	40	0.0000707453	0.000000034156
19	54602362	55728079	252	40	0.0001105891	0.000000018413
19	55728080	57521334	544	40	0.0000512377	0.000000034195
19	57521335	59118838	417	40	0.0001839356	0.000000025511
20	60479	697599	237	40	0.0000626290	0.000000016270
20	697600	2469500	921	40	0.0000333296	0.000000032912
20	2469501	3828412	406	40	0.0000446806	0.000000022749
20	3828413	5477849	742	40	0.0000503076	0.000000033136
20	5477850	7084072	689	40	0.0000330016	0.000000031620
20	7084073	8117010	399	40	0.0002073123	0.000000021802
20	8117011	9730920	727	40	0.0001011839	0.000000032125
20	9730921	11249535	699	40	0.0001195758	0.000000032959
20	11249536	12447498	498	40	0.0001387397	0.000000024051
20	12447499	13689863	538	40	0.0001820458	0.000000030017
20	13689864	15958358	965	40	0.0000615100	0.000000032199
20	15958359	17487231	901	40	0.0001519344	0.000000033769
20	17487232	18972202	568	40	0.0002274620	0.000000032868
20	18972203	20959709	843	40	0.0002472975	0.000000036686
20	20959710	22491455	401	39	0.0002074070	0.000000019763
20	22491456	23293789	341	40	0.0001814372	0.000000019172
20	23293790	24717723	495	40	0.0001292877	0.000000025282
20	24717724	25344230	194	20	0.0001296677	0.000000010640
20	25344231	31614822	492	40	0.0001125512	0.000000021553
20	31614823	32813440	225	28	0.0000894547	0.000000011833
20	32813441	34960445	338	26	0.0006645485	0.000000025203
20	34960446	36909529	441	40	0.0001385309	0.000000022055
20	36909530	38436760	468	40	0.0000753961	0.000000021502
20	38436761	39610855	449	40	0.0001418531	0.000000024722
20	39610856	40585688	252	32	0.0001352422	0.000000014073
20	40585689	41615459	565	40	0.0000753468	0.000000031683
20	41615460	42680175	365	40	0.0001510612	0.000000022434
20	42680176	44839055	622	40	0.0003653156	0.000000036900
20	44839056	47199979	987	40	0.0001240570	0.000000033677
20	47199980	49239657	663	40	0.0000923536	0.000000031880
20	49239658	52472548	1273	40	0.0003029876	0.000000036965
20	52472549	54055265	593	40	0.0001427431	0.000000034240
20	54055266	56447958	1085	40	0.0001043116	0.000000033538
20	56447959	58406571	829	40	0.0000922258	0.000000033749
20	58406572	59561723	538	40	0.0001440922	0.000000029847
20	59561724	61301854	678	40	-0.0000325380	0.000000032888
20	61301855	62190179	260	40	0.0002158767	0.000000020932
20	62190180	62965162	167	30	0.0001356700	0.000000012311
21	9411243	15950981	263	40	0.0001397323	0.000000017356
21	15950982	18053164	643	40	0.0002037014	0.000000036691
21	18053165	19480374	433	40	0.0000445225	0.000000024834
21	19480375	20962338	589	40	0.0000612685	0.000000032253
21	20962339	22072763	352	40	0.0000870162	0.000000019996
21	22072764	23362874	513	40	0.0001195994	0.000000026590
21	23362875	24696230	355	40	-0.0000095784	0.000000016251
21	24696231	26469121	646	40	0.0000891914	0.000000031683
21	26469122	27271018	209	25	0.0000700611	0.000000011271
21	27271019	29125225	837	40	0.0000184994	0.000000030823
21	29125226	31197024	668	40	0.0000809807	0.000000028766
21	31197025	32668641	425	40	0.0001004947	0.000000018932
21	32668642	34376998	606	40	0.0001532935	0.000000032586
21	34376999	35225464	242	40	0.0001548875	0.000000016128
21	35225465	36524372	522	40	-0.0000055763	0.000000027280
21	36524373	37870778	490	40	0.0001613360	0.000000026128
21	37870779	38711703	287	37	0.0003209110	0.000000019432
21	38711704	40482901	808	40	0.0002269883	0.000000035421
21	40482902	41389526	456	40	-0.0000278805	0.000000020024
21	41389527	43321527	922	40	0.0001156115	0.000000033876
21	43321528	44506267	584	40	0.0001782603	0.000000034810
21	44506268	46177104	481	40	0.0001003469	0.000000029468
21	46177105	47492225	446	40	0.0002521311	0.000000027861
21	47492226	48119751	143	20	0.0000403178	0.000000008416
22	16050408	17674294	190	35	0.0000103575	0.000000011450
22	17674295	18296087	245	40	0.0002166895	0.000000019349
22	18296088	19912357	464	40	0.0001217776	0.000000027827
22	19912358	22357324	508	40	0.0001985906	0.000000028590
22	22357325	23712646	290	40	0.0000623938	0.000000016993
22	23712647	24984203	315	40	0.0001686786	0.000000018360
22	24984204	26791627	687	40	0.0000367958	0.000000032333
22	26791628	27834751	717	40	-0.0000665759	0.000000030472
22	27834752	29651798	547	40	0.0001365055	0.000000031641
22	29651799	31439917	439	40	0.0001002020	0.000000021574
22	31439918	32664985	290	31	0.0002043245	0.000000017305
22	32664986	34494913	890	40	0.0001025211	0.000000033229
22	34494914	35530984	500	40	0.0001707229	0.000000024100
22	35530985	37570268	736	40	0.0002679724	0.000000037659
22	37570269	39307893	453	40	0.0001934484	0.000000028699
22	39307894	40545796	298	40	0.0001450575	0.000000019211
22	40545797	42690817	383	30	0.0001532341	0.000000018304
22	42690818	43714199	337	40	0.0002599584	0.000000023318
22	43714200	44995307	644	40	0.0001292003	0.000000034504
22	44995308	46470494	572	40	-0.0000011674	0.000000032531
22	46470495	47596317	414	40	0.0001505399	0.000000026115
22	47596318	48903702	735	40	0.0001689679	0.000000035034
22	48903703	49824533	604	40	0.0000092979	0.000000032259
22	49824534	51243297	323	40	0.0000617142	0.000000020085
