chr	start	end	num_snp	k	local_h2g	var
1	10583	1892606	215	20	0.0000251930	0.000000041963
1	1892607	3582735	577	20	0.0001438295	0.000000125890
1	3582736	4380810	323	20	0.0002549626	0.000000074961
1	4380811	5913892	926	20	-0.0000119370	0.000000122164
1	5913893	7247334	500	20	0.0000785879	0.000000098732
1	7247335	9365198	764	20	0.0004473173	0.000000141804
1	9365199	10806983	418	20	0.0002043220	0.000000078010
1	10806984	11777840	300	20	0.0001861853	0.000000065903
1	11777841	12779465	348	20	0.0001902124	0.000000076913
1	12779466	14891510	651	20	0.0001763452	0.000000130216
1	14891511	16897729	817	20	-0.0000104957	0.000000122226
1	16897730	18662898	728	20	0.0000872803	0.000000126407
1	18662899	20469148	821	20	0.0000985068	0.000000126887
1	20469149	21736587	504	20	0.0001199117	0.000000097149
1	21736588	23086882	563	20	-0.0000393572	0.000000113282
1	23086883	23920589	257	20	0.0003070687	0.000000056765
1	23920590	25516844	599	20	-0.0000027777	0.000000116699
1	25516845	27401866	518	20	0.0000999549	0.000000082072
1	27401867	30161880	654	20	0.0002995055	0.000000119855
1	30161881	32438684	1011	20	0.0001424746	0.000000128768
1	32438685	34799757	750	20	0.0000868922	0.000000126391
1	34799758	37549182	680	20	-0.0000007137	0.000000122644
1	37549183	38731846	466	20	0.0001826826	0.000000086347
1	38731847	40200566	486	20	0.0001064586	0.000000091972
1	40200567	41975326	613	20	0.0003277962	0.000000116357
1	41975327	43758456	612	20	-0.0000003018	0.000000098467
1	43758457	44969182	417	20	0.0002038044	0.000000071556
1	44969183	46899500	538	20	0.0006340477	0.000000092795
1	46899501	48002575	352	20	0.0000238332	0.000000055846
1	48002576	48978187	368	20	0.0000697573	0.000000070059
1	48978188	49894176	260	20	0.0000643357	0.000000048874
1	49894177	51713725	292	20	0.0001786656	0.000000043486
1	51713726	54226261	613	20	0.0001865522	0.000000115033
1	54226262	56413116	931	20	0.0001011276	0.000000126999
1	56413117	57021727	291	20	0.0001286367	0.000000050401
1	57021728	58865398	938	20	0.0000824365	0.000000126200
1	58865399	59890408	425	20	0.0004211002	0.000000087472
1	59890409	61922364	720	20	0.0002576096	0.000000133691
1	61922365	63455088	593	20	0.0000318760	0.000000111578
1	63455089	65041703	711	20	0.0001383628	0.000000117706
1	65041704	66939403	692	20	0.0005004049	0.000000133962
1	66939404	68477894	742	20	0.0001470381	0.000000115182
1	68477895	69687615	406	20	0.0000657960	0.000000073365
1	69687616	71372469	581	20	0.0002081071	0.000000103738
1	71372470	71684404	95	10	0.0001032212	0.000000016918
1	71684405	74326906	599	20	0.0000752680	0.000000084804
1	74326907	76728134	790	20	0.0001998938	0.000000115864
1	76728135	79661197	1040	20	0.0001883239	0.000000130728
1	79661198	81354190	510	20	-0.0000535331	0.000000082868
1	81354191	83991747	1040	20	0.0000165936	0.000000123384
1	83991748	84844494	344	20	0.0001707861	0.000000056753
1	84844495	86454750	698	20	0.0002139459	0.000000129420
1	86454751	88128630	635	20	0.0000869529	0.000000111305
1	88128631	90066302	564	20	0.0003804538	0.000000110827
1	90066303	91886316	615	20	0.0001499820	0.000000109292
1	91886317	93536458	570	20	0.0003212448	0.000000095780
1	93536459	94506190	290	20	0.0002063878	0.000000047499
1	94506191	96150892	718	20	-0.0000961609	0.000000118295
1	96150893	97885248	671	20	0.0001646665	0.000000100084
1	97885249	99800603	681	20	0.0001117957	0.000000110010
1	99800604	100826404	353	20	0.0000057626	0.000000051204
1	100826405	102041015	495	20	0.0002042090	0.000000086256
1	102041016	102898744	301	20	0.0002182118	0.000000055636
1	102898745	103914210	216	20	0.0003270798	0.000000042721
1	103914211	106087841	500	20	0.0000999557	0.000000085855
1	106087842	108409664	781	20	0.0002649921	0.000000134007
1	108409665	110303930	633	20	0.0000776501	0.000000106205
1	110303931	111741736	639	20	0.0002910971	0.000000135123
1	111741737	113273305	779	20	0.0002868810	0.000000134943
1	113273306	114873844	586	20	0.0000156415	0.000000101220
1	114873845	115880592	375	20	-0.0000021033	0.000000053775
1	115880593	118839066	955	20	0.0001432819	0.000000128802
1	118839067	144977493	619	20	0.0000382095	0.000000099851
1	144977494	148361252	503	20	0.0001560224	0.000000089761
1	148361253	151538880	412	20	0.0003799415	0.000000073882
1	151538881	153180828	557	20	0.0000753480	0.000000077514
1	153180829	154770402	561	20	0.0000685733	0.000000092912
1	154770403	156336132	396	20	0.0002916097	0.000000077012
1	156336133	158027411	667	20	0.0002720842	0.000000128712
1	158027412	159913047	762	20	0.0000882309	0.000000126448
1	159913048	162346720	980	20	0.0000639280	0.000000125409
1	162346721	165191701	1301	20	0.0002810739	0.000000134695
1	165191702	166460516	592	20	0.0000097069	0.000000110106
1	166460517	169086323	1258	20	-0.0001066135	0.000000118115
1	169086324	170557775	608	20	0.0002037046	0.000000093059
1	170557776	173097906	1012	20	0.0004463619	0.000000141763
1	173097907	175089767	548	20	0.0000935373	0.000000056378
1	175089768	177433380	888	20	0.0000625139	0.000000125348
1	177433381	178944308	565	20	0.0001052463	0.000000091156
1	178944309	178954469	2	1	-0.0000096497	0.000000000037
1	178954470	181144120	839	20	0.0002471392	0.000000133243
1	181144121	182755355	678	20	0.0000582762	0.000000124098
1	182755356	184595512	689	20	0.0001990061	0.000000111905
1	184595513	186810022	641	20	0.0001246527	0.000000096582
1	186810023	188759944	722	20	0.0002218598	0.000000116802
1	188759945	189904129	251	19	0.0001146639	0.000000033972
1	189904130	191868929	606	20	0.0000682148	0.000000078713
1	191868930	194107441	688	20	0.0001102373	0.000000105775
1	194107442	196176200	645	20	0.0001314906	0.000000094570
1	196176201	197311513	214	16	-0.0000218809	0.000000024710
1	197311514	199239883	565	20	0.0002679777	0.000000101152
1	199239884	200137648	354	20	0.0003504914	0.000000070192
1	200137649	201589974	772	20	0.0000020578	0.000000122763
1	201589975	203334733	680	20	0.0001291746	0.000000128199
1	203334734	204681067	571	20	0.0003152942	0.000000117650
1	204681068	206073264	612	20	0.0009542352	0.000000153083
1	206073265	208410363	735	20	0.0003202693	0.000000136371
1	208410364	210787749	1037	20	0.0001401280	0.000000128667
1	210787750	212842329	759	20	0.0000823315	0.000000126196
1	212842330	214578265	673	20	0.0000641940	0.000000125420
1	214578266	216243633	652	20	0.0002192861	0.000000119845
1	216243634	218705512	1169	20	0.0002161123	0.000000131917
1	218705513	219590570	322	20	0.0001341457	0.000000055682
1	219590571	221858230	772	20	0.0000584722	0.000000125175
1	221858231	222230219	190	20	0.0003453512	0.000000049597
1	222230220	224938519	810	20	0.0001938250	0.000000130963
1	224938520	226810859	577	20	0.0002980015	0.000000108344
1	226810860	229156247	831	20	0.0000766739	0.000000125954
1	229156248	230685254	633	20	0.0001590946	0.000000123883
1	230685255	232090251	669	20	0.0002919373	0.000000130889
1	232090252	233429283	662	20	-0.0000554519	0.000000120303
1	233429284	234599433	601	20	0.0000315019	0.000000115517
1	234599434	235819435	445	20	-0.0000570706	0.000000082972
1	235819436	237555627	820	20	0.0000493155	0.000000124784
1	237555628	238567806	463	20	0.0001420415	0.000000094764
1	238567807	239925313	542	20	0.0000839160	0.000000105692
1	239925314	240564090	387	20	0.0001581447	0.000000076296
1	240564091	241582219	568	20	0.0002624137	0.000000133629
1	241582220	242071601	240	20	0.0001436755	0.000000052477
1	242071602	244109498	723	20	0.0000161347	0.000000123365
1	244109499	245506745	571	20	-0.0000738937	0.000000113660
1	245506746	247344517	824	20	0.0000516843	0.000000124885
1	247344518	249239465	495	20	0.0009960186	0.000000129604
2	10133	1781021	744	20	0.0001042015	0.000000127131
2	1781022	3973778	1052	20	0.0000767020	0.000000125955
2	3973779	5708336	673	20	0.0003804465	0.000000138944
2	5708337	6836253	597	20	0.0003501403	0.000000122278
2	6836254	8422146	681	20	0.0002771582	0.000000134527
2	8422147	10298468	750	20	0.0000641616	0.000000125419
2	10298469	12419149	1054	20	0.0000439562	0.000000124554
2	12419150	14335307	634	20	0.0003038040	0.000000125828
2	14335308	16329734	787	20	0.0002190336	0.000000132041
2	16329735	18647422	917	20	0.0000777768	0.000000126001
2	18647423	19692403	397	20	0.0002447011	0.000000083965
2	19692404	21050489	685	20	-0.0000264676	0.000000121543
2	21050490	23341382	651	20	0.0001901244	0.000000130805
2	23341383	24686917	471	20	0.0001517991	0.000000086798
2	24686918	26894984	616	20	0.0001336576	0.000000115662
2	26894985	28598776	446	20	0.0005213653	0.000000091733
2	28598777	29217558	260	20	0.0000787498	0.000000049485
2	29217559	30463710	657	20	0.0000250171	0.000000123745
2	30463711	31550449	562	20	0.0004508038	0.000000134756
2	31550450	33363776	545	20	0.0002045660	0.000000123440
2	33363777	35345027	861	20	0.0000448767	0.000000124594
2	35345028	36122005	307	20	0.0002100550	0.000000063747
2	36122006	38132711	985	20	0.0000896770	0.000000126510
2	38132712	39031336	353	20	0.0001987878	0.000000084267
2	39031337	40281482	319	20	-0.0000007119	0.000000064595
2	40281483	43309589	1384	20	0.0002327783	0.000000132629
2	43309590	44313802	421	20	0.0009443577	0.000000126636
2	44313803	46482633	1133	20	0.0001014726	0.000000127014
2	46482634	47318771	440	20	0.0000761971	0.000000105363
2	47318772	48213000	316	20	0.0001690717	0.000000078253
2	48213001	50022256	758	20	0.0002531593	0.000000133501
2	50022257	50818927	356	20	-0.0000143933	0.000000068218
2	50818928	52491132	676	20	0.0000449482	0.000000124597
2	52491133	53508451	495	20	0.0002352631	0.000000104638
2	53508452	54685225	465	20	0.0002287913	0.000000101020
2	54685226	56203344	644	20	-0.0000907640	0.000000118793
2	56203345	57429099	449	20	0.0000362130	0.000000091022
2	57429100	58297314	295	20	0.0002302179	0.000000066063
2	58297315	60291999	780	20	0.0000859839	0.000000126352
2	60292000	62429043	640	20	0.0001384282	0.000000128594
2	62429044	64625912	638	20	0.0000226090	0.000000123374
2	64625913	65933443	493	20	0.0002516053	0.000000107657
2	65933444	67226165	567	20	0.0001591135	0.000000111768
2	67226166	68010175	435	20	0.0002395454	0.000000088767
2	68010176	69139563	509	20	0.0001428552	0.000000093777
2	69139564	70755197	579	20	0.0002995679	0.000000109702
2	70755198	73174847	843	20	0.0001574845	0.000000129409
2	73174848	75630085	793	20	0.0002855365	0.000000134885
2	75630086	76913660	536	20	-0.0000801464	0.000000101296
2	76913661	78079263	417	20	0.0000033688	0.000000088346
2	78079264	80050402	869	20	0.0000962808	0.000000126792
2	80050403	81620840	604	20	0.0001248932	0.000000128016
2	81620841	85140679	946	20	0.0002232283	0.000000118961
2	85140680	88038506	704	20	0.0003463823	0.000000126855
2	88038507	89154525	264	20	0.0000503605	0.000000044696
2	89154526	95326451	5	2	-0.0000158417	0.000000000443
2	95326452	98995200	485	20	0.0004066600	0.000000096381
2	98995201	101822328	946	20	0.0001903162	0.000000130813
2	101822329	102688764	274	20	0.0003783319	0.000000060024
2	102688765	103588214	428	20	0.0004783431	0.000000075129
2	103588215	105125033	321	20	0.0000929125	0.000000059263
2	105125034	106210057	436	20	0.0000831086	0.000000084380
2	106210058	107408266	475	20	0.0000805994	0.000000085790
2	107408267	108429176	373	20	0.0001507807	0.000000059775
2	108429177	110572431	589	20	0.0000231126	0.000000097140
2	110572432	113921855	899	20	0.0005036435	0.000000144213
2	113921856	116772469	804	20	0.0002041081	0.000000131403
2	116772470	118367465	438	20	0.0000986967	0.000000066109
2	118367466	121303782	1057	20	0.0002091464	0.000000131619
2	121303783	123302905	624	20	0.0000894053	0.000000119049
2	123302906	124732249	452	20	0.0003982159	0.000000081540
2	124732250	125840920	407	20	0.0000458841	0.000000069292
2	125840921	127373763	449	20	0.0001250185	0.000000066245
2	127373764	128034346	281	20	0.0000394745	0.000000051909
2	128034347	129474440	462	20	0.0002239375	0.000000086090
2	129474441	130067169	242	20	0.0000433149	0.000000037522
2	130067170	130658084	220	20	0.0001753648	0.000000042875
2	130658085	133042783	263	20	0.0000820893	0.000000047472
2	133042784	135158577	950	20	0.0000287426	0.000000123904
2	135158578	137042793	484	20	0.0002065505	0.000000074881
2	137042794	138698116	637	20	0.0001172803	0.000000112600
2	138698117	140100270	460	20	0.0002189744	0.000000069743
2	140100271	141805350	609	20	0.0001639781	0.000000112499
2	141805351	142518601	320	20	0.0001556676	0.000000065586
2	142518602	144519483	688	20	0.0000124434	0.000000118943
2	144519484	146445569	462	20	0.0001745116	0.000000088523
2	146445570	147277161	163	16	0.0001091272	0.000000032106
2	147277162	150210291	704	20	0.0000448464	0.000000111081
2	150210292	151731461	505	20	0.0000926095	0.000000090109
2	151731462	152486781	297	20	0.0001589405	0.000000052644
2	152486782	154005055	530	20	0.0000574945	0.000000091162
2	154005056	155391134	524	20	0.0000760961	0.000000097853
2	155391135	157560634	605	20	-0.0000345278	0.000000098302
2	157560635	158533217	184	20	0.0001130669	0.000000042837
2	158533218	159577081	355	20	0.0000707131	0.000000065658
2	159577082	161769732	770	20	0.0003468776	0.000000137509
2	161769733	163503550	425	20	0.0002213654	0.000000067641
2	163503551	164466637	210	20	0.0001573256	0.000000042819
2	164466638	165178839	187	20	0.0000733437	0.000000035734
2	165178840	167160269	682	20	0.0001802216	0.000000117650
2	167160270	167355969	75	10	0.0000107233	0.000000012788
2	167355970	169968235	901	20	0.0000626076	0.000000125352
2	169968236	171226244	520	20	0.0000197571	0.000000090065
2	171226245	173138904	647	20	0.0000787609	0.000000126043
2	173138905	175588928	893	20	0.0002798489	0.000000134642
2	175588929	177363635	593	20	0.0000859204	0.000000104478
2	177363636	178553182	486	20	0.0000095556	0.000000075968
2	178553183	181312738	1049	20	0.0001723758	0.000000130046
2	181312739	182266030	317	20	0.0001520780	0.000000055478
2	182266031	184357607	663	20	0.0000279048	0.000000116421
2	184357608	185280172	251	20	0.0002183973	0.000000049195
2	185280173	189882064	1035	20	0.0002509875	0.000000133408
2	189882065	191973356	532	20	0.0003608977	0.000000102299
2	191973357	195861163	761	20	0.0001939781	0.000000130970
2	195861164	196447455	163	20	0.0001494605	0.000000033579
2	196447456	198078109	482	20	-0.0000446720	0.000000064950
2	198078110	199311124	340	20	0.0001304918	0.000000048806
2	199311125	201576283	665	20	0.0000631397	0.000000114493
2	201576284	202818636	345	20	0.0002114726	0.000000068199
2	202818637	205799240	831	20	0.0001175881	0.000000127703
2	205799241	206735703	427	20	0.0003103915	0.000000102703
2	206735704	208645398	727	20	0.0002020769	0.000000131316
2	208645399	209941528	364	20	0.0001285139	0.000000068359
2	209941529	212379517	789	20	0.0003268661	0.000000136653
2	212379518	214014281	658	20	0.0000905900	0.000000126549
2	214014282	215573794	468	20	0.0000738659	0.000000087024
2	215573795	217715660	861	20	0.0000359001	0.000000124210
2	217715661	218395479	297	20	0.0002773320	0.000000068794
2	218395480	220454550	689	20	0.0002125206	0.000000122457
2	220454551	222521175	904	20	0.0001408303	0.000000128697
2	222521176	224859418	832	20	0.0000881478	0.000000126444
2	224859419	225840003	380	20	0.0004798685	0.000000075437
2	225840004	228119841	775	20	0.0001361498	0.000000126628
2	228119842	229370786	494	20	0.0000990944	0.000000083043
2	229370787	231843388	1006	20	0.0001287060	0.000000128179
2	231843389	233550002	535	20	-0.0000955479	0.000000088737
2	233550003	235150986	839	20	-0.0000036968	0.000000122517
2	235150987	236043549	462	20	0.0003114819	0.000000112282
2	236043550	237449031	507	20	0.0000833092	0.000000099707
2	237449032	238760980	576	20	0.0000402805	0.000000111674
2	238760981	239952642	465	20	0.0001427985	0.000000092500
2	239952643	241560083	745	20	0.0001638532	0.000000129682
2	241560084	242149920	253	20	0.0000901461	0.000000047336
2	242149921	243188919	186	20	0.0001744692	0.000000040718
3	60157	1441778	655	20	-0.0000067258	0.000000122387
3	1441779	2992119	984	20	0.0000152947	0.000000123329
3	2992120	4431646	832	20	0.0000837480	0.000000126256
3	4431647	6083182	856	20	-0.0000182360	0.000000121895
3	6083183	7083386	460	20	0.0000230729	0.000000097913
3	7083387	8648560	921	20	0.0002549666	0.000000133578
3	8648561	9543182	528	20	0.0002282587	0.000000119439
3	9543183	11019664	689	20	0.0001113096	0.000000127435
3	11019665	13070798	811	20	0.0005769180	0.000000147346
3	13070799	14816899	858	20	0.0000450153	0.000000124600
3	14816900	16282441	572	20	0.0002415410	0.000000107228
3	16282442	17891117	529	20	0.0000742681	0.000000094948
3	17891118	19125143	366	20	0.0002422192	0.000000074420
3	19125144	20091347	217	20	0.0001721501	0.000000049378
3	20091348	21643706	680	20	0.0001196615	0.000000127792
3	21643707	22204243	414	20	-0.0000156186	0.000000080178
3	22204244	23804864	575	20	0.0002544890	0.000000124250
3	23804865	25461557	795	20	0.0004005473	0.000000139804
3	25461558	26877768	505	20	0.0001529206	0.000000093696
3	26877769	27840909	288	20	0.0002250329	0.000000062925
3	27840910	29142259	478	20	0.0000809958	0.000000097547
3	29142260	30717954	721	20	0.0000507145	0.000000124843
3	30717955	32351714	693	20	0.0000100899	0.000000123106
3	32351715	33255591	307	20	0.0002484567	0.000000074438
3	33255592	35283457	640	20	0.0002001666	0.000000113782
3	35283458	36486841	430	20	0.0000739094	0.000000080713
3	36486842	38356115	647	20	0.0003806114	0.000000125944
3	38356116	40221297	710	20	0.0001238102	0.000000119460
3	40221298	41064527	168	17	0.0000570905	0.000000030139
3	41064528	42540001	502	20	-0.0000682696	0.000000083766
3	42540002	45165152	779	20	0.0002965299	0.000000135356
3	45165153	46657499	596	20	0.0001469075	0.000000102160
3	46657500	47727211	213	18	0.0000114911	0.000000031478
3	47727212	49316971	328	16	0.0003361164	0.000000044506
3	49316972	51832014	561	20	0.0001126462	0.000000052362
3	51832015	54081389	716	20	0.0004315212	0.000000130755
3	54081390	55348859	700	20	-0.0000175971	0.000000121922
3	55348860	56433906	397	20	0.0006619430	0.000000103213
3	56433907	58157518	608	20	0.0032381407	0.000000232382
3	58157519	60272905	1042	20	0.0003879210	0.000000139264
3	60272906	62355665	1068	20	0.0001020755	0.000000127040
3	62355666	63669285	710	20	0.0001399829	0.000000128661
3	63669286	65273537	809	20	0.0000226434	0.000000123643
3	65273538	66270446	376	20	0.0000433455	0.000000084458
3	66270447	68286913	699	20	0.0000523054	0.000000124911
3	68286914	69276761	389	20	0.0002329175	0.000000089998
3	69276762	70449027	420	20	0.0002717527	0.000000096211
3	70449028	72529328	834	20	0.0001787929	0.000000130321
3	72529329	74321816	746	20	0.0001382011	0.000000128585
3	74321817	75704948	296	20	0.0000314982	0.000000052537
3	75704949	77508834	533	20	0.0001826665	0.000000106270
3	77508835	79024540	443	20	0.0001287240	0.000000085059
3	79024541	81427309	537	20	0.0001276334	0.000000075496
3	81427310	82643885	322	20	0.0000359868	0.000000047194
3	82643886	84367478	360	20	-0.0000179329	0.000000053589
3	84367479	85582230	285	20	0.0001280735	0.000000045607
3	85582231	87409731	480	20	-0.0000447674	0.000000070658
3	87409732	88298372	215	19	0.0000878912	0.000000032606
3	88298373	94255315	530	20	0.0001746219	0.000000090299
3	94255316	95311970	234	18	0.0002067756	0.000000040207
3	95311971	98215949	626	20	-0.0000291931	0.000000087725
3	98215950	99373761	361	20	-0.0000212193	0.000000051510
3	99373762	100592216	369	20	0.0000415127	0.000000051032
3	100592217	103084959	731	20	0.0000190290	0.000000109979
3	103084960	104581612	475	20	0.0001640476	0.000000078538
3	104581613	106982810	768	20	0.0001075537	0.000000127274
3	106982811	109522394	821	20	0.0003186944	0.000000136303
3	109522395	110513769	278	20	0.0002367907	0.000000045474
3	110513770	112815698	759	20	0.0001076566	0.000000125943
3	112815699	113947862	406	20	0.0003761283	0.000000080355
3	113947863	115447079	427	20	0.0003059607	0.000000098176
3	115447080	116800152	564	20	0.0003982953	0.000000113912
3	116800153	118530250	622	20	0.0002507208	0.000000127002
3	118530251	120523054	751	20	0.0000727556	0.000000112798
3	120523055	121974096	435	20	0.0002544675	0.000000061751
3	121974097	123517767	563	20	0.0008545862	0.000000130005
3	123517768	124936641	659	20	0.0004343918	0.000000133790
3	124936642	126214942	430	20	0.0000093677	0.000000070221
3	126214943	128194860	736	20	0.0001219755	0.000000127891
3	128194861	130244734	509	20	0.0003720430	0.000000091887
3	130244735	131836515	596	20	0.0002251007	0.000000099325
3	131836516	133252172	545	20	0.0000714297	0.000000088698
3	133252173	135456905	927	20	-0.0000390526	0.000000121005
3	135456906	137371082	526	20	0.0001235656	0.000000076817
3	137371083	139954596	900	20	0.0004255598	0.000000140873
3	139954597	141339096	517	20	-0.0000292388	0.000000094650
3	141339097	143164627	689	20	-0.0000107321	0.000000121681
3	143164628	144410815	418	20	0.0001579876	0.000000077035
3	144410816	145664618	390	20	0.0001970103	0.000000065630
3	145664619	146726628	363	20	0.0000175497	0.000000059723
3	146726629	149043236	738	20	0.0001884245	0.000000130733
3	149043237	150252003	459	20	0.0001887165	0.000000095731
3	150252004	151348729	400	20	-0.0000682098	0.000000071159
3	151348730	153256570	609	20	0.0002931008	0.000000118795
3	153256571	154714217	446	20	0.0002779652	0.000000071757
3	154714218	156008699	360	20	0.0001934086	0.000000071607
3	156008700	157312027	488	20	0.0001682978	0.000000081467
3	157312028	159477889	688	20	0.0000936731	0.000000101699
3	159477890	161524503	602	20	0.0001763600	0.000000088096
3	161524504	163253204	531	20	0.0002394497	0.000000082742
3	163253205	165055468	482	20	0.0003361015	0.000000070069
3	165055469	167117428	496	20	0.0001435746	0.000000079165
3	167117429	168580959	405	20	0.0002541942	0.000000070258
3	168580960	170964908	780	20	0.0003529734	0.000000137769
3	170964909	172295730	553	20	0.0000592861	0.000000111435
3	172295731	173477284	411	20	0.0002678451	0.000000092495
3	173477285	175116538	640	20	0.0000157641	0.000000123349
3	175116539	176320286	371	20	0.0001459263	0.000000067133
3	176320287	178107164	593	20	0.0001435525	0.000000115296
3	178107165	179374585	430	20	0.0002214667	0.000000079236
3	179374586	181511165	506	20	0.0003044104	0.000000098873
3	181511166	183769682	716	20	0.0003526789	0.000000137222
3	183769683	185068254	470	20	0.0001804874	0.000000100758
3	185068255	186890343	727	20	0.0001273252	0.000000128120
3	186890344	188856213	842	20	0.0001403750	0.000000128678
3	188856214	190226606	652	20	0.0000456357	0.000000124626
3	190226607	192343813	846	20	0.0000984836	0.000000126886
3	192343814	194059670	649	20	0.0001219975	0.000000127892
3	194059671	194786673	335	20	0.0001099475	0.000000073006
3	194786674	195971407	331	20	-0.0001134147	0.000000059069
3	195971408	197075986	406	20	0.0002352940	0.000000079326
3	197075987	197946621	207	20	0.0000293449	0.000000039766
4	10240	694714	132	15	-0.0000318825	0.000000023129
4	694715	1478710	266	20	0.0001382992	0.000000054171
4	1478711	2842978	337	20	0.0000817705	0.000000068592
4	2842979	3846039	298	20	0.0005568388	0.000000084333
4	3846040	4684115	250	20	0.0003007129	0.000000063228
4	4684116	5502387	416	20	0.0001532848	0.000000096265
4	5502388	6773042	749	20	0.0000728794	0.000000125791
4	6773043	7539691	448	20	0.0000974628	0.000000106010
4	7539692	8152234	382	20	0.0002502092	0.000000095294
4	8152235	9326478	270	20	0.0001124996	0.000000060825
4	9326479	10699151	552	20	0.0003239647	0.000000099197
4	10699152	12323033	704	20	0.0002315356	0.000000132576
4	12323034	14272000	752	20	0.0002888830	0.000000135029
4	14272001	15147445	397	20	0.0001081356	0.000000080411
4	15147446	15927008	273	20	-0.0000135319	0.000000049903
4	15927009	17383321	706	20	0.0002437529	0.000000133099
4	17383322	18841873	444	20	0.0002499487	0.000000087448
4	18841874	20544556	513	20	0.0000878038	0.000000081807
4	20544557	22319346	706	20	0.0000076787	0.000000123003
4	22319347	24135528	639	20	0.0002168808	0.000000124496
4	24135529	25609321	642	20	0.0000228271	0.000000123651
4	25609322	27343721	597	20	0.0001329083	0.000000128358
4	27343722	27965867	220	20	0.0004025482	0.000000058660
4	27965868	29762207	577	20	0.0002157664	0.000000107423
4	29762208	30454534	169	20	0.0000492441	0.000000030040
4	30454535	31782980	439	20	0.0002259616	0.000000090460
4	31782981	33172765	345	20	0.0001524947	0.000000068640
4	33172766	35151414	394	20	0.0001655036	0.000000057736
4	35151415	36020435	287	20	0.0003448036	0.000000056930
4	36020436	37255046	467	20	0.0002905053	0.000000083166
4	37255047	38907021	837	20	0.0003049050	0.000000135714
4	38907022	40202608	436	20	0.0001990849	0.000000078284
4	40202609	42213057	763	20	0.0000382364	0.000000124310
4	42213058	43965044	576	20	0.0005281069	0.000000117379
4	43965045	45189156	363	20	0.0001170125	0.000000057131
4	45189157	47411895	501	20	0.0001490375	0.000000083909
4	47411896	48123599	240	20	0.0000206094	0.000000035148
4	48123600	53877432	553	20	0.0001012483	0.000000082882
4	53877433	55429555	570	20	0.0003068173	0.000000111565
4	55429556	56547643	410	20	0.0000967041	0.000000075426
4	56547644	58935007	965	20	0.0001566895	0.000000129375
4	58935008	60741086	493	20	0.0000884825	0.000000080830
4	60741087	62371762	458	20	0.0003073445	0.000000088633
4	62371763	64341000	481	20	0.0003160996	0.000000097845
4	64341001	66600491	570	20	0.0003696925	0.000000101653
4	66600492	68059496	427	20	0.0000557203	0.000000068226
4	68059497	68854764	270	20	0.0001743171	0.000000047803
4	68854765	71049151	498	20	0.0000133927	0.000000060525
4	71049152	72140557	273	20	0.0001023584	0.000000043569
4	72140558	74592389	566	20	-0.0000378561	0.000000084044
4	74592390	77130706	809	20	0.0002168677	0.000000129012
4	77130707	79093978	788	20	-0.0000155129	0.000000122011
4	79093979	80990296	612	20	0.0000672369	0.000000088011
4	80990297	82125314	270	20	0.0001276649	0.000000050360
4	82125315	83372592	413	20	0.0000558657	0.000000072943
4	83372593	84799655	550	20	0.0003725004	0.000000102538
4	84799656	86930608	670	20	0.0004009044	0.000000117394
4	86930609	87534647	146	18	0.0003861515	0.000000039406
4	87534648	89238027	630	20	0.0005897535	0.000000130671
4	89238028	90231563	356	20	0.0004255988	0.000000081469
4	90231564	91560676	368	20	0.0000746624	0.000000060926
4	91560677	94233298	628	20	0.0001045330	0.000000118372
4	94233299	96182187	663	20	0.0000620474	0.000000123193
4	96182188	97540702	537	20	0.0003859536	0.000000112352
4	97540703	99424066	445	20	0.0002490899	0.000000066864
4	99424067	100678359	464	20	0.0003070230	0.000000085865
4	100678360	103221355	875	20	0.0003811028	0.000000138972
4	103221356	105305293	553	20	0.0000777819	0.000000084406
4	105305294	107501304	647	20	0.0000088630	0.000000097824
4	107501305	108815347	384	20	0.0002551153	0.000000069807
4	108815348	111256566	841	20	0.0004424839	0.000000141597
4	111256567	113870101	790	20	0.0002034133	0.000000131374
4	113870102	115666245	656	20	0.0001038967	0.000000127118
4	115666246	117276928	384	20	0.0000988755	0.000000055394
4	117276929	118479917	367	20	-0.0000060667	0.000000058721
4	118479918	119933511	446	20	0.0000854179	0.000000069241
4	119933512	120392683	162	16	0.0002795448	0.000000034902
4	120392684	122657986	796	20	0.0003383942	0.000000137146
4	122657987	124286480	409	20	0.0002807156	0.000000069671
4	124286481	125210861	288	20	0.0000393935	0.000000050460
4	125210862	126480885	424	20	0.0001939717	0.000000081558
4	126480886	127275476	239	20	0.0001054819	0.000000047031
4	127275477	127830292	177	20	0.0005439621	0.000000054940
4	127830293	128996664	223	17	0.0003126370	0.000000048921
4	128996665	130591884	490	20	0.0000303797	0.000000081379
4	130591885	131283820	196	20	0.0000428417	0.000000036559
4	131283821	132954032	384	20	0.0001129157	0.000000074373
4	132954033	134628433	415	20	0.0000653404	0.000000065184
4	134628434	136566406	465	20	0.0000899093	0.000000074888
4	136566407	138541970	579	20	0.0001747194	0.000000112173
4	138541971	139556510	387	20	0.0002849767	0.000000083180
4	139556511	141084630	561	20	0.0001232483	0.000000114429
4	141084631	143443264	758	20	0.0001413106	0.000000128718
4	143443265	146178186	581	20	0.0001858598	0.000000087238
4	146178187	148521872	681	20	0.0004506646	0.000000136610
4	148521873	150683579	577	20	0.0001897305	0.000000103728
4	150683580	152782183	567	20	0.0004185014	0.000000088856
4	152782184	154477640	562	20	0.0004227834	0.000000128008
4	154477641	155056125	224	20	0.0002136989	0.000000049947
4	155056126	157485096	888	20	0.0000992933	0.000000126921
4	157485097	158743717	357	20	0.0001058060	0.000000066411
4	158743718	161058863	572	20	0.0002202803	0.000000096820
4	161058864	161826434	288	20	-0.0000224954	0.000000053153
4	161826435	163243678	492	20	0.0003002155	0.000000097423
4	163243679	164478233	352	20	0.0002268790	0.000000071306
4	164478234	165823447	463	20	0.0001085275	0.000000094103
4	165823448	167018857	406	20	0.0002808002	0.000000092541
4	167018858	167852916	207	20	0.0001505967	0.000000040178
4	167852917	169676824	631	20	0.0001816479	0.000000125112
4	169676825	170776509	346	20	0.0002266474	0.000000068599
4	170776510	172558634	459	20	0.0001728215	0.000000084669
4	172558635	174264131	419	20	0.0003975219	0.000000086719
4	174264132	176570715	686	20	0.0000088308	0.000000123052
4	176570716	178991909	895	20	0.0000158983	0.000000123355
4	178991910	180122042	353	20	-0.0000285294	0.000000067369
4	180122043	182066806	878	20	0.0000059858	0.000000122931
4	182066807	183371274	756	20	-0.0000270286	0.000000121519
4	183371275	184929454	642	20	0.0000340171	0.000000124129
4	184929455	186909089	950	20	0.0000840031	0.000000126267
4	186909090	188472980	662	20	0.0000875872	0.000000126420
4	188472981	189693510	460	20	0.0002398450	0.000000106897
4	189693511	191043593	337	20	0.0000935412	0.000000067612
5	11940	982251	262	20	0.0002599123	0.000000056923
5	982252	2132441	538	20	0.0001801025	0.000000128240
5	2132442	3361940	840	20	0.0002295343	0.000000132491
5	3361941	4632109	565	20	0.0001980604	0.000000111864
5	4632110	5973232	726	20	-0.0000478571	0.000000120628
5	5973233	7143217	612	20	0.0000798930	0.000000118113
5	7143218	8446335	623	20	0.0000654149	0.000000111172
5	8446336	9718831	640	20	0.0001764930	0.000000121447
5	9718832	11173270	787	20	0.0000885771	0.000000126463
5	11173271	13464831	645	20	0.0002033111	0.000000121007
5	13464832	14757803	631	20	0.0000554486	0.000000114692
5	14757804	16963612	787	20	0.0000101620	0.000000123109
5	16963613	18051591	290	20	0.0000909031	0.000000061859
5	18051592	19917715	603	20	0.0003964430	0.000000111250
5	19917716	22152072	496	20	0.0000346906	0.000000077538
5	22152073	23494323	444	20	0.0000781373	0.000000071902
5	23494324	26184850	714	20	0.0001518935	0.000000129170
5	26184851	26857603	162	20	0.0001366386	0.000000033968
5	26857604	27984512	254	20	0.0000953582	0.000000046841
5	27984513	29714819	442	20	0.0002419920	0.000000077129
5	29714820	31390248	612	20	0.0000195853	0.000000102947
5	31390249	33500179	875	20	0.0002820174	0.000000134735
5	33500180	35048969	587	20	0.0000210210	0.000000111641
5	35048970	36433953	496	20	0.0001675092	0.000000087719
5	36433954	38802409	796	20	0.0001034536	0.000000127099
5	38802410	40287728	567	20	0.0002188367	0.000000093704
5	40287729	41888709	567	20	0.0000839615	0.000000076630
5	41888710	43983498	450	20	0.0001604697	0.000000068241
5	43983499	50163397	472	20	0.0002096633	0.000000067389
5	50163398	52134621	596	20	0.0001995131	0.000000106989
5	52134622	53703043	642	20	0.0000560848	0.000000115510
5	53703044	55417348	652	20	0.0001880573	0.000000113004
5	55417349	56621101	524	20	-0.0000167315	0.000000091840
5	56621102	57340072	287	20	0.0000553623	0.000000047775
5	57340073	58524621	570	20	0.0000779687	0.000000099221
5	58524622	60935906	715	20	0.0002712382	0.000000126024
5	60935907	61672994	276	20	0.0004791656	0.000000065494
5	61672995	63218986	527	20	0.0002141546	0.000000084168
5	63218987	63968303	191	20	0.0001097062	0.000000034463
5	63968304	65911285	653	20	0.0001600271	0.000000107899
5	65911286	67850859	813	20	0.0002393701	0.000000132911
5	67850860	71240455	496	20	0.0000724390	0.000000084684
5	71240456	73759325	1056	20	0.0002044786	0.000000131419
5	73759326	75798865	729	20	0.0002182557	0.000000132008
5	75798866	77623331	779	20	0.0005727692	0.000000147169
5	77623332	79393143	687	20	0.0003221532	0.000000136451
5	79393144	80481470	475	20	0.0000292664	0.000000089449
5	80481471	82025647	530	20	0.0002837581	0.000000112138
5	82025648	83972688	563	20	0.0002211748	0.000000123356
5	83972689	85767289	548	20	0.0000725232	0.000000093848
5	85767290	87389990	292	20	0.0003593163	0.000000067165
5	87389991	88891529	329	20	0.0010456365	0.000000094087
5	88891530	90422653	446	20	0.0002370479	0.000000081392
5	90422654	91840541	288	20	0.0005365042	0.000000072017
5	91840542	93809983	443	20	0.0001724733	0.000000074919
5	93809984	95963518	741	20	0.0000991601	0.000000126915
5	95963519	97315600	448	20	0.0002927454	0.000000077554
5	97315601	99260991	519	20	0.0003344243	0.000000096595
5	99260992	101578768	561	20	0.0001912529	0.000000092021
5	101578769	103320004	515	20	0.0000517496	0.000000080273
5	103320005	104851482	440	20	0.0001487986	0.000000083145
5	104851483	105893054	193	20	0.0001123959	0.000000043757
5	105893055	107264195	570	20	-0.0000086507	0.000000120970
5	107264196	108633933	406	20	0.0002171153	0.000000083292
5	108633934	110821143	668	20	0.0002009213	0.000000125405
5	110821144	111981561	437	20	0.0001222891	0.000000092136
5	111981562	113396284	563	20	0.0001336974	0.000000108597
5	113396285	114830369	554	20	0.0000935091	0.000000099110
5	114830370	115831046	451	20	0.0001980522	0.000000092057
5	115831047	117346212	575	20	0.0000415149	0.000000121249
5	117346213	118608819	400	20	0.0000749613	0.000000083276
5	118608820	119669041	348	20	0.0000746150	0.000000069276
5	119669042	120452165	245	20	0.0001256201	0.000000051232
5	120452166	122556904	707	20	0.0001867505	0.000000130661
5	122556905	123798099	462	20	0.0000480933	0.000000088977
5	123798100	125785648	873	20	0.0002517019	0.000000133439
5	125785649	127344603	465	20	0.0001042941	0.000000083516
5	127344604	129519024	705	20	0.0002169364	0.000000115021
5	129519025	132139648	657	20	0.0006925701	0.000000112856
5	132139649	134777400	962	20	0.0000799214	0.000000126092
5	134777401	136376049	622	20	0.0000927799	0.000000101660
5	136376050	139265071	770	20	0.0004581775	0.000000132423
5	139265072	140645970	415	20	0.0000917935	0.000000057758
5	140645971	142981247	1000	20	0.0000084405	0.000000123036
5	142981248	144943353	667	20	0.0000087944	0.000000106398
5	144943354	147181997	774	20	0.0000165859	0.000000123384
5	147181998	148662623	581	20	0.0001510233	0.000000106995
5	148662624	150561297	900	20	0.0001997804	0.000000131218
5	150561298	152867773	888	20	0.0001948140	0.000000130738
5	152867774	153773087	439	20	0.0000797531	0.000000067520
5	153773088	155373504	588	20	0.0001187152	0.000000109783
5	155373505	156628699	404	20	0.0001489870	0.000000072188
5	156628700	158825697	899	20	0.0000699206	0.000000125665
5	158825698	159973943	434	20	0.0005168999	0.000000106394
5	159973944	161482132	550	20	0.0002342421	0.000000095376
5	161482133	162743907	375	20	0.0001473578	0.000000073356
5	162743908	163771581	395	20	-0.0000033664	0.000000072668
5	163771582	165642394	572	20	0.0001254738	0.000000124572
5	165642395	166847739	431	20	-0.0000034774	0.000000094718
5	166847740	168525317	797	20	0.0001685852	0.000000129884
5	168525318	169505663	497	20	0.0002058578	0.000000107518
5	169505664	171074291	702	20	0.0001363884	0.000000128507
5	171074292	172678326	723	20	0.0002896921	0.000000135063
5	172678327	173642870	510	20	0.0002747659	0.000000110198
5	173642871	175450594	851	20	0.0001926162	0.000000130912
5	175450595	177251506	454	20	-0.0000078324	0.000000074227
5	177251507	178413463	486	20	0.0001310891	0.000000107184
5	178413464	179401243	399	20	0.0000507177	0.000000084012
5	179401244	180559932	393	20	0.0000194416	0.000000076639
5	180559933	180885155	46	9	0.0000893480	0.000000012938
6	73924	1452361	712	20	0.0000565210	0.000000125092
6	1452362	2458935	457	20	0.0003155767	0.000000101900
6	2458936	3573592	623	20	0.0001379210	0.000000128573
6	3573593	4617816	548	20	0.0002253483	0.000000114595
6	4617817	5791471	622	20	-0.0000426109	0.000000120852
6	5791472	6785206	626	20	0.0000897502	0.000000126513
6	6785207	7808935	543	20	0.0000804850	0.000000112340
6	7808936	9020025	524	20	-0.0000074919	0.000000090439
6	9020026	10540316	643	20	-0.0000044934	0.000000122483
6	10540317	11790815	566	20	0.0000991941	0.000000113402
6	11790816	13209387	619	20	0.0003412800	0.000000130076
6	13209388	14802923	729	20	0.0001387588	0.000000128609
6	14802924	17386404	1061	20	0.0001373947	0.000000128550
6	17386405	19207486	693	20	0.0001836523	0.000000113077
6	19207487	21684064	1069	20	0.0002992043	0.000000135470
6	21684065	22748306	541	20	0.0005325299	0.000000131905
6	22748307	23936618	516	20	0.0002262411	0.000000116989
6	23936619	24852274	421	20	0.0001120416	0.000000093997
6	24852275	25684586	476	20	0.0011862329	0.000000137193
6	25684587	26791232	558	20	0.0002970208	0.000000076995
6	26791233	28017818	331	20	0.0004224200	0.000000057597
6	28017819	28917607	216	15	0.0003003672	0.000000031862
6	28917608	29737970	31	4	0.0002696567	0.000000014479
6	29737971	30798167	1	0	-0.0000000000	0.000000000222
6	30798168	31571217	132	20	0.0011466043	0.000000071772
6	31571218	32682663	131	16	0.0005196353	0.000000044121
6	32682664	33236496	190	20	0.0009810085	0.000000073428
6	33236497	35455755	754	20	0.0016266991	0.000000192239
6	35455756	37572595	879	20	0.0002469116	0.000000133234
6	37572596	39295676	787	20	0.0000015572	0.000000122741
6	39295677	40345114	428	20	-0.0000324399	0.000000075184
6	40345115	42038720	773	20	0.0001789915	0.000000130329
6	42038721	43756168	505	20	0.0003157995	0.000000103958
6	43756169	45406562	616	20	0.0001409557	0.000000125767
6	45406563	47311897	802	20	-0.0000094974	0.000000122269
6	47311898	48391124	379	20	0.0004615084	0.000000073442
6	48391125	50386144	552	20	0.0001679139	0.000000076711
6	50386145	52210475	658	20	0.0000643891	0.000000107465
6	52210476	53279101	464	20	0.0004182113	0.000000096621
6	53279102	55468269	905	20	0.0000933878	0.000000126401
6	55468270	56105312	221	20	0.0001267003	0.000000032849
6	56105313	57599464	373	20	0.0002974763	0.000000069893
6	57599465	61880511	158	11	0.0001132297	0.000000021897
6	61880512	63552887	370	20	0.0002276671	0.000000053640
6	63552888	65765741	491	20	0.0001201074	0.000000076172
6	65765742	67329214	526	20	0.0000172537	0.000000083094
6	67329215	68849482	504	20	0.0000851816	0.000000079184
6	68849483	69523447	237	20	0.0001928630	0.000000045742
6	69523448	71609509	795	20	0.0001065161	0.000000122964
6	71609510	73450096	667	20	0.0000667327	0.000000114120
6	73450097	75462002	619	20	0.0001875504	0.000000106737
6	75462003	77414880	474	20	0.0001368094	0.000000075638
6	77414881	78957727	511	20	0.0002248269	0.000000073435
6	78957728	80691169	630	20	0.0001277018	0.000000107300
6	80691170	81929221	404	20	0.0002116438	0.000000056559
6	81929222	83127148	374	20	0.0001869091	0.000000069364
6	83127149	85209988	597	20	0.0002125044	0.000000098788
6	85209989	87069499	651	20	0.0001017954	0.000000090500
6	87069500	88822139	596	20	0.0003537797	0.000000102761
6	88822140	89973051	458	20	0.0000017329	0.000000082939
6	89973052	91843195	773	20	0.0002624113	0.000000133897
6	91843196	93428643	495	20	0.0003005918	0.000000100751
6	93428644	94118141	301	20	0.0000322138	0.000000048713
6	94118142	94441174	87	8	0.0000417210	0.000000013416
6	94441175	97093510	675	20	-0.0000046984	0.000000106607
6	97093511	97842283	254	20	0.0001416240	0.000000043336
6	97842284	100630145	851	20	-0.0000023035	0.000000122576
6	100630146	102636771	523	20	0.0000918227	0.000000092114
6	102636772	103983394	364	20	0.0003505226	0.000000069220
6	103983395	106056732	712	20	0.0002417785	0.000000128214
6	106056733	107450305	655	20	0.0000925083	0.000000126631
6	107450306	108464379	369	20	0.0001944792	0.000000076350
6	108464380	110304246	574	20	0.0003722670	0.000000100999
6	110304247	112345013	657	20	0.0001587691	0.000000116471
6	112345014	114220832	668	20	0.0002009949	0.000000113817
6	114220833	116131395	533	20	0.0001142177	0.000000079668
6	116131396	117672971	504	20	0.0001439281	0.000000081432
6	117672972	118963114	406	20	0.0001779745	0.000000068493
6	118963115	119963277	340	20	0.0002348035	0.000000064797
6	119963278	120512127	178	19	0.0003265992	0.000000039905
6	120512128	121905675	401	20	0.0000646789	0.000000056608
6	121905676	123856180	647	20	0.0001104467	0.000000099317
6	123856181	125424382	632	20	0.0000557022	0.000000125057
6	125424383	127540460	487	20	0.0001808368	0.000000088034
6	127540461	129861030	634	20	0.0001985503	0.000000115545
6	129861031	130935453	513	20	0.0000546201	0.000000097452
6	130935454	132765668	633	20	0.0003751099	0.000000127554
6	132765669	134244242	623	20	-0.0000329276	0.000000105140
6	134244243	136224176	616	20	0.0026800423	0.000000237285
6	136224177	137614217	363	20	0.0001959521	0.000000078400
6	137614218	138822628	505	20	0.0002388272	0.000000101447
6	138822629	139845435	409	20	0.0001547013	0.000000087427
6	139845436	142288478	576	20	0.0003124145	0.000000104583
6	142288479	145319809	1089	20	0.0001743557	0.000000130131
6	145319810	146665423	338	20	0.0001041645	0.000000045070
6	146665424	148920351	965	20	0.0001161757	0.000000127643
6	148920352	150253403	561	20	0.0001266694	0.000000096668
6	150253404	151912702	925	20	0.0001143328	0.000000127564
6	151912703	153094495	594	20	0.0001022206	0.000000110647
6	153094496	154974119	838	20	0.0001120789	0.000000127468
6	154974120	156763325	781	20	0.0002455120	0.000000133174
6	156763326	158218718	506	20	-0.0000210110	0.000000098879
6	158218719	160580496	1089	20	0.0000100808	0.000000123106
6	160580497	162169563	805	20	0.0000456303	0.000000124626
6	162169564	162931202	385	20	0.0000771003	0.000000082359
6	162931203	164383520	708	20	0.0000250407	0.000000123746
6	164383521	165586863	570	20	0.0002601938	0.000000111392
6	165586864	167024732	857	20	0.0000477390	0.000000124716
6	167024733	168042834	446	20	0.0001924806	0.000000091566
6	168042835	169382049	688	20	0.0003839847	0.000000139096
6	169382050	170330172	444	20	0.0001057594	0.000000074815
6	170330173	171051269	252	20	0.0003127665	0.000000058923
7	16161	972751	182	20	0.0000377900	0.000000038941
7	972752	1353066	155	20	0.0000990033	0.000000034945
7	1353067	2062397	187	20	0.0000258145	0.000000039854
7	2062398	2772226	265	20	0.0002616855	0.000000066911
7	2772227	4573427	902	20	0.0002144027	0.000000131843
7	4573428	5416231	254	20	0.0001921191	0.000000065422
7	5416232	5854525	124	20	0.0000357099	0.000000027840
7	5854526	6573856	180	20	0.0001876313	0.000000045047
7	6573857	7808751	472	20	0.0001407585	0.000000103189
7	7808752	9123422	774	20	-0.0000287274	0.000000121446
7	9123423	9987498	400	20	0.0001708329	0.000000091914
7	9987499	11299197	519	20	0.0001095589	0.000000112532
7	11299198	12635460	747	20	0.0000509860	0.000000124855
7	12635461	13884201	611	20	0.0001375645	0.000000128558
7	13884202	15143656	595	20	0.0002317161	0.000000132584
7	15143657	16902068	800	20	0.0000368217	0.000000124249
7	16902069	19481546	1088	20	0.0001984055	0.000000131159
7	19481547	20124907	247	20	0.0002012833	0.000000058288
7	20124908	22507628	1256	20	0.0001905815	0.000000130825
7	22507629	23471441	335	20	0.0004766409	0.000000088340
7	23471442	25077258	760	20	0.0001661096	0.000000129778
7	25077259	25909554	464	20	0.0001467266	0.000000090633
7	25909555	28360308	926	20	0.0001235222	0.000000127957
7	28360309	31137288	1338	20	0.0000890876	0.000000126484
7	31137289	33555767	1067	20	-0.0000452893	0.000000120738
7	33555768	36213537	1079	20	0.0002327343	0.000000132627
7	36213538	37555183	667	20	0.0001479680	0.000000129002
7	37555184	38966702	683	20	0.0000914586	0.000000117814
7	38966703	39862669	335	20	0.0000203346	0.000000055212
7	39862670	42001810	647	20	0.0001629629	0.000000117703
7	42001811	43159073	424	20	0.0001461449	0.000000084541
7	43159074	44763827	542	20	-0.0000208532	0.000000089614
7	44763828	45952921	411	20	0.0002498784	0.000000085688
7	45952922	46986719	432	20	0.0001250368	0.000000077378
7	46986720	49212277	965	20	0.0001055101	0.000000127187
7	49212278	51675321	952	20	0.0001707920	0.000000129978
7	51675322	53176311	684	20	-0.0000207739	0.000000112491
7	53176312	54222975	397	20	-0.0000148208	0.000000057372
7	54222976	55691583	592	20	0.0003381176	0.000000118102
7	55691584	57382637	311	20	-0.0000173176	0.000000046854
7	57382638	63307358	171	17	0.0001332842	0.000000034060
7	63307359	63641124	58	6	0.0000019967	0.000000008803
7	63641125	65689808	392	20	0.0001199960	0.000000056532
7	65689809	68234073	791	20	0.0001630980	0.000000129649
7	68234074	69085363	286	20	-0.0000300399	0.000000050652
7	69085364	71874884	902	20	-0.0000345209	0.000000121198
7	71874885	73334601	212	20	0.0001900822	0.000000041849
7	73334602	76458563	454	20	0.0001661320	0.000000089938
7	76458564	78093858	668	20	0.0002134364	0.000000131802
7	78093859	79888068	685	20	0.0001811085	0.000000130420
7	79888069	82022685	763	20	0.0005382968	0.000000145695
7	82022686	83801202	682	20	0.0002617429	0.000000133868
7	83801203	85572181	431	20	0.0001304538	0.000000068195
7	85572182	87825003	607	20	0.0000949191	0.000000088936
7	87825004	90661783	1022	20	-0.0000283643	0.000000121462
7	90661784	92493751	498	20	0.0001602271	0.000000080873
7	92493752	93966600	385	20	-0.0000023386	0.000000074711
7	93966601	96073507	759	20	0.0002810581	0.000000134694
7	96073508	97099569	332	20	0.0000080307	0.000000057854
7	97099570	98715473	464	20	0.0000655763	0.000000083634
7	98715474	100196650	318	20	0.0002656523	0.000000054771
7	100196651	101199252	316	20	-0.0000083617	0.000000056183
7	101199253	103197509	444	20	0.0001796619	0.000000087479
7	103197510	104159524	492	20	-0.0000084789	0.000000088097
7	104159525	105682904	582	20	0.0000112113	0.000000105717
7	105682905	107780177	802	20	0.0009524222	0.000000163404
7	107780178	109647593	599	20	-0.0000054043	0.000000098508
7	109647594	112618683	886	20	0.0003196931	0.000000136346
7	112618684	113712386	247	20	-0.0000638866	0.000000037004
7	113712387	116780177	755	20	0.0005583825	0.000000140681
7	116780178	118351580	397	20	0.0001998371	0.000000063800
7	118351581	121045272	484	20	0.0002045766	0.000000080012
7	121045273	121933629	258	20	0.0000821596	0.000000042476
7	121933630	124156804	700	20	0.0005710464	0.000000131972
7	124156805	124167551	7	2	0.0001828299	0.000000009036
7	124167552	126519169	722	20	0.0001726252	0.000000104290
7	126519170	126869220	148	18	0.0001818139	0.000000031234
7	126869221	128778385	653	20	0.0002132396	0.000000108611
7	128778386	130422413	524	20	0.0003844312	0.000000107395
7	130422414	132805847	971	20	0.0002157905	0.000000131903
7	132805848	134307595	463	20	0.0001115954	0.000000075561
7	134307596	135591082	528	20	0.0001436112	0.000000094831
7	135591083	136876561	438	20	0.0000666167	0.000000080151
7	136876562	138744678	664	20	0.0000217959	0.000000123607
7	138744679	139933176	369	20	0.0002296959	0.000000075617
7	139933177	140235209	133	20	0.0001186920	0.000000030420
7	140235210	141226556	324	20	0.0002455139	0.000000057994
7	141226557	142656309	480	20	0.0001033389	0.000000072973
7	142656310	144968288	616	20	0.0000760287	0.000000103277
7	144968289	146427959	402	20	0.0001629567	0.000000075259
7	146427960	147815317	597	20	0.0000778727	0.000000111966
7	147815318	149840657	690	20	0.0002247821	0.000000132287
7	149840658	150711504	358	20	0.0000694307	0.000000059241
7	150711505	152249805	528	20	0.0001633006	0.000000122736
7	152249806	153674018	519	20	0.0000140490	0.000000108717
7	153674019	154964729	605	20	0.0000378526	0.000000124293
7	154964730	156065249	541	20	0.0000238702	0.000000113343
7	156065250	157634596	584	20	0.0002091786	0.000000129216
7	157634597	159128574	530	20	0.0000552144	0.000000099025
8	10422	1044216	432	20	0.0001364269	0.000000106113
8	1044217	1163244	77	13	0.0000137055	0.000000017009
8	1163245	2042941	524	20	0.0004339711	0.000000139895
8	2042942	2573278	273	20	0.0001834689	0.000000067256
8	2573279	3392925	632	20	0.0001785874	0.000000130312
8	3392926	3783016	448	20	0.0001324700	0.000000106204
8	3783017	4480475	721	20	0.0000119529	0.000000123186
8	4480476	5146926	520	20	-0.0000024078	0.000000119904
8	5146927	6142796	811	20	0.0005194977	0.000000144891
8	6142797	7153078	584	20	0.0000000305	0.000000122676
8	7153079	9154693	586	20	0.0002395548	0.000000132919
8	9154694	9640786	243	20	0.0001409266	0.000000056453
8	9640787	10463196	499	20	0.0002152318	0.000000124425
8	10463197	11278997	410	20	0.0001479749	0.000000094250
8	11278998	13491774	881	20	0.0001989258	0.000000131182
8	13491775	13944991	275	20	0.0001371396	0.000000059925
8	13944992	15991659	1167	20	0.0000154250	0.000000123334
8	15991660	17387875	588	20	0.0002426133	0.000000133050
8	17387876	17836398	292	20	0.0000931880	0.000000065630
8	17836399	19492839	1030	20	0.0000940254	0.000000126696
8	19492840	20060855	344	20	0.0000481473	0.000000072615
8	20060856	21661736	794	20	0.0000913266	0.000000126580
8	21661737	22897056	548	20	0.0004803650	0.000000138944
8	22897057	24674717	702	20	0.0000933460	0.000000126667
8	24674718	25483453	309	20	0.0000670093	0.000000054285
8	25483454	26682524	660	20	0.0000882410	0.000000126448
8	26682525	28162391	781	20	0.0000372231	0.000000124266
8	28162392	29327895	389	20	0.0000685229	0.000000073481
8	29327896	31133728	578	20	0.0000426200	0.000000106536
8	31133729	31548359	134	20	0.0000538900	0.000000025366
8	31548360	32977217	510	20	0.0000854179	0.000000087262
8	32977218	35317231	568	20	0.0001403641	0.000000078779
8	35317232	37379388	391	20	0.0001721750	0.000000072185
8	37379389	38938805	353	20	0.0000847660	0.000000070944
8	38938806	40703336	645	20	0.0000633042	0.000000108986
8	40703337	41721453	409	20	0.0003420126	0.000000095905
8	41721454	42773822	221	20	0.0002846192	0.000000046320
8	42773823	46841314	73	8	-0.0000639770	0.000000008730
8	46841315	50082469	459	20	0.0002249849	0.000000079385
8	50082470	53302929	849	20	0.0003793126	0.000000133294
8	53302930	54418043	393	20	0.0001784426	0.000000072205
8	54418044	55945580	501	20	0.0002609550	0.000000087916
8	55945581	56956382	369	20	0.0003128767	0.000000075942
8	56956383	59068650	712	20	0.0002418866	0.000000132484
8	59068651	59728099	290	20	0.0000074544	0.000000048384
8	59728100	62329098	830	20	0.0001252475	0.000000128031
8	62329099	63349305	351	20	0.0002898848	0.000000062527
8	63349306	65232871	555	20	0.0004127147	0.000000100942
8	65232872	66489089	387	20	0.0002694904	0.000000072870
8	66489090	69863056	939	20	0.0002331805	0.000000132646
8	69863057	70867978	432	20	0.0000596446	0.000000084645
8	70867979	72289453	458	20	0.0000113753	0.000000073294
8	72289454	73817198	725	20	0.0001276852	0.000000128135
8	73817199	75445063	654	20	0.0002674659	0.000000123484
8	75445064	76456541	314	20	0.0002033359	0.000000058375
8	76456542	79132860	750	20	0.0000903098	0.000000112497
8	79132861	81956394	845	20	0.0002066044	0.000000131510
8	81956395	82693738	229	20	0.0000753860	0.000000040769
8	82693739	84225588	433	20	0.0003642670	0.000000076157
8	84225589	85955618	384	20	0.0000377832	0.000000059849
8	85955619	87411708	295	20	0.0001410281	0.000000046631
8	87411709	89085480	514	20	0.0000813091	0.000000087087
8	89085481	90638161	437	20	0.0001269587	0.000000072985
8	90638162	93554385	725	20	0.0002607859	0.000000129026
8	93554386	95005526	412	20	0.0000975111	0.000000076707
8	95005527	96534805	668	20	0.0003086587	0.000000134270
8	96534806	99401580	1190	20	-0.0000022147	0.000000122580
8	99401581	101620957	566	20	0.0004082468	0.000000088171
8	101620958	104123305	1054	20	-0.0000128233	0.000000122126
8	104123306	104988751	278	20	0.0001991007	0.000000046006
8	104988752	107410753	859	20	0.0007445265	0.000000154514
8	107410754	108648176	509	20	0.0000998208	0.000000081815
8	108648177	109248172	210	20	0.0000313172	0.000000029981
8	109248173	110484313	368	20	0.0000449681	0.000000048054
8	110484314	111850846	302	20	0.0001592968	0.000000050027
8	111850847	113064319	251	20	0.0000452434	0.000000034546
8	113064320	116096494	841	20	-0.0000167596	0.000000108713
8	116096495	119685456	1210	20	0.0000615289	0.000000125306
8	119685457	121201699	554	20	0.0002454351	0.000000096362
8	121201700	124861458	1413	20	-0.0000115336	0.000000122181
8	124861459	125683718	358	20	0.0001330016	0.000000065113
8	125683719	126410916	280	20	0.0003693820	0.000000068077
8	126410917	128659110	975	20	-0.0000131195	0.000000122114
8	128659111	130381138	716	20	0.0003762908	0.000000138766
8	130381139	131639624	508	20	0.0002796743	0.000000103444
8	131639625	133351143	801	20	0.0000104637	0.000000123122
8	133351144	134570000	732	20	0.0002178764	0.000000131992
8	134570001	136035604	794	20	0.0001530632	0.000000129220
8	136035605	137524150	579	20	0.0002015488	0.000000106816
8	137524151	139254829	794	20	0.0000806658	0.000000126124
8	139254830	140725642	796	20	0.0002682778	0.000000134147
8	140725643	143044913	902	20	0.0001678540	0.000000129853
8	143044914	144236880	439	20	0.0000266686	0.000000079458
8	144236881	146303866	462	20	0.0003873434	0.000000108032
9	10023	1079706	624	20	0.0006748123	0.000000151533
9	1079707	1916876	624	20	0.0001260106	0.000000128063
9	1916877	3190063	820	20	0.0001597474	0.000000129506
9	3190064	4495327	781	20	0.0000362515	0.000000124225
9	4495328	4884925	244	20	0.0048541949	0.000000258787
9	4884926	6557588	603	20	0.0004535993	0.000000142073
9	6557589	7154922	311	20	0.0001501527	0.000000072485
9	7154923	8456298	965	20	0.0001314270	0.000000128295
9	8456299	9166402	421	20	-0.0000417574	0.000000092314
9	9166403	10879252	880	20	0.0001619851	0.000000129602
9	10879253	12276488	504	20	0.0000846731	0.000000097446
9	12276489	14836362	1341	20	0.0000218654	0.000000123610
9	14836363	16659654	844	20	0.0002618747	0.000000133874
9	16659655	18661050	983	20	0.0002089698	0.000000131611
9	18661051	20463533	871	20	0.0000862952	0.000000126365
9	20463534	22206558	723	20	0.0004548583	0.000000142126
9	22206559	24158517	651	20	0.0001520958	0.000000128912
9	24158518	25330809	324	20	0.0000232998	0.000000073801
9	25330810	26111756	296	20	0.0001525943	0.000000072836
9	26111757	28224282	1010	20	0.0001064364	0.000000127226
9	28224283	28811583	263	20	0.0000383162	0.000000051619
9	28811584	30387391	597	20	0.0000917605	0.000000094412
9	30387392	31310382	271	20	0.0000980978	0.000000047195
9	31310383	32019367	223	20	0.0001149258	0.000000037024
9	32019368	33578333	633	20	0.0000008325	0.000000113678
9	33578334	34642242	308	20	0.0002408716	0.000000049434
9	34642243	36743282	643	20	0.0003225272	0.000000132197
9	36743283	38641598	785	20	0.0000553744	0.000000125043
9	38641599	65472189	112	20	0.0002684134	0.000000034662
9	65472190	72512710	615	20	0.0001397302	0.000000113558
9	72512711	72753754	115	11	0.0000510906	0.000000018359
9	72753755	74253039	641	20	0.0000444750	0.000000101931
9	74253040	76203945	612	20	0.0003433288	0.000000113122
9	76203946	76973080	197	20	0.0001570745	0.000000039277
9	76973081	78900182	855	20	0.0000172031	0.000000123410
9	78900183	79471207	312	20	-0.0000067430	0.000000062369
9	79471208	81079054	561	20	0.0000326082	0.000000114771
9	81079055	82590927	676	20	-0.0000302814	0.000000121380
9	82590928	84211232	714	20	0.0003018705	0.000000135584
9	84211233	85440800	345	20	0.0000816880	0.000000072798
9	85440801	86938195	674	20	0.0001348895	0.000000126307
9	86938196	88109332	528	20	0.0002566124	0.000000101692
9	88109333	88590416	114	14	0.0002956363	0.000000029369
9	88590417	90136245	645	20	0.0001607553	0.000000129015
9	90136246	92528697	951	20	0.0002615483	0.000000133860
9	92528698	94167202	702	20	-0.0000367491	0.000000121103
9	94167203	96671697	887	20	0.0002533579	0.000000133509
9	96671698	98922039	766	20	0.0001065555	0.000000127231
9	98922040	101592858	965	20	0.0004782211	0.000000143125
9	101592859	104624436	1050	20	0.0003410462	0.000000137259
9	104624437	105967975	618	20	0.0001376269	0.000000104349
9	105967976	107581748	659	20	0.0000409219	0.000000096611
9	107581749	109298753	655	20	0.0001128375	0.000000122968
9	109298754	110695061	614	20	0.0000729657	0.000000122062
9	110695062	112778023	1168	20	0.0001911572	0.000000130849
9	112778024	114831081	991	20	0.0001843758	0.000000130559
9	114831082	115693144	332	20	0.0001212052	0.000000057309
9	115693145	117019800	684	20	0.0000597788	0.000000125231
9	117019801	117921959	501	20	0.0002058786	0.000000102870
9	117921960	121321536	1583	20	0.0000921608	0.000000126616
9	121321537	122260296	391	20	0.0002010371	0.000000077373
9	122260297	124871321	847	20	0.0004423037	0.000000141589
9	124871322	126971886	745	20	0.0002534884	0.000000133515
9	126971887	129059664	608	20	0.0002162018	0.000000114466
9	129059665	130055509	354	20	0.0001926356	0.000000072561
9	130055510	132165469	567	20	0.0001295468	0.000000111552
9	132165470	133223216	344	20	0.0000556150	0.000000069458
9	133223217	134127887	374	20	0.0003231178	0.000000089555
9	134127888	135298841	471	20	0.0002738230	0.000000096553
9	135298842	137041121	810	20	0.0008651627	0.000000159673
9	137041122	137589363	230	20	0.0006162536	0.000000076608
9	137589364	138938977	696	20	0.0000132560	0.000000123242
9	138938978	139500341	155	20	0.0000969144	0.000000037436
9	139500342	141144795	453	20	-0.0000537628	0.000000088467
10	60523	751338	142	16	0.0000217983	0.000000030045
10	751339	1523543	364	20	0.0002221922	0.000000081759
10	1523544	2254499	471	20	0.0002363357	0.000000101598
10	2254500	3352698	714	20	0.0001446998	0.000000128863
10	3352699	4572273	655	20	0.0001832463	0.000000130511
10	4572274	5983761	768	20	0.0001647936	0.000000129722
10	5983762	7171483	790	20	0.0000899791	0.000000126523
10	7171484	8774664	924	20	0.0001850339	0.000000130588
10	8774665	10249395	607	20	-0.0000068772	0.000000104162
10	10249396	12586796	1112	20	0.0001430062	0.000000128790
10	12586797	13321599	476	20	0.0000458770	0.000000109027
10	13321600	15026067	999	20	0.0001589423	0.000000129472
10	15026068	16551766	602	20	0.0001555396	0.000000129326
10	16551767	18537266	841	20	0.0003881123	0.000000139272
10	18537267	19716877	566	20	0.0000639506	0.000000105360
10	19716878	22772282	1066	20	0.0000864732	0.000000126373
10	22772283	23175131	131	15	0.0001096961	0.000000030271
10	23175132	25578595	835	20	0.0003055941	0.000000135743
10	25578596	26888683	589	20	0.0002744265	0.000000097342
10	26888684	29323235	1001	20	0.0002406274	0.000000132965
10	29323236	29783691	290	20	0.0004469894	0.000000071854
10	29783692	30458837	390	20	0.0003306331	0.000000093399
10	30458838	31907518	515	20	0.0003757911	0.000000104721
10	31907519	33707967	680	20	0.0002137372	0.000000111231
10	33707968	35109354	524	20	0.0002321620	0.000000104248
10	35109355	36572507	452	20	0.0002853867	0.000000087198
10	36572508	37790028	351	20	0.0003021837	0.000000068630
10	37790029	42372578	219	13	0.0001740044	0.000000026526
10	42372579	43894770	348	20	0.0000572559	0.000000059211
10	43894771	44730074	316	20	0.0000840938	0.000000052837
10	44730075	48760449	742	20	0.0001199263	0.000000127803
10	48760450	50840914	708	20	0.0003521720	0.000000127630
10	50840915	53616628	805	20	0.0001880270	0.000000130716
10	53616629	55103571	738	20	0.0000874890	0.000000126416
10	55103572	57031139	814	20	0.0000395785	0.000000124367
10	57031140	57662145	197	18	0.0001029949	0.000000027904
10	57662146	58959527	409	20	0.0001679574	0.000000052307
10	58959528	60289986	462	20	0.0002097084	0.000000070332
10	60289987	61891408	633	20	0.0001194937	0.000000123519
10	61891409	62659678	322	20	0.0000618420	0.000000055275
10	62659679	63341694	175	19	0.0001595236	0.000000035636
10	63341695	65794113	906	20	0.0013271197	0.000000179428
10	65794114	67549614	520	20	0.0001421441	0.000000082109
10	67549615	69900147	950	20	0.0002583061	0.000000133721
10	69900148	70195990	128	12	0.0002485380	0.000000028755
10	70195991	72220849	973	20	0.0000267655	0.000000123819
10	72220850	73508511	791	20	0.0000276611	0.000000123858
10	73508512	75422549	510	20	0.0000861105	0.000000065084
10	75422550	78706813	918	20	0.0000389872	0.000000124342
10	78706814	80876748	1071	20	0.0000881618	0.000000126445
10	80876749	82414678	550	20	0.0001569139	0.000000110109
10	82414679	84383744	765	20	0.0000970784	0.000000126826
10	84383745	85458702	464	20	0.0001065892	0.000000070140
10	85458703	87937576	1040	20	-0.0000121090	0.000000122157
10	87937577	89127063	312	20	0.0000706583	0.000000056376
10	89127064	91013380	762	20	0.0003158521	0.000000136182
10	91013381	92006580	391	20	0.0000825880	0.000000072091
10	92006581	93335046	469	20	0.0000976233	0.000000079212
10	93335047	95396367	746	20	0.0001529794	0.000000128148
10	95396368	96221242	284	20	0.0001082482	0.000000055550
10	96221243	97822356	636	20	0.0002373775	0.000000094239
10	97822357	100241301	978	20	0.0001953823	0.000000131030
10	100241302	100668399	158	15	0.0001583049	0.000000029316
10	100668400	102949238	850	20	0.0003549775	0.000000137855
10	102949239	104380409	365	20	0.0006550020	0.000000076075
10	104380410	106695047	813	20	0.0004991786	0.000000144022
10	106695048	108726685	714	20	0.0000118565	0.000000118121
10	108726686	110317704	674	20	0.0001717711	0.000000124690
10	110317705	112561492	700	20	-0.0000199441	0.000000119154
10	112561493	115328431	1096	20	0.0001029221	0.000000127076
10	115328432	116421405	522	20	0.0001443178	0.000000101792
10	116421406	119523933	1081	20	0.0000853923	0.000000126326
10	119523934	120591352	450	20	0.0001272341	0.000000092857
10	120591353	122407322	757	20	0.0000912214	0.000000126576
10	122407323	123231464	411	20	0.0001346658	0.000000082293
10	123231465	123900544	299	20	0.0001754484	0.000000066915
10	123900545	125869345	997	20	0.0001075156	0.000000127273
10	125869346	128001097	1027	20	0.0003245194	0.000000136553
10	128001098	129154361	557	20	-0.0000242597	0.000000107081
10	129154362	130844283	1013	20	-0.0000032981	0.000000122534
10	130844284	131741326	458	20	0.0001318049	0.000000091778
10	131741327	132580244	433	20	0.0000409561	0.000000081325
10	132580245	134336328	926	20	0.0001666639	0.000000129802
10	134336329	134494672	41	6	0.0002014354	0.000000015638
10	134494673	135523864	333	20	0.0001691302	0.000000070330
11	70855	1213589	402	20	0.0013677122	0.000000131969
11	1213590	3665480	925	20	0.0001241416	0.000000127984
11	3665481	4746708	461	20	0.0001680880	0.000000096384
11	4746709	6322868	1060	20	0.0004482275	0.000000141843
11	6322869	7436700	592	20	0.0000929526	0.000000105557
11	7436701	8333273	539	20	-0.0000137441	0.000000115436
11	8333274	9087316	297	20	0.0003668684	0.000000070887
11	9087317	10952026	697	20	0.0003667660	0.000000138359
11	10952027	12564228	1156	20	0.0001278014	0.000000128140
11	12564229	13373123	421	20	0.0000298324	0.000000076079
11	13373124	15742551	834	20	0.0001734498	0.000000130092
11	15742552	17578401	657	20	0.0000440086	0.000000107378
11	17578402	19569534	845	20	0.0002934784	0.000000135225
11	19569535	21017137	829	20	-0.0000140039	0.000000122076
11	21017138	22374141	597	20	0.0001927951	0.000000122143
11	22374142	24088516	634	20	0.0001068061	0.000000109536
11	24088517	26045752	727	20	0.0001284638	0.000000128168
11	26045753	27020460	374	20	0.0003205616	0.000000072340
11	27020461	28481592	437	20	0.0000230007	0.000000064616
11	28481593	30141356	444	20	0.0002319386	0.000000084674
11	30141357	32276900	680	20	0.0000153814	0.000000094493
11	32276901	33958738	598	20	0.0005798732	0.000000126591
11	33958739	35502604	856	20	0.0000340974	0.000000124133
11	35502605	37116814	772	20	0.0001164722	0.000000127656
11	37116815	39382002	456	20	-0.0001164412	0.000000064874
11	39382003	42310002	968	20	0.0000057209	0.000000122919
11	42310003	44693798	1027	20	0.0002548840	0.000000133575
11	44693799	47006136	768	20	0.0000926903	0.000000126639
11	47006137	49866049	559	20	0.0002335409	0.000000070607
11	49866050	54695472	188	10	0.0000872205	0.000000019656
11	54695473	55082656	16	5	0.0001372407	0.000000008898
11	55082657	58457494	1159	20	0.0002935888	0.000000135230
11	58457495	58780548	80	7	0.0000393120	0.000000012861
11	58780549	62223770	1101	20	0.0005157852	0.000000144732
11	62223771	63804568	353	20	0.0000289708	0.000000058499
11	63804569	65898630	622	20	0.0001555047	0.000000109267
11	65898631	68005824	413	20	0.0000418627	0.000000066157
11	68005825	69516129	528	20	0.0002129235	0.000000100600
11	69516130	70926291	509	20	0.0002169473	0.000000115021
11	70926292	72286016	341	20	0.0000367275	0.000000052759
11	72286017	74412350	653	20	0.0002110061	0.000000113461
11	74412351	76797208	824	20	0.0005469861	0.000000146066
11	76797209	78355057	485	20	0.0002700928	0.000000081302
11	78355058	80722372	1109	20	0.0001365551	0.000000128514
11	80722373	81266711	276	20	0.0000646808	0.000000054186
11	81266712	84381271	1224	20	0.0001525020	0.000000129196
11	84381272	86619300	831	20	-0.0000009891	0.000000122365
11	86619301	87430234	335	20	0.0001201888	0.000000056298
11	87430235	89208935	616	20	0.0002120216	0.000000125614
11	89208936	90966489	433	20	0.0000674390	0.000000061352
11	90966490	92077143	369	20	0.0001301256	0.000000066953
11	92077144	93276156	434	20	0.0001718505	0.000000076133
11	93276157	94242259	309	20	0.0004374319	0.000000063246
11	94242260	95726040	617	20	-0.0000537260	0.000000112668
11	95726041	97057057	536	20	0.0000431598	0.000000107342
11	97057058	98705064	607	20	0.0001943685	0.000000129117
11	98705065	100417168	816	20	0.0000060939	0.000000122935
11	100417169	101331120	423	20	0.0001515038	0.000000076511
11	101331121	103959635	1155	20	0.0001852765	0.000000130598
11	103959636	104873283	310	20	0.0001738728	0.000000042576
11	104873284	106520893	493	20	0.0001858295	0.000000082713
11	106520894	107844199	492	20	0.0004367596	0.000000108599
11	107844200	108437036	151	11	0.0002445118	0.000000028815
11	108437037	109866115	366	20	-0.0000391155	0.000000062964
11	109866116	111114396	518	20	0.0001674061	0.000000091260
11	111114397	112459487	436	20	0.0001049467	0.000000071554
11	112459488	114257727	837	20	0.0003419619	0.000000137298
11	114257728	114830665	239	20	0.0001431630	0.000000044585
11	114830666	116383347	683	20	0.0002083612	0.000000131585
11	116383348	117747109	664	20	0.0002050461	0.000000131443
11	117747110	119215475	582	20	0.0004913248	0.000000124378
11	119215476	120766805	688	20	0.0003093258	0.000000135903
11	120766806	121175942	210	20	0.0001946899	0.000000043929
11	121175943	122591909	495	20	0.0003126717	0.000000111814
11	122591910	123500116	449	20	0.0001722181	0.000000101178
11	123500117	124495527	508	20	0.0002393977	0.000000079500
11	124495528	126311319	857	20	0.0005810953	0.000000147525
11	126311320	127316678	580	20	0.0001439284	0.000000107472
11	127316679	128188536	324	20	0.0005022070	0.000000078337
11	128188537	130342574	933	20	0.0001679718	0.000000129858
11	130342575	131074611	396	20	-0.0000195604	0.000000076485
11	131074612	133000045	1160	20	0.0001623078	0.000000129616
11	133000046	134205992	570	20	0.0002082784	0.000000131582
11	134205993	134946451	429	20	0.0000275723	0.000000087593
12	61107	1080330	353	20	0.0000994318	0.000000077038
12	1080331	2544785	541	20	0.0003159699	0.000000119509
12	2544786	3677036	552	20	0.0002636060	0.000000128349
12	3677037	4417678	422	20	0.0001294710	0.000000092697
12	4417679	5321471	525	20	0.0000861626	0.000000109177
12	5321472	6419752	583	20	0.0006313444	0.000000142205
12	6419753	8377535	617	20	0.0001559017	0.000000129342
12	8377536	9031394	147	20	0.0001454672	0.000000036209
12	9031395	10481533	573	20	0.0002625189	0.000000114876
12	10481534	11754845	410	20	0.0002047629	0.000000071843
12	11754846	12733527	470	20	0.0001105167	0.000000106567
12	12733528	15241483	1107	20	0.0000667993	0.000000125531
12	15241484	16310459	272	20	0.0000601200	0.000000051098
12	16310460	18087872	599	20	0.0001023645	0.000000119603
12	18087873	20863942	1017	20	0.0000213707	0.000000123589
12	20863943	23820633	1164	20	0.0001030130	0.000000127080
12	23820634	25371082	763	20	0.0002836663	0.000000134805
12	25371083	27799772	1097	20	0.0000054300	0.000000122907
12	27799773	29651254	750	20	0.0005482118	0.000000144245
12	29651255	30512405	491	20	0.0000448592	0.000000082247
12	30512406	32165591	687	20	0.0002840698	0.000000134823
12	32165592	33076988	411	20	0.0002005784	0.000000080341
12	33076989	37856716	392	20	0.0000861421	0.000000053165
12	37856717	39227168	158	8	0.0001059481	0.000000026412
12	39227169	40816184	525	20	0.0003127052	0.000000092888
12	40816185	41658585	376	20	0.0002533208	0.000000062428
12	41658586	43984473	954	20	0.0001726486	0.000000130058
12	43984474	46024228	508	20	0.0000697472	0.000000078027
12	46024229	47714792	524	20	0.0004063328	0.000000103979
12	47714793	49001865	596	20	0.0004629507	0.000000119521
12	49001866	51776493	752	20	0.0004069132	0.000000133146
12	51776494	53039003	684	20	0.0003062530	0.000000126197
12	53039004	54778822	651	20	0.0001871502	0.000000122960
12	54778823	55665836	297	20	0.0003701782	0.000000066173
12	55665837	57548859	497	20	0.0005269749	0.000000101501
12	57548860	59308665	546	20	0.0000946648	0.000000086136
12	59308666	61123728	485	20	0.0002565841	0.000000083470
12	61123729	64032460	1024	20	0.0000207513	0.000000123562
12	64032461	65559694	404	20	0.0009014168	0.000000110636
12	65559695	67181143	569	20	0.0001391688	0.000000101572
12	67181144	67909728	331	20	0.0001080101	0.000000054574
12	67909729	69826541	875	20	0.0000673920	0.000000125557
12	69826542	70957986	528	20	0.0001568072	0.000000087769
12	70957987	72645074	595	20	0.0002107543	0.000000107209
12	72645075	73818453	328	20	0.0000256887	0.000000052291
12	73818454	76511313	828	20	0.0000182126	0.000000123454
12	76511314	78570569	813	20	0.0000908832	0.000000126561
12	78570570	80448149	436	20	0.0000400204	0.000000075262
12	80448150	81467766	320	20	0.0002605466	0.000000061525
12	81467767	83502665	623	20	-0.0000152170	0.000000094475
12	83502666	84303843	252	20	0.0000771885	0.000000035193
12	84303844	85990425	440	20	0.0000084197	0.000000054950
12	85990426	89682121	801	20	0.0000252545	0.000000112085
12	89682122	92066154	687	20	0.0001819827	0.000000102624
12	92066155	94514566	963	20	-0.0000380717	0.000000121047
12	94514567	96020784	752	20	0.0002674554	0.000000134112
12	96020785	97108838	492	20	0.0001304136	0.000000097340
12	97108839	99305986	982	20	0.0001286043	0.000000128174
12	99305987	101447640	702	20	0.0000732250	0.000000125806
12	101447641	101862689	160	17	0.0001819928	0.000000034024
12	101862690	102964985	375	20	0.0000834578	0.000000069899
12	102964986	104848695	855	20	-0.0000362068	0.000000121126
12	104848696	106436212	924	20	0.0001878719	0.000000130709
12	106436213	106958747	246	20	0.0002163434	0.000000054118
12	106958748	109025900	825	20	0.0002395655	0.000000132920
12	109025901	110336718	450	20	0.0005597510	0.000000100878
12	110336719	113263517	543	20	0.0023245298	0.000000178751
12	113263518	113986708	248	20	0.0001344457	0.000000048496
12	113986709	115036601	576	20	0.0000056479	0.000000104436
12	115036602	115503215	207	20	0.0001911900	0.000000048280
12	115503216	117087470	790	20	0.0000890900	0.000000126485
12	117087471	118135374	487	20	-0.0000100456	0.000000098052
12	118135375	119754109	738	20	0.0001447908	0.000000128867
12	119754110	122007650	778	20	0.0002186410	0.000000132025
12	122007651	124977979	868	20	0.0002404695	0.000000132958
12	124977980	126445504	681	20	0.0002578570	0.000000133702
12	126445505	127875097	706	20	0.0002002495	0.000000131238
12	127875098	129237296	749	20	0.0002370284	0.000000132811
12	129237297	130377920	712	20	0.0000728235	0.000000125789
12	130377921	131786750	806	20	0.0000418222	0.000000124463
12	131786751	132807033	343	20	-0.0000387908	0.000000059780
12	132807034	133841510	214	20	0.0000254823	0.000000040077
13	19020013	20686719	347	20	0.0001197961	0.000000062597
13	20686720	22242173	638	20	0.0001355529	0.000000124205
13	22242174	23594701	725	20	0.0001078932	0.000000127289
13	23594702	24531936	558	20	-0.0000687982	0.000000103347
13	24531937	25784361	712	20	0.0000104018	0.000000123120
13	25784362	27284361	593	20	0.0001912047	0.000000112355
13	27284362	29257550	940	20	0.0000274042	0.000000123847
13	29257551	30483266	544	20	0.0001661421	0.000000102464
13	30483267	32301814	850	20	0.0001697903	0.000000129936
13	32301815	33776902	634	20	0.0000953220	0.000000107741
13	33776903	35026463	479	20	0.0000796375	0.000000089302
13	35026464	36046366	239	20	-0.0000941144	0.000000040485
13	36046367	37498184	696	20	0.0000333401	0.000000124100
13	37498185	38878162	585	20	0.0000641524	0.000000090935
13	38878163	41069262	943	20	0.0004439727	0.000000141661
13	41069263	43101026	671	20	0.0002729548	0.000000122400
13	43101027	44901408	851	20	0.0000777439	0.000000125999
13	44901409	46495213	562	20	0.0002104250	0.000000112914
13	46495214	47431078	384	20	0.0001193350	0.000000070929
13	47431079	49383961	661	20	0.0001847298	0.000000120214
13	49383962	51591090	806	20	-0.0000157433	0.000000122001
13	51591091	53339621	502	20	0.0000105242	0.000000088141
13	53339622	54682863	559	20	0.0001682888	0.000000107472
13	54682864	55817130	341	20	0.0003465519	0.000000065413
13	55817131	57554216	322	20	0.0001063711	0.000000044213
13	57554217	58410625	219	20	0.0001149834	0.000000032587
13	58410626	59302270	231	20	0.0003495196	0.000000045776
13	59302271	60854777	583	20	0.0001611586	0.000000104835
13	60854778	61591948	309	20	0.0000438352	0.000000053302
13	61591949	63971558	691	20	0.0001754118	0.000000123519
13	63971559	65200601	337	20	0.0001362140	0.000000047141
13	65200602	67844452	857	20	0.0001317274	0.000000128308
13	67844453	70724515	937	20	0.0000165143	0.000000123381
13	70724516	71526790	339	20	0.0001999255	0.000000071884
13	71526791	73934088	905	20	0.0000175358	0.000000123425
13	73934089	75670142	768	20	0.0001946091	0.000000130997
13	75670143	77410554	829	20	0.0001408963	0.000000128700
13	77410555	78808812	457	20	0.0003280548	0.000000084513
13	78808813	80585675	614	20	0.0001813974	0.000000109070
13	80585676	82581813	664	20	0.0002312916	0.000000126968
13	82581814	84133143	424	20	0.0001288856	0.000000056425
13	84133144	85610915	445	20	0.0002504231	0.000000080715
13	85610916	88559881	822	20	0.0001573233	0.000000129402
13	88559882	90521310	514	20	0.0000282513	0.000000072765
13	90521311	93129690	928	20	0.0001560341	0.000000129347
13	93129691	93586454	132	17	0.0002069701	0.000000033223
13	93586455	96087557	1305	20	0.0001014156	0.000000127012
13	96087558	97519209	390	20	0.0000700967	0.000000071560
13	97519210	98938918	464	20	0.0001577282	0.000000100560
13	98938919	100574094	843	20	0.0000153932	0.000000123333
13	100574095	102300522	803	20	-0.0000416368	0.000000120894
13	102300523	104066709	981	20	0.0000355516	0.000000124195
13	104066710	104844113	321	20	0.0000852329	0.000000062107
13	104844114	106247553	666	20	0.0002441797	0.000000133117
13	106247554	106749999	282	20	0.0001848913	0.000000059284
13	106750000	108189876	657	20	0.0001583860	0.000000129448
13	108189877	109121209	457	20	0.0003404326	0.000000106547
13	109121210	109815111	347	20	0.0002479736	0.000000075652
13	109815112	111232072	819	20	0.0003989601	0.000000139736
13	111232073	112247591	511	20	0.0000836109	0.000000103341
13	112247592	113572487	500	20	0.0003982198	0.000000118581
13	113572488	115109852	490	20	0.0001961570	0.000000099885
14	19002084	21589401	634	20	-0.0000449194	0.000000120754
14	21589402	23018664	753	20	-0.0000510349	0.000000120492
14	23018665	24905122	780	20	0.0000818960	0.000000126177
14	24905123	26135685	593	20	0.0001123979	0.000000098114
14	26135686	28466532	729	20	-0.0000135935	0.000000122093
14	28466533	29972144	405	20	0.0002367730	0.000000081131
14	29972145	32383264	652	20	0.0002932553	0.000000134948
14	32383265	34846250	1339	20	-0.0001215346	0.000000117477
14	34846251	35859592	296	20	0.0001466910	0.000000055732
14	35859593	38667724	948	20	0.0000312003	0.000000124009
14	38667725	40341989	596	20	0.0000131983	0.000000097234
14	40341990	41615501	377	20	0.0000229888	0.000000049765
14	41615502	43137388	462	20	0.0001654249	0.000000074867
14	43137389	44543226	382	20	0.0001517895	0.000000078765
14	44543227	46081895	412	20	0.0000406678	0.000000067340
14	46081896	46749129	207	17	0.0000678444	0.000000027575
14	46749130	48573585	625	20	0.0001739856	0.000000119491
14	48573586	49005470	120	13	0.0000412869	0.000000020462
14	49005471	50507759	497	20	0.0000661045	0.000000094087
14	50507760	51493571	389	20	0.0005699749	0.000000098047
14	51493572	53474382	909	20	0.0001705095	0.000000129966
14	53474383	53997830	187	20	0.0001531358	0.000000036299
14	53997831	55233680	469	20	0.0000855837	0.000000096457
14	55233681	56216879	311	20	0.0001880784	0.000000056522
14	56216880	57481261	707	20	0.0002121554	0.000000131747
14	57481262	59448335	751	20	0.0000350881	0.000000124175
14	59448336	61680423	658	20	0.0003165131	0.000000111460
14	61680424	63790014	844	20	0.0001196040	0.000000127789
14	63790015	65220297	406	20	0.0003087756	0.000000081207
14	65220298	66399554	427	20	0.0003875062	0.000000092043
14	66399555	67992316	474	20	0.0002342870	0.000000063075
14	67992317	71131956	1314	20	0.0008892262	0.000000160702
14	71131957	72889614	716	20	0.0003000607	0.000000135507
14	72889615	76444766	1270	20	0.0002691628	0.000000134185
14	76444767	77229471	370	20	0.0003762688	0.000000087560
14	77229472	78561944	668	20	0.0001775285	0.000000130267
14	78561945	80186578	631	20	0.0001107471	0.000000121816
14	80186579	81579713	537	20	0.0001856292	0.000000103553
14	81579714	83138096	505	20	0.0001388644	0.000000093862
14	83138097	84241632	404	20	0.0000309939	0.000000071637
14	84241633	85746318	505	20	0.0001030349	0.000000098486
14	85746319	86647001	334	20	-0.0000016696	0.000000058907
14	86647002	87635340	326	20	0.0004655529	0.000000078250
14	87635341	89497642	651	20	0.0002476751	0.000000110599
14	89497643	91296859	732	20	0.0001412705	0.000000128716
14	91296860	93132298	727	20	0.0001848950	0.000000130582
14	93132299	94325284	444	20	0.0001051727	0.000000083049
14	94325285	95750866	934	20	0.0000929648	0.000000126650
14	95750867	96262414	397	20	0.0001796653	0.000000080450
14	96262415	98341161	900	20	0.0003158884	0.000000136183
14	98341162	99138531	391	20	0.0000813050	0.000000068572
14	99138532	101534306	978	20	0.0003112630	0.000000135986
14	101534307	103012101	478	20	0.0002849980	0.000000104442
14	103012102	105001722	543	20	0.0007334196	0.000000128201
14	105001723	106340357	259	20	0.0001036629	0.000000051261
14	106340358	107289453	43	6	0.0000329782	0.000000009209
15	20001200	21131603	8	3	0.0000426937	0.000000003577
15	21131604	24195126	358	20	0.0001268706	0.000000081710
15	24195127	25108589	207	20	0.0002497463	0.000000048624
15	25108590	27298111	955	20	-0.0000165818	0.000000121966
15	27298112	29338501	537	20	-0.0000009394	0.000000103633
15	29338502	30165567	320	20	0.0003986107	0.000000077124
15	30165568	31591820	322	20	0.0001207094	0.000000068766
15	31591821	32441810	279	20	-0.0000018910	0.000000049914
15	32441811	34015424	764	20	-0.0000247980	0.000000121614
15	34015425	35083250	439	20	0.0000785964	0.000000086718
15	35083251	37456501	989	20	-0.0000356099	0.000000121152
15	37456502	38530776	375	20	0.0001214735	0.000000078225
15	38530777	40384131	831	20	0.0007046056	0.000000152807
15	40384132	41177513	255	20	0.0000664059	0.000000049202
15	41177514	42776398	484	20	0.0001458970	0.000000092887
15	42776399	44198048	323	18	0.0006041884	0.000000065294
15	44198049	46618786	543	20	0.0002528645	0.000000098718
15	46618787	48136047	620	20	0.0002438932	0.000000115648
15	48136048	50008042	476	20	0.0003095431	0.000000085223
15	50008043	51677559	649	20	0.0005223017	0.000000123874
15	51677560	53069095	426	20	0.0001481514	0.000000071165
15	53069096	54508527	670	20	0.0001127026	0.000000126426
15	54508528	55136268	272	20	0.0003199871	0.000000071093
15	55136269	56901772	574	20	0.0003175238	0.000000128266
15	56901773	58441365	658	20	0.0002343525	0.000000132697
15	58441366	59694115	555	20	0.0001439526	0.000000127228
15	59694116	61265835	710	20	0.0001044331	0.000000127141
15	61265836	63215221	965	20	0.0001610225	0.000000129561
15	63215222	65104667	527	20	0.0004474394	0.000000109823
15	65104668	67094766	685	20	0.0007299797	0.000000153892
15	67094767	69017998	791	20	0.0001034831	0.000000127100
15	69017999	70133340	318	20	0.0000988887	0.000000065135
15	70133341	71922648	759	20	0.0001395590	0.000000128643
15	71922649	73628713	395	20	0.0002847628	0.000000067647
15	73628714	76398623	697	20	-0.0000252871	0.000000121593
15	76398624	78516052	577	20	0.0000786470	0.000000090278
15	78516053	80860977	1043	20	0.0000466210	0.000000124668
15	80860978	84260467	986	20	0.0000010822	0.000000122721
15	84260468	86652904	851	20	0.0000646349	0.000000125439
15	86652905	88369942	812	20	-0.0000159722	0.000000121992
15	88369943	90475550	783	20	0.0002314569	0.000000132573
15	90475551	92164391	691	20	0.0001042736	0.000000127134
15	92164392	93780901	884	20	0.0000974860	0.000000126844
15	93780902	94924329	629	20	0.0001484895	0.000000129025
15	94924330	96141595	620	20	0.0000328931	0.000000124081
15	96141596	98030909	800	20	0.0000933660	0.000000126667
15	98030910	99244058	609	20	0.0000449460	0.000000124597
15	99244059	100636846	609	20	0.0000794473	0.000000125805
15	100636847	101552693	447	20	0.0002311402	0.000000102403
15	101552694	102520965	468	20	0.0003231231	0.000000115637
16	60054	1207205	414	20	0.0001523125	0.000000097504
16	1207206	2764828	509	20	0.0001355504	0.000000107375
16	2764829	4001195	373	20	-0.0000319838	0.000000079987
16	4001196	5118344	427	20	0.0000976522	0.000000100576
16	5118345	5891579	386	20	0.0000099514	0.000000085826
16	5891580	6893550	755	20	0.0001708497	0.000000129981
16	6893551	7529120	508	20	0.0001250575	0.000000119514
16	7529121	8338518	572	20	0.0001706528	0.000000129973
16	8338519	9799418	749	20	0.0001285829	0.000000128173
16	9799419	10426031	384	20	0.0002493450	0.000000082414
16	10426032	11520160	488	20	0.0006380739	0.000000132472
16	11520161	12613097	433	20	0.0000658927	0.000000098190
16	12613098	13154436	331	20	-0.0000401138	0.000000061444
16	13154437	14464001	587	20	0.0000695218	0.000000119259
16	14464002	16154059	355	20	0.0002447921	0.000000079481
16	16154060	17644748	421	20	0.0002773413	0.000000097975
16	17644749	18643606	187	20	0.0002263247	0.000000047159
16	18643607	20150570	468	20	0.0001818695	0.000000092638
16	20150571	22448903	488	20	0.0002546332	0.000000091427
16	22448904	24136874	574	20	0.0001324940	0.000000111155
16	24136875	25986861	799	20	0.0000510272	0.000000124857
16	25986862	27445754	703	20	0.0000914151	0.000000126584
16	27445755	29036612	404	20	0.0003066716	0.000000077651
16	29036613	31382942	393	20	0.0001126303	0.000000072128
16	31382943	46399472	151	19	0.0001195623	0.000000029298
16	46399473	49007925	322	20	0.0001311461	0.000000053387
16	49007926	52035822	1147	20	0.0001492827	0.000000129059
16	52035823	53382571	487	20	0.0001299466	0.000000082092
16	53382572	55903773	1249	20	0.0000145878	0.000000123299
16	55903774	57664329	706	20	0.0001081804	0.000000127301
16	57664330	59045404	573	20	0.0000540001	0.000000117007
16	59045405	60745693	540	20	0.0000759782	0.000000103534
16	60745694	62229848	387	20	-0.0000238329	0.000000060661
16	62229849	63691588	479	20	0.0001598872	0.000000095013
16	63691589	65938565	857	20	0.0002092082	0.000000131621
16	65938566	68841362	762	20	0.0001669565	0.000000129814
16	68841363	71054027	449	20	0.0002942653	0.000000090087
16	71054028	72935149	508	20	0.0004034579	0.000000102837
16	72935150	74971502	857	20	0.0000780418	0.000000126012
16	74971503	75977953	268	20	0.0000889324	0.000000053524
16	75977954	77523677	755	20	0.0000453295	0.000000124613
16	77523678	78456291	685	20	0.0001208512	0.000000127843
16	78456292	79134814	603	20	0.0002235126	0.000000132233
16	79134815	80297373	811	20	0.0000760498	0.000000125927
16	80297374	81772535	849	20	0.0000650143	0.000000125455
16	81772536	82747727	625	20	0.0000319534	0.000000124041
16	82747728	83477207	634	20	0.0000110516	0.000000123147
16	83477208	84445882	758	20	0.0002079343	0.000000131567
16	84445883	85148684	507	20	0.0000514045	0.000000120608
16	85148685	86156598	526	20	0.0002205747	0.000000132107
16	86156599	86815410	560	20	0.0001825371	0.000000130481
16	86815411	87647348	398	20	0.0000754946	0.000000093719
16	87647349	89041164	499	20	0.0000397554	0.000000114813
16	89041165	90292811	393	20	0.0001606849	0.000000088946
17	56	1172398	411	20	-0.0000683190	0.000000088615
17	1172399	1928730	301	20	0.0001248765	0.000000065258
17	1928731	3702311	736	20	0.0003494577	0.000000137619
17	3702312	4696260	411	20	0.0002503866	0.000000090994
17	4696261	5741333	432	20	0.0005257920	0.000000101956
17	5741334	7317397	727	20	0.0001588220	0.000000129467
17	7317398	8306424	412	20	0.0001211283	0.000000087262
17	8306425	9965920	707	20	0.0001755598	0.000000130182
17	9965921	11102814	515	20	0.0001705032	0.000000106529
17	11102815	12534768	614	20	0.0000110227	0.000000123146
17	12534769	13180371	318	20	0.0000762014	0.000000069343
17	13180372	13894636	388	20	0.0001514838	0.000000089567
17	13894637	15019096	643	20	0.0001238623	0.000000127972
17	15019097	16412341	386	20	0.0000901013	0.000000073652
17	16412342	18856319	661	20	0.0002200927	0.000000120933
17	18856320	21290356	445	20	0.0003333243	0.000000090994
17	21290357	27334243	586	20	0.0001536169	0.000000116514
17	27334244	29786490	639	20	0.0009119152	0.000000111083
17	29786491	31538424	589	20	0.0001586564	0.000000121214
17	31538425	32912797	875	20	0.0000567783	0.000000125103
17	32912798	34469035	564	20	0.0008330520	0.000000138699
17	34469036	36809343	604	20	0.0002900786	0.000000126564
17	36809344	38877403	535	20	0.0002802404	0.000000104239
17	38877404	39899809	416	20	0.0003330054	0.000000071157
17	39899810	41772086	476	20	0.0000653612	0.000000065431
17	41772087	43056904	410	20	0.0004129343	0.000000079207
17	43056905	45876021	440	20	0.0004783654	0.000000088910
17	45876022	47517399	598	20	0.0001643500	0.000000103162
17	47517400	49898956	874	20	-0.0000150119	0.000000122033
17	49898957	50719054	301	20	0.0000942909	0.000000052306
17	50719055	51826117	343	20	0.0002040071	0.000000058162
17	51826118	53599431	647	20	-0.0000048698	0.000000117141
17	53599432	55357540	669	20	0.0002379466	0.000000130180
17	55357541	57487511	769	20	0.0001731926	0.000000130081
17	57487512	59312754	275	20	0.0004191109	0.000000051540
17	59312755	61545588	515	20	0.0001056225	0.000000096028
17	61545589	63148127	352	20	0.0001274134	0.000000057572
17	63148128	64800429	678	20	0.0001864555	0.000000125849
17	64800430	67858769	1038	20	0.0001111400	0.000000127428
17	67858770	69387816	684	20	0.0000057467	0.000000122119
17	69387817	72672202	1541	20	0.0000550210	0.000000125028
17	72672203	74375559	512	20	-0.0000378646	0.000000096606
17	74375560	76263412	824	20	-0.0000169887	0.000000121948
17	76263413	77298635	527	20	0.0000574777	0.000000125133
17	77298636	78837587	628	20	0.0000095294	0.000000123082
17	78837588	80034407	326	20	0.0000500545	0.000000067738
17	80034408	81194907	366	20	0.0001389844	0.000000070282
18	10644	912485	447	20	0.0002301496	0.000000100308
18	912486	1942910	393	20	0.0001251947	0.000000071178
18	1942911	3891657	843	20	0.0001268038	0.000000128097
18	3891658	5834179	851	20	0.0000794110	0.000000126071
18	5834180	7090484	616	20	-0.0000210952	0.000000121773
18	7090485	8498930	618	20	0.0001875136	0.000000130694
18	8498931	11075912	1387	20	-0.0000092925	0.000000122277
18	11075913	11905439	291	20	0.0000329757	0.000000058669
18	11905440	14440798	852	20	0.0000576542	0.000000125140
18	14440799	19485843	197	17	0.0000525123	0.000000031577
18	19485844	20649471	326	20	0.0002580976	0.000000066515
18	20649472	22996650	856	20	0.0000038469	0.000000122839
18	22996651	24026190	336	20	0.0000518567	0.000000065596
18	24026191	25927681	854	20	0.0000455292	0.000000124622
18	25927682	26875586	264	20	-0.0000303415	0.000000039849
18	26875587	27866477	288	20	0.0004204977	0.000000062050
18	27866478	30264065	945	20	0.0002635176	0.000000133944
18	30264066	31780066	364	20	0.0001059037	0.000000061276
18	31780067	33861963	661	20	0.0001199978	0.000000113240
18	33861964	35075249	505	20	0.0001641489	0.000000100062
18	35075250	36365489	521	20	-0.0000057408	0.000000078582
18	36365490	37684366	370	20	0.0002855519	0.000000066463
18	37684367	39892647	803	20	0.0002181244	0.000000131735
18	39892648	42922105	999	20	0.0001222025	0.000000127901
18	42922106	44299245	724	20	0.0001102459	0.000000127389
18	44299246	45939731	647	20	0.0001191057	0.000000126966
18	45939732	47730583	834	20	0.0000688561	0.000000125619
18	47730584	51062184	1268	20	0.0001535629	0.000000129242
18	51062185	51554174	186	17	0.0001803615	0.000000034885
18	51554175	55213837	1216	20	0.0001036291	0.000000127106
18	55213838	56530219	650	20	-0.0000322578	0.000000121295
18	56530220	57630482	617	20	0.0002565863	0.000000133647
18	57630483	59020750	461	20	0.0001628354	0.000000091065
18	59020751	60277714	568	20	0.0000657106	0.000000105175
18	60277715	61820251	605	20	0.0002245456	0.000000113516
18	61820252	63463401	542	20	-0.0000611365	0.000000086364
18	63463402	64252800	258	20	0.0000778560	0.000000041583
18	64252801	66125816	797	20	0.0002074286	0.000000131545
18	66125817	67175819	352	20	-0.0000006751	0.000000067562
18	67175820	68621178	505	20	0.0000761105	0.000000104059
18	68621179	69621617	409	20	0.0001635800	0.000000083523
18	69621618	71038473	601	20	0.0000829787	0.000000117716
18	71038474	71971461	531	20	0.0003542610	0.000000129306
18	71971462	73526986	704	20	0.0001944746	0.000000130991
18	73526987	74813814	638	20	0.0002042436	0.000000131409
18	74813815	75976316	629	20	0.0000723172	0.000000125767
18	75976317	77149990	450	20	0.0000449941	0.000000078478
18	77149991	78017157	298	20	0.0000419380	0.000000056858
19	80840	610728	137	20	0.0002017538	0.000000036955
19	610729	2098395	479	20	0.0000184023	0.000000108903
19	2098396	3019659	322	20	0.0000463024	0.000000072288
19	3019660	4348966	409	20	-0.0001043637	0.000000086567
19	4348967	5811851	504	20	0.0000868741	0.000000113664
19	5811852	6684884	257	20	0.0000416921	0.000000056118
19	6684885	8347512	628	20	-0.0000832942	0.000000119113
19	8347513	9238392	307	20	0.0001778790	0.000000058019
19	9238393	11284027	618	20	0.0001492578	0.000000110825
19	11284028	13471126	538	20	-0.0000170994	0.000000098786
19	13471127	14486346	257	20	0.0002238586	0.000000059245
19	14486347	15648609	452	20	0.0001139919	0.000000089748
19	15648610	16374415	412	20	0.0000987640	0.000000065867
19	16374416	18409861	707	20	0.0001078608	0.000000127287
19	18409862	19877470	434	20	0.0002605824	0.000000088151
19	19877471	20905756	158	20	0.0000387884	0.000000031463
19	20905757	22732895	414	20	0.0000782070	0.000000062543
19	22732896	23467745	166	14	0.0000133774	0.000000022731
19	23467746	28557892	344	20	0.0000226024	0.000000049267
19	28557893	29790946	516	20	-0.0000016733	0.000000090431
19	29790947	30727953	366	20	0.0000837508	0.000000072885
19	30727954	32746519	679	20	0.0001418097	0.000000128739
19	32746520	34262951	556	20	0.0002193329	0.000000115646
19	34262952	36469294	761	20	0.0001121738	0.000000127472
19	36469295	37527032	285	20	0.0001168324	0.000000041341
19	37527033	40170618	794	20	0.0001375747	0.000000128558
19	40170619	40984600	246	20	0.0001940094	0.000000049589
19	40984601	42131572	399	20	0.0000200875	0.000000075164
19	42131573	43862454	209	20	0.0001805057	0.000000041208
19	43862455	44744107	338	20	0.0001402427	0.000000061272
19	44744108	46102696	453	20	0.0003884427	0.000000108593
19	46102697	47150081	361	20	0.0000231907	0.000000073797
19	47150082	49282226	714	20	0.0001168154	0.000000127670
19	49282227	51532566	799	20	0.0001537919	0.000000129251
19	51532567	52985289	712	20	0.0000413493	0.000000124443
19	52985290	54602361	599	20	0.0001130858	0.000000127511
19	54602362	55728079	458	20	0.0003591408	0.000000112501
19	55728080	57521334	797	20	-0.0000093213	0.000000122276
19	57521335	59118838	647	20	0.0002163999	0.000000131929
20	60479	697599	304	20	0.0002660759	0.000000074694
20	697600	2469500	1081	20	0.0003283984	0.000000136718
20	2469501	3828412	559	20	0.0001389838	0.000000116679
20	3828413	5477849	885	20	0.0001440040	0.000000128833
20	5477850	7084072	801	20	0.0001534870	0.000000129238
20	7084073	8117010	439	20	0.0001826759	0.000000078832
20	8117011	9730920	828	20	0.0001551811	0.000000129311
20	9730921	11249535	788	20	0.0000216738	0.000000123602
20	11249536	12447498	536	20	0.0001790428	0.000000095574
20	12447499	13689863	594	20	0.0001482026	0.000000114969
20	13689864	15958358	1042	20	0.0000083682	0.000000123033
20	15958359	17487231	1010	20	0.0000308738	0.000000123995
20	17487232	18972202	674	20	0.0003169772	0.000000136230
20	18972203	20959709	934	20	0.0000904673	0.000000126543
20	20959710	22491455	445	20	-0.0000356441	0.000000062372
20	22491456	23293789	380	20	0.0003563435	0.000000079761
20	23293790	24717723	574	20	-0.0000196584	0.000000098159
20	24717724	25344230	261	20	0.0001956823	0.000000043263
20	25344231	31614822	670	20	0.0002221830	0.000000108733
20	31614823	32813440	332	20	0.0002092216	0.000000061042
20	32813441	34960445	526	20	0.0003537760	0.000000077679
20	34960446	36909529	549	20	0.0001318637	0.000000094330
20	36909530	38436760	547	20	0.0004293324	0.000000106490
20	38436761	39610855	499	20	0.0005484039	0.000000119278
20	39610856	40585688	308	20	0.0001596678	0.000000060152
20	40585689	41615459	602	20	0.0002898137	0.000000135068
20	41615460	42680175	423	20	0.0000782056	0.000000085435
20	42680176	44839055	862	20	0.0003242622	0.000000136542
20	44839056	47199979	1087	20	0.0000742592	0.000000125850
20	47199980	49239657	828	20	0.0003151220	0.000000136151
20	49239658	52472548	1407	20	0.0000493122	0.000000124783
20	52472549	54055265	675	20	0.0001398300	0.000000128654
20	54055266	56447958	1240	20	0.0000667443	0.000000125529
20	56447959	58406571	973	20	0.0001007780	0.000000126984
20	58406572	59561723	569	20	-0.0001052003	0.000000103888
20	59561724	61301854	858	20	0.0000083367	0.000000123031
20	61301855	62190179	385	20	-0.0000040949	0.000000081174
20	62190180	62965162	284	20	-0.0000307671	0.000000054016
21	9411243	15950981	320	20	0.0001195295	0.000000067240
21	15950982	18053164	724	20	0.0001670852	0.000000129820
21	18053165	19480374	507	20	-0.0000365245	0.000000101334
21	19480375	20962338	670	20	0.0001279737	0.000000128147
21	20962339	22072763	394	20	0.0000891618	0.000000079103
21	22072764	23362874	586	20	0.0000212143	0.000000105622
21	23362875	24696230	407	20	-0.0000015442	0.000000070006
21	24696231	26469121	718	20	0.0000302581	0.000000123969
21	26469122	27271018	244	20	0.0001554469	0.000000050102
21	27271019	29125225	936	20	0.0002476063	0.000000133263
21	29125226	31197024	757	20	0.0000642384	0.000000119298
21	31197025	32668641	497	20	0.0000494997	0.000000072673
21	32668642	34376998	743	20	0.0001758896	0.000000130196
21	34376999	35225464	310	20	0.0002085282	0.000000069790
21	35225465	36524372	615	20	0.0003722092	0.000000138592
21	36524373	37870778	596	20	0.0003871294	0.000000122809
21	37870779	38711703	345	20	0.0000524443	0.000000058520
21	38711704	40482901	926	20	0.0000726403	0.000000125781
21	40482902	41389526	549	20	0.0001568188	0.000000097953
21	41389527	43321527	1106	20	0.0000484374	0.000000124746
21	43321528	44506267	756	20	-0.0000053678	0.000000122445
21	44506268	46177104	634	20	0.0000600789	0.000000125244
21	46177105	47492225	582	20	0.0001165908	0.000000119416
21	47492226	48119751	270	20	0.0005227183	0.000000068781
22	16050408	17674294	241	20	0.0000714988	0.000000052303
22	17674295	18296087	286	20	0.0002044389	0.000000066434
22	18296088	19912357	612	20	0.0002828195	0.000000129702
22	19912358	22357324	718	20	0.0004184300	0.000000138964
22	22357325	23712646	375	20	0.0001727329	0.000000077413
22	23712647	24984203	420	20	0.0000738826	0.000000069245
22	24984204	26791627	820	20	0.0001684294	0.000000129877
22	26791628	27834751	783	20	0.0001589920	0.000000129474
22	27834752	29651798	614	20	0.0000489104	0.000000124766
22	29651799	31439917	602	20	0.0001512777	0.000000107006
22	31439918	32664985	382	20	0.0000420478	0.000000066658
22	32664986	34494913	1000	20	0.0001041493	0.000000127129
22	34494914	35530984	535	20	0.0000088037	0.000000081470
22	35530985	37570268	929	20	0.0000916694	0.000000126595
22	37570269	39307893	628	20	0.0000266459	0.000000123814
22	39307894	40545796	388	20	0.0000783440	0.000000081405
22	40545797	42690817	514	20	0.0001468151	0.000000077307
22	42690818	43714199	453	20	0.0004727112	0.000000107571
22	43714200	44995307	785	20	0.0001108443	0.000000127415
22	44995308	46470494	718	20	0.0004647261	0.000000142548
22	46470495	47596317	499	20	0.0000626634	0.000000104525
22	47596318	48903702	806	20	0.0001273351	0.000000128120
22	48903703	49824533	681	20	0.0000437331	0.000000124545
22	49824534	51243297	487	20	0.0002093690	0.000000107668
